     0	   131 : 0
   128	   135 : 0
   132	  1559 : 0
  1556	  1563 : 0
  1560	  2483 : 0
  2480	  2487 : 0
  2484	  3195 : 0
  3192	  3207 : 0
  3204	  3259 : 0
  3256	  3267 : 0
  3264	  3319 : 0
  3316	  3323 : 0
  3320	  3331 : 0
  3328	  3347 : 0
  3344	  3351 : 0
  3348	  3411 : 0
  3408	  3783 : 0
  3780	  3787 : 0
  3784	  4215 : 0
  4212	  4219 : 0
  4216	  4259 : 0
  4256	  4263 : 0
  4260	  4323 : 0
  4320	  4351 : 0
  4348	  4355 : 0
  4352	  4371 : 0
  4368	  4507 : 0
  4504	  4527 : 0
  4524	  5083 : 0
  5080	  5091 : 0
  5088	  5551 : 0
  5548	  5723 : 0
  5720	  5775 : 0
  5772	  5843 : 0
  5840	  5883 : 0
  5880	  5891 : 0
  5888	  5915 : 0
  5912	  5927 : 0
  5924	  5951 : 0
  5948	  5963 : 0
  5960	  6111 : 0
  6108	  6131 : 0
  6128	  6147 : 0
  6144	  6155 : 0
  6152	  6163 : 0
  6160	  6327 : 0
  6324	  6343 : 0
  6340	  6351 : 0
  6348	  6367 : 0
  6364	  6491 : 0
  6488	  6495 : 0
  6492	  6499 : 0
  6496	  6579 : 0
  6576	  6595 : 0
  6592	  6599 : 0
  6596	  6611 : 0
  6608	  6615 : 0
  6612	  6835 : 0
  6832	  6843 : 0
  6840	  6851 : 0
  6848	  6887 : 0
  6884	  6955 : 0
  6952	  6987 : 0
  6984	  6995 : 0
  6992	  7003 : 0
  7000	  7023 : 0
  7020	  7031 : 0
  7028	  7103 : 0
  7100	  7107 : 0
  7104	  7111 : 0
  7108	  7139 : 0
  7136	  7423 : 0
  7420	  7435 : 0
  7432	  7451 : 0
  7448	  7463 : 0
  7460	  7467 : 0
  7464	  7471 : 0
  7468	  7483 : 0
  7480	  7487 : 0
  7484	  7499 : 0
  7496	  7507 : 0
  7504	  7515 : 0
  7512	  7655 : 0
  7652	  7659 : 0
  7656	  7819 : 0
  7816	  7823 : 0
  7820	  7839 : 0
  7836	  7851 : 0
  7848	  7951 : 0
  7948	  7987 : 0
  7984	  8775 : 0
  8772	  8779 : 0
  8776	  8791 : 0
  8788	  8835 : 0
  8832	  8839 : 0
  8836	  8851 : 0
  8848	  8855 : 0
  8852	  8863 : 0
  8860	  8867 : 0
  8864	  8879 : 0
  8876	  8987 : 0
  8984	  8991 : 0
  8988	  9215 : 0
  9212	  9343 : 0
  9340	  9359 : 0
  9356	  9363 : 0
  9360	  9379 : 0
  9376	  9475 : 0
  9472	  9491 : 0
  9488	  9587 : 0
  9584	  9635 : 0
  9632	  9639 : 0
  9636	  9643 : 0
  9640	  9679 : 0
  9676	  9687 : 0
  9684	  9727 : 0
  9724	  9731 : 0
  9728	  9735 : 0
  9732	  9739 : 0
  9736	  9767 : 0
  9764	  9771 : 0
  9768	  9775 : 0
  9772	  9787 : 0
  9784	  9799 : 0
  9796	  9811 : 0
  9808	  9951 : 0
  9948	  9955 : 0
  9952	  9967 : 0
  9964	  9975 : 0
  9972	  9983 : 0
  9980	 10003 : 0
 10000	 10007 : 0
 10004	 10075 : 0
 10072	 10079 : 0
 10076	 10091 : 0
 10088	 10103 : 0
 10100	 10107 : 0
 10104	 10115 : 0
 10112	 10119 : 0
 10116	 10123 : 0
 10120	 10135 : 0
 10132	 10139 : 0
 10136	 10147 : 0
 10144	 10151 : 0
 10148	 10159 : 0
 10156	 10171 : 0
 10168	 10175 : 0
 10172	 10223 : 0
 10220	 10227 : 0
 10224	 10247 : 0
 10244	 10251 : 0
 10248	 10259 : 0
 10256	 10267 : 0
 10264	 10271 : 0
 10268	 10311 : 0
 10308	 10315 : 0
 10312	 10395 : 0
 10392	 10427 : 0
 10424	 10435 : 0
 10432	 10467 : 0
 10464	 10471 : 0
 10468	 10487 : 0
 10484	 10499 : 0
 10496	 10511 : 0
 10508	 10527 : 0
 10524	 10539 : 0
 10536	 10555 : 0
 10552	 10559 : 0
 10556	 10575 : 0
 10572	 10579 : 0
 10576	 10687 : 0
 10684	 10691 : 0
 10688	 10699 : 0
 10696	 10703 : 0
 10700	 10719 : 0
 10716	 10727 : 0
 10724	 10767 : 0
 10764	 10771 : 0
 10768	 10775 : 0
 10772	 10783 : 0
 10780	 10831 : 0
 10828	 10839 : 0
 10836	 10847 : 0
 10844	 10851 : 0
 10848	 10871 : 0
 10868	 10875 : 0
 10872	 10883 : 0
 10880	 10891 : 0
 10888	 10899 : 0
 10896	 10927 : 0
 10924	 10983 : 0
 10980	 10987 : 0
 10984	 10995 : 0
 10992	 11003 : 0
 11000	 11007 : 0
 11004	 11043 : 0
 11040	 11047 : 0
 11044	 11055 : 0
 11052	 11083 : 0
 11080	 11087 : 0
 11084	 11099 : 0
 11096	 11107 : 0
 11104	 11115 : 0
 11112	 11123 : 0
 11120	 11127 : 0
 11124	 11135 : 0
 11132	 11167 : 0
 11164	 11171 : 0
 11168	 11195 : 0
 11192	 11211 : 0
 11208	 11219 : 0
 11216	 11223 : 0
 11220	 11239 : 0
 11236	 11243 : 0
 11240	 11255 : 0
 11252	 11263 : 0
 11260	 11267 : 0
 11264	 11271 : 0
 11268	 11283 : 0
 11280	 11307 : 0
 11304	 11315 : 0
 11312	 11331 : 0
 11328	 11335 : 0
 11332	 11347 : 0
 11344	 11355 : 0
 11352	 11367 : 0
 11364	 11375 : 0
 11372	 11383 : 0
 11380	 11387 : 0
 11384	 11395 : 0
 11392	 11407 : 0
 11404	 11411 : 0
 11408	 11431 : 0
 11428	 11443 : 0
 11440	 11455 : 0
 11452	 11463 : 0
 11460	 11471 : 0
 11468	 11479 : 0
 11476	 11491 : 0
 11488	 11495 : 0
 11492	 11503 : 0
 11500	 11507 : 0
 11504	 11615 : 0
 11612	 11619 : 0
 11616	 11655 : 0
 11652	 11663 : 0
 11660	 11667 : 0
 11664	 11675 : 0
 11672	 11687 : 0
 11684	 11691 : 0
 11688	 11755 : 0
 11752	 11799 : 0
 11796	 11807 : 0
 11804	 11811 : 0
 11808	 11863 : 0
 11860	 11871 : 0
 11868	 11883 : 0
 11880	 11915 : 0
 11912	 11939 : 0
 11936	 11943 : 0
 11940	 11991 : 0
 11988	 12003 : 0
 12000	 12015 : 0
 12012	 12043 : 0
 12040	 12047 : 0
 12044	 12171 : 0
 12168	 12179 : 0
 12176	 12203 : 0
 12200	 12215 : 0
 12212	 12219 : 0
 12216	 12279 : 0
 12276	 12287 : 0
 12284	 12319 : 0
 12316	 12323 : 0
 12320	 12327 : 0
 12324	 12335 : 0
 12332	 12347 : 0
 12344	 12355 : 0
 12352	 12579 : 0
 12576	 12791 : 0
 12788	 12795 : 0
 12792	 12811 : 0
 12808	 12835 : 0
 12832	 12839 : 0
 12836	 12851 : 0
 12848	 12859 : 0
 12856	 12875 : 0
 12872	 12879 : 0
 12876	 12887 : 0
 12884	 12955 : 0
 12952	 12959 : 0
 12956	 12971 : 0
 12968	 12975 : 0
 12972	 12979 : 0
 12976	 13019 : 0
 13016	 13027 : 0
 13024	 13031 : 0
 13028	 13079 : 0
 13076	 13087 : 0
 13084	 13091 : 0
 13088	 13099 : 0
 13096	 13103 : 0
 13100	 13107 : 0
 13104	 13131 : 0
 13128	 13199 : 0
 13196	 13203 : 0
 13200	 13251 : 0
 13248	 13275 : 0
 13272	 13279 : 0
 13276	 13339 : 0
 13336	 13347 : 0
 13344	 13363 : 0
 13360	 13475 : 0
 13472	 13483 : 0
 13480	 13511 : 0
 13508	 13547 : 0
 13544	 13551 : 0
 13548	 13555 : 0
 13552	 13559 : 0
 13556	 13563 : 0
 13560	 13567 : 0
 13564	 13615 : 0
 13612	 13679 : 0
 13676	 13711 : 0
 13708	 13731 : 0
 13728	 13743 : 0
 13740	 13951 : 0
 13948	 13971 : 0
 13968	 14331 : 0
 14328	 14335 : 0
 14332	 14455 : 0
