     0	    95 : 0
    92	   103 : 0
   100	   343 : 0
   340	   347 : 0
   344	   527 : 0
   524	   535 : 1
   532	   843 : 0
   840	   851 : 1
   848	   911 : 0
   908	   923 : 1
   920	  1103 : 0
  1100	  1107 : 0
  1104	  1111 : 0
  1108	  1115 : 2
  1112	  1135 : 0
  1132	  1139 : 0
  1136	  1287 : 0
  1284	  1351 : 0
  1348	  1355 : 0
  1352	  1359 : 0
  1356	  1375 : 0
  1372	  1395 : 0
  1392	  1407 : 0
  1404	  1415 : 1
  1412	  1431 : 0
  1428	  1471 : 0
  1468	  1547 : 0
  1544	  1555 : 0
  1552	  1619 : 0
  1616	  1627 : 0
  1624	  1643 : 0
  1640	  1651 : 0
  1648	  1719 : 0
  1716	  1723 : 1
  1720	  1727 : 0
  1724	  1739 : 0
  1736	  1763 : 0
  1760	  1815 : 0
  1812	  1979 : 0
  1976	  2051 : 1
  2048	  2323 : 0
  2320	  2327 : 2
  2324	  2335 : 1
  2332	  2347 : 0
  2344	  2363 : 0
  2360	  2623 : 0
  2620	  2631 : 1
  2628	  2959 : 0
  2956	  2995 : 0
  2992	  3015 : 0
  3012	  3019 : 0
  3016	  3027 : 0
  3024	  3047 : 0
  3044	  3051 : 0
  3048	  3075 : 0
  3072	  3243 : 0
  3240	  3251 : 1
  3248	  3303 : 0
  3300	  3327 : 0
  3324	  3339 : 0
  3336	  3371 : 0
  3368	  3719 : 0
  3716	  3751 : 1
  3748	  3755 : 0
  3752	  3767 : 0
  3764	  3927 : 0
  3924	  3935 : 0
  3932	  3947 : 0
  3944	  3963 : 0
  3960	  4035 : 0
  4032	  4055 : 0
  4052	  4083 : 0
  4080	  4115 : 0
  4112	  4135 : 0
  4132	  4155 : 0
  4152	  4179 : 0
  4176	  4219 : 0
  4216	  4431 : 0
  4428	  4579 : 0
  4576	  4599 : 0
  4596	  4607 : 1
  4604	  4751 : 0
  4748	  4795 : 0
  4792	  5131 : 0
  5128	  5139 : 0
  5136	  5147 : 0
  5144	  5159 : 0
  5156	  5183 : 0
  5180	  5187 : 0
  5184	  5571 : 0
  5568	  5575 : 0
  5572	  5595 : 0
  5592	  5607 : 0
  5604	  5671 : 0
  5668	  5683 : 0
  5680	  5751 : 0
  5748	  5755 : 1
  5752	  6171 : 0
  6168	  6175 : 1
  6172	  6203 : 0
  6200	  6259 : 0
  6256	  6331 : 0
  6328	  6435 : 0
  6432	  6439 : 0
  6436	  6507 : 0
  6504	  6515 : 0
  6512	  6519 : 1
  6516	  6903 : 0
  6900	  6907 : 1
  6904	  7087 : 0
  7084	  7095 : 1
  7092	  7123 : 0
  7120	  7227 : 0
  7224	  7243 : 0
  7240	  7259 : 0
  7256	  7379 : 0
  7376	  7439 : 1
