     0	   135 : 0
   132	   143 : 0
   140	   167 : 0
   164	   251 : 0
   248	   271 : 0
   268	   275 : 0
   272	   347 : 0
   344	   383 : 0
   380	  1255 : 0
  1252	  1259 : 0
  1256	  1499 : 0
  1496	  1519 : 0
  1516	  1643 : 0
  1640	  1683 : 0
  1680	  1687 : 0
  1684	  1775 : 0
  1772	  2771 : 0
  2768	  2795 : 0
  2792	  2799 : 0
  2796	  2843 : 0
  2840	  2847 : 0
  2844	  2855 : 0
  2852	  2907 : 0
  2904	  2923 : 0
  2920	  2947 : 0
  2944	  2979 : 0
  2976	  3247 : 0
  3244	  3291 : 0
  3288	  3295 : 0
  3292	  3331 : 0
  3328	  3335 : 0
  3332	  3407 : 0
  3404	  3415 : 1
  3412	  4143 : 0
  4140	  4147 : 0
  4144	 19367 : 0
 19364	 19371 : 2
 19368	 19511 : 0
