     0	    23 : 1
    20	   295 : 0
   292	   335 : 0
   332	   347 : 0
   344	   431 : 0
   428	   439 : 0
   436	   447 : 0
   444	   471 : 0
   468	   499 : 0
   496	   507 : 0
   504	   515 : 0
   512	   523 : 0
   520	   535 : 0
   532	   547 : 0
   544	   559 : 0
   556	   583 : 0
   580	   603 : 0
   600	   607 : 0
   604	   615 : 0
   612	   627 : 0
   624	   651 : 0
   648	   663 : 0
   660	   667 : 0
   664	   679 : 0
   676	   691 : 0
   688	   731 : 0
   728	   787 : 1
   784	   807 : 0
   804	   839 : 0
   836	   911 : 0
   908	   919 : 0
   916	   939 : 0
   936	   943 : 0
   940	   975 : 0
   972	  1063 : 0
  1060	  1075 : 0
  1072	  1079 : 0
  1076	  1083 : 0
  1080	  1091 : 0
  1088	  1095 : 0
  1092	  1099 : 0
  1096	  1123 : 0
  1120	  1147 : 0
  1144	  1191 : 0
  1188	  1199 : 0
  1196	  1203 : 0
  1200	  1283 : 0
  1280	  1295 : 0
  1292	  1307 : 0
  1304	  1323 : 0
  1320	  1343 : 0
  1340	  1379 : 0
  1376	  1383 : 1
  1380	  1399 : 0
  1396	  1423 : 0
  1420	  1427 : 0
  1424	  1431 : 0
  1428	  1435 : 0
  1432	  1447 : 0
  1444	  1455 : 0
  1452	  1459 : 0
  1456	  1463 : 0
  1460	  1479 : 0
  1476	  1483 : 0
  1480	  1531 : 0
  1528	  1539 : 0
  1536	  1611 : 0
  1608	  1619 : 0
  1616	  1671 : 0
  1668	  1675 : 0
  1672	  1679 : 0
  1676	  1707 : 0
  1704	  1719 : 0
  1716	  1731 : 0
  1728	  1783 : 0
  1780	  1791 : 0
  1788	  1831 : 0
  1828	  1835 : 0
  1832	  1839 : 0
  1836	  1843 : 0
  1840	  1847 : 0
  1844	  1879 : 0
  1876	  1887 : 0
  1884	  1891 : 0
  1888	  1915 : 0
  1912	  1935 : 0
  1932	  1955 : 0
  1952	  1967 : 0
  1964	  1979 : 0
  1976	  1995 : 0
  1992	  2039 : 0
  2036	  2051 : 0
  2048	  2055 : 0
  2052	  2071 : 0
  2068	  2103 : 0
  2100	  2127 : 0
  2124	  2147 : 0
  2144	  2151 : 0
  2148	  2155 : 0
  2152	  2167 : 0
  2164	  2183 : 0
  2180	  2191 : 0
  2188	  2215 : 0
  2212	  2223 : 0
  2220	  2239 : 0
  2236	  2247 : 0
  2244	  2271 : 0
  2268	  2279 : 0
  2276	  2303 : 0
  2300	  2315 : 0
  2312	  2327 : 0
  2324	  2331 : 0
  2328	  2339 : 0
  2336	  2347 : 0
  2344	  2351 : 0
  2348	  2355 : 0
  2352	  2367 : 0
  2364	  2379 : 0
  2376	  2435 : 0
  2432	  2439 : 0
  2436	  2443 : 0
  2440	  2451 : 0
  2448	  2463 : 0
  2460	  2511 : 0
  2508	  2515 : 0
  2512	  2535 : 0
  2532	  2543 : 0
  2540	  2555 : 0
  2552	  2563 : 0
  2560	  2567 : 0
  2564	  2663 : 1
  2660	  2707 : 0
  2704	  2731 : 0
  2728	  2735 : 0
  2732	  2755 : 0
  2752	  2783 : 0
  2780	  2799 : 0
  2796	  2811 : 0
  2808	  2823 : 0
  2820	  2827 : 0
  2824	  2831 : 0
  2828	  2871 : 0
  2868	  2875 : 0
  2872	  2883 : 0
  2880	  2887 : 0
  2884	  2975 : 0
  2972	  2979 : 1
  2976	  3007 : 0
  3004	  3011 : 0
  3008	  3031 : 0
  3028	  3063 : 0
  3060	  3071 : 0
  3068	  3091 : 0
  3088	  3127 : 0
  3124	  3131 : 1
  3128	  3159 : 0
  3156	  3163 : 0
  3160	  3195 : 0
  3192	  3203 : 0
  3200	  3207 : 0
  3204	  3211 : 0
  3208	  3223 : 0
  3220	  3227 : 0
  3224	  3251 : 0
  3248	  3255 : 0
  3252	  3259 : 0
  3256	  3307 : 0
  3304	  3311 : 0
  3308	  3315 : 0
  3312	  3327 : 0
  3324	  3351 : 0
  3348	  3391 : 0
  3388	  3403 : 0
  3400	  3411 : 0
  3408	  3419 : 0
  3416	  3447 : 0
  3444	  3455 : 0
  3452	  3467 : 0
  3464	  3479 : 0
  3476	  3491 : 0
  3488	  3503 : 0
  3500	  3507 : 0
  3504	  3531 : 0
  3528	  3535 : 0
  3532	  3547 : 0
  3544	  3575 : 0
  3572	  3595 : 0
  3592	  3603 : 0
  3600	  3627 : 0
  3624	  3643 : 0
  3640	  3663 : 0
  3660	  3679 : 0
  3676	  3731 : 0
  3728	  3743 : 0
  3740	  3747 : 0
  3744	  3751 : 0
  3748	  3755 : 0
  3752	  3763 : 0
  3760	  3775 : 0
  3772	  3783 : 0
  3780	  3787 : 0
  3784	  3811 : 0
  3808	  3827 : 0
  3824	  3831 : 0
  3828	  3871 : 0
  3868	  3875 : 0
  3872	  3887 : 0
  3884	  3915 : 0
  3912	  3923 : 0
  3920	  3931 : 0
  3928	  3943 : 0
  3940	  3955 : 0
  3952	  3971 : 0
  3968	  3975 : 0
  3972	  3995 : 0
  3992	  4003 : 0
  4000	  4027 : 0
  4024	  4035 : 0
  4032	  4055 : 0
  4052	  4059 : 0
  4056	  4063 : 0
  4060	  4067 : 0
  4064	  4079 : 0
  4076	  4083 : 0
  4080	  4091 : 0
  4088	  4115 : 0
  4112	  4123 : 0
  4120	  4151 : 0
  4148	  4171 : 0
  4168	  4195 : 0
  4192	  4199 : 0
  4196	  4215 : 0
  4212	  4223 : 1
  4220	  4227 : 0
  4224	  4231 : 0
  4228	  4239 : 0
  4236	  4243 : 0
  4240	  4275 : 0
  4272	  4279 : 0
  4276	  4283 : 0
  4280	  4291 : 0
  4288	  4323 : 0
  4320	  4331 : 0
  4328	  4339 : 0
  4336	  4343 : 0
  4340	  4347 : 0
  4344	  4363 : 0
  4360	  4443 : 0
  4440	  4451 : 0
  4448	  4455 : 0
  4452	  4463 : 0
  4460	  4471 : 0
  4468	  4479 : 0
  4476	  4507 : 0
  4504	  4515 : 0
  4512	  4519 : 0
  4516	  4535 : 0
  4532	  4539 : 0
  4536	  4547 : 0
  4544	  4551 : 0
  4548	  4563 : 0
  4560	  4571 : 0
  4568	  4603 : 0
  4600	  4611 : 0
  4608	  4643 : 0
  4640	  4663 : 0
  4660	  4679 : 0
  4676	  4683 : 0
  4680	  4695 : 0
  4692	  4699 : 0
  4696	  4727 : 0
  4724	  4739 : 0
  4736	  4743 : 0
  4740	  4763 : 0
  4760	  4779 : 1
  4776	  4783 : 0
  4780	  4811 : 0
  4808	  4815 : 0
  4812	  4819 : 0
  4816	  4823 : 0
  4820	  4827 : 0
  4824	  4851 : 0
  4848	  4891 : 0
  4888	  4895 : 0
  4892	  4951 : 0
  4948	  4975 : 0
  4972	  5039 : 1
  5036	  5047 : 0
  5044	  5131 : 0
  5128	  5135 : 0
  5132	  5183 : 0
  5180	  5187 : 0
  5184	  5195 : 0
  5192	  5211 : 0
  5208	  5231 : 0
  5228	  5235 : 0
  5232	  5287 : 0
  5284	  5295 : 0
  5292	  5327 : 0
  5324	  5331 : 0
  5328	  5355 : 0
  5352	  5359 : 0
  5356	  5363 : 0
  5360	  5423 : 0
  5420	  5439 : 0
  5436	  5443 : 0
  5440	  5491 : 0
  5488	  5495 : 0
  5492	  5503 : 0
  5500	  5511 : 0
  5508	  5531 : 0
  5528	  5547 : 0
  5544	  5555 : 0
  5552	  5595 : 0
  5592	  5627 : 0
  5624	  5683 : 0
  5680	  5735 : 0
  5732	  5739 : 0
  5736	  5759 : 0
  5756	  5791 : 0
  5788	  5799 : 0
  5796	  5811 : 0
  5808	  5815 : 0
  5812	  5819 : 0
  5816	  5839 : 0
  5836	  5863 : 0
  5860	  5867 : 1
  5864	  5887 : 0
  5884	  5911 : 0
  5908	  5923 : 0
  5920	  5927 : 0
  5924	  5931 : 0
  5928	  5935 : 0
  5932	  5939 : 0
  5936	  5971 : 0
  5968	  6067 : 0
  6064	  6071 : 0
  6068	  6083 : 0
  6080	  6099 : 0
  6096	  6223 : 0
  6220	  6227 : 0
  6224	  6255 : 0
  6252	  6267 : 0
  6264	  6339 : 0
  6336	  6359 : 0
  6356	  6391 : 0
  6388	  6463 : 1
  6460	  6475 : 0
  6472	  6483 : 0
  6480	  6559 : 0
  6556	  6567 : 1
  6564	  6647 : 0
  6644	  6651 : 1
  6648	  6663 : 0
  6660	  6671 : 0
  6668	  6683 : 0
  6680	  6691 : 0
  6688	  6727 : 0
  6724	  6739 : 0
  6736	  6787 : 0
  6784	  6803 : 0
  6800	  6815 : 0
  6812	  6823 : 0
  6820	  6835 : 0
  6832	  6839 : 1
  6836	  6843 : 0
  6840	  6847 : 0
  6844	  6855 : 0
  6852	  6863 : 0
  6860	  6875 : 0
  6872	  6887 : 0
  6884	  6919 : 0
  6916	  6927 : 0
  6924	  6955 : 0
  6952	  6959 : 0
  6956	  6979 : 0
  6976	  7039 : 1
  7036	  7059 : 0
  7056	  7087 : 0
  7084	  7091 : 0
  7088	  7099 : 0
  7096	  7123 : 0
  7120	  7131 : 0
  7128	  7143 : 0
  7140	  7151 : 0
  7148	  7179 : 0
  7176	  7303 : 0
  7300	  7315 : 0
  7312	  7347 : 1
  7344	  7359 : 0
  7356	  7375 : 0
  7372	  7387 : 0
  7384	  7407 : 0
  7404	  7427 : 0
  7424	  7527 : 0
  7524	  7531 : 0
  7528	  7587 : 0
  7584	  7595 : 0
  7592	  7607 : 0
  7604	  7619 : 0
  7616	  7643 : 1
  7640	  7647 : 0
  7644	  7675 : 0
  7672	  7687 : 0
  7684	  7691 : 0
  7688	  7711 : 0
  7708	  7719 : 0
  7716	  7727 : 0
  7724	  7731 : 0
  7728	  7759 : 0
  7756	  7771 : 0
  7768	  7783 : 0
  7780	  7863 : 0
  7860	  7871 : 0
  7868	  7883 : 0
  7880	  7891 : 0
  7888	  7895 : 0
  7892	  7907 : 0
  7904	  7935 : 0
  7932	  7939 : 0
  7936	  7991 : 0
  7988	  7995 : 0
  7992	  8035 : 0
  8032	  8043 : 0
  8040	  8063 : 0
  8060	  8067 : 0
  8064	  8071 : 0
  8068	  8083 : 0
  8080	  8103 : 0
  8100	  8107 : 0
  8104	  8127 : 0
  8124	  8131 : 0
  8128	  8139 : 0
  8136	  8159 : 0
  8156	  8175 : 0
  8172	  8187 : 0
  8184	  8223 : 0
  8220	  8247 : 0
  8244	  8255 : 0
  8252	  8287 : 0
  8284	  8291 : 0
  8288	  8303 : 0
  8300	  8315 : 0
  8312	  8319 : 0
  8316	  8331 : 0
  8328	  8335 : 0
  8332	  8351 : 1
  8348	  8355 : 0
  8352	  8399 : 0
  8396	  8415 : 0
  8412	  8443 : 0
  8440	  8447 : 0
  8444	  8455 : 0
  8452	  8459 : 0
  8456	  8463 : 0
  8460	  8471 : 0
  8468	  8495 : 0
  8492	  8499 : 0
  8496	  8503 : 0
  8500	  8507 : 0
  8504	  8523 : 0
  8520	  8527 : 0
  8524	  8531 : 0
  8528	  8587 : 0
  8584	  8599 : 0
  8596	  8615 : 0
  8612	  8631 : 0
  8628	  8639 : 0
  8636	  8647 : 0
  8644	  8659 : 0
  8656	  8703 : 0
  8700	  8707 : 0
  8704	  8839 : 1
  8836	  8891 : 0
  8888	  8899 : 0
  8896	  8915 : 0
  8912	  8927 : 0
  8924	  8955 : 0
  8952	  8959 : 0
  8956	  8991 : 0
  8988	  8995 : 0
  8992	  8999 : 0
  8996	  9003 : 0
  9000	  9011 : 0
  9008	  9035 : 0
  9032	  9043 : 0
  9040	  9067 : 0
  9064	  9079 : 0
  9076	  9083 : 0
  9080	  9087 : 0
  9084	  9095 : 0
  9092	  9103 : 0
  9100	  9119 : 0
  9116	  9131 : 0
  9128	  9175 : 0
  9172	  9199 : 0
  9196	  9207 : 0
  9204	  9231 : 0
  9228	  9255 : 0
  9252	  9279 : 0
  9276	  9299 : 0
  9296	  9319 : 0
  9316	  9323 : 0
  9320	  9351 : 0
  9348	  9419 : 0
  9416	  9435 : 0
  9432	  9471 : 0
  9468	  9483 : 0
  9480	  9491 : 0
  9488	  9495 : 0
  9492	  9503 : 0
  9500	  9539 : 0
  9536	  9543 : 0
  9540	  9547 : 0
  9544	  9551 : 1
  9548	  9567 : 0
  9564	  9575 : 0
  9572	  9595 : 0
  9592	  9599 : 0
  9596	  9615 : 0
  9612	  9663 : 0
  9660	  9679 : 0
  9676	  9731 : 0
  9728	  9735 : 0
  9732	  9759 : 0
  9756	  9771 : 0
  9768	  9779 : 0
  9776	  9787 : 0
  9784	  9795 : 0
  9792	  9815 : 0
  9812	  9851 : 0
  9848	  9859 : 0
  9856	  9863 : 0
  9860	  9899 : 0
  9896	  9911 : 0
  9908	  9923 : 0
  9920	 10079 : 0
 10076	 10083 : 0
 10080	 10087 : 1
 10084	 10091 : 0
 10088	 10131 : 0
 10128	 10135 : 0
 10132	 10151 : 0
 10148	 10191 : 0
 10188	 10195 : 0
 10192	 10199 : 0
 10196	 10215 : 0
 10212	 10239 : 0
 10236	 10243 : 0
 10240	 10267 : 0
 10264	 10275 : 1
 10272	 10279 : 0
 10276	 10311 : 0
 10308	 10343 : 0
 10340	 10371 : 0
 10368	 10387 : 0
 10384	 10395 : 0
 10392	 10399 : 0
 10396	 10407 : 1
 10404	 10423 : 0
 10420	 10431 : 0
 10428	 10439 : 0
 10436	 10443 : 0
 10440	 10467 : 0
 10464	 10475 : 0
 10472	 10483 : 0
 10480	 10491 : 0
 10488	 10495 : 0
 10492	 10503 : 0
 10500	 10507 : 0
 10504	 10511 : 1
 10508	 10519 : 0
 10516	 10527 : 0
 10524	 10531 : 0
 10528	 10535 : 0
 10532	 10539 : 0
 10536	 10555 : 1
 10552	 10559 : 0
 10556	 10563 : 0
 10560	 10587 : 0
 10584	 10599 : 0
 10596	 10603 : 0
 10600	 10615 : 0
 10612	 10647 : 0
 10644	 10667 : 1
 10664	 10679 : 0
 10676	 10691 : 0
 10688	 10715 : 0
 10712	 10723 : 0
 10720	 10727 : 0
 10724	 10759 : 0
 10756	 10763 : 0
 10760	 10783 : 0
 10780	 10803 : 0
 10800	 10811 : 0
 10808	 10819 : 0
 10816	 10835 : 0
 10832	 10839 : 0
 10836	 10843 : 0
 10840	 10871 : 0
 10868	 10879 : 0
 10876	 10911 : 0
 10908	 10923 : 0
 10920	 10935 : 0
 10932	 10943 : 0
 10940	 10947 : 0
 10944	 10951 : 0
 10948	 10955 : 0
 10952	 10991 : 1
 10988	 10999 : 0
 10996	 11067 : 0
 11064	 11083 : 0
 11080	 11143 : 1
 11140	 11151 : 0
 11148	 11199 : 0
 11196	 11203 : 0
 11200	 11223 : 1
 11220	 11231 : 0
 11228	 11243 : 0
 11240	 11255 : 0
 11252	 11379 : 0
 11376	 11387 : 0
 11384	 11411 : 0
 11408	 11415 : 0
 11412	 11475 : 0
 11472	 11483 : 0
 11480	 11523 : 0
 11520	 11559 : 0
 11556	 11631 : 0
 11628	 11639 : 0
 11636	 11651 : 0
 11648	 11655 : 0
 11652	 11675 : 0
 11672	 11683 : 0
 11680	 11691 : 0
 11688	 11707 : 0
 11704	 11779 : 0
 11776	 11807 : 0
 11804	 11891 : 1
 11888	 11935 : 0
 11932	 11939 : 1
 11936	 11947 : 0
 11944	 12047 : 0
 12044	 12051 : 0
 12048	 12095 : 0
 12092	 12099 : 0
 12096	 12107 : 1
 12104	 12115 : 0
 12112	 12199 : 0
 12196	 12215 : 0
 12212	 12223 : 0
 12220	 12227 : 0
 12224	 12231 : 1
 12228	 12263 : 0
 12260	 12315 : 0
 12312	 12343 : 0
 12340	 12399 : 0
 12396	 12447 : 0
 12444	 12515 : 1
 12512	 12519 : 0
 12516	 12523 : 0
 12520	 12527 : 0
 12524	 12531 : 0
 12528	 12535 : 0
 12532	 12543 : 0
 12540	 12551 : 0
 12548	 12591 : 0
 12588	 12599 : 0
 12596	 12619 : 0
 12616	 12623 : 0
 12620	 12719 : 0
 12716	 12723 : 0
 12720	 12787 : 0
 12784	 12791 : 0
 12788	 12823 : 0
 12820	 12827 : 0
 12824	 12867 : 1
 12864	 12875 : 0
 12872	 12907 : 0
 12904	 12951 : 0
 12948	 12963 : 0
 12960	 12975 : 0
 12972	 12983 : 1
 12980	 12995 : 0
 12992	 12999 : 1
 12996	 13015 : 0
 13012	 13039 : 0
 13036	 13055 : 0
 13052	 13075 : 0
 13072	 13123 : 0
 13120	 13131 : 0
 13128	 13139 : 0
 13136	 13143 : 0
 13140	 13147 : 0
 13144	 13179 : 1
 13176	 13183 : 0
 13180	 13191 : 1
 13188	 13263 : 0
 13260	 13279 : 1
 13276	 13315 : 0
 13312	 13323 : 0
 13320	 13327 : 0
 13324	 13335 : 0
 13332	 13339 : 0
 13336	 13351 : 0
 13348	 13363 : 0
 13360	 13367 : 0
 13364	 13375 : 0
 13372	 13383 : 1
 13380	 13387 : 0
 13384	 13415 : 0
 13412	 13427 : 0
 13424	 13443 : 0
 13440	 13475 : 0
 13472	 13483 : 0
 13480	 13491 : 0
 13488	 13499 : 0
 13496	 13511 : 0
 13508	 13519 : 0
 13516	 13539 : 0
 13536	 13571 : 0
 13568	 13595 : 0
 13592	 13603 : 1
 13600	 13611 : 0
 13608	 13635 : 0
 13632	 13651 : 0
 13648	 13659 : 0
 13656	 13667 : 0
 13664	 13687 : 0
 13684	 13691 : 0
 13688	 13707 : 0
 13704	 13715 : 0
 13712	 13767 : 0
 13764	 13775 : 0
 13772	 13783 : 0
 13780	 13791 : 0
 13788	 13799 : 0
 13796	 13803 : 0
 13800	 13815 : 0
 13812	 13819 : 0
 13816	 13851 : 0
 13848	 13855 : 0
 13852	 13867 : 0
 13864	 13875 : 0
 13872	 13879 : 0
 13876	 13887 : 0
 13884	 13907 : 0
 13904	 13955 : 0
 13952	 13967 : 0
 13964	 13983 : 0
 13980	 13991 : 0
 13988	 14003 : 0
 14000	 14011 : 0
 14008	 14015 : 0
 14012	 14023 : 0
 14020	 14035 : 0
 14032	 14051 : 0
 14048	 14091 : 0
 14088	 14095 : 0
 14092	 14175 : 0
 14172	 14187 : 0
 14184	 14191 : 0
 14188	 14199 : 1
 14196	 14207 : 0
 14204	 14211 : 0
 14208	 14215 : 0
 14212	 14223 : 0
 14220	 14247 : 0
 14244	 14251 : 0
 14248	 14255 : 0
 14252	 14283 : 0
 14280	 14291 : 0
 14288	 14303 : 0
 14300	 14307 : 0
 14304	 14323 : 0
 14320	 14335 : 0
 14332	 14367 : 0
 14364	 14379 : 0
 14376	 14395 : 0
 14392	 14399 : 0
 14396	 14419 : 0
 14416	 14423 : 0
 14420	 14427 : 1
 14424	 14431 : 0
 14428	 14439 : 0
 14436	 14503 : 0
 14500	 14511 : 0
 14508	 14547 : 0
 14544	 14555 : 0
 14552	 14559 : 0
 14556	 14563 : 0
 14560	 14587 : 0
 14584	 14595 : 0
 14592	 14599 : 0
 14596	 14671 : 0
 14668	 14675 : 0
 14672	 14703 : 0
 14700	 14707 : 0
 14704	 14719 : 0
 14716	 14731 : 0
 14728	 14739 : 0
 14736	 14799 : 0
 14796	 14823 : 0
 14820	 14831 : 0
 14828	 14839 : 0
 14836	 14843 : 0
 14840	 14847 : 0
 14844	 14863 : 0
 14860	 14871 : 0
 14868	 14875 : 0
 14872	 14879 : 0
 14876	 14887 : 0
 14884	 14891 : 0
 14888	 14931 : 0
 14928	 14935 : 0
 14932	 14943 : 0
 14940	 14999 : 0
 14996	 15079 : 0
 15076	 15091 : 1
 15088	 15095 : 0
 15092	 15103 : 0
 15100	 15107 : 0
 15104	 15131 : 0
 15128	 15139 : 0
 15136	 15143 : 0
 15140	 15155 : 0
 15152	 15159 : 0
 15156	 15163 : 0
 15160	 15175 : 0
 15172	 15179 : 0
 15176	 15183 : 0
 15180	 15187 : 0
 15184	 15195 : 0
 15192	 15203 : 0
 15200	 15207 : 0
 15204	 15215 : 0
 15212	 15243 : 0
 15240	 15251 : 0
 15248	 15263 : 0
 15260	 15295 : 0
 15292	 15331 : 1
 15328	 15339 : 0
 15336	 15367 : 0
 15364	 15371 : 0
 15368	 15375 : 0
 15372	 15407 : 0
 15404	 15435 : 0
 15432	 15455 : 0
 15452	 15459 : 0
 15456	 15467 : 0
 15464	 15483 : 0
 15480	 15543 : 0
 15540	 15555 : 0
 15552	 15575 : 0
 15572	 15599 : 0
 15596	 15611 : 0
 15608	 15615 : 0
 15612	 15639 : 0
 15636	 15655 : 1
 15652	 15671 : 0
 15668	 15679 : 0
 15676	 15695 : 0
 15692	 15711 : 0
 15708	 15715 : 0
 15712	 15759 : 0
 15756	 15859 : 0
 15856	 15867 : 0
 15864	 15975 : 0
 15972	 15979 : 1
 15976	 16019 : 0
 16016	 16023 : 0
 16020	 16031 : 0
 16028	 16039 : 0
 16036	 16103 : 0
 16100	 16115 : 1
 16112	 16203 : 0
 16200	 16219 : 0
 16216	 16223 : 0
 16220	 16251 : 0
 16248	 16263 : 0
 16260	 16299 : 0
 16296	 16303 : 0
 16300	 16311 : 0
 16308	 16315 : 0
 16312	 16319 : 0
 16316	 16323 : 0
 16320	 16351 : 0
 16348	 16363 : 0
 16360	 16371 : 0
 16368	 16379 : 0
 16376	 16419 : 0
 16416	 16423 : 0
 16420	 16431 : 0
 16428	 16439 : 0
 16436	 16471 : 0
 16468	 16483 : 0
 16480	 16495 : 0
 16492	 16511 : 0
 16508	 16539 : 0
 16536	 16567 : 0
 16564	 16571 : 0
 16568	 16575 : 0
 16572	 16619 : 0
 16616	 16631 : 0
 16628	 16643 : 0
 16640	 16655 : 0
 16652	 16667 : 0
 16664	 16675 : 0
 16672	 16703 : 1
 16700	 16715 : 0
 16712	 16783 : 0
 16780	 16787 : 0
 16784	 16799 : 1
 16796	 16803 : 0
 16800	 16815 : 0
 16812	 16843 : 0
 16840	 16899 : 0
 16896	 16911 : 0
 16908	 16927 : 0
 16924	 16935 : 0
 16932	 16951 : 0
 16948	 16987 : 0
 16984	 17027 : 0
 17024	 17031 : 0
 17028	 17087 : 0
 17084	 17099 : 0
 17096	 17135 : 0
 17132	 17139 : 0
 17136	 17147 : 0
 17144	 17163 : 0
 17160	 17207 : 0
 17204	 17231 : 0
 17228	 17239 : 0
 17236	 17247 : 0
 17244	 17303 : 0
 17300	 17307 : 0
 17304	 17363 : 0
 17360	 17367 : 0
 17364	 17375 : 0
 17372	 17379 : 0
 17376	 17463 : 0
 17460	 17527 : 0
 17524	 17531 : 0
 17528	 17587 : 0
 17584	 17611 : 0
 17608	 17619 : 0
 17616	 17631 : 0
 17628	 17635 : 0
 17632	 17667 : 0
 17664	 17679 : 0
 17676	 17683 : 0
 17680	 17691 : 0
 17688	 17695 : 0
 17692	 17699 : 0
 17696	 17711 : 0
 17708	 17719 : 0
 17716	 17751 : 0
 17748	 17779 : 0
 17776	 17787 : 0
 17784	 17791 : 0
 17788	 17795 : 0
 17792	 17799 : 0
 17796	 17815 : 0
 17812	 17819 : 0
 17816	 17843 : 0
 17840	 17851 : 0
 17848	 17875 : 0
 17872	 17883 : 0
 17880	 17887 : 0
 17884	 17907 : 0
 17904	 17919 : 0
 17916	 17923 : 0
 17920	 17931 : 0
 17928	 17939 : 0
 17936	 17951 : 0
 17948	 17955 : 0
 17952	 17959 : 0
 17956	 17963 : 0
 17960	 18003 : 0
 18000	 18031 : 0
 18028	 18191 : 0
 18188	 18195 : 0
 18192	 18215 : 0
 18212	 18219 : 0
 18216	 18227 : 0
 18224	 18231 : 0
 18228	 18327 : 0
 18324	 18343 : 0
 18340	 18347 : 0
 18344	 18363 : 0
 18360	 18367 : 0
 18364	 18379 : 0
 18376	 18395 : 0
 18392	 18399 : 0
 18396	 18407 : 0
 18404	 18459 : 0
 18456	 18511 : 0
 18508	 18531 : 0
 18528	 18535 : 1
 18532	 18571 : 0
 18568	 18579 : 0
 18576	 18587 : 0
 18584	 18595 : 0
 18592	 18631 : 0
 18628	 18643 : 0
 18640	 18691 : 0
 18688	 18703 : 1
 18700	 18707 : 0
 18704	 18711 : 0
 18708	 18735 : 0
 18732	 18739 : 0
 18736	 18747 : 0
 18744	 18775 : 0
 18772	 18787 : 0
 18784	 18791 : 0
 18788	 18795 : 0
 18792	 18831 : 0
 18828	 18835 : 0
 18832	 18843 : 0
 18840	 18879 : 0
 18876	 18907 : 0
 18904	 18919 : 0
 18916	 18927 : 0
 18924	 18935 : 0
 18932	 18963 : 0
 18960	 18967 : 0
 18964	 18975 : 0
 18972	 18987 : 0
 18984	 19007 : 0
 19004	 19015 : 0
 19012	 19211 : 0
 19208	 19223 : 0
 19220	 19243 : 0
 19240	 19251 : 0
 19248	 19255 : 0
 19252	 19275 : 0
 19272	 19279 : 0
 19276	 19283 : 0
 19280	 19307 : 1
 19304	 19315 : 0
 19312	 19399 : 1
 19396	 19411 : 0
 19408	 19467 : 0
 19464	 19483 : 0
 19480	 19507 : 0
 19504	 19515 : 0
 19512	 19611 : 0
 19608	 19619 : 0
 19616	 19639 : 0
 19636	 19643 : 0
 19640	 19687 : 0
 19684	 19695 : 0
 19692	 19723 : 0
 19720	 19731 : 0
 19728	 19771 : 0
 19768	 19795 : 0
 19792	 19807 : 0
 19804	 19811 : 0
 19808	 19867 : 0
 19864	 19875 : 0
 19872	 19907 : 0
 19904	 19911 : 0
 19908	 19915 : 0
 19912	 19919 : 0
 19916	 19991 : 1
 19988	 19999 : 0
 19996	 20011 : 0
 20008	 20019 : 0
 20016	 20127 : 0
 20124	 20131 : 0
 20128	 20155 : 0
 20152	 20159 : 0
 20156	 20171 : 0
 20168	 20175 : 0
 20172	 20223 : 0
 20220	 20227 : 0
 20224	 20255 : 0
 20252	 20267 : 0
 20264	 20271 : 0
 20268	 20291 : 0
 20288	 20295 : 0
 20292	 20299 : 0
 20296	 20319 : 0
 20316	 20331 : 0
 20328	 20375 : 0
 20372	 20379 : 0
 20376	 20383 : 0
 20380	 20395 : 0
 20392	 20399 : 0
 20396	 20407 : 0
 20404	 20495 : 0
 20492	 20499 : 0
 20496	 20591 : 0
 20588	 20595 : 0
 20592	 20627 : 0
 20624	 20631 : 0
 20628	 20703 : 0
 20700	 20707 : 0
 20704	 20715 : 0
 20712	 20719 : 0
 20716	 20727 : 0
 20724	 20735 : 0
 20732	 20743 : 0
 20740	 20747 : 0
 20744	 20819 : 0
 20816	 20823 : 0
 20820	 20847 : 0
 20844	 20851 : 0
 20848	 20883 : 0
 20880	 20899 : 0
 20896	 20915 : 0
 20912	 20923 : 0
 20920	 20963 : 0
 20960	 20971 : 0
 20968	 21019 : 0
 21016	 21023 : 0
 21020	 21071 : 0
 21068	 21075 : 0
 21072	 21087 : 0
 21084	 21095 : 0
 21092	 21135 : 0
 21132	 21139 : 0
 21136	 21151 : 0
 21148	 21159 : 0
 21156	 21231 : 0
 21228	 21343 : 0
 21340	 21375 : 0
 21372	 21391 : 0
 21388	 21399 : 1
 21396	 21411 : 0
 21408	 21479 : 0
 21476	 21487 : 0
 21484	 21511 : 0
 21508	 21523 : 0
 21520	 21527 : 1
 21524	 21547 : 0
 21544	 21575 : 0
 21572	 21587 : 0
 21584	 21607 : 0
 21604	 21611 : 0
 21608	 21615 : 0
 21612	 21619 : 0
 21616	 21623 : 1
 21620	 21631 : 0
 21628	 21735 : 0
 21732	 21767 : 0
 21764	 21775 : 0
 21772	 21847 : 0
 21844	 21871 : 0
 21868	 21891 : 0
 21888	 21919 : 0
 21916	 21991 : 0
 21988	 21995 : 0
 21992	 22011 : 0
 22008	 22031 : 0
 22028	 22035 : 0
 22032	 22051 : 0
 22048	 22071 : 0
 22068	 22075 : 0
 22072	 22091 : 0
 22088	 22095 : 0
 22092	 22123 : 0
 22120	 22151 : 0
 22148	 22155 : 0
 22152	 22175 : 0
 22172	 22179 : 0
 22176	 22215 : 1
 22212	 22223 : 0
 22220	 22227 : 0
 22224	 22235 : 0
 22232	 22251 : 0
 22248	 22259 : 0
 22256	 22267 : 0
 22264	 22271 : 0
 22268	 22283 : 0
 22280	 22303 : 0
 22300	 22315 : 0
 22312	 22355 : 0
 22352	 22367 : 0
