     0	    19 : 0
    16	    43 : 0
    40	    51 : 0
    48	   251 : 0
   248	   263 : 1
   260	   347 : 0
   344	   355 : 1
   352	   443 : 0
   440	   475 : 0
   472	   479 : 0
   476	   483 : 1
   480	   563 : 0
   560	   571 : 1
   568	   659 : 0
   656	   839 : 1
   836	   851 : 0
   848	   871 : 0
   868	   899 : 0
   896	   907 : 0
   904	   939 : 0
   936	   943 : 1
   940	  1023 : 0
  1020	  1027 : 1
  1024	  1111 : 0
  1108	  1135 : 1
  1132	  1195 : 0
  1192	  1203 : 1
  1200	  1287 : 0
  1284	  1291 : 1
  1288	  1371 : 0
  1368	  1379 : 1
  1376	  1459 : 0
  1456	  1471 : 0
  1468	  1475 : 0
  1472	  1479 : 0
  1476	  1487 : 0
  1484	  1491 : 0
  1488	  1507 : 0
  1504	  1515 : 1
  1512	  1571 : 0
  1568	  1595 : 0
  1592	  1619 : 0
  1616	  1679 : 0
  1676	  1695 : 0
  1692	  1699 : 0
  1696	  1703 : 0
  1700	  1759 : 0
  1756	  1839 : 0
  1836	  1855 : 0
  1852	  1891 : 0
  1888	  1903 : 1
  1900	  1907 : 0
  1904	  1979 : 0
  1976	  2147 : 0
  2144	  2279 : 1
  2276	  2291 : 0
  2288	  2299 : 0
  2296	  2335 : 0
  2332	  2339 : 0
  2336	  2343 : 0
  2340	  2351 : 0
  2348	  2371 : 0
  2368	  2375 : 0
  2372	  2399 : 0
  2396	  2415 : 1
  2412	  2463 : 0
  2460	  2467 : 1
  2464	  2527 : 0
  2524	  2531 : 2
  2528	  2643 : 0
  2640	  2647 : 1
  2644	  2727 : 0
  2724	  2803 : 0
  2800	  2811 : 0
  2808	  2815 : 0
  2812	  2903 : 0
  2900	  2911 : 1
  2908	  2999 : 0
  2996	  3003 : 1
  3000	  3071 : 0
  3068	  3163 : 1
  3160	  3199 : 0
  3196	  3219 : 0
  3216	  3223 : 0
  3220	  3227 : 0
  3224	  3235 : 0
  3232	  3267 : 1
  3264	  3299 : 0
  3296	  3307 : 0
  3304	  3339 : 0
  3336	  3347 : 0
  3344	  3371 : 0
  3368	  3391 : 0
  3388	  3403 : 0
  3400	  3411 : 1
  3408	  3559 : 0
  3556	  3563 : 1
  3560	  3667 : 0
  3664	  3671 : 1
  3668	  3787 : 0
  3784	  3803 : 1
  3800	  3815 : 0
  3812	  3819 : 0
  3816	  3879 : 0
  3876	  4019 : 1
  4016	  4027 : 0
  4024	  4043 : 0
  4040	  4091 : 0
  4088	  4099 : 1
  4096	  4267 : 0
  4264	  4355 : 1
  4352	  4391 : 0
  4388	  4399 : 0
  4396	  4415 : 0
  4412	  4427 : 0
  4424	  4467 : 0
  4464	  4471 : 1
  4468	  4547 : 0
  4544	  4551 : 1
  4548	  4639 : 0
  4636	  4647 : 1
  4644	  4651 : 0
  4648	  4671 : 0
  4668	  4675 : 0
  4672	  4691 : 0
  4688	  4695 : 0
  4692	  4775 : 0
  4772	  4779 : 0
  4776	  4783 : 0
  4780	  4799 : 0
  4796	  4807 : 0
  4804	  4851 : 0
  4848	  4871 : 0
  4868	  4879 : 0
  4876	  4895 : 0
  4892	  4939 : 0
  4936	  4963 : 0
  4960	  4975 : 0
  4972	  5011 : 1
  5008	  5015 : 0
  5012	  5019 : 0
  5016	  5055 : 0
  5052	  5059 : 0
  5056	  5103 : 0
  5100	  5115 : 0
  5112	  5391 : 0
  5388	  5423 : 1
