     0	    55 : 0
    52	    59 : 0
    56	    67 : 0
    64	    71 : 0
    68	    87 : 0
    84	    91 : 0
    88	    99 : 1
    96	   127 : 0
   124	   139 : 1
   136	   143 : 0
   140	   151 : 0
   148	   155 : 0
   152	   167 : 0
   164	   203 : 0
   200	   227 : 0
   224	   235 : 0
   232	   243 : 0
   240	   259 : 0
   256	   291 : 0
   288	   295 : 0
   292	   311 : 0
   308	   343 : 0
   340	   355 : 1
   352	   387 : 0
   384	   395 : 1
   392	   443 : 0
   440	   447 : 1
   444	   507 : 0
   504	   515 : 1
   512	   563 : 0
   560	   575 : 1
   572	   635 : 0
   632	   643 : 1
   640	   647 : 0
   644	   651 : 0
   648	   671 : 0
   668	   695 : 1
   692	   699 : 0
   696	   707 : 1
   704	   715 : 0
   712	   767 : 1
   764	   775 : 0
   772	   779 : 1
   776	   795 : 0
   792	   811 : 0
   808	   815 : 0
   812	   831 : 0
   828	   835 : 0
   832	   847 : 0
   844	   851 : 2
   848	   863 : 0
   860	   871 : 0
   868	   895 : 0
   892	   899 : 0
   896	   935 : 0
   932	   979 : 0
   976	   987 : 1
   984	   991 : 0
   988	  1007 : 0
  1004	  1011 : 0
  1008	  1023 : 1
  1020	  1039 : 0
  1036	  1047 : 0
  1044	  1055 : 0
  1052	  1059 : 0
  1056	  1067 : 0
  1064	  1083 : 0
  1080	  1087 : 0
  1084	  1095 : 1
  1092	  1111 : 0
  1108	  1119 : 0
  1116	  1131 : 0
  1128	  1135 : 0
  1132	  1147 : 0
  1144	  1191 : 0
  1188	  1195 : 0
  1192	  1243 : 1
  1240	  1255 : 0
  1252	  1275 : 0
  1272	  1283 : 0
  1280	  1295 : 0
  1292	  1299 : 0
  1296	  1311 : 1
  1308	  1315 : 0
  1312	  1319 : 1
  1316	  1323 : 0
  1320	  1327 : 1
  1324	  1335 : 0
  1332	  1347 : 0
  1344	  1355 : 0
  1352	  1359 : 0
  1356	  1363 : 0
  1360	  1367 : 0
  1364	  1371 : 0
  1368	  1407 : 0
  1404	  1411 : 0
  1408	  1415 : 1
  1412	  1427 : 0
  1424	  1431 : 0
  1428	  1439 : 0
  1436	  1455 : 0
  1452	  1467 : 0
  1464	  1471 : 0
  1468	  1475 : 0
  1472	  1483 : 0
  1480	  1487 : 0
  1484	  1531 : 1
  1528	  1535 : 0
  1532	  1543 : 0
  1540	  1551 : 0
  1548	  1559 : 0
  1556	  1567 : 0
  1564	  1575 : 0
  1572	  1607 : 0
  1604	  1619 : 0
  1616	  1639 : 0
  1636	  1667 : 0
  1664	  1671 : 0
  1668	  1683 : 0
  1680	  1695 : 0
  1692	  1699 : 0
  1696	  1715 : 0
  1712	  1727 : 0
  1724	  1735 : 0
  1732	  1747 : 0
  1744	  1759 : 0
  1756	  1787 : 0
  1784	  1795 : 0
  1792	  1807 : 0
  1804	  1811 : 0
  1808	  1867 : 0
  1864	  1883 : 0
  1880	  1891 : 0
  1888	  1915 : 0
  1912	  1971 : 1
  1968	  1987 : 0
  1984	  2031 : 0
  2028	  2035 : 0
  2032	  2047 : 0
  2044	  2051 : 0
  2048	  2055 : 0
  2052	  2059 : 0
  2056	  2079 : 1
  2076	  2103 : 0
  2100	  2115 : 1
  2112	  2123 : 0
  2120	  2159 : 0
  2156	  2163 : 0
  2160	  2167 : 0
  2164	  2183 : 0
  2180	  2187 : 0
  2184	  2191 : 0
  2188	  2303 : 0
  2300	  2307 : 0
  2304	  2339 : 1
  2336	  2343 : 0
  2340	  2375 : 1
  2372	  2379 : 0
  2376	  2383 : 0
  2380	  2391 : 0
  2388	  2399 : 0
  2396	  2435 : 0
  2432	  2439 : 1
  2436	  2451 : 0
  2448	  2459 : 0
  2456	  2463 : 0
  2460	  2491 : 0
  2488	  2495 : 0
  2492	  2507 : 1
  2504	  2531 : 0
  2528	  2571 : 0
  2568	  2575 : 0
  2572	  2611 : 0
  2608	  2643 : 0
  2640	  2651 : 0
  2648	  2667 : 0
  2664	  2695 : 0
  2692	  2783 : 0
  2780	  2791 : 0
  2788	  2799 : 0
  2796	  2803 : 1
  2800	  2811 : 0
  2808	  2843 : 0
  2840	  2863 : 0
  2860	  2899 : 1
  2896	  2943 : 0
  2940	  2947 : 1
  2944	  2975 : 0
  2972	  3007 : 0
  3004	  3019 : 0
  3016	  3023 : 0
  3020	  3047 : 0
  3044	  3071 : 1
  3068	  3123 : 0
  3120	  3171 : 1
  3168	  3239 : 0
  3236	  3275 : 0
  3272	  3307 : 0
  3304	  3323 : 0
  3320	  3339 : 0
  3336	  3351 : 1
  3348	  3391 : 0
  3388	  3419 : 0
  3416	  3471 : 0
  3468	  3475 : 0
  3472	  3479 : 0
  3476	  3483 : 0
  3480	  3495 : 0
  3492	  3499 : 0
  3496	  3523 : 0
  3520	  3555 : 1
  3552	  3575 : 0
  3572	  3663 : 1
  3660	  3667 : 0
  3664	  3679 : 1
  3676	  3703 : 0
  3700	  3719 : 1
  3716	  3727 : 0
  3724	  3743 : 0
  3740	  3747 : 0
  3744	  3767 : 0
  3764	  3771 : 0
  3768	  3819 : 0
  3816	  3827 : 0
  3824	  3847 : 0
  3844	  3863 : 0
  3860	  3867 : 0
  3864	  3875 : 0
  3872	  3887 : 0
  3884	  3895 : 0
  3892	  3899 : 0
  3896	  3943 : 0
  3940	  3947 : 1
  3944	  3971 : 0
  3968	  3983 : 0
  3980	  4007 : 0
  4004	  4023 : 0
  4020	  4035 : 0
  4032	  4055 : 0
  4052	  4059 : 0
  4056	  4063 : 0
  4060	  4067 : 0
  4064	  4079 : 0
  4076	  4087 : 0
  4084	  4091 : 0
  4088	  4095 : 0
  4092	  4107 : 1
  4104	  4115 : 0
  4112	  4119 : 0
  4116	  4123 : 0
  4120	  4143 : 0
  4140	  4147 : 0
  4144	  4167 : 0
  4164	  4171 : 0
  4168	  4239 : 0
  4236	  4259 : 0
  4256	  4271 : 0
  4268	  4275 : 0
  4272	  4287 : 0
  4284	  4295 : 0
  4292	  4303 : 1
  4300	  4327 : 0
  4324	  4331 : 0
  4328	  4351 : 0
  4348	  4363 : 0
  4360	  4379 : 0
  4376	  4387 : 1
  4384	  4431 : 0
  4428	  4435 : 0
  4432	  4443 : 0
  4440	  4451 : 0
  4448	  4459 : 0
  4456	  4483 : 0
  4480	  4487 : 0
  4484	  4491 : 0
  4488	  4495 : 0
  4492	  4499 : 0
  4496	  4507 : 0
  4504	  4531 : 0
  4528	  4539 : 0
  4536	  4587 : 0
  4584	  4599 : 0
  4596	  4603 : 0
  4600	  4611 : 0
  4608	  4647 : 0
  4644	  4659 : 0
  4656	  4663 : 0
  4660	  4679 : 0
  4676	  4695 : 0
  4692	  4711 : 0
  4708	  4723 : 0
  4720	  4739 : 0
  4736	  4743 : 0
  4740	  4755 : 0
  4752	  4775 : 0
  4772	  4779 : 0
  4776	  4843 : 0
  4840	  4847 : 0
  4844	  4859 : 0
  4856	  4883 : 0
  4880	  4891 : 0
  4888	  4895 : 0
  4892	  4907 : 0
  4904	  4931 : 0
  4928	  4943 : 0
  4940	  4947 : 0
  4944	  4971 : 0
  4968	  4987 : 0
  4984	  4999 : 0
  4996	  5003 : 0
  5000	  5007 : 0
  5004	  5015 : 0
  5012	  5027 : 1
  5024	  5071 : 0
  5068	  5087 : 0
  5084	  5091 : 0
  5088	  5103 : 0
  5100	  5119 : 0
  5116	  5123 : 0
  5120	  5139 : 0
  5136	  5143 : 1
  5140	  5151 : 0
  5148	  5155 : 0
  5152	  5159 : 0
  5156	  5167 : 0
  5164	  5171 : 0
  5168	  5219 : 0
  5216	  5259 : 0
  5256	  5427 : 0
  5424	  5439 : 0
  5436	  5451 : 0
  5448	  5459 : 0
  5456	  5491 : 0
  5488	  5495 : 0
  5492	  5499 : 1
  5496	  5503 : 0
  5500	  5519 : 0
  5516	  5531 : 0
  5528	  5551 : 0
  5548	  5555 : 0
  5552	  5559 : 0
  5556	  5563 : 0
  5560	  5567 : 0
  5564	  5583 : 0
  5580	  5599 : 0
  5596	  5671 : 0
  5668	  5683 : 0
  5680	  5699 : 0
  5696	  5707 : 0
  5704	  5711 : 2
  5708	  5719 : 0
  5716	  5739 : 0
  5736	  5755 : 0
  5752	  5779 : 0
  5776	  5807 : 0
  5804	  5839 : 0
  5836	  5855 : 1
  5852	  5859 : 0
  5856	  5879 : 0
  5876	  5883 : 0
  5880	  5895 : 0
  5892	  5931 : 0
  5928	  5939 : 1
  5936	  5983 : 0
  5980	  5995 : 0
  5992	  5999 : 0
  5996	  6035 : 0
  6032	  6039 : 0
  6036	  6055 : 0
  6052	  6063 : 0
  6060	  6095 : 1
  6092	  6099 : 0
  6096	  6111 : 0
  6108	  6119 : 0
  6116	  6127 : 1
  6124	  6147 : 0
  6144	  6175 : 0
  6172	  6179 : 0
  6176	  6187 : 1
  6184	  6215 : 0
  6212	  6227 : 0
  6224	  6247 : 0
  6244	  6255 : 0
  6252	  6263 : 0
  6260	  6275 : 0
  6272	  6299 : 0
  6296	  6303 : 0
  6300	  6327 : 0
  6324	  6339 : 0
  6336	  6343 : 0
  6340	  6355 : 0
  6352	  6403 : 0
  6400	  6411 : 1
  6408	  6439 : 0
  6436	  6443 : 1
  6440	  6503 : 0
  6500	  6507 : 1
  6504	  6519 : 0
  6516	  6531 : 0
  6528	  6535 : 0
  6532	  6547 : 0
  6544	  6555 : 0
  6552	  6563 : 0
  6560	  6567 : 0
  6564	  6583 : 0
  6580	  6599 : 0
  6596	  6607 : 0
  6604	  6623 : 0
  6620	  6631 : 0
  6628	  6639 : 0
  6636	  6643 : 0
  6640	  6659 : 0
  6656	  6667 : 0
  6664	  6679 : 0
  6676	  6683 : 0
  6680	  6687 : 0
  6684	  6695 : 1
  6692	  6731 : 0
  6728	  6739 : 1
  6736	  6835 : 0
  6832	  6839 : 0
  6836	  6847 : 0
  6844	  6863 : 0
  6860	  6871 : 0
  6868	  6883 : 0
  6880	  6915 : 0
  6912	  6959 : 0
  6956	  6971 : 0
  6968	  6979 : 0
  6976	  6987 : 0
  6984	  7011 : 0
  7008	  7019 : 0
  7016	  7023 : 0
  7020	  7031 : 0
  7028	  7039 : 0
  7036	  7047 : 0
  7044	  7051 : 1
  7048	  7091 : 0
  7088	  7103 : 0
  7100	  7155 : 0
  7152	  7295 : 0
  7292	  7343 : 0
  7340	  7439 : 0
  7436	  7443 : 0
  7440	  7451 : 0
  7448	  7455 : 0
  7452	  7487 : 0
  7484	  7511 : 0
  7508	  7515 : 0
  7512	  7539 : 0
  7536	  7579 : 0
  7576	  7619 : 0
  7616	  7631 : 0
  7628	  7659 : 0
  7656	  7663 : 0
  7660	  7675 : 0
  7672	  7683 : 0
  7680	  7691 : 0
  7688	  7699 : 0
  7696	  7731 : 0
  7728	  7743 : 0
  7740	  7755 : 0
  7752	  7815 : 0
  7812	  7819 : 0
  7816	  7831 : 0
  7828	  7843 : 0
  7840	  7859 : 0
  7856	  7867 : 0
  7864	  7895 : 0
  7892	  7899 : 0
  7896	  7911 : 1
  7908	  7923 : 0
  7920	  7927 : 0
  7924	  7939 : 0
  7936	  7979 : 0
  7976	  7983 : 0
  7980	  8007 : 0
  8004	  8015 : 0
  8012	  8023 : 0
  8020	  8039 : 0
  8036	  8071 : 0
  8068	  8083 : 0
  8080	  8099 : 0
  8096	  8123 : 0
  8120	  8127 : 0
  8124	  8139 : 0
  8136	  8151 : 0
  8148	  8155 : 0
  8152	  8187 : 0
  8184	  8199 : 0
  8196	  8203 : 0
  8200	  8247 : 0
  8244	  8263 : 0
  8260	  8267 : 0
  8264	  8291 : 0
  8288	  8307 : 0
  8304	  8331 : 0
  8328	  8375 : 0
  8372	  8383 : 0
  8380	  8419 : 0
  8416	  8443 : 0
  8440	  8459 : 0
  8456	  8467 : 0
  8464	  8483 : 0
  8480	  8491 : 0
  8488	  8519 : 0
  8516	  8547 : 0
  8544	  8551 : 0
  8548	  8675 : 1
  8672	  8679 : 0
  8676	  8851 : 0
