     0	    23 : 0
    20	    35 : 0
    32	    39 : 0
    36	    63 : 0
    60	   211 : 0
   208	   215 : 1
   212	   447 : 0
   444	   455 : 1
   452	   495 : 0
   492	   503 : 0
   500	   519 : 0
   516	   783 : 0
   780	   899 : 0
   896	  1007 : 1
  1004	  1011 : 0
  1008	  1175 : 0
  1172	  1183 : 0
  1180	  1199 : 0
  1196	  1203 : 0
  1200	  1435 : 0
  1432	  1439 : 0
  1436	  1443 : 0
  1440	  1479 : 0
  1476	  1483 : 0
  1480	  1499 : 0
  1496	  1503 : 0
  1500	  1507 : 0
  1504	  2079 : 0
  2076	  2083 : 0
  2080	  2087 : 0
  2084	  2095 : 0
  2092	  2107 : 0
  2104	  2119 : 0
  2116	  2123 : 0
  2120	  2135 : 0
  2132	  2251 : 0
  2248	  2259 : 0
  2256	  2319 : 0
  2316	  2327 : 0
  2324	  2331 : 0
  2328	  2343 : 0
  2340	  2499 : 0
  2496	  2503 : 0
  2500	  2511 : 0
  2508	  2523 : 0
  2520	  2563 : 0
  2560	  2587 : 0
  2584	  2591 : 0
  2588	  2635 : 0
  2632	  2647 : 0
  2644	  2659 : 0
  2656	  2667 : 0
  2664	  2759 : 0
  2756	  2763 : 0
  2760	  2815 : 0
  2812	  2831 : 0
  2828	  3275 : 0
  3272	  3287 : 0
  3284	  3443 : 0
  3440	  3447 : 0
  3444	  3451 : 0
  3448	  3455 : 0
  3452	  3467 : 0
  3464	  3483 : 0
  3480	  3711 : 0
  3708	  3783 : 0
  3780	  3883 : 0
  3880	  3967 : 0
  3964	  3995 : 0
  3992	  3999 : 0
  3996	  4003 : 0
  4000	  4015 : 0
  4012	  4023 : 0
  4020	  4175 : 0
  4172	  4179 : 0
  4176	  4611 : 0
  4608	  5115 : 0
  5112	  5123 : 0
  5120	  5187 : 0
  5184	  5195 : 0
  5192	  5211 : 0
  5208	  5215 : 0
  5212	  5219 : 0
  5216	  5243 : 0
  5240	  5251 : 0
  5248	  5355 : 0
  5352	  5359 : 0
  5356	  5367 : 0
  5364	  5371 : 0
  5368	  5375 : 1
  5372	  5379 : 0
  5376	  5383 : 0
  5380	  5395 : 0
  5392	  5415 : 0
