     0	    27 : 0
    24	    31 : 0
    28	    83 : 0
    80	    91 : 0
    88	    95 : 0
    92	    99 : 0
    96	   107 : 0
   104	   123 : 0
   120	   139 : 0
   136	   147 : 0
   144	   271 : 0
   268	   275 : 0
   272	   299 : 0
   296	   303 : 0
   300	   319 : 0
   316	   323 : 0
   320	   347 : 0
   344	   423 : 0
   420	   427 : 0
   424	   435 : 0
   432	   443 : 0
   440	   447 : 0
   444	   455 : 0
   452	   467 : 0
   464	   471 : 1
   468	   647 : 0
   644	   651 : 0
   648	   655 : 0
   652	   659 : 0
   656	   767 : 0
   764	   803 : 1
   800	   819 : 0
   816	   863 : 1
   860	   867 : 0
   864	   875 : 0
   872	   919 : 0
   916	   927 : 1
   924	   935 : 0
   932	   955 : 0
   952	   959 : 0
   956	  1027 : 0
  1024	  1067 : 0
  1064	  1119 : 0
  1116	  1151 : 0
  1148	  1155 : 0
  1152	  1163 : 0
  1160	  1215 : 0
  1212	  1219 : 0
  1216	  1247 : 0
  1244	  1271 : 0
  1268	  1359 : 0
  1356	  1363 : 0
  1360	  1371 : 0
  1368	  1391 : 0
  1388	  1427 : 0
  1424	  1431 : 0
  1428	  1467 : 0
  1464	  1471 : 0
  1468	  1523 : 0
  1520	  1531 : 0
  1528	  1551 : 0
  1548	  1599 : 0
  1596	  1667 : 0
  1664	  1671 : 0
  1668	  1691 : 0
  1688	  1707 : 0
  1704	  1735 : 0
  1732	  1739 : 0
  1736	  1747 : 0
  1744	  1751 : 0
  1748	  1767 : 0
  1764	  1775 : 0
  1772	  1779 : 1
  1776	  1799 : 0
  1796	  1847 : 0
  1844	  1851 : 0
  1848	  1875 : 0
  1872	  1879 : 0
  1876	  1887 : 0
  1884	  1891 : 0
  1888	  1903 : 1
  1900	  1931 : 0
  1928	  2023 : 0
  2020	  2031 : 0
  2028	  2063 : 0
  2060	  2071 : 0
  2068	  2111 : 0
  2108	  2123 : 0
  2120	  2151 : 0
  2148	  2183 : 0
  2180	  2195 : 0
  2192	  2199 : 0
  2196	  2223 : 0
  2220	  2227 : 0
  2224	  2239 : 0
  2236	  2267 : 0
  2264	  2279 : 0
  2276	  2287 : 0
  2284	  2291 : 0
  2288	  2295 : 0
  2292	  2303 : 0
  2300	  2307 : 0
  2304	  2315 : 0
  2312	  2323 : 0
  2320	  2355 : 0
  2352	  2375 : 0
  2372	  2383 : 0
  2380	  2387 : 0
  2384	  2399 : 0
  2396	  2403 : 0
  2400	  2447 : 1
  2444	  2451 : 0
  2448	  2527 : 0
  2524	  2535 : 0
  2532	  2539 : 0
  2536	  2587 : 0
  2584	  2591 : 0
  2588	  2599 : 0
  2596	  2603 : 1
  2600	  2635 : 0
  2632	  2695 : 0
  2692	  2715 : 0
  2712	  2735 : 0
  2732	  2743 : 0
  2740	  2747 : 0
  2744	  2751 : 0
  2748	  2755 : 0
  2752	  2771 : 0
  2768	  2883 : 0
  2880	  2895 : 0
  2892	  2899 : 0
  2896	  2903 : 0
  2900	  2911 : 0
  2908	  2919 : 0
  2916	  2943 : 1
  2940	  2951 : 0
  2948	  2967 : 0
  2964	  2971 : 0
  2968	  2983 : 0
  2980	  2987 : 0
  2984	  2991 : 0
  2988	  2999 : 0
  2996	  3015 : 0
  3012	  3031 : 0
  3028	  3091 : 0
  3088	  3095 : 0
  3092	  3119 : 0
  3116	  3123 : 0
  3120	  3131 : 0
  3128	  3135 : 0
  3132	  3143 : 1
  3140	  3167 : 0
  3164	  3187 : 0
  3184	  3207 : 0
  3204	  3215 : 0
  3212	  3219 : 0
  3216	  3227 : 0
  3224	  3243 : 0
  3240	  3331 : 0
  3328	  3335 : 0
  3332	  3339 : 0
  3336	  3343 : 0
  3340	  3375 : 0
  3372	  3383 : 0
  3380	  3399 : 0
  3396	  3403 : 0
  3400	  3407 : 0
  3404	  3411 : 0
  3408	  3431 : 0
  3428	  3435 : 0
  3432	  3443 : 0
  3440	  3463 : 0
  3460	  3523 : 0
  3520	  3527 : 0
  3524	  3539 : 0
  3536	  3543 : 0
  3540	  3571 : 0
  3568	  3595 : 0
  3592	  3607 : 0
  3604	  3615 : 0
  3612	  3635 : 1
  3632	  3651 : 0
  3648	  3691 : 0
  3688	  3695 : 0
  3692	  3811 : 0
  3808	  3815 : 0
  3812	  3887 : 0
  3884	  3911 : 0
  3908	  3939 : 0
  3936	  3947 : 0
  3944	  3963 : 0
  3960	  3967 : 0
  3964	  3971 : 0
  3968	  3979 : 0
  3976	  4007 : 0
  4004	  4011 : 0
  4008	  4023 : 0
  4020	  4079 : 0
  4076	  4099 : 0
  4096	  4103 : 0
  4100	  4143 : 0
  4140	  4147 : 0
  4144	  4151 : 0
  4148	  4155 : 0
  4152	  4247 : 0
  4244	  4259 : 0
  4256	  4295 : 0
  4292	  4307 : 0
  4304	  4315 : 0
  4312	  4355 : 0
  4352	  4375 : 0
  4372	  4383 : 0
  4380	  4399 : 0
  4396	  4423 : 0
  4420	  4435 : 0
  4432	  4439 : 0
  4436	  4451 : 0
  4448	  4455 : 0
  4452	  4471 : 0
  4468	  4483 : 0
  4480	  4507 : 0
  4504	  4547 : 0
  4544	  4559 : 0
  4556	  4599 : 0
  4596	  4623 : 0
  4620	  4635 : 0
  4632	  4647 : 0
  4644	  4659 : 0
  4656	  4667 : 0
  4664	  4671 : 0
  4668	  4675 : 0
  4672	  4687 : 0
  4684	  4711 : 0
  4708	  4715 : 0
  4712	  4767 : 0
  4764	  4771 : 0
  4768	  4855 : 0
  4852	  4859 : 0
  4856	  4931 : 0
  4928	  4935 : 0
  4932	  4959 : 0
  4956	  4963 : 0
  4960	  5043 : 0
  5040	  5051 : 0
  5048	  5055 : 0
  5052	  5067 : 0
  5064	  5119 : 0
  5116	  5163 : 0
  5160	  5259 : 0
  5256	  5263 : 0
  5260	  5483 : 0
  5480	  5491 : 0
  5488	  5567 : 0
  5564	  5575 : 0
  5572	  5587 : 0
  5584	  5591 : 0
  5588	  5659 : 0
  5656	  5663 : 0
  5660	  5747 : 0
  5744	  5751 : 0
  5748	  5755 : 1
  5752	  5927 : 0
  5924	  6035 : 0
