     0	   499 : 0
   496	   643 : 0
   640	   723 : 0
   720	   739 : 0
   736	   755 : 0
   752	   759 : 0
   756	   771 : 0
   768	   823 : 0
   820	  2431 : 0
  2428	  2487 : 0
  2484	  2543 : 0
  2540	  3011 : 0
  3008	  3035 : 0
  3032	  3167 : 0
  3164	  3179 : 0
  3176	  3219 : 0
  3216	  3323 : 0
  3320	  3411 : 0
  3408	  3483 : 0
  3480	  3523 : 0
  3520	  3659 : 0
  3656	  3675 : 0
  3672	  3679 : 0
  3676	  3683 : 0
  3680	  3719 : 0
  3716	  3775 : 0
  3772	  3839 : 0
  3836	  4039 : 0
  4036	  5935 : 0
