     0	   207 : 1
   204	   339 : 0
   336	   343 : 1
   340	   399 : 0
   396	   411 : 0
   408	   447 : 0
   444	   451 : 0
   448	   487 : 0
   484	   499 : 1
   496	   571 : 0
   568	   579 : 1
   576	   615 : 0
   612	   639 : 0
   636	   683 : 0
   680	   695 : 0
   692	   699 : 0
   696	   711 : 0
   708	   715 : 0
   712	   727 : 0
   724	   743 : 0
   740	   767 : 0
   764	   775 : 0
   772	   779 : 1
   776	   783 : 0
   780	   791 : 0
   788	   799 : 0
   796	   823 : 0
   820	   859 : 0
   856	   863 : 0
   860	   871 : 0
   868	   879 : 1
   876	   943 : 0
   940	   947 : 0
   944	   951 : 0
   948	   955 : 0
   952	   975 : 0
   972	   979 : 0
   976	  1011 : 0
  1008	  1047 : 0
  1044	  1063 : 0
  1060	  1079 : 0
  1076	  1087 : 0
  1084	  1115 : 0
  1112	  1119 : 0
  1116	  1123 : 0
  1120	  1127 : 0
  1124	  1143 : 0
  1140	  1183 : 0
  1180	  1195 : 0
  1192	  1207 : 0
  1204	  1211 : 0
  1208	  1219 : 0
  1216	  1223 : 0
  1220	  1239 : 0
  1236	  1295 : 1
  1292	  1327 : 0
  1324	  1339 : 0
  1336	  1351 : 0
  1348	  1359 : 0
  1356	  1371 : 0
  1368	  1419 : 0
  1416	  1443 : 0
  1440	  1511 : 0
  1508	  1591 : 0
  1588	  1599 : 1
  1596	  1675 : 0
  1672	  1679 : 1
  1676	  1699 : 0
  1696	  1747 : 0
  1744	  1783 : 0
  1780	  1787 : 0
  1784	  1803 : 0
  1800	  1811 : 1
  1808	  1819 : 0
  1816	  1871 : 0
  1868	  1875 : 0
  1872	  1879 : 1
  1876	  1891 : 0
  1888	  1895 : 0
  1892	  1911 : 0
  1908	  1915 : 0
  1912	  1923 : 0
  1920	  2003 : 0
  2000	  2007 : 0
  2004	  2071 : 1
  2068	  2115 : 0
  2112	  2123 : 0
  2120	  2127 : 0
  2124	  2139 : 0
  2136	  2167 : 0
  2164	  2171 : 0
  2168	  2175 : 0
  2172	  2179 : 1
  2176	  2239 : 0
  2236	  2243 : 1
  2240	  2247 : 0
  2244	  2251 : 0
  2248	  2255 : 0
  2252	  2263 : 0
  2260	  2275 : 0
  2272	  2279 : 0
  2276	  2287 : 0
  2284	  2299 : 0
  2296	  2359 : 0
  2356	  2363 : 0
  2360	  2399 : 0
  2396	  2407 : 0
  2404	  2423 : 0
  2420	  2443 : 0
  2440	  2475 : 0
  2472	  2479 : 1
  2476	  2503 : 0
  2500	  2511 : 1
  2508	  2519 : 0
  2516	  2579 : 0
  2576	  2635 : 0
  2632	  2671 : 0
  2668	  2675 : 0
  2672	  2679 : 1
  2676	  2687 : 0
  2684	  2691 : 0
  2688	  2695 : 0
  2692	  2699 : 0
  2696	  2703 : 0
  2700	  2711 : 1
  2708	  2815 : 0
  2812	  2863 : 1
  2860	  2935 : 0
  2932	  2939 : 1
  2936	  3003 : 0
  3000	  3007 : 1
  3004	  3051 : 0
  3048	  3063 : 1
  3060	  3071 : 0
  3068	  3083 : 0
  3080	  3087 : 0
  3084	  3091 : 0
  3088	  3095 : 0
  3092	  3103 : 0
  3100	  3111 : 0
  3108	  3119 : 0
  3116	  3143 : 0
  3140	  3147 : 0
  3144	  3163 : 0
  3160	  3167 : 0
  3164	  3171 : 0
  3168	  3175 : 1
  3172	  3183 : 0
  3180	  3195 : 0
  3192	  3203 : 0
  3200	  3215 : 0
  3212	  3235 : 0
  3232	  3243 : 0
  3240	  3255 : 0
  3252	  3263 : 1
  3260	  3279 : 0
  3276	  3327 : 0
  3324	  3347 : 0
  3344	  3363 : 0
  3360	  3367 : 0
  3364	  3375 : 1
  3372	  3459 : 0
  3456	  3463 : 1
  3460	  3491 : 0
  3488	  3499 : 0
  3496	  3507 : 0
  3504	  3567 : 1
  3564	  3571 : 0
  3568	  3579 : 0
  3576	  3591 : 0
  3588	  3639 : 0
  3636	  3671 : 0
  3668	  3675 : 1
  3672	  3691 : 0
  3688	  3715 : 0
  3712	  3719 : 0
  3716	  3755 : 0
  3752	  3807 : 0
  3804	  3843 : 1
  3840	  3883 : 0
  3880	  3947 : 0
  3944	  3963 : 0
  3960	  3971 : 0
  3968	  3995 : 0
  3992	  4011 : 0
  4008	  4019 : 0
  4016	  4023 : 0
  4020	  4035 : 0
  4032	  4047 : 0
  4044	  4071 : 0
  4068	  4075 : 0
  4072	  4079 : 0
  4076	  4099 : 0
  4096	  4107 : 0
  4104	  4111 : 0
  4108	  4123 : 0
  4120	  4127 : 0
  4124	  4163 : 0
  4160	  4171 : 0
  4168	  4175 : 0
  4172	  4211 : 0
  4208	  4223 : 0
  4220	  4227 : 0
  4224	  4267 : 0
  4264	  4275 : 1
  4272	  4279 : 0
  4276	  4283 : 0
  4280	  4291 : 0
  4288	  4347 : 0
  4344	  4415 : 0
  4412	  4487 : 0
  4484	  4491 : 0
  4488	  4547 : 0
  4544	  4555 : 0
  4552	  4603 : 0
  4600	  4607 : 0
  4604	  4627 : 0
  4624	  4827 : 0
  4824	  4847 : 0
  4844	  4855 : 0
  4852	  4859 : 0
  4856	  4883 : 0
  4880	  4891 : 0
  4888	  4947 : 0
  4944	  4955 : 0
  4952	  5027 : 0
  5024	  5031 : 0
  5028	  5047 : 0
  5044	  5107 : 1
  5104	  5119 : 0
  5116	  5179 : 0
  5176	  5203 : 0
  5200	  5207 : 0
  5204	  5211 : 0
  5208	  5215 : 0
  5212	  5267 : 0
  5264	  5335 : 1
