     0	   259 : 0
   256	   323 : 0
   320	   339 : 1
   336	   403 : 0
   400	   419 : 1
   416	   503 : 0
   500	   519 : 1
   516	   583 : 0
   580	   683 : 1
   680	   687 : 0
   684	   763 : 1
   760	   767 : 2
   764	   779 : 1
   776	   843 : 0
   840	   859 : 1
   856	   947 : 0
   944	   959 : 1
   956	  1019 : 0
  1016	  1039 : 1
  1036	  1123 : 0
  1120	  1127 : 2
  1124	  1135 : 1
  1132	  1207 : 0
  1204	  1295 : 1
  1292	  1379 : 0
  1376	  1395 : 1
  1392	  1459 : 0
  1456	  1475 : 1
  1472	  1559 : 0
  1556	  1667 : 1
  1664	  1743 : 0
  1740	  1759 : 1
  1756	  1827 : 0
  1824	  1915 : 1
  1912	  2003 : 0
  2000	  2019 : 1
  2016	  2083 : 0
  2080	  2183 : 1
  2180	  2187 : 0
  2184	  2195 : 1
  2192	  2267 : 0
  2264	  2443 : 1
  2440	  2447 : 0
  2444	  2519 : 1
  2516	  2523 : 0
  2520	  2539 : 1
  2536	  2627 : 0
  2624	  2699 : 1
  2696	  2703 : 0
  2700	  2715 : 1
  2712	  2807 : 0
  2804	  2819 : 1
  2816	  2879 : 0
  2876	  2899 : 1
  2896	  2959 : 0
  2956	  2975 : 1
  2972	  3059 : 0
  3056	  3079 : 1
  3076	  3143 : 0
  3140	  3339 : 1
  3336	  3367 : 0
  3364	  3371 : 1
  3368	  3383 : 0
  3380	  3599 : 0
  3596	  3687 : 0
  3684	  3855 : 1
  3852	  3947 : 0
  3944	  4039 : 1
  4036	  4123 : 0
  4120	  4139 : 1
  4136	  4199 : 0
  4196	  4219 : 1
  4216	  4299 : 0
  4296	  4319 : 1
  4316	  4387 : 0
  4384	  4403 : 1
  4400	  4459 : 0
  4456	  4563 : 1
  4560	  4567 : 0
  4564	  4575 : 1
  4572	  4643 : 0
  4640	  4743 : 1
  4740	  4747 : 0
  4744	  4755 : 1
  4752	  4819 : 0
  4816	  4919 : 1
  4916	  5003 : 0
  5000	  5007 : 2
  5004	  5103 : 1
  5100	  5187 : 0
  5184	  5199 : 1
  5196	  5203 : 0
  5200	  5263 : 0
  5260	  5267 : 0
  5264	  5287 : 1
  5284	  5411 : 0
  5408	  5439 : 1
  5436	  5551 : 0
  5548	  5571 : 1
  5568	  5687 : 0
  5684	  5711 : 1
  5708	  5819 : 0
  5816	  6099 : 1
  6096	  6227 : 0
  6224	  6247 : 1
  6244	  6355 : 0
  6352	  6375 : 1
  6372	  6483 : 0
  6480	  6615 : 1
  6612	  6619 : 2
  6616	  6635 : 1
  6632	  6743 : 0
  6740	  6911 : 1
  6908	  7015 : 0
  7012	  7035 : 1
  7032	  7151 : 0
  7148	  7171 : 1
  7168	  7179 : 0
  7176	  7199 : 0
  7196	  7207 : 0
  7204	  7303 : 0
  7300	  7411 : 0
  7408	  7431 : 1
  7428	  7551 : 0
  7548	  7555 : 2
  7552	  7575 : 1
  7572	  7683 : 0
  7680	  7707 : 1
  7704	  7811 : 0
  7808	  7835 : 1
  7832	  7943 : 0
  7940	  7967 : 1
  7964	  7971 : 0
  7968	  8099 : 1
  8096	  8207 : 0
  8204	  8231 : 1
  8228	  8351 : 0
  8348	  8371 : 1
  8368	  8479 : 0
  8476	  8499 : 1
  8496	  8611 : 0
  8608	  8615 : 2
  8612	  8627 : 1
  8624	  8639 : 0
  8636	  8743 : 1
  8740	  8747 : 0
  8744	  8763 : 1
  8760	  8867 : 0
  8864	  9035 : 1
  9032	  9039 : 0
  9036	  9427 : 0
  9424	  9535 : 0
  9532	  9699 : 1
  9696	  9811 : 0
  9808	  9831 : 1
  9828	  9943 : 0
  9940	  9955 : 1
  9952	 10075 : 0
 10072	 10091 : 1
 10088	 10199 : 0
 10196	 10203 : 2
 10200	 10219 : 1
 10216	 10331 : 0
 10328	 10475 : 1
 10472	 10479 : 0
 10476	 10499 : 0
 10496	 10739 : 0
 10736	 10755 : 1
 10752	 10867 : 0
 10864	 10871 : 2
 10868	 10891 : 0
 10888	 10915 : 0
 10912	 10919 : 0
 10916	 11159 : 0
 11156	 11175 : 1
 11172	 11279 : 0
 11276	 11439 : 1
 11436	 11547 : 0
 11544	 11567 : 1
 11564	 11675 : 0
 11672	 11779 : 1
