     0	   103 : 0
   100	   159 : 0
   156	   343 : 1
   340	   407 : 0
   404	   419 : 1
   416	   423 : 0
   420	   439 : 0
   436	   451 : 0
   448	   459 : 0
   456	   511 : 0
   508	   519 : 1
   516	   523 : 0
   520	   551 : 0
   548	   555 : 0
   552	   563 : 0
   560	   567 : 0
   564	   587 : 0
   584	   603 : 0
   600	   639 : 0
   636	   643 : 0
   640	   655 : 0
   652	   671 : 0
   668	   675 : 0
   672	   683 : 0
   680	   691 : 0
   688	   719 : 0
   716	   731 : 1
   728	   735 : 0
   732	   743 : 0
   740	   751 : 0
   748	   755 : 0
   752	   787 : 0
   784	   803 : 0
   800	   823 : 0
   820	   831 : 1
   828	   895 : 0
   892	   907 : 1
   904	   931 : 0
   928	   999 : 0
   996	  1003 : 0
  1000	  1007 : 0
  1004	  1019 : 0
  1016	  1023 : 0
  1020	  1031 : 0
  1028	  1039 : 0
  1036	  1067 : 0
  1064	  1075 : 1
  1072	  1139 : 0
  1136	  1147 : 1
  1144	  1175 : 0
  1172	  1183 : 0
  1180	  1219 : 0
  1216	  1227 : 0
  1224	  1243 : 0
  1240	  1255 : 0
  1252	  1275 : 0
  1272	  1347 : 1
  1344	  1351 : 0
  1348	  1359 : 0
  1356	  1379 : 0
  1376	  1391 : 0
  1388	  1487 : 0
  1484	  1495 : 1
  1492	  1555 : 0
  1552	  1563 : 1
  1560	  1583 : 0
  1580	  1595 : 0
  1592	  1623 : 0
  1620	  1631 : 1
  1628	  1695 : 0
  1692	  1703 : 1
  1700	  1767 : 0
  1764	  1775 : 1
  1772	  1779 : 0
  1776	  1783 : 0
  1780	  1787 : 0
  1784	  1791 : 0
  1788	  1803 : 0
  1800	  1807 : 0
  1804	  1811 : 0
  1808	  1819 : 0
  1816	  1847 : 0
  1844	  1855 : 0
  1852	  1883 : 0
  1880	  1887 : 0
  1884	  1899 : 0
  1896	  1903 : 0
  1900	  1907 : 0
  1904	  1915 : 1
  1912	  1919 : 0
  1916	  1951 : 0
  1948	  1955 : 0
  1952	  1979 : 0
  1976	  2011 : 0
  2008	  2015 : 1
  2012	  2023 : 0
  2020	  2027 : 0
  2024	  2031 : 0
  2028	  2035 : 0
  2032	  2043 : 0
  2040	  2051 : 1
  2048	  2079 : 0
  2076	  2087 : 1
  2084	  2115 : 0
  2112	  2155 : 0
  2152	  2183 : 0
  2180	  2191 : 1
  2188	  2207 : 0
  2204	  2211 : 0
  2208	  2219 : 0
  2216	  2227 : 1
  2224	  2291 : 0
  2288	  2295 : 1
  2292	  2311 : 0
  2308	  2315 : 0
  2312	  2339 : 0
  2336	  2351 : 1
  2348	  2355 : 0
  2352	  2367 : 1
  2364	  2379 : 0
  2376	  2383 : 0
  2380	  2391 : 0
  2388	  2427 : 0
  2424	  2439 : 0
  2436	  2503 : 0
  2500	  2531 : 0
  2528	  2539 : 0
  2536	  2627 : 0
  2624	  2635 : 0
  2632	  2663 : 0
  2660	  2671 : 0
  2668	  2679 : 0
  2676	  2707 : 0
  2704	  2715 : 0
  2712	  2719 : 1
  2716	  2767 : 0
  2764	  2771 : 0
  2768	  2955 : 0
  2952	  2959 : 0
  2956	  3083 : 0
  3080	  3091 : 1
  3088	  3095 : 0
  3092	  3103 : 0
  3100	  3115 : 0
  3112	  3131 : 0
  3128	  3135 : 0
  3132	  3143 : 0
  3140	  3179 : 0
  3176	  3187 : 0
  3184	  3195 : 0
  3192	  3199 : 0
  3196	  3255 : 0
  3252	  3259 : 1
  3256	  3399 : 0
  3396	  3403 : 0
  3400	  3467 : 0
  3464	  3483 : 1
  3480	  3491 : 0
  3488	  3507 : 0
  3504	  3511 : 0
  3508	  3515 : 0
  3512	  3519 : 0
  3516	  3527 : 0
  3524	  3551 : 0
  3548	  3559 : 0
  3556	  3563 : 0
  3560	  3579 : 0
  3576	  3583 : 0
  3580	  3591 : 1
  3588	  3603 : 0
  3600	  3607 : 0
  3604	  3759 : 0
  3756	  3763 : 1
  3760	  3795 : 0
  3792	  3799 : 0
  3796	  3827 : 0
  3824	  3835 : 0
  3832	  3871 : 0
  3868	  3879 : 0
  3876	  3883 : 0
  3880	  3887 : 0
  3884	  3935 : 0
  3932	  3939 : 1
  3936	  3967 : 0
  3964	  3971 : 0
  3968	  3991 : 0
  3988	  3995 : 0
  3992	  4003 : 0
  4000	  4007 : 0
  4004	  4059 : 0
  4056	  4091 : 0
  4088	  4123 : 0
  4120	  4135 : 0
  4132	  4143 : 0
  4140	  4147 : 0
  4144	  4195 : 0
  4192	  4211 : 0
  4208	  4215 : 0
  4212	  4235 : 0
  4232	  4247 : 0
  4244	  4291 : 1
  4288	  4295 : 0
  4292	  4315 : 1
  4312	  4319 : 0
  4316	  4335 : 0
  4332	  4339 : 0
  4336	  4347 : 0
  4344	  4379 : 0
  4376	  4383 : 1
  4380	  4447 : 0
  4444	  4455 : 1
  4452	  4507 : 0
  4504	  4511 : 0
  4508	  4527 : 0
  4524	  4531 : 0
  4528	  4547 : 0
  4544	  4551 : 0
  4548	  4567 : 0
  4564	  4583 : 0
  4580	  4587 : 0
  4584	  4615 : 0
  4612	  4639 : 0
  4636	  4659 : 0
  4656	  4695 : 0
  4692	  4731 : 0
  4728	  4739 : 0
  4736	  4743 : 0
  4740	  4747 : 0
  4744	  4751 : 0
  4748	  4763 : 0
  4760	  4787 : 0
  4784	  4795 : 0
  4792	  4803 : 1
  4800	  4807 : 0
  4804	  4823 : 0
  4820	  4839 : 0
  4836	  4863 : 0
  4860	  4879 : 0
  4876	  4955 : 0
  4952	  4967 : 0
  4964	  5015 : 0
  5012	  5055 : 0
  5052	  5063 : 0
  5060	  5067 : 0
  5064	  5071 : 0
  5068	  5079 : 0
  5076	  5091 : 0
  5088	  5103 : 0
  5100	  5107 : 0
  5104	  5119 : 0
  5116	  5135 : 0
  5132	  5147 : 0
  5144	  5167 : 0
  5164	  5171 : 0
  5168	  5179 : 0
  5176	  5183 : 0
  5180	  5187 : 0
  5184	  5191 : 0
  5188	  5203 : 0
  5200	  5207 : 0
  5204	  5211 : 0
  5208	  5227 : 0
  5224	  5251 : 0
  5248	  5255 : 0
  5252	  5347 : 0
  5344	  5359 : 0
  5356	  5375 : 0
  5372	  5443 : 0
  5440	  5447 : 0
  5444	  5555 : 0
  5552	  5563 : 0
  5560	  5591 : 0
  5588	  5623 : 0
  5620	  5643 : 0
  5640	  5663 : 0
  5660	  5675 : 0
  5672	  5679 : 0
  5676	  5699 : 0
  5696	  5707 : 0
  5704	  5743 : 0
  5740	  5927 : 1
  5924	  5935 : 0
  5932	  5939 : 0
  5936	  5943 : 0
  5940	  5951 : 1
  5948	  5959 : 0
  5956	  5963 : 0
  5960	  5967 : 0
  5964	  5971 : 1
  5968	  5983 : 0
  5980	  5999 : 0
  5996	  6015 : 0
  6012	  6019 : 0
  6016	  6027 : 0
  6024	  6035 : 0
  6032	  6079 : 0
  6076	  6083 : 0
  6080	  6139 : 0
  6136	  6147 : 0
  6144	  6151 : 0
  6148	  6159 : 0
  6156	  6167 : 0
  6164	  6175 : 0
  6172	  6179 : 0
  6176	  6183 : 1
  6180	  6223 : 0
  6220	  6331 : 0
  6328	  6351 : 0
  6348	  6359 : 0
  6356	  6639 : 0
  6636	  6675 : 0
  6672	  6835 : 0
  6832	  6843 : 0
  6840	  6859 : 0
  6856	  6875 : 0
  6872	  6923 : 0
  6920	  6967 : 0
  6964	  6987 : 0
  6984	  6999 : 0
  6996	  7011 : 0
  7008	  7027 : 0
  7024	  7031 : 0
  7028	  7299 : 1
  7296	  7303 : 0
  7300	  7695 : 0
