     0	    35 : 0
    32	    39 : 0
    36	    51 : 0
    48	    83 : 0
    80	    87 : 0
    84	    95 : 0
    92	   135 : 0
   132	   139 : 0
   136	   147 : 0
   144	   151 : 0
   148	   227 : 0
   224	   239 : 1
   236	   251 : 0
   248	   263 : 0
   260	   335 : 0
   332	   351 : 0
   348	   355 : 0
   352	   367 : 0
   364	   371 : 0
   368	   407 : 0
   404	   415 : 0
   412	   423 : 0
   420	   431 : 0
   428	   447 : 0
   444	   451 : 0
   448	   471 : 0
   468	   475 : 0
   472	   483 : 0
   480	   491 : 0
   488	   499 : 0
   496	   503 : 0
   500	   531 : 1
   528	   535 : 0
   532	   539 : 0
   536	   547 : 0
   544	   563 : 0
   560	   567 : 0
   564	   575 : 0
   572	   619 : 0
   616	   623 : 1
   620	   627 : 0
   624	   635 : 0
   632	   643 : 0
   640	   667 : 0
   664	   671 : 0
   668	   683 : 1
   680	   687 : 0
   684	   695 : 0
   692	   703 : 0
   700	   711 : 1
   708	   763 : 0
   760	   767 : 1
   764	   807 : 0
   804	   815 : 1
   812	   823 : 0
   820	   831 : 1
   828	   847 : 0
   844	   871 : 1
   868	   899 : 0
   896	   915 : 0
   912	   923 : 0
   920	   931 : 1
   928	   979 : 0
   976	  1003 : 1
  1000	  1015 : 0
  1012	  1019 : 0
  1016	  1023 : 0
  1020	  1027 : 0
  1024	  1031 : 0
  1028	  1055 : 0
  1052	  1155 : 0
  1152	  1159 : 2
  1156	  1279 : 0
  1276	  1287 : 0
  1284	  1295 : 0
  1292	  1347 : 0
  1344	  1419 : 0
  1416	  1427 : 1
  1424	  1443 : 0
  1440	  1463 : 0
  1460	  1479 : 0
  1476	  1483 : 1
  1480	  1535 : 0
  1532	  1543 : 1
  1540	  1555 : 0
  1552	  1595 : 0
  1592	  1607 : 0
  1604	  1615 : 1
  1612	  1655 : 0
  1652	  1671 : 1
  1668	  1675 : 0
  1672	  1683 : 1
  1680	  1819 : 0
  1816	  1823 : 1
  1820	  1875 : 0
  1872	  1883 : 0
  1880	  1887 : 0
  1884	  1927 : 1
  1924	  1943 : 0
  1940	  1947 : 0
  1944	  1955 : 0
  1952	  1991 : 1
  1988	  1995 : 0
  1992	  1999 : 1
  1996	  2039 : 0
  2036	  2071 : 0
  2068	  2083 : 0
  2080	  2103 : 0
  2100	  2179 : 0
  2176	  2199 : 0
  2196	  2215 : 0
  2212	  2263 : 0
  2260	  2271 : 0
  2268	  2275 : 0
  2272	  2291 : 0
  2288	  2307 : 0
  2304	  2311 : 0
  2308	  2327 : 0
  2324	  2331 : 0
  2328	  2339 : 1
  2336	  2359 : 0
  2356	  2379 : 1
  2376	  2387 : 0
  2384	  2391 : 1
  2388	  2411 : 0
  2408	  2427 : 1
  2424	  2435 : 0
  2432	  2447 : 0
  2444	  2483 : 0
  2480	  2491 : 1
  2488	  2515 : 0
  2512	  2639 : 0
  2636	  2643 : 0
  2640	  2651 : 0
  2648	  2671 : 0
  2668	  2707 : 0
  2704	  2815 : 0
  2812	  2823 : 1
  2820	  2935 : 0
  2932	  2939 : 1
  2936	  2947 : 0
  2944	  2951 : 0
  2948	  2991 : 0
  2988	  3055 : 0
  3052	  3063 : 0
  3060	  3087 : 0
  3084	  3167 : 0
  3164	  3171 : 1
  3168	  3255 : 0
  3252	  3267 : 1
  3264	  3279 : 0
  3276	  3319 : 0
  3316	  3343 : 0
  3340	  3371 : 1
  3368	  3379 : 0
  3376	  3383 : 0
  3380	  3415 : 0
  3412	  3423 : 0
  3420	  3427 : 0
  3424	  3443 : 0
  3440	  3507 : 0
  3504	  3511 : 1
  3508	  3535 : 0
  3532	  3547 : 0
  3544	  3611 : 0
  3608	  3615 : 2
  3612	  3655 : 0
  3652	  3663 : 1
  3660	  3711 : 0
  3708	  3763 : 0
  3760	  3787 : 0
  3784	  3807 : 0
  3804	  3815 : 0
  3812	  3823 : 0
  3820	  3827 : 0
  3824	  3867 : 0
  3864	  3875 : 0
  3872	  3919 : 0
  3916	  3943 : 0
  3940	  3947 : 0
  3944	  4023 : 0
  4020	  4031 : 1
  4028	  4091 : 0
  4088	  4147 : 1
  4144	  4151 : 0
  4148	  4175 : 0
  4172	  4295 : 0
  4292	  4299 : 1
  4296	  4363 : 0
  4360	  4375 : 1
  4372	  4379 : 0
  4376	  4387 : 0
  4384	  4395 : 0
  4392	  4403 : 0
  4400	  4407 : 0
  4404	  4419 : 0
  4416	  4431 : 0
  4428	  4439 : 0
  4436	  4447 : 0
  4444	  4475 : 0
  4472	  4491 : 0
  4488	  4499 : 1
  4496	  4523 : 0
  4520	  4527 : 0
  4524	  4531 : 0
  4528	  4539 : 0
  4536	  4543 : 0
  4540	  4547 : 1
  4544	  4679 : 0
  4676	  4695 : 0
  4692	  4703 : 0
  4700	  4707 : 0
  4704	  4711 : 0
  4708	  4735 : 0
  4732	  4739 : 0
  4736	  4759 : 0
  4756	  4767 : 0
  4764	  4779 : 1
  4776	  4795 : 0
  4792	  4811 : 0
  4808	  4839 : 0
  4836	  4843 : 0
  4840	  4863 : 0
  4860	  4911 : 1
  4908	  4919 : 0
  4916	  4991 : 0
  4988	  5035 : 0
  5032	  5039 : 1
  5036	  5043 : 0
  5040	  5051 : 0
  5048	  5071 : 0
  5068	  5119 : 0
  5116	  5123 : 0
  5120	  5155 : 1
  5152	  5159 : 0
  5156	  5191 : 0
  5188	  5215 : 0
  5212	  5227 : 0
  5224	  5255 : 0
  5252	  5263 : 0
  5260	  5295 : 0
  5292	  5299 : 0
  5296	  5303 : 0
  5300	  5315 : 1
  5312	  5323 : 0
  5320	  5335 : 0
  5332	  5339 : 0
  5336	  5343 : 0
  5340	  5347 : 0
  5344	  5359 : 0
  5356	  5367 : 0
  5364	  5411 : 1
  5408	  5415 : 0
  5412	  5427 : 0
  5424	  5439 : 0
  5436	  5443 : 0
  5440	  5591 : 0
  5588	  5607 : 1
  5604	  5611 : 0
  5608	  5623 : 1
  5620	  5627 : 0
  5624	  5651 : 0
  5648	  5655 : 0
  5652	  5663 : 0
  5660	  5671 : 0
  5668	  5679 : 0
  5676	  5699 : 0
  5696	  5735 : 1
  5732	  5751 : 0
  5748	  5759 : 0
  5756	  5763 : 0
  5760	  5791 : 0
  5788	  6107 : 0
  6104	  6111 : 1
  6108	  6119 : 0
  6116	  6151 : 0
  6148	  6155 : 0
  6152	  6179 : 0
  6176	  6187 : 0
  6184	  6203 : 0
  6200	  6207 : 0
  6204	  6211 : 0
  6208	  6215 : 0
  6212	  6223 : 0
  6220	  6247 : 0
  6244	  6275 : 0
  6272	  6283 : 0
  6280	  6295 : 0
  6292	  6311 : 0
  6308	  6327 : 0
  6324	  6331 : 0
  6328	  6451 : 0
  6448	  6455 : 0
  6452	  6503 : 0
  6500	  6511 : 0
  6508	  6615 : 1
  6612	  6619 : 0
  6616	  6643 : 0
  6640	  6647 : 0
  6644	  6651 : 0
  6648	  6659 : 0
  6656	  6667 : 0
  6664	  6671 : 0
  6668	  6719 : 0
  6716	  6811 : 0
