     0	    43 : 0
    40	   211 : 0
   208	   363 : 0
   360	   459 : 0
   456	   463 : 0
   460	   483 : 0
   480	   487 : 0
   484	   491 : 0
   488	   495 : 0
   492	   503 : 0
   500	   539 : 0
   536	   543 : 0
   540	   691 : 0
   688	   699 : 0
   696	  1251 : 1
  1248	  1419 : 0
  1416	  1423 : 0
  1420	  1427 : 0
  1424	  1799 : 0
  1796	  1819 : 0
  1816	  1935 : 0
  1932	  1971 : 0
  1968	  1991 : 0
  1988	  1999 : 0
  1996	  2007 : 0
  2004	  2011 : 0
  2008	  2023 : 0
  2020	  2027 : 0
  2024	  2647 : 0
  2644	  2707 : 0
  2704	  2879 : 0
  2876	  2883 : 0
  2880	  2927 : 0
  2924	  2931 : 0
  2928	  2963 : 0
  2960	  2967 : 0
  2964	  2975 : 0
  2972	  2979 : 0
  2976	  3055 : 0
  3052	  3059 : 0
  3056	  3063 : 0
  3060	  3067 : 0
  3064	  3071 : 0
  3068	  3091 : 0
  3088	  3211 : 0
  3208	  3307 : 0
  3304	  3335 : 0
  3332	  3339 : 0
  3336	  3411 : 0
  3408	  3419 : 0
  3416	  3423 : 0
  3420	  3455 : 0
  3452	  3979 : 0
  3976	  4019 : 0
  4016	  4235 : 0
  4232	  4439 : 0
  4436	  4443 : 0
  4440	  4547 : 0
  4544	  4643 : 0
  4640	  5427 : 0
  5424	  5479 : 0
  5476	  5495 : 0
  5492	  5535 : 1
  5532	  5587 : 0
  5584	  5631 : 0
  5628	  5667 : 0
  5664	  5855 : 0
  5852	  6055 : 0
  6052	  6167 : 0
  6164	  6331 : 0
  6328	  6407 : 0
  6404	  6539 : 0
  6536	  6691 : 0
  6688	  6771 : 0
  6768	  6867 : 0
  6864	  6947 : 0
  6944	  6975 : 0
  6972	  7071 : 0
  7068	  7091 : 1
  7088	  7107 : 0
  7104	  7415 : 0
  7412	  7423 : 0
  7420	  7451 : 0
  7448	  7467 : 0
  7464	  7527 : 1
  7524	  7583 : 0
  7580	  7823 : 0
  7820	  8027 : 0
  8024	  8047 : 1
