     0	   127 : 0
   124	   131 : 0
   128	   171 : 0
   168	   247 : 0
   244	   251 : 1
   248	   319 : 0
   316	   327 : 0
   324	   347 : 0
   344	   367 : 0
   364	   371 : 0
   368	   375 : 0
   372	   423 : 0
   420	   427 : 0
   424	   439 : 0
   436	   447 : 0
   444	   511 : 0
   508	   519 : 1
   516	   587 : 0
   584	   603 : 0
   600	   695 : 0
   692	   715 : 0
   712	   735 : 0
   732	   839 : 0
   836	   863 : 0
   860	   899 : 0
   896	   991 : 0
   988	   995 : 0
   992	  1047 : 0
  1044	  1051 : 1
  1048	  1055 : 0
  1052	  1059 : 0
  1056	  1075 : 0
  1072	  1079 : 0
  1076	  1083 : 0
  1080	  1099 : 0
  1096	  1147 : 0
  1144	  1155 : 1
  1152	  1307 : 0
  1304	  1319 : 1
  1316	  1327 : 0
  1324	  1331 : 0
  1328	  1351 : 0
  1348	  1359 : 0
  1356	  1387 : 0
  1384	  1399 : 0
  1396	  1403 : 0
  1400	  1419 : 0
  1416	  1443 : 0
  1440	  1451 : 1
  1448	  1491 : 0
  1488	  1499 : 1
  1496	  1503 : 0
  1500	  1511 : 0
  1508	  1531 : 0
  1528	  1539 : 1
  1536	  1571 : 0
  1568	  1579 : 0
  1576	  1619 : 0
  1616	  1627 : 1
  1624	  1667 : 0
  1664	  1675 : 1
  1672	  1711 : 0
  1708	  1727 : 0
  1724	  1871 : 0
  1868	  1955 : 1
  1952	  1959 : 0
  1956	  2059 : 0
  2056	  2071 : 0
  2068	  2083 : 0
  2080	  2115 : 0
  2112	  2131 : 0
  2128	  2199 : 0
  2196	  2207 : 0
  2204	  2243 : 0
  2240	  2251 : 0
  2248	  2311 : 0
  2308	  2327 : 0
  2324	  2331 : 0
  2328	  2355 : 0
  2352	  2363 : 0
  2360	  2371 : 0
  2368	  2375 : 0
  2372	  2383 : 0
  2380	  2387 : 0
  2384	  2391 : 0
  2388	  2423 : 0
  2420	  2487 : 1
  2484	  2495 : 0
  2492	  2523 : 0
  2520	  2579 : 0
  2576	  2587 : 0
  2584	  2591 : 0
  2588	  2603 : 0
  2600	  2659 : 0
  2656	  2663 : 0
  2660	  2675 : 0
  2672	  2695 : 1
  2692	  2707 : 0
  2704	  2715 : 0
  2712	  2731 : 0
  2728	  2739 : 1
  2736	  2803 : 0
  2800	  2807 : 1
  2804	  2851 : 0
  2848	  2855 : 1
  2852	  2871 : 0
  2868	  2875 : 0
  2872	  2879 : 0
  2876	  2883 : 0
  2880	  2899 : 0
  2896	  2903 : 0
  2900	  2951 : 0
  2948	  2955 : 1
  2952	  2967 : 0
  2964	  2975 : 0
  2972	  2979 : 0
  2976	  2983 : 0
  2980	  2999 : 0
  2996	  3003 : 0
  3000	  3007 : 0
  3004	  3019 : 0
  3016	  3059 : 0
  3056	  3063 : 0
  3060	  3103 : 0
  3100	  3111 : 1
  3108	  3147 : 0
  3144	  3159 : 0
  3156	  3163 : 0
  3160	  3167 : 1
  3164	  3187 : 0
  3184	  3191 : 0
  3188	  3211 : 0
  3208	  3223 : 0
  3220	  3283 : 0
  3280	  3287 : 1
  3284	  3375 : 0
  3372	  3379 : 1
  3376	  3399 : 0
  3396	  3403 : 0
  3400	  3455 : 0
  3452	  3467 : 1
  3464	  3507 : 0
  3504	  3531 : 0
  3528	  3535 : 0
  3532	  3571 : 0
  3568	  3623 : 0
  3620	  3655 : 1
  3652	  3683 : 0
  3680	  3723 : 0
  3720	  3727 : 0
  3724	  3731 : 0
  3728	  3779 : 0
  3776	  3799 : 0
  3796	  3859 : 0
  3856	  3875 : 0
  3872	  3883 : 0
  3880	  3903 : 0
  3900	  3919 : 0
  3916	  3959 : 0
  3956	  3963 : 0
  3960	  3967 : 0
  3964	  3971 : 0
  3968	  4079 : 0
  4076	  4131 : 0
  4128	  4143 : 0
  4140	  4163 : 0
  4160	  4175 : 0
  4172	  4179 : 0
  4176	  4191 : 0
  4188	  4203 : 0
  4200	  4255 : 1
  4252	  4323 : 0
  4320	  4331 : 1
  4328	  4403 : 0
  4400	  4467 : 0
  4464	  4535 : 0
  4532	  4539 : 1
  4536	  4615 : 0
  4612	  4631 : 1
  4628	  4647 : 0
  4644	  4667 : 0
  4664	  4699 : 0
  4696	  4727 : 1
  4724	  5347 : 0
  5344	  5355 : 1
  5352	  5387 : 0
  5384	  5391 : 0
  5388	  5459 : 0
  5456	  5467 : 1
  5464	  5543 : 0
  5540	  5547 : 2
  5544	  5619 : 1
  5616	  5639 : 0
  5636	  5651 : 0
  5648	  5679 : 0
  5676	  5683 : 0
  5680	  5699 : 0
  5696	  5707 : 1
  5704	  5727 : 0
  5724	  5735 : 0
  5732	  5743 : 0
  5740	  5751 : 0
  5748	  5791 : 0
  5788	  5811 : 0
  5808	  5823 : 0
  5820	  5827 : 1
  5824	  5835 : 0
  5832	  5851 : 0
  5848	  5947 : 0
  5944	  5951 : 1
  5948	  6015 : 0
  6012	  6035 : 0
  6032	  6099 : 0
  6096	  6107 : 1
  6104	  6115 : 0
  6112	  6119 : 0
  6116	  6123 : 0
  6120	  6179 : 0
  6176	  6207 : 0
  6204	  6287 : 0
  6284	  6347 : 0
  6344	  6351 : 1
  6348	  6355 : 2
  6352	  6495 : 0
  6492	  6527 : 0
  6524	  6591 : 0
  6588	  6595 : 1
  6592	  6599 : 0
  6596	  6607 : 0
  6604	  6651 : 0
  6648	  6655 : 0
  6652	  6671 : 0
  6668	  6711 : 1
  6708	  6723 : 0
  6720	  6739 : 0
  6736	  6751 : 0
  6748	  6755 : 1
  6752	  6811 : 0
  6808	  6819 : 1
  6816	  6827 : 0
  6824	  6835 : 0
  6832	  6851 : 0
  6848	  6855 : 0
  6852	  6883 : 0
  6880	  6891 : 0
  6888	  6895 : 0
  6892	  6899 : 0
  6896	  6911 : 0
  6908	  6951 : 1
  6948	  6971 : 0
  6968	  6983 : 1
  6980	  7003 : 0
  7000	  7063 : 0
  7060	  7071 : 0
  7068	  7075 : 1
  7072	  7131 : 0
  7128	  7139 : 1
  7136	  7179 : 0
  7176	  7187 : 0
  7184	  7211 : 0
  7208	  7215 : 0
  7212	  7223 : 0
  7220	  7251 : 1
  7248	  7267 : 0
  7264	  7279 : 1
  7276	  7311 : 0
  7308	  7319 : 1
  7316	  7347 : 0
  7344	  7351 : 0
  7348	  7355 : 0
  7352	  7371 : 1
  7368	  7399 : 0
  7396	  7403 : 0
  7400	  7415 : 0
  7412	  7423 : 1
  7420	  7427 : 0
  7424	  7431 : 0
  7428	  7447 : 0
  7444	  7467 : 0
  7464	  7475 : 0
  7472	  7483 : 0
  7480	  7487 : 0
  7484	  7495 : 0
  7492	  7499 : 0
  7496	  7503 : 0
  7500	  7535 : 0
  7532	  7543 : 0
  7540	  7611 : 0
  7608	  7619 : 1
  7616	  7627 : 0
  7624	  7635 : 0
  7632	  7643 : 0
  7640	  7655 : 0
  7652	  7675 : 0
  7672	  7695 : 0
  7692	  7735 : 0
  7732	  7739 : 0
  7736	  7751 : 0
  7748	  7783 : 0
  7780	  7803 : 0
  7800	  7807 : 0
  7804	  7815 : 0
  7812	  8083 : 1
  8080	  8115 : 0
  8112	  8195 : 0
  8192	  8259 : 0
  8256	  8267 : 1
  8264	  8327 : 0
  8324	  8335 : 1
  8332	  8367 : 0
  8364	  8371 : 0
  8368	  8471 : 0
  8468	  8499 : 0
  8496	  8551 : 0
  8548	  8563 : 0
  8560	  8595 : 0
  8592	  8603 : 1
  8600	  8627 : 0
  8624	  8643 : 0
  8640	  8675 : 0
  8672	  8723 : 0
  8720	  8731 : 0
  8728	  8751 : 0
  8748	  8763 : 0
  8760	  8767 : 0
  8764	  8883 : 0
  8880	  8891 : 1
  8888	  8955 : 0
  8952	  8959 : 1
  8956	  8971 : 0
  8968	  8987 : 0
  8984	  9011 : 0
  9008	  9015 : 0
  9012	  9035 : 0
  9032	  9043 : 0
  9040	  9059 : 0
  9056	  9075 : 0
  9072	  9079 : 0
  9076	  9087 : 0
  9084	  9095 : 0
  9092	  9107 : 0
  9104	  9111 : 0
  9108	  9115 : 0
  9112	  9119 : 0
  9116	  9123 : 1
  9120	  9151 : 0
  9148	  9167 : 0
  9164	  9191 : 0
  9188	  9207 : 1
  9204	  9291 : 0
  9288	  9339 : 0
  9336	  9351 : 0
  9348	  9363 : 0
  9360	  9431 : 0
  9428	  9455 : 1
  9452	  9523 : 0
  9520	  9531 : 1
  9528	  9591 : 0
  9588	  9599 : 2
  9596	  9643 : 0
  9640	  9647 : 1
  9644	  9699 : 0
  9696	  9735 : 0
  9732	  9747 : 0
  9744	  9791 : 1
  9788	  9807 : 0
  9804	  9839 : 0
  9836	  9867 : 0
  9864	  9871 : 1
  9868	  9875 : 0
  9872	  9883 : 0
  9880	  9907 : 0
  9904	  9911 : 1
  9908	  9967 : 0
  9964	  9975 : 1
  9972	  9979 : 0
  9976	  9983 : 0
  9980	 10039 : 0
 10036	 10059 : 0
 10056	 10063 : 0
 10060	 10067 : 1
 10064	 10071 : 2
 10068	 10103 : 0
 10100	 10123 : 1
 10120	 10139 : 0
 10136	 10147 : 1
 10144	 10195 : 0
 10192	 10203 : 1
 10200	 10303 : 0
 10300	 10311 : 0
 10308	 10315 : 0
 10312	 10319 : 0
 10316	 10323 : 0
 10320	 10327 : 1
 10324	 10375 : 0
 10372	 10383 : 1
 10380	 10683 : 0
 10680	 10687 : 0
 10684	 10751 : 0
 10748	 10831 : 0
 10828	 10855 : 0
 10852	 10879 : 0
 10876	 10883 : 2
 10880	 10999 : 0
