     0	    43 : 1
    40	    55 : 0
    52	    63 : 1
    60	   107 : 0
   104	   179 : 1
   176	   187 : 0
   184	   199 : 1
   196	   207 : 0
   204	   279 : 1
   276	   299 : 0
   296	   307 : 1
   304	   323 : 0
   320	   331 : 1
   328	   335 : 0
   332	   339 : 0
   336	   343 : 0
   340	   351 : 1
   348	   355 : 0
   352	   359 : 1
   356	   371 : 0
   368	   379 : 1
   376	   415 : 0
   412	   419 : 1
   416	   451 : 0
   448	   495 : 0
   492	   511 : 0
   508	   519 : 1
   516	   531 : 0
   528	   623 : 0
   620	   627 : 0
   624	   667 : 1
   664	   671 : 0
   668	   679 : 1
   676	   687 : 0
   684	   703 : 0
   700	   719 : 0
   716	   727 : 1
   724	   739 : 0
   736	   755 : 0
   752	   807 : 0
   804	   863 : 1
   860	   871 : 0
   868	   887 : 0
   884	   927 : 0
   924	   935 : 0
   932	   939 : 0
   936	   943 : 1
   940	   947 : 0
   944	   959 : 0
   956	   987 : 0
   984	   991 : 0
   988	   999 : 0
   996	  1003 : 0
  1000	  1031 : 0
  1028	  1047 : 1
  1044	  1051 : 0
  1048	  1107 : 1
  1104	  1111 : 0
  1108	  1115 : 0
  1112	  1131 : 0
  1128	  1135 : 0
  1132	  1139 : 0
  1136	  1143 : 0
  1140	  1147 : 0
  1144	  1163 : 0
  1160	  1167 : 0
  1164	  1175 : 1
  1172	  1179 : 0
  1176	  1183 : 0
  1180	  1191 : 0
  1188	  1203 : 0
  1200	  1215 : 0
  1212	  1223 : 1
  1220	  1227 : 0
  1224	  1239 : 0
  1236	  1243 : 0
  1240	  1259 : 0
  1256	  1275 : 0
  1272	  1287 : 1
  1284	  1291 : 0
  1288	  1307 : 0
  1304	  1319 : 0
  1316	  1363 : 0
  1360	  1371 : 0
  1368	  1419 : 1
  1416	  1447 : 0
  1444	  1499 : 1
  1496	  1503 : 0
  1500	  1519 : 0
  1516	  1527 : 0
  1524	  1551 : 0
  1548	  1555 : 0
  1552	  1559 : 1
  1556	  1623 : 0
  1620	  1627 : 0
  1624	  1635 : 0
  1632	  1639 : 0
  1636	  1643 : 0
  1640	  1651 : 0
  1648	  1667 : 0
  1664	  1683 : 1
  1680	  1699 : 0
  1696	  1703 : 0
  1700	  1707 : 0
  1704	  1715 : 0
  1712	  1739 : 0
  1736	  1767 : 0
  1764	  1771 : 0
  1768	  1783 : 1
  1780	  1787 : 0
  1784	  1859 : 1
  1856	  1875 : 0
  1872	  1887 : 0
  1884	  1899 : 0
  1896	  1903 : 1
  1900	  1935 : 0
  1932	  1963 : 0
  1960	  1967 : 0
  1964	  1983 : 0
  1980	  1991 : 0
  1988	  2019 : 0
  2016	  2059 : 0
  2056	  2067 : 1
  2064	  2115 : 0
  2112	  2119 : 1
  2116	  2123 : 0
  2120	  2215 : 0
  2212	  2219 : 0
  2216	  2295 : 0
  2292	  2303 : 0
  2300	  2307 : 0
  2304	  2315 : 0
  2312	  2331 : 0
  2328	  2359 : 0
  2356	  2367 : 0
  2364	  2371 : 0
  2368	  2375 : 0
  2372	  2399 : 0
  2396	  2423 : 0
  2420	  2427 : 0
  2424	  2435 : 1
  2432	  2439 : 0
  2436	  2443 : 0
  2440	  2447 : 0
  2444	  2459 : 0
  2456	  2467 : 0
  2464	  2491 : 0
  2488	  2503 : 0
  2500	  2535 : 0
  2532	  2539 : 0
  2536	  2615 : 0
  2612	  2619 : 0
  2616	  2635 : 0
  2632	  2639 : 0
  2636	  2655 : 0
  2652	  2667 : 0
  2664	  2687 : 1
  2684	  2695 : 0
  2692	  2699 : 0
  2696	  2703 : 0
  2700	  2707 : 0
  2704	  2735 : 0
  2732	  2779 : 1
  2776	  2783 : 0
  2780	  2787 : 1
  2784	  2799 : 0
  2796	  2843 : 0
  2840	  2855 : 0
  2852	  2859 : 0
  2856	  2871 : 0
  2868	  2919 : 1
  2916	  2931 : 0
  2928	  2951 : 0
  2948	  2975 : 0
  2972	  2999 : 0
  2996	  3007 : 0
  3004	  3015 : 0
  3012	  3027 : 0
  3024	  3035 : 0
  3032	  3067 : 0
  3064	  3083 : 0
  3080	  3143 : 0
  3140	  3167 : 1
  3164	  3171 : 0
  3168	  3179 : 0
  3176	  3219 : 0
  3216	  3271 : 0
  3268	  3295 : 0
  3292	  3307 : 1
  3304	  3359 : 0
  3356	  3375 : 0
  3372	  3399 : 0
  3396	  3403 : 1
  3400	  3411 : 0
  3408	  3431 : 0
  3428	  3443 : 0
  3440	  3447 : 1
  3444	  3459 : 0
  3456	  3463 : 1
  3460	  3491 : 0
  3488	  3499 : 1
  3496	  3567 : 0
  3564	  3583 : 0
  3580	  3591 : 0
  3588	  3611 : 0
  3608	  3619 : 0
  3616	  3639 : 0
  3636	  3651 : 0
  3648	  3667 : 0
  3664	  3671 : 0
  3668	  3703 : 0
  3700	  3707 : 0
  3704	  3711 : 0
  3708	  3715 : 0
  3712	  3735 : 0
  3732	  3739 : 0
  3736	  3743 : 0
  3740	  3795 : 0
  3792	  3799 : 1
  3796	  3823 : 0
  3820	  3831 : 0
  3828	  3835 : 0
  3832	  3851 : 0
  3848	  3859 : 0
  3856	  3875 : 0
  3872	  3879 : 0
  3876	  3883 : 0
  3880	  3895 : 0
  3892	  3899 : 0
  3896	  3911 : 0
  3908	  3919 : 0
  3916	  3923 : 2
  3920	  3935 : 0
  3932	  3951 : 0
  3948	  3955 : 0
  3952	  3963 : 0
  3960	  4007 : 0
  4004	  4019 : 0
  4016	  4023 : 1
  4020	  4031 : 0
  4028	  4039 : 1
  4036	  4087 : 0
  4084	  4091 : 0
  4088	  4111 : 0
  4108	  4139 : 0
  4136	  4227 : 0
  4224	  4279 : 1
  4276	  4287 : 0
  4284	  4291 : 1
  4288	  4311 : 0
  4308	  4319 : 0
  4316	  4339 : 0
  4336	  4351 : 0
  4348	  4359 : 0
  4356	  4363 : 0
  4360	  4399 : 0
  4396	  4403 : 1
  4400	  4411 : 0
  4408	  4415 : 1
  4412	  4419 : 0
  4416	  4435 : 0
  4432	  4443 : 0
  4440	  4463 : 1
  4460	  4467 : 0
  4464	  4471 : 1
  4468	  4511 : 0
  4508	  4543 : 1
  4540	  4571 : 0
  4568	  4591 : 0
  4588	  4595 : 0
  4592	  4603 : 0
  4600	  4607 : 0
  4604	  4611 : 0
  4608	  4631 : 0
  4628	  4639 : 0
  4636	  4687 : 0
  4684	  4691 : 0
  4688	  4723 : 0
  4720	  4751 : 1
  4748	  4767 : 0
  4764	  4775 : 0
  4772	  4779 : 0
  4776	  4787 : 1
  4784	  4799 : 0
  4796	  4807 : 1
  4804	  4811 : 0
  4808	  4835 : 1
  4832	  4839 : 0
  4836	  4851 : 1
  4848	  4855 : 0
  4852	  4867 : 0
  4864	  4883 : 0
  4880	  4915 : 1
  4912	  4935 : 0
  4932	  4943 : 1
  4940	  4951 : 0
  4948	  5067 : 0
  5064	  5071 : 0
  5068	  5075 : 0
  5072	  5099 : 0
  5096	  5103 : 0
  5100	  5111 : 0
  5108	  5115 : 1
  5112	  5119 : 2
  5116	  5123 : 0
  5120	  5127 : 0
  5124	  5175 : 0
  5172	  5199 : 0
  5196	  5211 : 0
  5208	  5235 : 0
  5232	  5299 : 0
  5296	  5319 : 0
  5316	  5335 : 0
  5332	  5347 : 0
  5344	  5379 : 0
  5376	  5403 : 0
  5400	  5415 : 0
  5412	  5447 : 0
  5444	  5451 : 0
  5448	  5455 : 1
  5452	  5479 : 0
  5476	  5635 : 1
  5632	  5639 : 0
  5636	  5651 : 0
  5648	  5655 : 0
  5652	  5707 : 1
  5704	  5719 : 0
  5716	  5723 : 0
  5720	  5731 : 0
  5728	  5763 : 0
  5760	  5775 : 0
  5772	  5795 : 0
  5792	  5799 : 0
  5796	  5819 : 0
  5816	  5835 : 0
  5832	  5855 : 0
  5852	  5863 : 0
  5860	  5899 : 0
  5896	  5903 : 0
  5900	  5971 : 0
  5968	  5983 : 0
  5980	  5995 : 0
  5992	  5999 : 0
  5996	  6007 : 0
  6004	  6079 : 0
  6076	  6095 : 0
  6092	  6111 : 0
  6108	  6115 : 0
  6112	  6159 : 0
  6156	  6163 : 0
  6160	  6191 : 0
  6188	  6199 : 0
  6196	  6271 : 0
  6268	  6275 : 0
  6272	  6279 : 0
  6276	  6287 : 1
  6284	  6347 : 0
  6344	  6351 : 0
  6348	  6355 : 0
  6352	  6359 : 0
  6356	  6363 : 0
  6360	  6367 : 0
  6364	  6371 : 0
  6368	  6379 : 0
  6376	  6383 : 0
  6380	  6419 : 0
  6416	  6447 : 0
  6444	  6459 : 0
  6456	  6463 : 0
  6460	  6471 : 0
  6468	  6511 : 0
  6508	  6523 : 0
  6520	  6531 : 0
  6528	  6535 : 0
  6532	  6551 : 0
  6548	  6559 : 0
  6556	  6579 : 0
  6576	  6607 : 1
  6604	  6611 : 0
  6608	  6627 : 0
  6624	  6635 : 0
  6632	  6687 : 0
  6684	  6691 : 0
  6688	  6715 : 0
  6712	  6731 : 0
  6728	  6739 : 1
  6736	  6763 : 0
  6760	  6779 : 0
  6776	  6795 : 0
  6792	  6839 : 0
  6836	  6843 : 0
  6840	  6871 : 0
  6868	  6875 : 0
  6872	  6899 : 0
  6896	  6911 : 0
  6908	  6943 : 0
  6940	  7019 : 0
  7016	  7023 : 1
  7020	  7075 : 0
  7072	  7135 : 0
  7132	  7139 : 0
  7136	  7147 : 0
  7144	  7151 : 0
  7148	  7163 : 0
  7160	  7167 : 0
  7164	  7171 : 0
  7168	  7179 : 0
  7176	  7187 : 0
  7184	  7211 : 0
  7208	  7219 : 0
  7216	  7255 : 0
  7252	  7271 : 0
  7268	  7323 : 0
  7320	  7343 : 0
  7340	  7359 : 0
  7356	  7387 : 0
  7384	  7467 : 0
  7464	  7475 : 1
  7472	  7487 : 0
  7484	  7507 : 1
  7504	  7583 : 0
  7580	  7599 : 0
  7596	  7607 : 0
  7604	  7619 : 1
  7616	  7631 : 0
  7628	  7635 : 0
  7632	  7647 : 0
  7644	  7659 : 0
  7656	  7711 : 0
  7708	  7719 : 0
  7716	  7739 : 0
  7736	  7743 : 0
  7740	  7751 : 0
  7748	  7759 : 0
  7756	  7763 : 0
  7760	  7779 : 0
  7776	  8143 : 0
  8140	  8159 : 0
  8156	  8175 : 0
  8172	  8183 : 1
  8180	  8187 : 0
  8184	  8195 : 0
  8192	  8223 : 0
  8220	  8231 : 1
  8228	  8243 : 0
  8240	  8251 : 1
  8248	  8259 : 0
  8256	  8263 : 0
  8260	  8271 : 0
  8268	  8275 : 0
  8272	  8291 : 0
  8288	  8299 : 0
  8296	  8307 : 0
  8304	  8311 : 0
  8308	  8315 : 0
  8312	  8327 : 0
  8324	  8347 : 0
  8344	  8355 : 1
  8352	  8371 : 0
  8368	  8375 : 1
  8372	  8379 : 0
  8376	  8383 : 0
  8380	  8387 : 0
  8384	  8391 : 1
  8388	  8399 : 0
  8396	  8407 : 1
  8404	  8411 : 0
  8408	  8427 : 0
  8424	  8431 : 0
  8428	  8451 : 1
  8448	  8471 : 0
  8468	  8503 : 1
  8500	  8507 : 0
  8504	  8515 : 1
  8512	  8523 : 0
  8520	  8531 : 0
  8528	  8539 : 0
  8536	  8571 : 0
  8568	  8587 : 0
  8584	  8591 : 0
  8588	  8663 : 0
  8660	  8691 : 0
  8688	  8699 : 0
  8696	  8703 : 0
  8700	  8723 : 0
  8720	  8727 : 1
  8724	  8743 : 0
  8740	  8747 : 1
  8744	  8779 : 0
  8776	  8783 : 1
  8780	  8799 : 0
  8796	  8807 : 1
  8804	  8811 : 0
  8808	  8819 : 0
  8816	  8823 : 0
  8820	  8839 : 0
  8836	  8851 : 0
  8848	  8859 : 1
  8856	  8871 : 0
  8868	  8895 : 0
  8892	  8899 : 0
  8896	  8983 : 0
  8980	  8987 : 0
  8984	  9027 : 0
  9024	  9031 : 0
  9028	  9059 : 0
  9056	  9067 : 0
  9064	  9071 : 0
  9068	  9115 : 0
  9112	  9119 : 1
  9116	  9123 : 0
  9120	  9151 : 0
  9148	  9175 : 0
  9172	  9179 : 0
  9176	  9187 : 0
  9184	  9191 : 0
  9188	  9195 : 0
  9192	  9203 : 1
  9200	  9219 : 0
  9216	  9231 : 0
  9228	  9235 : 0
  9232	  9247 : 0
  9244	  9251 : 0
  9248	  9275 : 0
  9272	  9291 : 0
  9288	  9299 : 0
  9296	  9375 : 0
  9372	  9383 : 0
  9380	  9395 : 0
  9392	  9419 : 0
  9416	  9455 : 0
  9452	  9463 : 1
  9460	  9471 : 0
  9468	  9559 : 0
  9556	  9563 : 0
  9560	  9755 : 0
  9752	  9819 : 0
  9816	  9827 : 1
  9824	  9839 : 0
  9836	  9859 : 0
  9856	  9875 : 0
  9872	  9891 : 1
  9888	  9911 : 0
  9908	  9919 : 1
  9916	  9947 : 0
  9944	 10023 : 0
 10020	 10047 : 0
 10044	 10051 : 0
 10048	 10095 : 0
 10092	 10099 : 0
 10096	 10195 : 0
 10192	 10203 : 1
 10200	 10231 : 0
 10228	 10239 : 1
 10236	 10271 : 0
 10268	 10275 : 0
 10272	 10291 : 0
 10288	 10303 : 0
 10300	 10311 : 0
 10308	 10315 : 0
 10312	 10323 : 0
 10320	 10343 : 1
 10340	 10347 : 2
 10344	 10355 : 0
 10352	 10363 : 0
 10360	 10379 : 0
 10376	 10415 : 0
 10412	 10451 : 1
 10448	 10507 : 0
 10504	 10603 : 0
 10600	 10607 : 0
 10604	 10655 : 0
 10652	 10667 : 0
 10664	 10767 : 0
