     0	    11 : 0
     8	   255 : 0
   252	   295 : 0
   292	   475 : 0
   472	   491 : 0
   488	   507 : 0
   504	   623 : 1
   620	   679 : 0
   676	   683 : 1
   680	   687 : 0
   684	   691 : 0
   688	   739 : 0
   736	   747 : 1
   744	   851 : 0
   848	   907 : 0
   904	   971 : 0
   968	   975 : 0
   972	   991 : 0
   988	   995 : 1
   992	  1235 : 0
  1232	  1243 : 0
  1240	  1247 : 0
  1244	  1319 : 0
  1316	  1327 : 0
  1324	  1395 : 0
  1392	  1455 : 0
  1452	  1479 : 1
  1476	  1483 : 0
  1480	  1527 : 0
  1524	  1531 : 0
  1528	  1675 : 1
  1672	  1787 : 0
  1784	  2055 : 0
  2052	  2131 : 0
  2128	  2327 : 0
  2324	  2471 : 0
  2468	  2475 : 0
  2472	  2551 : 0
  2548	  2563 : 0
  2560	  2607 : 0
  2604	  2619 : 0
  2616	  2631 : 0
  2628	  2635 : 0
  2632	  2643 : 0
  2640	  2651 : 0
  2648	  2671 : 0
  2668	  2691 : 1
  2688	  2719 : 0
  2716	  2739 : 0
  2736	  2743 : 0
  2740	  2747 : 0
  2744	  2755 : 0
  2752	  2759 : 0
  2756	  2783 : 0
  2780	  2795 : 0
  2792	  2811 : 0
  2808	  2815 : 1
  2812	  3115 : 0
  3112	  3123 : 1
  3120	  3155 : 0
  3152	  3163 : 0
  3160	  3171 : 0
  3168	  3175 : 1
  3172	  3271 : 0
  3268	  3319 : 0
  3316	  3455 : 0
  3452	  3459 : 0
  3456	  3535 : 0
  3532	  3551 : 0
  3548	  3583 : 0
  3580	  3707 : 0
  3704	  3955 : 0
  3952	  3971 : 1
  3968	  3991 : 0
  3988	  3995 : 0
  3992	  4011 : 0
  4008	  4071 : 0
  4068	  4075 : 0
  4072	  4087 : 0
  4084	  4299 : 0
  4296	  4363 : 1
  4360	  4463 : 0
  4460	  4483 : 1
  4480	  4527 : 0
  4524	  4535 : 0
  4532	  4551 : 0
  4548	  4555 : 0
  4552	  4567 : 0
  4564	  4575 : 0
  4572	  4615 : 0
  4612	  4623 : 1
  4620	  4647 : 0
  4644	  4651 : 0
  4648	  4695 : 0
  4692	  4699 : 0
  4696	  4703 : 0
  4700	  4711 : 0
  4708	  4719 : 0
  4716	  4743 : 0
  4740	  4767 : 0
  4764	  4807 : 0
  4804	  4823 : 0
  4820	  4847 : 0
  4844	  4863 : 0
  4860	  4867 : 0
  4864	  4871 : 0
  4868	  4895 : 0
  4892	  4899 : 0
  4896	  5055 : 0
