0	49
50	228
229	269
270	306
307	346
347	422
423	457
458	495
496	566
567	654
655	721
722	750
751	793
794	814
815	834
835	899
900	963
964	1014
1015	1048
1049	1117
1118	1189
1190	1314
1315	1343
1344	1400
1401	1515
1516	1539
1540	1607
1608	1653
1654	1682
1683	1728
1729	1758
1759	1800
1801	1835
1836	1882
1883	1985
1986	2178
2179	2201
2202	2246
2247	2291
2292	2325
2326	2353
2354	2397
2398	2446
2447	2487
2488	2519
2520	2560
2561	2589
2590	2667
2668	2738
2739	2806
2807	2845
2846	2864
2865	2890
2891	2991
2992	3032
3033	3073
3074	3096
3097	3122
3123	3179
3180	3216
3217	3243
3244	3317
3318	3335
3336	3356
3357	3392
3393	3418
3419	3455
3456	3503
3504	3551
3552	3582
3583	3620
3621	3667
3668	3803
3804	3906
3907	4083
4084	4309
4310	4579
4580	4708
4709	4872
4873	4959
4960	5012
5013	5206
5207	5385
5386	5500
5501	5525
5526	5548
5549	5578
5579	5644
5645	5660
5661	5684
5685	5701
5702	5723
5724	5752
5753	5790
5791	5812
5813	5836
5837	5862
5863	5885
5886	5904
5905	6016
6017	6045
6046	6107
6108	6129
6130	6163
6164	6189
6190	6207
6208	6228
6229	6245
6246	6280
6281	6297
6298	6310
6311	6336
6337	6368
6369	6401
6402	6423
6424	6448
6449	6492
6493	6523
6524	6557
6558	6703
6704	6716
6717	7071
