     0	    15 : 0
    12	    23 : 0
    20	    67 : 0
    64	    79 : 0
    76	    83 : 0
    80	    87 : 0
    84	    91 : 0
    88	   119 : 0
   116	   123 : 0
   120	   155 : 0
   152	   159 : 0
   156	   163 : 0
   160	   187 : 0
   184	   191 : 0
   188	   195 : 1
   192	   207 : 0
   204	   211 : 0
   208	   235 : 0
   232	   239 : 1
   236	   283 : 0
   280	   299 : 1
   296	   343 : 0
   340	   355 : 1
   352	   367 : 0
   364	   383 : 0
   380	   391 : 0
   388	   395 : 1
   392	   435 : 0
   432	   491 : 0
   488	   531 : 0
   528	   547 : 1
   544	   579 : 0
   576	   611 : 0
   608	   615 : 0
   612	   619 : 0
   616	   623 : 0
   620	   635 : 0
   632	   643 : 0
   640	   675 : 0
   672	   683 : 0
   680	   699 : 0
   696	   715 : 0
   712	   743 : 0
   740	   871 : 0
   868	   911 : 0
   908	   931 : 0
   928	   955 : 0
   952	   967 : 0
   964	   979 : 0
   976	   987 : 0
   984	   991 : 1
   988	   995 : 0
   992	  1011 : 0
  1008	  1059 : 0
  1056	  1079 : 0
  1076	  1091 : 0
  1088	  1111 : 0
  1108	  1115 : 0
  1112	  1127 : 0
  1124	  1131 : 0
  1128	  1135 : 0
  1132	  1151 : 0
  1148	  1183 : 0
  1180	  1187 : 0
  1184	  1195 : 0
  1192	  1219 : 0
  1216	  1223 : 0
  1220	  1231 : 0
  1228	  1239 : 0
  1236	  1243 : 0
  1240	  1247 : 0
  1244	  1263 : 0
  1260	  1275 : 0
  1272	  1295 : 0
  1292	  1323 : 0
  1320	  1343 : 0
  1340	  1367 : 0
  1364	  1375 : 1
  1372	  1387 : 0
  1384	  1391 : 0
  1388	  1395 : 0
  1392	  1407 : 0
  1404	  1415 : 0
  1412	  1419 : 0
  1416	  1423 : 0
  1420	  1431 : 0
  1428	  1435 : 0
  1432	  1455 : 0
  1452	  1459 : 0
  1456	  1467 : 0
  1464	  1503 : 0
  1500	  1515 : 1
  1512	  1519 : 0
  1516	  1531 : 0
  1528	  1539 : 0
  1536	  1543 : 0
  1540	  1547 : 0
  1544	  1551 : 0
  1548	  1555 : 0
  1552	  1559 : 0
  1556	  1575 : 0
  1572	  1583 : 0
  1580	  1587 : 0
  1584	  1591 : 0
  1588	  1623 : 0
  1620	  1627 : 0
  1624	  1643 : 0
  1640	  1675 : 1
  1672	  1683 : 0
  1680	  1711 : 0
  1708	  1735 : 0
  1732	  1739 : 0
  1736	  1743 : 0
  1740	  1747 : 0
  1744	  1767 : 0
  1764	  1771 : 0
  1768	  1775 : 0
  1772	  1779 : 0
  1776	  1787 : 0
  1784	  1803 : 0
  1800	  1811 : 0
  1808	  1831 : 0
  1828	  1843 : 0
  1840	  1847 : 0
  1844	  1855 : 0
  1852	  1859 : 1
  1856	  1867 : 0
  1864	  1879 : 0
  1876	  1883 : 0
  1880	  1887 : 0
  1884	  1911 : 0
  1908	  1927 : 0
  1924	  1931 : 0
  1928	  1935 : 0
  1932	  1963 : 0
  1960	  1967 : 1
  1964	  1975 : 0
  1972	  1979 : 0
  1976	  1987 : 0
  1984	  1991 : 0
  1988	  1999 : 0
  1996	  2023 : 0
  2020	  2047 : 0
  2044	  2051 : 0
  2048	  2055 : 0
  2052	  2063 : 0
  2060	  2075 : 0
  2072	  2079 : 0
  2076	  2083 : 0
  2080	  2087 : 0
  2084	  2099 : 0
  2096	  2107 : 1
  2104	  2131 : 0
  2128	  2135 : 0
  2132	  2155 : 0
  2152	  2163 : 0
  2160	  2167 : 0
  2164	  2171 : 0
  2168	  2203 : 0
  2200	  2215 : 1
  2212	  2251 : 0
  2248	  2263 : 1
  2260	  2275 : 0
  2272	  2279 : 0
  2276	  2287 : 0
  2284	  2291 : 1
  2288	  2295 : 0
  2292	  2319 : 0
  2316	  2335 : 0
  2332	  2343 : 1
  2340	  2443 : 0
  2440	  2455 : 1
  2452	  2459 : 0
  2456	  2463 : 0
  2460	  2475 : 0
  2472	  2479 : 0
  2476	  2491 : 0
  2488	  2499 : 0
  2496	  2511 : 0
  2508	  2527 : 0
  2524	  2531 : 0
  2528	  2555 : 0
  2552	  2559 : 0
  2556	  2563 : 0
  2560	  2567 : 0
  2564	  2579 : 0
  2576	  2583 : 0
  2580	  2591 : 0
  2588	  2603 : 0
  2600	  2615 : 0
  2612	  2647 : 0
  2644	  2651 : 1
  2648	  2663 : 0
  2660	  2683 : 0
  2680	  2687 : 0
  2684	  2695 : 0
  2692	  2699 : 0
  2696	  2711 : 0
  2708	  2739 : 0
  2736	  2759 : 0
  2756	  2763 : 0
  2760	  2779 : 0
  2776	  2795 : 0
  2792	  2811 : 0
  2808	  2815 : 0
  2812	  2819 : 0
  2816	  2823 : 0
  2820	  2871 : 0
  2868	  2883 : 0
  2880	  2895 : 1
  2892	  2903 : 0
  2900	  2907 : 1
  2904	  2911 : 0
  2908	  2919 : 0
  2916	  2943 : 0
  2940	  2971 : 1
  2968	  2975 : 0
  2972	  2995 : 0
  2992	  2999 : 0
  2996	  3003 : 0
  3000	  3011 : 0
  3008	  3043 : 0
  3040	  3047 : 0
  3044	  3059 : 0
  3056	  3063 : 0
  3060	  3067 : 0
  3064	  3071 : 0
  3068	  3075 : 0
  3072	  3131 : 0
  3128	  3191 : 1
  3188	  3219 : 0
  3216	  3227 : 0
  3224	  3243 : 0
  3240	  3247 : 0
  3244	  3303 : 0
  3300	  3307 : 0
  3304	  3319 : 0
  3316	  3335 : 0
  3332	  3339 : 0
  3336	  3359 : 0
  3356	  3363 : 0
  3360	  3379 : 0
  3376	  3483 : 0
  3480	  3487 : 1
  3484	  3531 : 0
  3528	  3555 : 1
  3552	  3579 : 0
  3576	  3587 : 0
  3584	  3591 : 0
  3588	  3627 : 0
  3624	  3647 : 0
  3644	  3651 : 0
  3648	  3675 : 0
  3672	  3699 : 0
  3696	  3723 : 0
  3720	  3731 : 0
  3728	  3735 : 0
  3732	  3743 : 0
  3740	  3747 : 0
  3744	  3751 : 0
  3748	  3755 : 0
  3752	  3759 : 0
  3756	  3771 : 0
  3768	  3803 : 0
  3800	  3807 : 0
  3804	  3843 : 0
  3840	  3847 : 0
  3844	  3867 : 0
  3864	  3871 : 0
  3868	  3875 : 0
  3872	  3883 : 0
  3880	  3903 : 0
  3900	  3931 : 0
  3928	  3975 : 1
  3972	  3979 : 0
  3976	  3995 : 0
  3992	  4007 : 0
  4004	  4019 : 0
  4016	  4027 : 0
  4024	  4039 : 0
  4036	  4075 : 0
  4072	  4099 : 1
  4096	  4103 : 0
  4100	  4143 : 0
  4140	  4147 : 0
  4144	  4167 : 0
  4164	  4175 : 0
  4172	  4179 : 0
  4176	  4183 : 0
  4180	  4187 : 0
  4184	  4195 : 0
  4192	  4203 : 0
  4200	  4207 : 0
  4204	  4243 : 0
  4240	  4255 : 0
  4252	  4263 : 0
  4260	  4275 : 0
  4272	  4283 : 0
  4280	  4291 : 0
  4288	  4295 : 0
  4292	  4323 : 0
  4320	  4327 : 0
  4324	  4335 : 0
  4332	  4347 : 0
  4344	  4363 : 0
  4360	  4367 : 0
  4364	  4383 : 0
  4380	  4387 : 0
  4384	  4395 : 0
  4392	  4411 : 0
  4408	  4415 : 0
  4412	  4419 : 0
  4416	  4439 : 0
  4436	  4455 : 0
  4452	  4467 : 0
  4464	  4475 : 0
  4472	  4479 : 0
  4476	  4487 : 0
  4484	  4491 : 0
  4488	  4495 : 0
  4492	  4503 : 0
  4500	  4519 : 0
  4516	  4527 : 1
  4524	  4535 : 0
  4532	  4539 : 0
  4536	  4547 : 0
  4544	  4551 : 0
  4548	  4571 : 0
  4568	  4583 : 0
  4580	  4615 : 0
  4612	  4619 : 0
  4616	  4623 : 0
  4620	  4627 : 0
  4624	  4659 : 0
  4656	  4683 : 0
  4680	  4699 : 0
  4696	  4747 : 0
  4744	  4751 : 0
  4748	  4763 : 0
  4760	  4767 : 0
  4764	  4783 : 0
  4780	  4791 : 0
  4788	  4827 : 0
  4824	  4859 : 0
  4856	  4867 : 1
  4864	  4891 : 0
  4888	  4899 : 1
  4896	  4903 : 0
  4900	  4911 : 0
  4908	  4919 : 0
  4916	  4931 : 0
  4928	  4947 : 0
  4944	  4955 : 1
  4952	  4959 : 0
  4956	  4967 : 0
  4964	  4975 : 0
  4972	  4983 : 0
  4980	  5019 : 0
  5016	  5023 : 1
  5020	  5035 : 0
  5032	  5051 : 0
  5048	  5055 : 0
  5052	  5079 : 0
  5076	  5095 : 0
  5092	  5127 : 0
  5124	  5135 : 0
  5132	  5175 : 1
  5172	  5195 : 0
  5192	  5203 : 0
  5200	  5211 : 0
  5208	  5227 : 0
  5224	  5231 : 0
  5228	  5239 : 0
  5236	  5263 : 0
  5260	  5267 : 1
  5264	  5291 : 0
  5288	  5295 : 0
  5292	  5299 : 0
  5296	  5303 : 0
  5300	  5307 : 0
  5304	  5315 : 0
  5312	  5319 : 0
  5316	  5327 : 0
  5324	  5331 : 0
  5328	  5339 : 0
  5336	  5343 : 0
  5340	  5351 : 0
  5348	  5359 : 0
  5356	  5363 : 0
  5360	  5371 : 0
  5368	  5379 : 1
  5376	  5387 : 0
  5384	  5395 : 0
  5392	  5403 : 0
  5400	  5411 : 1
  5408	  5419 : 0
  5416	  5423 : 0
  5420	  5427 : 0
  5424	  5435 : 1
  5432	  5443 : 0
  5440	  5463 : 0
  5460	  5499 : 0
  5496	  5503 : 0
  5500	  5511 : 0
  5508	  5515 : 1
  5512	  5519 : 0
  5516	  5531 : 0
  5528	  5535 : 0
  5532	  5543 : 0
  5540	  5547 : 0
  5544	  5563 : 0
  5560	  5595 : 0
  5592	  5603 : 0
  5600	  5607 : 0
  5604	  5615 : 0
  5612	  5619 : 0
  5616	  5631 : 0
  5628	  5635 : 0
  5632	  5639 : 0
  5636	  5647 : 0
  5644	  5651 : 0
  5648	  5659 : 0
  5656	  5663 : 0
  5660	  5675 : 0
  5672	  5679 : 0
  5676	  5703 : 0
  5700	  5715 : 0
  5712	  5719 : 0
  5716	  5723 : 0
  5720	  5787 : 0
  5784	  5795 : 0
  5792	  5807 : 0
  5804	  5883 : 0
  5880	  5895 : 0
  5892	  5899 : 0
  5896	  5943 : 0
  5940	  5947 : 1
  5944	  5971 : 0
  5968	  5975 : 0
  5972	  5991 : 0
  5988	  5999 : 1
  5996	  6059 : 0
  6056	  6067 : 1
  6064	  6071 : 0
  6068	  6083 : 1
  6080	  6095 : 0
  6092	  6103 : 0
  6100	  6111 : 0
  6108	  6115 : 0
  6112	  6123 : 0
  6120	  6131 : 0
  6128	  6135 : 0
  6132	  6143 : 0
  6140	  6147 : 0
  6144	  6151 : 0
  6148	  6163 : 0
  6160	  6171 : 1
  6168	  6227 : 0
  6224	  6231 : 1
  6228	  6239 : 0
  6236	  6251 : 0
  6248	  6291 : 0
  6288	  6295 : 1
  6292	  6303 : 0
  6300	  6319 : 1
  6316	  6327 : 0
  6324	  6339 : 0
  6336	  6343 : 0
  6340	  6347 : 0
  6344	  6351 : 0
  6348	  6355 : 0
  6352	  6359 : 0
  6356	  6387 : 0
  6384	  6391 : 0
  6388	  6395 : 0
  6392	  6487 : 0
  6484	  6491 : 1
  6488	  6515 : 0
  6512	  6523 : 0
  6520	  6527 : 0
  6524	  6539 : 1
  6536	  6547 : 0
  6544	  6559 : 0
  6556	  6571 : 0
  6568	  6595 : 0
  6592	  6599 : 0
  6596	  6615 : 0
  6612	  6631 : 0
  6628	  6639 : 1
  6636	  6643 : 0
  6640	  6679 : 0
  6676	  6683 : 0
  6680	  6691 : 0
  6688	  6703 : 0
  6700	  6707 : 1
  6704	  6719 : 0
  6716	  6751 : 0
  6748	  6755 : 0
  6752	  6767 : 1
  6764	  6799 : 0
  6796	  6807 : 0
  6804	  6919 : 0
  6916	  6927 : 0
  6924	  6931 : 0
  6928	  6939 : 0
  6936	  6951 : 0
  6948	  6975 : 0
  6972	  6987 : 0
  6984	  6991 : 1
  6988	  6995 : 0
  6992	  7015 : 0
  7012	  7027 : 0
  7024	  7031 : 1
  7028	  7039 : 0
  7036	  7043 : 0
  7040	  7047 : 0
  7044	  7051 : 0
  7048	  7055 : 0
  7052	  7059 : 0
  7056	  7063 : 0
  7060	  7075 : 0
  7072	  7079 : 0
  7076	  7083 : 0
  7080	  7091 : 0
  7088	  7103 : 0
  7100	  7111 : 0
  7108	  7115 : 1
  7112	  7131 : 0
  7128	  7151 : 0
  7148	  7155 : 0
  7152	  7163 : 0
  7160	  7167 : 0
  7164	  7179 : 0
  7176	  7191 : 0
  7188	  7195 : 0
  7192	  7203 : 0
  7200	  7211 : 0
  7208	  7219 : 0
  7216	  7247 : 0
  7244	  7255 : 0
  7252	  7267 : 1
  7264	  7275 : 0
  7272	  7279 : 0
  7276	  7291 : 0
  7288	  7295 : 0
  7292	  7299 : 0
  7296	  7303 : 0
  7300	  7319 : 0
  7316	  7327 : 1
  7324	  7343 : 0
  7340	  7347 : 1
  7344	  7379 : 0
  7376	  7383 : 0
  7380	  7387 : 0
  7384	  7399 : 0
  7396	  7407 : 0
  7404	  7423 : 0
  7420	  7471 : 0
  7468	  7507 : 1
  7504	  7519 : 0
  7516	  7531 : 0
  7528	  7543 : 0
  7540	  7691 : 1
