     0	   307 : 1
   304	   343 : 0
   340	   367 : 1
   364	   375 : 0
   372	   411 : 0
   408	   415 : 0
   412	   419 : 1
   416	   435 : 0
   432	   447 : 0
   444	   459 : 0
   456	   495 : 1
   492	   547 : 0
   544	   555 : 1
   552	   583 : 0
   580	   587 : 0
   584	   607 : 0
   604	   611 : 1
   608	   615 : 0
   612	   619 : 1
   616	   623 : 0
   620	   643 : 0
   640	   655 : 0
   652	   675 : 1
   672	   719 : 0
   716	   723 : 0
   720	   731 : 0
   728	   743 : 0
   740	   747 : 0
   744	   751 : 1
   748	   755 : 0
   752	   779 : 1
   776	   823 : 0
   820	   859 : 1
   856	   895 : 0
   892	   923 : 0
   920	   927 : 0
   924	   939 : 1
   936	   943 : 0
   940	   947 : 1
   944	   975 : 0
   972	   979 : 1
   976	   987 : 0
   984	   995 : 0
   992	  1003 : 0
  1000	  1011 : 1
  1008	  1019 : 0
  1016	  1027 : 1
  1024	  1031 : 0
  1028	  1035 : 0
  1032	  1043 : 0
  1040	  1047 : 1
  1044	  1055 : 0
  1052	  1059 : 0
  1056	  1067 : 0
  1064	  1071 : 1
  1068	  1087 : 0
  1084	  1123 : 1
  1120	  1139 : 0
  1136	  1155 : 1
  1152	  1163 : 0
  1160	  1183 : 0
  1180	  1187 : 2
  1184	  1191 : 0
  1188	  1251 : 0
  1248	  1307 : 0
  1304	  1311 : 1
  1308	  1395 : 0
  1392	  1451 : 0
  1448	  1459 : 0
  1456	  1495 : 1
  1492	  1499 : 0
  1496	  1511 : 0
  1508	  1587 : 0
  1584	  1591 : 0
  1588	  1595 : 0
  1592	  1611 : 0
  1608	  1651 : 0
  1648	  1707 : 1
  1704	  1723 : 0
  1720	  1727 : 1
  1724	  1743 : 0
  1740	  1747 : 0
  1744	  1751 : 0
  1748	  1759 : 1
  1756	  1803 : 0
  1800	  1895 : 1
  1892	  1907 : 0
  1904	  1919 : 0
  1916	  1923 : 0
  1920	  1931 : 0
  1928	  1935 : 0
  1932	  1939 : 0
  1936	  1979 : 0
  1976	  2003 : 0
  2000	  2007 : 2
  2004	  2023 : 1
  2020	  2031 : 0
  2028	  2043 : 1
  2040	  2051 : 0
  2048	  2055 : 1
  2052	  2063 : 0
  2060	  2067 : 1
  2064	  2071 : 0
  2068	  2075 : 2
  2072	  2111 : 0
  2108	  2127 : 1
  2124	  2139 : 0
  2136	  2147 : 0
  2144	  2155 : 0
  2152	  2159 : 1
  2156	  2179 : 0
  2176	  2215 : 1
  2212	  2219 : 0
  2216	  2223 : 0
  2220	  2227 : 0
  2224	  2271 : 0
  2268	  2275 : 0
  2272	  2279 : 2
  2276	  2299 : 0
  2296	  2311 : 0
  2308	  2331 : 0
  2328	  2335 : 1
  2332	  2355 : 0
  2352	  2359 : 1
  2356	  2395 : 0
  2392	  2407 : 1
  2404	  2411 : 0
  2408	  2419 : 0
  2416	  2423 : 0
  2420	  2427 : 1
  2424	  2443 : 0
  2440	  2447 : 1
  2444	  2463 : 0
  2460	  2471 : 1
  2468	  2495 : 0
  2492	  2499 : 1
  2496	  2507 : 0
  2504	  2515 : 0
  2512	  2535 : 0
  2532	  2551 : 1
  2548	  2579 : 0
  2576	  2583 : 1
  2580	  2627 : 0
  2624	  2631 : 1
  2628	  2659 : 0
  2656	  2667 : 0
  2664	  2671 : 0
  2668	  2723 : 1
  2720	  2731 : 0
  2728	  2747 : 1
  2744	  2767 : 0
  2764	  2775 : 0
  2772	  2779 : 0
  2776	  2815 : 0
  2812	  2839 : 0
  2836	  2847 : 1
  2844	  2855 : 0
  2852	  2859 : 0
  2856	  2895 : 0
  2892	  2919 : 1
  2916	  2923 : 0
  2920	  2939 : 0
  2936	  2947 : 0
  2944	  2951 : 0
  2948	  2987 : 0
  2984	  2991 : 0
  2988	  3035 : 0
  3032	  3079 : 1
  3076	  3087 : 0
  3084	  3123 : 1
  3120	  3143 : 0
  3140	  3147 : 0
  3144	  3151 : 0
  3148	  3155 : 1
  3152	  3167 : 0
  3164	  3175 : 0
  3172	  3271 : 0
  3268	  3279 : 0
  3276	  3299 : 0
  3296	  3307 : 1
  3304	  3343 : 0
  3340	  3351 : 1
  3348	  3407 : 0
  3404	  3411 : 1
  3408	  3415 : 2
  3412	  3435 : 0
  3432	  3515 : 1
  3512	  3519 : 0
  3516	  3567 : 1
  3564	  3571 : 0
  3568	  3599 : 0
  3596	  3603 : 0
  3600	  3611 : 0
  3608	  3619 : 0
  3616	  3659 : 0
  3656	  3667 : 0
  3664	  3679 : 0
  3676	  3683 : 0
  3680	  3687 : 0
  3684	  3715 : 0
  3712	  3747 : 1
  3744	  3755 : 0
  3752	  3767 : 0
  3764	  3815 : 0
  3812	  3851 : 0
  3848	  3855 : 0
  3852	  3879 : 0
  3876	  3903 : 0
  3900	  3911 : 0
  3908	  3987 : 0
  3984	  3995 : 1
  3992	  3999 : 0
  3996	  4003 : 0
  4000	  4059 : 0
  4056	  4071 : 0
  4068	  4079 : 0
  4076	  4119 : 0
  4116	  4127 : 0
  4124	  4175 : 1
  4172	  4187 : 0
  4184	  4191 : 0
  4188	  4215 : 0
  4212	  4259 : 1
  4256	  4263 : 0
  4260	  4279 : 0
  4276	  4283 : 0
  4280	  4287 : 1
  4284	  4303 : 0
  4300	  4315 : 1
  4312	  4319 : 0
  4316	  4331 : 1
  4328	  4351 : 0
  4348	  4359 : 1
  4356	  4371 : 0
  4368	  4375 : 1
  4372	  4379 : 0
  4376	  4403 : 0
  4400	  4407 : 0
  4404	  4451 : 1
  4448	  4459 : 0
  4456	  4471 : 0
  4468	  4483 : 0
  4480	  4495 : 0
  4492	  4511 : 0
  4508	  4515 : 1
  4512	  4523 : 0
  4520	  4527 : 1
  4524	  4531 : 0
  4528	  4539 : 1
  4536	  4543 : 0
  4540	  4555 : 1
  4552	  4567 : 0
  4564	  4571 : 1
  4568	  4587 : 0
  4584	  4591 : 1
  4588	  4595 : 0
  4592	  5307 : 1
  5304	  5383 : 0
  5380	  5675 : 0
