     0	    23 : 0
    20	   151 : 0
   148	   155 : 1
   152	   375 : 0
   372	   395 : 0
   392	   415 : 0
   412	   419 : 0
   416	   423 : 0
   420	   427 : 0
   424	   431 : 0
   428	   459 : 0
   456	   463 : 0
   460	   515 : 0
   512	   523 : 0
   520	   527 : 0
   524	   623 : 0
   620	   631 : 1
   628	   655 : 0
   652	   659 : 0
   656	   703 : 0
   700	   711 : 1
   708	   767 : 0
   764	   775 : 1
   772	   787 : 0
   784	   795 : 0
   792	   879 : 0
   876	   895 : 0
   892	  1163 : 0
  1160	  1303 : 1
  1300	  1331 : 0
  1328	  1351 : 1
  1348	  1419 : 0
  1416	  1427 : 1
  1424	  1435 : 0
  1432	  1459 : 0
  1456	  1519 : 0
  1516	  1543 : 0
  1540	  1591 : 0
  1588	  1623 : 0
  1620	  1811 : 0
  1808	  1819 : 1
  1816	  1823 : 0
  1820	  1827 : 0
  1824	  1831 : 0
  1828	  1835 : 0
  1832	  1839 : 0
  1836	  1851 : 0
  1848	  1855 : 0
  1852	  1863 : 0
  1860	  1867 : 0
  1864	  1871 : 0
  1868	  1879 : 0
  1876	  1883 : 0
  1880	  1899 : 0
  1896	  1907 : 0
  1904	  2059 : 0
  2056	  2075 : 1
  2072	  2099 : 0
  2096	  2127 : 0
  2124	  2147 : 0
  2144	  2159 : 0
  2156	  2319 : 0
  2316	  2339 : 0
  2336	  2407 : 0
  2404	  2419 : 0
  2416	  2459 : 0
  2456	  2463 : 0
  2460	  2467 : 0
  2464	  2475 : 0
  2472	  2491 : 0
  2488	  2527 : 0
  2524	  2539 : 0
  2536	  2567 : 0
  2564	  2575 : 0
  2572	  2607 : 0
  2604	  2611 : 0
  2608	  2615 : 0
  2612	  2619 : 0
  2616	  2699 : 1
  2696	  2715 : 0
  2712	  2723 : 0
  2720	  2739 : 0
  2736	  2783 : 1
  2780	  2787 : 0
  2784	  2791 : 1
  2788	  2815 : 0
  2812	  2827 : 0
  2824	  2831 : 0
  2828	  2835 : 0
  2832	  2839 : 0
  2836	  2843 : 0
  2840	  2883 : 0
  2880	  2887 : 0
  2884	  2923 : 0
  2920	  2935 : 0
  2932	  2971 : 0
  2968	  2979 : 1
  2976	  3175 : 0
  3172	  3179 : 1
  3176	  3219 : 0
  3216	  3231 : 1
  3228	  3235 : 0
  3232	  3247 : 0
  3244	  3259 : 0
  3256	  3263 : 0
  3260	  3279 : 0
  3276	  3287 : 0
  3284	  3299 : 0
  3296	  3303 : 0
  3300	  3307 : 0
  3304	  3311 : 0
  3308	  3319 : 0
  3316	  3371 : 1
  3368	  3415 : 0
  3412	  3423 : 1
  3420	  3499 : 0
  3496	  3535 : 0
  3532	  3543 : 0
  3540	  3551 : 0
  3548	  3571 : 0
  3568	  3587 : 0
  3584	  3635 : 0
  3632	  3655 : 1
  3652	  3819 : 0
  3816	  3947 : 1
  3944	  3979 : 0
  3976	  3987 : 1
  3984	  4063 : 0
  4060	  4067 : 1
  4064	  4071 : 0
  4068	  4155 : 0
  4152	  4191 : 0
  4188	  4199 : 1
  4196	  4319 : 0
  4316	  4463 : 1
  4460	  4659 : 0
  4656	  4719 : 1
