     0	   151 : 0
   148	   155 : 1
   152	   195 : 0
   192	   219 : 0
   216	   235 : 0
   232	   247 : 0
   244	   255 : 0
   252	   271 : 0
   268	   275 : 0
   272	   307 : 0
   304	   315 : 0
   312	   323 : 0
   320	   331 : 0
   328	   383 : 0
   380	   459 : 0
   456	   479 : 0
   476	   503 : 0
   500	   507 : 0
   504	   547 : 0
   544	   563 : 0
   560	   759 : 0
   756	   763 : 1
   760	   871 : 0
   868	   939 : 0
   936	   951 : 0
   948	   955 : 1
   952	   959 : 0
   956	   963 : 0
   960	   979 : 0
   976	   983 : 0
   980	   991 : 0
   988	   999 : 0
   996	  1075 : 0
  1072	  1083 : 1
  1080	  1179 : 0
  1176	  1199 : 0
  1196	  1223 : 0
  1220	  1227 : 1
  1224	  1279 : 0
  1276	  1291 : 0
  1288	  1319 : 0
  1316	  1323 : 0
  1320	  1331 : 0
  1328	  1335 : 0
  1332	  1347 : 0
  1344	  1351 : 0
  1348	  1359 : 0
  1356	  1363 : 0
  1360	  1411 : 0
  1408	  1431 : 0
  1428	  1463 : 0
  1460	  1467 : 1
  1464	  1471 : 2
  1468	  1571 : 0
  1568	  1575 : 1
  1572	  1655 : 0
  1652	  1659 : 0
  1656	  1675 : 0
  1672	  1683 : 1
  1680	  1703 : 0
  1700	  1711 : 0
  1708	  1731 : 0
  1728	  1763 : 0
  1760	  1771 : 0
  1768	  1791 : 0
  1788	  1795 : 0
  1792	  1835 : 1
  1832	  2099 : 0
  2096	  2107 : 1
  2104	  2159 : 0
  2156	  2175 : 0
  2172	  2199 : 0
  2196	  2207 : 0
  2204	  2267 : 0
  2264	  2279 : 0
  2276	  2283 : 0
  2280	  2299 : 0
  2296	  2371 : 0
  2368	  2379 : 0
  2376	  2411 : 0
  2408	  2415 : 0
  2412	  2435 : 0
  2432	  2443 : 1
  2440	  2515 : 0
  2512	  2527 : 0
  2524	  2567 : 0
  2564	  2571 : 1
  2568	  2683 : 0
  2680	  2691 : 0
  2688	  2707 : 0
  2704	  2723 : 0
  2720	  2727 : 0
  2724	  2743 : 0
  2740	  2747 : 0
  2744	  2751 : 1
  2748	  2759 : 0
  2756	  2783 : 0
  2780	  2787 : 0
  2784	  2831 : 0
  2828	  2835 : 0
  2832	  2839 : 0
  2836	  2843 : 0
  2840	  2847 : 0
  2844	  2859 : 0
  2856	  2871 : 0
  2868	  2887 : 0
  2884	  2931 : 0
  2928	  2947 : 0
  2944	  2983 : 0
  2980	  2987 : 0
  2984	  2995 : 0
  2992	  3031 : 0
  3028	  3051 : 1
  3048	  3087 : 0
  3084	  3103 : 0
  3100	  3163 : 0
  3160	  3179 : 0
  3176	  3203 : 0
  3200	  3375 : 0
  3372	  3379 : 0
  3376	  3567 : 0
  3564	  3571 : 0
  3568	  3607 : 0
  3604	  3631 : 0
  3628	  3643 : 1
  3640	  3671 : 0
  3668	  3707 : 0
  3704	  3731 : 0
  3728	  3735 : 0
  3732	  3739 : 0
  3736	  3743 : 0
  3740	  3759 : 0
  3756	  3895 : 0
  3892	  3935 : 0
  3932	  3959 : 0
  3956	  3963 : 0
  3960	  3983 : 0
  3980	  3991 : 0
  3988	  4007 : 1
  4004	  4015 : 0
  4012	  4035 : 0
  4032	  4043 : 0
  4040	  4055 : 0
  4052	  4083 : 0
  4080	  4099 : 0
  4096	  4135 : 0
  4132	  4155 : 0
  4152	  4167 : 0
  4164	  4183 : 0
  4180	  4215 : 0
  4212	  4247 : 0
  4244	  4327 : 0
  4324	  4331 : 0
  4328	  4387 : 0
  4384	  4395 : 0
  4392	  4427 : 0
  4424	  4495 : 0
  4492	  4503 : 0
  4500	  4507 : 0
  4504	  4511 : 0
  4508	  4551 : 0
  4548	  4563 : 0
  4560	  4567 : 0
  4564	  4583 : 0
  4580	  4587 : 0
  4584	  4595 : 0
  4592	  4607 : 0
  4604	  4647 : 0
  4644	  4651 : 0
  4648	  4659 : 0
  4656	  4663 : 0
  4660	  4675 : 0
  4672	  4687 : 0
  4684	  4691 : 0
  4688	  4695 : 0
  4692	  4743 : 0
  4740	  4759 : 0
  4756	  4775 : 0
  4772	  4791 : 0
  4788	  4811 : 0
  4808	  4827 : 0
  4824	  4867 : 0
  4864	  4887 : 0
  4884	  4903 : 0
  4900	  4907 : 0
  4904	  4943 : 0
  4940	  4947 : 0
  4944	  4975 : 0
  4972	  4979 : 0
  4976	  5027 : 0
  5024	  5035 : 0
  5032	  5063 : 0
  5060	  5067 : 0
  5064	  5087 : 0
  5084	  5091 : 0
  5088	  5107 : 0
  5104	  5123 : 0
  5120	  5167 : 0
  5164	  5183 : 0
  5180	  5195 : 0
  5192	  5219 : 1
  5216	  5223 : 0
  5220	  5247 : 0
  5244	  5287 : 0
  5284	  5291 : 0
  5288	  5295 : 0
  5292	  5323 : 0
  5320	  5331 : 0
  5328	  5347 : 0
  5344	  5399 : 0
  5396	  5427 : 0
  5424	  5443 : 0
  5440	  5447 : 0
  5444	  5455 : 0
  5452	  5459 : 0
  5456	  5479 : 0
  5476	  5483 : 0
  5480	  5519 : 0
  5516	  5547 : 0
  5544	  5591 : 0
  5588	  5595 : 0
  5592	  5663 : 0
  5660	  5963 : 1
  5960	  6023 : 0
  6020	  6043 : 0
  6040	  6079 : 0
  6076	  6103 : 0
  6100	  6159 : 0
  6156	  6171 : 0
  6168	  6175 : 0
  6172	  6219 : 0
  6216	  6227 : 0
  6224	  6247 : 0
  6244	  6303 : 0
  6300	  6307 : 0
  6304	  6379 : 0
  6376	  6399 : 0
  6396	  6403 : 0
  6400	  6423 : 0
  6420	  6427 : 0
  6424	  6431 : 0
  6428	  6443 : 0
  6440	  6479 : 0
  6476	  6491 : 0
  6488	  6511 : 0
  6508	  6519 : 0
  6516	  6627 : 0
  6624	  6631 : 0
  6628	  6635 : 0
  6632	  6643 : 0
  6640	  6647 : 0
  6644	  6651 : 0
  6648	  6671 : 0
  6668	  6687 : 0
  6684	  6695 : 0
  6692	  6699 : 0
  6696	  6723 : 0
  6720	  6727 : 0
  6724	  6739 : 0
  6736	  6775 : 0
  6772	  6791 : 0
  6788	  6811 : 0
  6808	  6815 : 0
  6812	  6819 : 0
  6816	  6827 : 1
  6824	  6831 : 0
  6828	  6847 : 1
  6844	  6851 : 0
  6848	  6859 : 0
  6856	  6871 : 0
  6868	  6955 : 1
  6952	  6979 : 0
  6976	  6987 : 0
  6984	  6995 : 0
  6992	  7067 : 0
  7064	  7135 : 0
  7132	  7159 : 0
  7156	  7167 : 0
  7164	  7183 : 0
  7180	  7207 : 0
  7204	  7211 : 1
  7208	  7215 : 0
  7212	  7295 : 0
  7292	  7299 : 0
  7296	  7323 : 1
  7320	  7327 : 0
  7324	  7339 : 0
  7336	  7355 : 0
  7352	  7367 : 0
  7364	  7371 : 0
  7368	  7379 : 0
  7376	  7383 : 0
  7380	  7399 : 0
  7396	  7407 : 0
  7404	  7411 : 1
  7408	  7455 : 0
  7452	  7459 : 0
  7456	  7463 : 0
  7460	  7479 : 0
  7476	  7491 : 0
  7488	  7551 : 0
  7548	  7555 : 0
  7552	  7575 : 1
  7572	  7623 : 0
  7620	  7631 : 1
  7628	  7679 : 0
  7676	  7683 : 0
  7680	  7695 : 0
  7692	  7719 : 0
  7716	  7735 : 0
  7732	  7795 : 0
  7792	  7855 : 0
  7852	  7867 : 0
  7864	  7871 : 0
  7868	  7895 : 0
  7892	  7963 : 0
  7960	  7967 : 0
  7964	  7995 : 0
  7992	  7999 : 0
  7996	  8003 : 0
  8000	  8011 : 0
  8008	  8019 : 0
  8016	  8027 : 0
  8024	  8127 : 0
  8124	  8135 : 0
  8132	  8179 : 0
  8176	  8183 : 0
  8180	  8203 : 0
  8200	  8207 : 0
  8204	  8283 : 0
  8280	  8295 : 0
  8292	  8411 : 0
  8408	  8695 : 1
