     0	   171 : 0
   168	   187 : 0
   184	   199 : 0
   196	   219 : 0
   216	   223 : 0
   220	   251 : 0
   248	   279 : 0
   276	   287 : 0
   284	   299 : 0
   296	   307 : 1
   304	   311 : 0
   308	   323 : 0
   320	   351 : 0
   348	   431 : 0
   428	   475 : 0
   472	   479 : 1
   476	   483 : 0
   480	   487 : 0
   484	   511 : 0
   508	   527 : 1
   524	   567 : 0
   564	   571 : 1
   568	   611 : 0
   608	   687 : 1
   684	   823 : 0
   820	   839 : 0
   836	   847 : 0
   844	   883 : 0
   880	   903 : 0
   900	   935 : 0
   932	   943 : 0
   940	   951 : 0
   948	   959 : 0
   956	   967 : 0
   964	   975 : 0
   972	   979 : 0
   976	   995 : 0
   992	   999 : 0
   996	  1003 : 0
  1000	  1007 : 0
  1004	  1011 : 0
  1008	  1015 : 1
  1012	  1095 : 0
  1092	  1119 : 0
  1116	  1127 : 0
  1124	  1191 : 0
  1188	  1239 : 0
  1236	  1251 : 0
  1248	  1259 : 0
  1256	  1279 : 0
  1276	  1319 : 0
  1316	  1323 : 0
  1320	  1395 : 0
  1392	  1403 : 0
  1400	  1407 : 0
  1404	  1423 : 0
  1420	  1439 : 0
  1436	  1443 : 0
  1440	  1459 : 0
  1456	  1495 : 0
  1492	  1671 : 0
  1668	  1683 : 1
  1680	  1711 : 0
  1708	  1715 : 0
  1712	  1727 : 0
  1724	  1735 : 1
  1732	  1807 : 0
  1804	  1811 : 1
  1808	  1863 : 0
  1860	  1867 : 1
  1864	  1895 : 0
  1892	  1903 : 1
  1900	  1967 : 0
  1964	  1995 : 1
  1992	  1999 : 0
  1996	  2003 : 0
  2000	  2011 : 0
  2008	  2019 : 1
  2016	  2075 : 0
  2072	  2103 : 0
  2100	  2107 : 0
  2104	  2111 : 0
  2108	  2115 : 0
  2112	  2119 : 1
  2116	  2123 : 0
  2120	  2135 : 0
  2132	  2139 : 0
  2136	  2147 : 0
  2144	  2159 : 0
  2156	  2171 : 0
  2168	  2247 : 0
  2244	  2251 : 0
  2248	  2339 : 0
  2336	  2375 : 1
  2372	  2399 : 0
  2396	  2403 : 0
  2400	  2527 : 0
  2524	  2539 : 0
  2536	  2555 : 0
  2552	  2559 : 0
  2556	  2567 : 0
  2564	  2575 : 0
  2572	  2623 : 0
  2620	  2671 : 1
  2668	  2707 : 0
  2704	  2743 : 1
  2740	  2759 : 0
  2756	  2771 : 1
  2768	  2775 : 0
  2772	  2779 : 0
  2776	  2811 : 0
  2808	  2815 : 1
  2812	  2859 : 0
  2856	  2867 : 1
  2864	  2911 : 0
  2908	  2919 : 1
  2916	  2991 : 0
  2988	  3011 : 0
  3008	  3015 : 0
  3012	  3019 : 1
  3016	  3023 : 0
  3020	  3047 : 0
  3044	  3051 : 0
  3048	  3067 : 0
  3064	  3099 : 0
  3096	  3131 : 1
  3128	  3483 : 0
  3480	  3555 : 1
  3552	  3571 : 0
  3568	  3631 : 1
  3628	  3647 : 0
  3644	  3655 : 1
  3652	  3675 : 0
  3672	  3679 : 1
  3676	  3699 : 0
  3696	  3723 : 0
  3720	  3727 : 0
  3724	  3799 : 1
  3796	  3867 : 0
  3864	  3927 : 1
  3924	  3935 : 0
  3932	  3939 : 0
  3936	  3979 : 0
  3976	  3983 : 1
  3980	  3987 : 0
  3984	  4007 : 0
  4004	  4039 : 0
  4036	  4043 : 1
  4040	  4063 : 0
  4060	  4103 : 0
  4100	  4131 : 0
  4128	  4159 : 1
  4156	  4171 : 0
  4168	  4179 : 0
  4176	  4211 : 0
  4208	  4219 : 0
  4216	  4223 : 0
  4220	  4231 : 0
  4228	  4247 : 0
  4244	  4339 : 0
  4336	  4571 : 0
  4568	  4611 : 1
  4608	  4639 : 0
