     0	    95 : 0
    92	   151 : 0
   148	   163 : 0
   160	   171 : 0
   168	   179 : 0
   176	   203 : 0
   200	   211 : 0
   208	   267 : 0
   264	   283 : 0
   280	   287 : 0
   284	   299 : 0
   296	   303 : 0
   300	   319 : 0
   316	   347 : 0
   344	   355 : 0
   352	   359 : 0
   356	   399 : 0
   396	   411 : 0
   408	   423 : 0
   420	   447 : 0
   444	   451 : 0
   448	   471 : 0
   468	   515 : 0
   512	   519 : 0
   516	   527 : 0
   524	   543 : 0
   540	   547 : 0
   544	   551 : 0
   548	   555 : 0
   552	   587 : 0
   584	   675 : 0
   672	   695 : 0
   692	   731 : 0
   728	   739 : 0
   736	   759 : 0
   756	   763 : 0
   760	   767 : 0
   764	   791 : 0
   788	   795 : 0
   792	   799 : 0
   796	   807 : 0
   804	   835 : 0
   832	   839 : 0
   836	   859 : 0
   856	   971 : 0
   968	   999 : 0
   996	  1011 : 0
  1008	  1015 : 0
  1012	  1059 : 0
  1056	  1067 : 0
  1064	  1075 : 0
  1072	  1079 : 0
  1076	  1083 : 0
  1080	  1107 : 0
  1104	  1119 : 0
  1116	  1127 : 0
  1124	  1139 : 0
  1136	  1143 : 0
  1140	  1183 : 0
  1180	  1187 : 0
  1184	  1219 : 1
  1216	  1235 : 0
  1232	  1239 : 0
  1236	  1271 : 0
  1268	  1283 : 0
  1280	  1287 : 0
  1284	  1295 : 1
  1292	  1299 : 0
  1296	  1315 : 0
  1312	  1387 : 0
  1384	  1407 : 0
  1404	  1411 : 0
  1408	  1447 : 0
  1444	  1451 : 0
  1448	  1519 : 0
  1516	  1523 : 0
  1520	  1527 : 0
  1524	  1547 : 0
  1544	  1567 : 0
  1564	  1591 : 0
  1588	  1595 : 0
  1592	  1631 : 0
  1628	  1635 : 1
  1632	  1651 : 0
  1648	  1655 : 0
  1652	  1679 : 0
  1676	  1687 : 0
  1684	  1691 : 0
  1688	  1735 : 0
  1732	  1739 : 0
  1736	  1743 : 0
  1740	  1775 : 0
  1772	  1779 : 0
  1776	  1787 : 0
  1784	  1791 : 0
  1788	  1855 : 0
  1852	  1867 : 0
  1864	  1899 : 0
  1896	  1907 : 0
  1904	  1919 : 0
  1916	  1923 : 0
  1920	  1927 : 0
  1924	  1931 : 0
  1928	  1943 : 0
  1940	  1979 : 0
  1976	  2023 : 0
  2020	  2027 : 0
  2024	  2031 : 0
  2028	  2039 : 0
  2036	  2043 : 0
  2040	  2051 : 1
  2048	  2071 : 0
  2068	  2095 : 0
  2092	  2123 : 0
  2120	  2159 : 0
  2156	  2247 : 0
  2244	  2283 : 0
  2280	  2295 : 0
  2292	  2299 : 0
  2296	  2307 : 0
  2304	  2459 : 0
  2456	  2491 : 0
  2488	  2499 : 0
  2496	  2551 : 0
  2548	  2583 : 0
  2580	  2599 : 0
  2596	  2611 : 0
  2608	  2615 : 0
  2612	  2635 : 0
  2632	  2643 : 0
  2640	  2647 : 0
  2644	  2659 : 0
  2656	  2679 : 0
  2676	  2811 : 0
  2808	  2819 : 0
  2816	  2871 : 0
  2868	  2895 : 0
  2892	  2907 : 0
  2904	  2927 : 0
  2924	  2931 : 0
  2928	  2935 : 0
  2932	  2939 : 0
  2936	  2943 : 0
  2940	  2951 : 0
  2948	  2967 : 0
  2964	  2975 : 0
  2972	  3019 : 0
  3016	  3095 : 0
  3092	  3107 : 0
  3104	  3119 : 0
  3116	  3155 : 0
  3152	  3159 : 0
  3156	  3163 : 0
  3160	  3175 : 0
  3172	  3223 : 0
  3220	  3231 : 0
  3228	  3243 : 1
  3240	  3259 : 0
  3256	  3299 : 0
  3296	  3311 : 0
  3308	  3319 : 0
  3316	  3399 : 0
  3396	  3411 : 0
  3408	  3419 : 0
  3416	  3427 : 0
  3424	  3435 : 0
  3432	  3439 : 0
  3436	  3447 : 0
  3444	  3451 : 0
  3448	  3455 : 0
  3452	  3459 : 0
  3456	  3463 : 0
  3460	  3467 : 0
  3464	  3471 : 0
  3468	  3475 : 0
  3472	  3495 : 0
  3492	  3515 : 0
  3512	  3519 : 0
  3516	  3527 : 0
  3524	  3603 : 0
  3600	  3607 : 0
  3604	  3611 : 0
  3608	  3731 : 0
  3728	  3751 : 0
  3748	  3759 : 0
  3756	  3923 : 0
  3920	  3947 : 0
  3944	  3987 : 0
  3984	  4031 : 0
  4028	  4123 : 0
  4120	  4155 : 0
  4152	  4159 : 0
  4156	  4179 : 0
  4176	  4247 : 0
  4244	  4291 : 0
  4288	  4295 : 0
  4292	  4331 : 1
  4328	  4367 : 0
  4364	  4563 : 1
  4560	  4723 : 0
  4720	  4727 : 0
  4724	  4787 : 0
  4784	  4843 : 0
  4840	  4923 : 0
  4920	  4955 : 0
  4952	  4959 : 0
  4956	  5019 : 0
  5016	  5139 : 0
  5136	  5423 : 0
  5420	  5431 : 0
  5428	  5631 : 0
  5628	  5635 : 0
  5632	  5847 : 0
  5844	  5891 : 0
  5888	  5903 : 0
  5900	  6287 : 0
  6284	  6291 : 0
  6288	  6295 : 0
  6292	  6299 : 0
  6296	  6575 : 0
  6572	  6579 : 0
  6576	  6583 : 0
  6580	  6591 : 0
  6588	  6607 : 0
  6604	  6691 : 0
  6688	  6695 : 0
  6692	  6759 : 0
  6756	  6763 : 0
  6760	  6803 : 0
  6800	  7191 : 0
  7188	  7207 : 0
  7204	  7239 : 0
  7236	  7243 : 0
  7240	  7279 : 0
  7276	  7399 : 0
  7396	  7515 : 0
  7512	  7523 : 0
  7520	  7539 : 0
  7536	  7595 : 0
  7592	  7619 : 0
  7616	  7655 : 0
  7652	  7663 : 0
  7660	  7707 : 0
  7704	  7715 : 0
  7712	  7727 : 0
  7724	  7759 : 0
  7756	  7811 : 0
  7808	  7859 : 0
  7856	  7871 : 0
  7868	  7875 : 0
  7872	  7887 : 0
  7884	  7939 : 0
  7936	  7947 : 0
  7944	  7995 : 0
  7992	  8003 : 1
  8000	  8023 : 0
  8020	  8027 : 0
  8024	  8043 : 0
  8040	  8047 : 0
  8044	  8051 : 0
  8048	  8079 : 0
  8076	  8083 : 0
  8080	  8411 : 0
  8408	  8415 : 0
  8412	  8423 : 0
  8420	  8435 : 0
  8432	  8451 : 0
  8448	  8455 : 0
  8452	  8463 : 0
  8460	  8467 : 0
  8464	  8495 : 0
  8492	  8503 : 0
  8500	  8507 : 0
  8504	  8511 : 0
  8508	  8519 : 0
  8516	  8551 : 0
  8548	  8559 : 0
  8556	  8563 : 0
  8560	  8583 : 0
  8580	  8715 : 0
  8712	  8719 : 1
  8716	  8771 : 0
  8768	  8787 : 0
  8784	  8791 : 0
  8788	  8807 : 0
  8804	  8863 : 0
  8860	  8903 : 0
  8900	  8971 : 0
  8968	  9011 : 0
  9008	  9019 : 0
  9016	  9047 : 0
  9044	  9055 : 0
  9052	  9067 : 0
  9064	  9079 : 0
  9076	  9111 : 0
  9108	  9183 : 0
  9180	  9187 : 0
  9184	  9215 : 0
  9212	  9243 : 0
  9240	  9251 : 0
  9248	  9263 : 0
  9260	  9279 : 0
  9276	  9295 : 0
  9292	  9311 : 0
  9308	  9383 : 0
  9380	  9395 : 0
  9392	  9479 : 0
  9476	  9495 : 0
  9492	  9611 : 0
  9608	  9619 : 0
  9616	  9791 : 0
  9788	  9815 : 0
  9812	  9823 : 0
  9820	  9827 : 0
  9824	  9843 : 0
  9840	  9883 : 0
  9880	  9907 : 0
  9904	  9951 : 0
  9948	 10027 : 0
 10024	 10071 : 0
 10068	 10075 : 1
 10072	 10083 : 0
 10080	 10155 : 0
 10152	 10163 : 0
 10160	 10191 : 0
 10188	 10195 : 0
 10192	 10271 : 0
 10268	 10275 : 0
 10272	 10479 : 0
 10476	 11447 : 0
 11444	 11455 : 0
 11452	 11471 : 0
 11468	 11479 : 0
 11476	 11499 : 0
 11496	 11543 : 0
 11540	 11583 : 0
 11580	 11607 : 0
 11604	 11623 : 0
 11620	 11631 : 0
 11628	 11635 : 0
 11632	 11647 : 0
 11644	 11691 : 0
 11688	 11699 : 1
 11696	 11915 : 0
 11912	 11931 : 0
 11928	 11943 : 0
 11940	 12019 : 0
 12016	 12027 : 0
 12024	 12051 : 0
 12048	 12067 : 0
 12064	 12107 : 0
 12104	 12111 : 0
 12108	 12151 : 0
 12148	 12183 : 0
 12180	 12219 : 0
 12216	 12287 : 0
 12284	 12335 : 0
 12332	 12343 : 0
 12340	 12347 : 0
 12344	 12351 : 0
 12348	 12355 : 0
 12352	 12371 : 0
 12368	 12459 : 0
 12456	 12467 : 0
 12464	 12687 : 0
