     0	   103 : 0
   100	   107 : 0
   104	   111 : 0
   108	   131 : 0
   128	   139 : 0
   136	   163 : 0
   160	   191 : 1
   188	   195 : 0
   192	   207 : 0
   204	   219 : 0
   216	   243 : 1
   240	   303 : 0
   300	   311 : 0
   308	   335 : 0
   332	   383 : 1
   380	   387 : 0
   384	   391 : 0
   388	   559 : 0
   556	   563 : 0
   560	   567 : 0
   564	   591 : 0
   588	   599 : 0
   596	   635 : 1
   632	   639 : 0
   636	   663 : 1
   660	   751 : 0
   748	   767 : 1
   764	   859 : 0
   856	   887 : 1
   884	   891 : 0
   888	   899 : 1
   896	   919 : 0
   916	   923 : 0
   920	   963 : 0
   960	   979 : 0
   976	   983 : 0
   980	  1011 : 1
  1008	  1027 : 0
  1024	  1031 : 0
  1028	  1115 : 0
  1112	  1163 : 0
  1160	  1187 : 0
  1184	  1227 : 1
  1224	  1235 : 0
  1232	  1315 : 0
  1312	  1399 : 0
  1396	  1403 : 1
  1400	  1407 : 0
  1404	  1499 : 0
  1496	  1551 : 0
  1548	  1559 : 1
  1556	  1595 : 0
  1592	  1611 : 1
  1608	  1615 : 0
  1612	  1623 : 1
  1620	  1651 : 0
  1648	  1655 : 0
  1652	  1659 : 0
  1656	  1667 : 0
  1664	  1675 : 0
  1672	  1679 : 0
  1676	  1683 : 0
  1680	  1687 : 0
  1684	  1707 : 0
  1704	  1719 : 0
  1716	  1735 : 0
  1732	  1747 : 0
  1744	  1751 : 0
  1748	  1755 : 1
  1752	  1799 : 0
  1796	  2055 : 0
  2052	  2067 : 0
  2064	  2075 : 1
  2072	  2155 : 0
  2152	  2163 : 0
  2160	  2175 : 0
  2172	  2179 : 1
  2176	  2227 : 0
  2224	  2231 : 0
  2228	  2239 : 0
  2236	  2251 : 0
  2248	  2295 : 0
  2292	  2363 : 1
  2360	  2391 : 0
  2388	  2395 : 0
  2392	  2427 : 0
  2424	  2447 : 0
  2444	  2471 : 0
  2468	  2491 : 0
  2488	  2495 : 0
  2492	  2551 : 1
  2548	  2555 : 0
  2552	  2575 : 0
  2572	  2651 : 0
  2648	  2679 : 1
  2676	  2767 : 0
  2764	  2823 : 1
  2820	  2831 : 0
  2828	  2835 : 1
  2832	  2875 : 0
  2872	  2915 : 1
  2912	  2943 : 0
  2940	  2947 : 0
  2944	  3015 : 0
  3012	  3023 : 1
  3020	  3107 : 0
  3104	  3111 : 1
  3108	  3131 : 0
  3128	  3139 : 0
  3136	  3195 : 0
  3192	  3203 : 1
  3200	  3215 : 0
  3212	  3223 : 0
  3220	  3259 : 0
  3256	  3323 : 0
  3320	  3343 : 0
  3340	  3347 : 1
  3344	  3471 : 0
  3468	  3479 : 1
  3476	  3535 : 0
  3532	  3643 : 1
  3640	  3655 : 0
  3652	  3659 : 0
  3656	  3707 : 0
  3704	  3827 : 1
  3824	  3835 : 0
  3832	  3847 : 0
  3844	  3915 : 0
  3912	  3931 : 1
  3928	  3947 : 0
  3944	  4003 : 0
  4000	  4015 : 0
  4012	  4027 : 1
  4024	  4083 : 0
  4080	  4127 : 1
  4124	  4147 : 0
  4144	  4195 : 0
  4192	  4199 : 0
  4196	  4299 : 1
  4296	  4315 : 0
  4312	  4319 : 0
  4316	  4347 : 0
  4344	  4355 : 0
  4352	  4363 : 0
  4360	  4423 : 0
  4420	  4427 : 0
  4424	  4463 : 0
  4460	  4507 : 0
  4504	  4519 : 0
  4516	  4527 : 0
  4524	  4531 : 0
  4528	  4535 : 0
  4532	  4603 : 1
  4600	  4667 : 0
  4664	  4691 : 1
  4688	  4783 : 0
  4780	  4791 : 1
  4788	  4827 : 0
  4824	  4839 : 0
  4836	  4887 : 0
  4884	  4895 : 1
  4892	  4903 : 0
  4900	  4979 : 0
  4976	  4983 : 0
  4980	  5023 : 1
  5020	  5091 : 0
  5088	  5107 : 1
  5104	  5295 : 0
  5292	  5299 : 1
  5296	  5383 : 0
  5380	  5415 : 1
  5412	  5423 : 0
  5420	  5459 : 0
  5456	  5467 : 0
  5464	  5471 : 0
  5468	  5483 : 0
  5480	  5491 : 0
  5488	  5495 : 0
  5492	  5611 : 0
  5608	  5615 : 0
  5612	  5639 : 0
  5636	  5643 : 0
  5640	  5647 : 1
  5644	  5671 : 0
  5668	  5675 : 0
  5672	  5683 : 0
  5680	  5695 : 0
  5692	  5699 : 0
  5696	  5711 : 0
  5708	  5715 : 0
  5712	  5751 : 0
  5748	  5779 : 0
  5776	  5955 : 0
  5952	  5963 : 0
  5960	  5967 : 0
  5964	  5971 : 0
  5968	  5987 : 0
  5984	  5991 : 0
  5988	  5995 : 0
  5992	  6011 : 0
  6008	  6023 : 0
  6020	  6027 : 0
  6024	  6035 : 0
  6032	  6047 : 0
  6044	  6055 : 0
  6052	  6059 : 0
  6056	  6095 : 0
  6092	  6131 : 0
  6128	  6171 : 0
  6168	  6183 : 0
  6180	  6219 : 0
  6216	  6223 : 0
  6220	  6227 : 0
  6224	  6347 : 0
  6344	  6587 : 1
