     0	    15 : 0
    12	   127 : 0
   124	   135 : 0
   132	   143 : 0
   140	   155 : 0
   152	   179 : 0
   176	   183 : 0
   180	   211 : 0
   208	   223 : 1
   220	   267 : 0
   264	   411 : 0
   408	   467 : 0
   464	   475 : 0
   472	   511 : 0
   508	   675 : 1
   672	   679 : 0
   676	   683 : 0
   680	   695 : 0
   692	   771 : 0
   768	   775 : 0
   772	   787 : 1
   784	   819 : 0
   816	   831 : 1
   828	   835 : 0
   832	   839 : 0
   836	   863 : 0
   860	   867 : 1
   864	   887 : 0
   884	   891 : 0
   888	   943 : 0
   940	   951 : 0
   948	   983 : 0
   980	   995 : 0
   992	  1023 : 0
  1020	  1027 : 1
  1024	  1087 : 0
  1084	  1095 : 0
  1092	  1127 : 0
  1124	  1135 : 1
  1132	  1211 : 0
  1208	  1219 : 0
  1216	  1367 : 0
  1364	  1371 : 0
  1368	  1375 : 0
  1372	  1383 : 0
  1380	  1399 : 0
  1396	  1407 : 0
  1404	  1435 : 0
  1432	  1439 : 0
  1436	  1651 : 0
  1648	  1675 : 0
  1672	  1703 : 0
  1700	  1707 : 1
  1704	  1795 : 0
  1792	  1803 : 0
  1800	  1811 : 0
  1808	  1823 : 0
  1820	  1847 : 0
  1844	  1991 : 0
  1988	  2327 : 0
  2324	  2471 : 1
  2468	  2599 : 0
  2596	  2619 : 1
  2616	  2719 : 0
  2716	  2859 : 1
  2856	  2987 : 0
  2984	  2991 : 1
  2988	  3099 : 0
  3096	  3315 : 1
  3312	  3355 : 0
  3352	  3363 : 0
  3360	  3395 : 0
  3392	  3419 : 0
  3416	  3431 : 0
  3428	  3439 : 0
  3436	  3443 : 0
  3440	  3451 : 0
  3448	  3491 : 0
  3488	  3511 : 0
  3508	  3615 : 0
  3612	  3675 : 0
  3672	  3679 : 0
  3676	  3687 : 0
  3684	  3743 : 0
  3740	  3827 : 0
  3824	  3851 : 0
  3848	  3855 : 0
  3852	  3863 : 0
  3860	  3879 : 0
  3876	  3883 : 0
  3880	  3895 : 0
  3892	  3911 : 0
  3908	  3943 : 0
  3940	  3947 : 0
  3944	  3951 : 0
  3948	  3959 : 0
  3956	  4007 : 0
  4004	  4015 : 0
  4012	  4023 : 1
  4020	  4043 : 0
  4040	  4047 : 0
  4044	  4055 : 0
  4052	  4059 : 0
  4056	  4063 : 0
  4060	  4071 : 0
  4068	  4135 : 0
  4132	  4143 : 0
  4140	  4171 : 0
  4168	  4183 : 1
  4180	  4215 : 0
  4212	  4263 : 0
  4260	  4267 : 0
  4264	  4299 : 0
  4296	  4307 : 0
  4304	  4335 : 0
  4332	  4555 : 0
  4552	  4559 : 1
  4556	  4683 : 0
  4680	  4759 : 1
  4756	  4763 : 0
  4760	  4791 : 0
  4788	  4795 : 0
  4792	  4831 : 0
  4828	  4879 : 0
  4876	  4911 : 1
  4908	  4975 : 0
  4972	  4991 : 0
  4988	  4995 : 0
  4992	  5039 : 1
  5036	  5047 : 0
  5044	  5091 : 0
  5088	  5095 : 0
  5092	  5159 : 0
  5156	  5163 : 0
  5160	  5191 : 0
  5188	  5195 : 0
  5192	  5199 : 1
  5196	  5503 : 0
  5500	  5519 : 1
  5516	  5639 : 0
  5636	  5819 : 0
  5816	  5827 : 0
  5824	  5935 : 0
  5932	  5947 : 0
  5944	  5951 : 0
  5948	  5971 : 0
  5968	  5975 : 0
  5972	  5979 : 0
  5976	  6055 : 0
  6052	  6159 : 0
  6156	  6219 : 0
  6216	  6223 : 0
  6220	  6239 : 0
  6236	  6751 : 0
  6748	  6819 : 1
  6816	  6823 : 0
  6820	  6847 : 0
  6844	  6851 : 0
  6848	  6919 : 0
  6916	  6939 : 0
  6936	  6943 : 1
  6940	  8003 : 0
  8000	  8015 : 0
  8012	  8055 : 0
  8052	  8067 : 0
  8064	  8079 : 0
  8076	  8571 : 0
  8568	  8715 : 0
  8712	  8875 : 0
  8872	  8879 : 0
  8876	  8915 : 0
  8912	  8919 : 0
  8916	  8939 : 0
  8936	  8943 : 0
  8940	  9031 : 1
  9028	  9091 : 0
  9088	  9095 : 1
  9092	 10567 : 0
 10564	 10683 : 1
 10680	 10691 : 0
 10688	 10695 : 0
 10692	 10703 : 0
 10700	 10803 : 0
 10800	 10851 : 0
 10848	 10855 : 1
 10852	 11063 : 0
 11060	 11071 : 1
 11068	 11455 : 0
 11452	 11831 : 0
 11828	 12007 : 0
 12004	 12011 : 1
 12008	 12095 : 0
 12092	 12099 : 0
 12096	 12415 : 0
 12412	 12419 : 1
 12416	 12463 : 0
 12460	 12471 : 1
 12468	 12647 : 0
 12644	 12651 : 0
 12648	 12659 : 0
 12656	 12675 : 0
 12672	 12731 : 0
 12728	 12735 : 0
 12732	 12775 : 0
 12772	 12787 : 1
 12784	 12795 : 0
 12792	 12823 : 0
 12820	 12835 : 0
 12832	 12887 : 0
 12884	 12891 : 0
 12888	 12943 : 1
 12940	 12947 : 0
 12944	 12971 : 1
 12968	 13023 : 0
 13020	 13139 : 0
 13136	 13171 : 0
 13168	 13199 : 0
 13196	 13223 : 0
 13220	 13251 : 1
 13248	 13271 : 0
 13268	 13291 : 0
 13288	 13315 : 0
 13312	 13319 : 0
 13316	 13343 : 0
 13340	 13351 : 1
 13348	 13383 : 0
 13380	 13439 : 0
 13436	 13615 : 0
 13612	 13659 : 0
 13656	 13663 : 0
 13660	 13667 : 0
 13664	 13671 : 0
 13668	 13703 : 0
 13700	 13707 : 0
 13704	 13723 : 0
 13720	 13731 : 0
 13728	 13735 : 0
 13732	 13751 : 0
 13748	 13763 : 0
 13760	 13767 : 0
 13764	 13771 : 0
 13768	 13775 : 0
 13772	 13823 : 0
 13820	 13855 : 0
 13852	 13863 : 0
 13860	 13867 : 0
 13864	 13879 : 1
 13876	 13895 : 0
 13892	 14023 : 0
 14020	 14027 : 0
 14024	 14051 : 0
 14048	 14059 : 0
 14056	 14091 : 0
 14088	 14095 : 0
 14092	 14127 : 0
 14124	 14143 : 0
 14140	 14147 : 0
 14144	 14159 : 0
 14156	 14167 : 0
 14164	 14183 : 0
 14180	 14191 : 0
 14188	 14203 : 0
 14200	 14263 : 0
 14260	 14287 : 0
 14284	 14347 : 0
 14344	 14351 : 0
 14348	 14355 : 1
 14352	 14427 : 0
 14424	 14435 : 0
 14432	 14455 : 0
 14452	 14459 : 0
 14456	 14467 : 0
 14464	 14479 : 0
 14476	 14483 : 0
 14480	 14499 : 0
 14496	 14503 : 0
 14500	 14507 : 0
 14504	 14575 : 0
 14572	 14579 : 0
 14576	 14595 : 0
 14592	 14599 : 0
 14596	 14711 : 0
 14708	 14719 : 0
 14716	 14727 : 0
 14724	 14735 : 0
 14732	 14743 : 0
 14740	 14751 : 0
 14748	 14759 : 0
 14756	 14763 : 0
 14760	 14783 : 0
 14780	 14791 : 1
 14788	 15119 : 0
 15116	 15235 : 1
 15232	 15255 : 0
 15252	 15271 : 1
 15268	 15279 : 0
 15276	 15307 : 0
 15304	 15311 : 0
 15308	 15383 : 0
 15380	 15391 : 0
 15388	 15423 : 0
 15420	 15427 : 0
 15424	 15511 : 1
 15508	 15543 : 0
 15540	 15615 : 1
 15612	 15619 : 0
 15616	 15987 : 0
 15984	 16071 : 0
 16068	 16123 : 0
 16120	 16127 : 0
 16124	 16163 : 0
 16160	 16167 : 0
 16164	 16239 : 1
 16236	 16291 : 0
 16288	 16335 : 1
 16332	 16371 : 0
 16368	 16403 : 0
 16400	 16419 : 0
 16416	 16455 : 0
 16452	 16495 : 0
 16492	 16563 : 0
 16560	 16579 : 0
 16576	 16635 : 0
 16632	 16887 : 0
 16884	 16963 : 0
 16960	 17023 : 0
 17020	 17063 : 0
 17060	 17167 : 0
 17164	 17187 : 0
 17184	 17191 : 0
 17188	 17203 : 0
 17200	 17211 : 0
 17208	 17215 : 0
 17212	 17231 : 0
 17228	 17331 : 0
 17328	 17379 : 0
 17376	 17383 : 0
 17380	 17387 : 0
 17384	 17395 : 0
 17392	 17403 : 0
 17400	 17431 : 0
 17428	 17575 : 0
 17572	 17583 : 0
 17580	 17587 : 0
 17584	 17643 : 0
 17640	 17659 : 0
 17656	 17703 : 0
 17700	 17719 : 0
 17716	 17735 : 0
 17732	 17743 : 0
 17740	 17779 : 0
 17776	 17799 : 0
 17796	 17815 : 0
 17812	 17835 : 0
 17832	 17839 : 0
 17836	 17867 : 0
 17864	 17883 : 0
 17880	 17903 : 0
 17900	 17911 : 0
 17908	 17951 : 0
 17948	 17955 : 0
 17952	 17963 : 0
 17960	 18119 : 0
 18116	 18123 : 0
 18120	 18131 : 0
 18128	 18143 : 0
 18140	 18147 : 0
 18144	 18419 : 0
 18416	 18427 : 0
 18424	 18451 : 0
 18448	 18547 : 0
 18544	 18567 : 0
 18564	 18599 : 0
 18596	 18611 : 0
 18608	 18667 : 0
 18664	 18675 : 0
 18672	 18679 : 0
 18676	 18703 : 0
 18700	 18743 : 0
 18740	 18787 : 0
 18784	 18791 : 0
 18788	 18807 : 0
 18804	 18819 : 0
 18816	 18823 : 0
 18820	 18927 : 0
 18924	 18935 : 0
 18932	 18939 : 0
 18936	 18947 : 0
 18944	 18959 : 0
 18956	 18983 : 0
 18980	 18991 : 0
 18988	 18999 : 0
 18996	 19003 : 0
 19000	 19015 : 0
 19012	 19027 : 0
 19024	 19031 : 0
 19028	 19167 : 0
 19164	 19171 : 0
 19168	 19175 : 0
 19172	 19291 : 0
 19288	 19295 : 0
 19292	 19335 : 0
 19332	 19431 : 0
 19428	 19439 : 0
 19436	 19443 : 0
 19440	 19475 : 0
 19472	 19479 : 0
 19476	 19487 : 0
 19484	 19651 : 0
 19648	 19667 : 0
 19664	 19703 : 0
 19700	 19895 : 0
 19892	 19899 : 0
 19896	 19955 : 0
 19952	 19959 : 0
 19956	 20063 : 0
 20060	 20067 : 0
 20064	 20083 : 0
 20080	 20091 : 0
 20088	 20155 : 0
 20152	 20159 : 0
 20156	 20167 : 0
 20164	 20183 : 0
 20180	 20219 : 0
 20216	 20223 : 1
 20220	 20311 : 0
 20308	 20315 : 1
 20312	 20399 : 0
 20396	 20447 : 0
 20444	 20571 : 0
 20568	 20595 : 0
 20592	 20611 : 0
 20608	 20627 : 0
 20624	 20647 : 0
 20644	 20651 : 1
 20648	 20915 : 0
 20912	 20927 : 1
 20924	 20951 : 0
 20948	 20979 : 0
 20976	 21059 : 0
 21056	 21063 : 0
 21060	 21067 : 0
 21064	 21071 : 0
 21068	 21103 : 0
 21100	 21111 : 0
 21108	 21131 : 0
 21128	 21163 : 0
 21160	 21167 : 0
 21164	 21203 : 0
 21200	 21207 : 0
 21204	 21215 : 0
 21212	 21259 : 0
 21256	 21427 : 1
 21424	 21435 : 0
 21432	 21543 : 0
 21540	 21919 : 0
 21916	 21923 : 0
 21920	 21927 : 0
 21924	 22099 : 0
 22096	 22107 : 0
 22104	 22147 : 0
 22144	 22223 : 0
 22220	 22231 : 1
 22228	 22259 : 0
 22256	 22279 : 0
 22276	 22283 : 0
 22280	 22291 : 0
 22288	 22299 : 0
 22296	 22463 : 0
 22460	 22467 : 0
 22464	 22491 : 0
 22488	 22495 : 0
 22492	 22523 : 0
 22520	 22527 : 2
 22524	 22555 : 0
 22552	 22679 : 0
 22676	 22683 : 0
 22680	 22703 : 1
 22700	 22711 : 0
 22708	 22751 : 0
 22748	 22779 : 0
 22776	 22791 : 0
 22788	 22811 : 0
 22808	 22815 : 1
 22812	 22843 : 0
 22840	 22847 : 0
 22844	 22867 : 0
 22864	 22907 : 0
 22904	 22911 : 0
 22908	 22923 : 0
 22920	 22927 : 0
 22924	 22999 : 0
 22996	 23007 : 0
 23004	 23015 : 1
 23012	 23039 : 0
 23036	 23055 : 0
 23052	 23059 : 0
 23056	 23587 : 0
 23584	 23623 : 0
 23620	 23631 : 1
 23628	 23643 : 0
 23640	 23647 : 0
 23644	 23695 : 0
 23692	 23699 : 0
 23696	 23711 : 0
 23708	 23795 : 0
 23792	 23803 : 0
 23800	 23807 : 0
 23804	 23815 : 0
 23812	 23839 : 0
 23836	 24023 : 0
 24020	 24027 : 1
 24024	 24323 : 0
 24320	 24371 : 0
 24368	 24527 : 0
 24524	 24567 : 0
 24564	 24575 : 0
 24572	 24627 : 0
 24624	 24647 : 0
 24644	 24679 : 0
 24676	 24683 : 0
 24680	 24703 : 0
 24700	 24723 : 0
 24720	 24735 : 0
 24732	 24743 : 0
 24740	 24855 : 0
 24852	 24967 : 0
 24964	 24999 : 0
 24996	 25019 : 0
 25016	 25031 : 1
 25028	 25043 : 0
 25040	 25059 : 0
 25056	 25063 : 0
 25060	 25067 : 0
 25064	 25083 : 0
 25080	 25091 : 0
 25088	 25123 : 0
 25120	 25151 : 0
 25148	 25155 : 0
 25152	 25159 : 1
 25156	 25351 : 0
 25348	 25499 : 1
 25496	 25523 : 0
 25520	 25527 : 0
 25524	 25531 : 0
 25528	 25551 : 0
 25548	 25563 : 0
 25560	 25575 : 0
 25572	 25611 : 0
 25608	 25619 : 0
 25616	 25651 : 0
 25648	 25687 : 0
 25684	 25695 : 0
 25692	 25747 : 0
 25744	 25755 : 0
 25752	 25771 : 0
 25768	 25807 : 0
 25804	 25823 : 0
 25820	 25831 : 0
 25828	 25859 : 0
 25856	 25871 : 0
 25868	 25883 : 0
 25880	 25959 : 0
 25956	 25995 : 0
 25992	 26155 : 0
 26152	 26175 : 1
 26172	 26179 : 0
 26176	 26195 : 0
 26192	 26259 : 0
 26256	 26283 : 0
 26280	 26307 : 0
 26304	 26347 : 0
 26344	 26371 : 0
 26368	 26375 : 0
 26372	 26387 : 0
 26384	 26391 : 0
 26388	 26471 : 0
 26468	 26475 : 0
 26472	 26787 : 0
 26784	 26791 : 1
 26788	 27039 : 0
 27036	 27043 : 0
 27040	 27051 : 0
 27048	 27183 : 0
 27180	 27367 : 0
 27364	 27387 : 0
 27384	 27391 : 0
 27388	 27411 : 0
 27408	 27467 : 0
 27464	 27475 : 0
 27472	 27555 : 0
 27552	 27583 : 0
 27580	 27683 : 0
 27680	 27971 : 1
 27968	 28063 : 0
 28060	 28071 : 0
 28068	 28079 : 0
 28076	 28095 : 0
 28092	 28119 : 0
 28116	 28143 : 0
 28140	 28155 : 0
 28152	 28163 : 0
 28160	 28171 : 0
 28168	 28235 : 0
 28232	 28255 : 0
 28252	 28259 : 0
 28256	 28355 : 0
 28352	 28383 : 1
 28380	 28543 : 0
 28540	 28827 : 0
 28824	 28839 : 0
 28836	 28855 : 0
 28852	 28863 : 0
 28860	 28887 : 0
 28884	 28987 : 0
 28984	 29247 : 1
 29244	 29267 : 0
 29264	 29295 : 0
 29292	 29303 : 0
 29300	 29435 : 0
 29432	 29443 : 0
 29440	 29447 : 0
 29444	 29491 : 0
 29488	 29527 : 0
 29524	 29551 : 0
 29548	 29603 : 0
 29600	 29643 : 0
 29640	 29699 : 0
