     0	   611 : 0
   608	   639 : 0
   636	   651 : 0
   648	   779 : 0
   776	   783 : 0
   780	   827 : 0
   824	   835 : 0
   832	  1027 : 0
  1024	  1035 : 0
  1032	  1099 : 0
  1096	  1107 : 0
  1104	  1119 : 0
  1116	  1127 : 0
  1124	  1159 : 0
  1156	  1163 : 0
  1160	  1459 : 0
  1456	  1523 : 0
  1520	  1527 : 0
  1524	  1595 : 0
  1592	  1619 : 0
  1616	  1655 : 0
  1652	  1679 : 0
  1676	  1723 : 0
  1720	  1735 : 0
  1732	  1751 : 0
  1748	  1759 : 0
  1756	  1771 : 0
  1768	  2195 : 0
  2192	  2455 : 0
  2452	  2463 : 0
  2460	  2635 : 0
  2632	  2651 : 0
  2648	  3043 : 0
  3040	  3047 : 0
  3044	  4087 : 0
  4084	  4091 : 0
  4088	  4259 : 0
  4256	  4267 : 0
  4264	  4311 : 0
  4308	  4351 : 0
  4348	  4355 : 0
  4352	  4387 : 0
  4384	  4431 : 0
  4428	  4435 : 0
  4432	  4463 : 0
  4460	  4471 : 0
  4468	  4479 : 0
  4476	  4483 : 0
  4480	  4487 : 0
  4484	  4495 : 0
  4492	  4571 : 0
  4568	  4575 : 0
  4572	  4587 : 0
  4584	  4623 : 0
  4620	  4663 : 0
  4660	  4671 : 0
  4668	  4695 : 0
  4692	  4707 : 0
  4704	  4731 : 0
  4728	  4735 : 0
  4732	  4755 : 0
  4752	  4791 : 0
  4788	  4875 : 1
  4872	  4955 : 0
  4952	  4963 : 0
  4960	  4971 : 0
  4968	  4975 : 0
  4972	  5083 : 0
  5080	  5087 : 1
  5084	  5151 : 0
  5148	  5155 : 0
  5152	  5159 : 0
  5156	  5163 : 0
  5160	  5171 : 0
  5168	  5191 : 0
  5188	  5199 : 0
  5196	  5211 : 0
  5208	  5403 : 0
  5400	  5419 : 0
  5416	  5439 : 0
  5436	  5459 : 0
  5456	  5559 : 0
  5556	  5683 : 0
  5680	  5727 : 0
  5724	  5807 : 0
  5804	  5883 : 0
  5880	  5919 : 0
  5916	  5923 : 0
  5920	  5931 : 1
  5928	  5995 : 0
  5992	  6023 : 0
  6020	  6031 : 0
  6028	  6035 : 0
  6032	  6075 : 0
  6072	  6083 : 0
  6080	  6127 : 0
  6124	  6151 : 0
  6148	  6155 : 0
  6152	  6255 : 0
  6252	  6287 : 0
  6284	  6351 : 0
  6348	  6367 : 0
  6364	  6383 : 0
  6380	  6443 : 0
  6440	  6451 : 0
  6448	  6467 : 0
  6464	  6555 : 0
  6552	  6559 : 0
  6556	  6563 : 0
  6560	  6571 : 0
  6568	  6579 : 0
  6576	  6595 : 0
  6592	  6679 : 0
  6676	  6755 : 0
  6752	  6991 : 1
  6988	  7039 : 0
  7036	  7131 : 0
  7128	  7135 : 0
  7132	  7147 : 0
  7144	  7295 : 0
  7292	  7527 : 0
  7524	  7575 : 0
  7572	  7583 : 0
  7580	  7587 : 0
  7584	  7715 : 0
  7712	  7723 : 0
  7720	  7803 : 0
  7800	  7807 : 0
  7804	  7839 : 0
  7836	  7859 : 0
  7856	  7919 : 0
  7916	  7939 : 0
  7936	  8027 : 0
  8024	  8083 : 0
  8080	  8259 : 0
