     0	    83 : 0
    80	    87 : 0
    84	    91 : 0
    88	    95 : 0
    92	    99 : 0
    96	   127 : 0
   124	   131 : 0
   128	   147 : 0
   144	   271 : 0
   268	   275 : 0
   272	   339 : 0
   336	   359 : 0
   356	   367 : 0
   364	   391 : 1
   388	   407 : 0
   404	   447 : 0
   444	   451 : 0
   448	   467 : 0
   464	   471 : 0
   468	   475 : 0
   472	   479 : 0
   476	   487 : 0
   484	   523 : 0
   520	   539 : 0
   536	   543 : 0
   540	   555 : 0
   552	   571 : 0
   568	   587 : 0
   584	   599 : 0
   596	   607 : 0
   604	   627 : 0
   624	   639 : 0
   636	   643 : 0
   640	   651 : 0
   648	   707 : 0
   704	   743 : 0
   740	   783 : 0
   780	   819 : 0
   816	   823 : 0
   820	   827 : 1
   824	   847 : 0
   844	   851 : 0
   848	   943 : 0
   940	   947 : 0
   944	   967 : 0
   964	   983 : 0
   980	   991 : 0
   988	  1027 : 0
  1024	  1099 : 0
  1096	  1363 : 0
  1360	  1503 : 0
  1500	  1515 : 0
  1512	  1519 : 0
  1516	  1547 : 0
  1544	  1635 : 0
  1632	  1691 : 0
  1688	  1703 : 0
  1700	  1715 : 0
  1712	  1751 : 0
  1748	  1759 : 0
  1756	  1775 : 0
  1772	  1791 : 0
  1788	  1815 : 0
  1812	  1835 : 0
  1832	  1839 : 0
  1836	  1943 : 0
  1940	  1967 : 0
  1964	  1979 : 0
  1976	  2047 : 0
  2044	  2091 : 0
  2088	  2103 : 0
  2100	  2115 : 0
  2112	  2371 : 0
  2368	  2375 : 1
  2372	  2403 : 0
  2400	  2427 : 0
  2424	  2463 : 0
  2460	  2503 : 0
  2500	  2507 : 0
  2504	  2511 : 1
  2508	  2523 : 0
  2520	  2527 : 0
  2524	  2547 : 0
  2544	  2563 : 0
  2560	  2571 : 0
  2568	  2579 : 0
  2576	  2591 : 0
  2588	  2603 : 1
  2600	  2607 : 0
  2604	  2643 : 0
  2640	  2651 : 0
  2648	  2659 : 0
  2656	  2787 : 0
  2784	  2795 : 0
  2792	  2811 : 0
  2808	  2815 : 0
  2812	  2819 : 0
  2816	  2823 : 0
  2820	  2835 : 0
  2832	  2839 : 1
  2836	  2899 : 0
  2896	  2915 : 0
  2912	  2971 : 0
  2968	  2979 : 0
  2976	  3095 : 0
  3092	  3103 : 0
  3100	  3175 : 0
  3172	  3179 : 0
  3176	  3187 : 0
  3184	  3195 : 0
  3192	  3211 : 0
  3208	  3251 : 0
  3248	  3259 : 0
  3256	  3267 : 0
  3264	  3275 : 0
  3272	  3279 : 0
  3276	  3287 : 0
  3284	  3291 : 0
  3288	  3303 : 0
  3300	  3307 : 0
  3304	  3439 : 0
  3436	  3455 : 0
  3452	  3487 : 0
  3484	  3491 : 0
  3488	  3619 : 0
  3616	  3643 : 0
  3640	  3655 : 0
  3652	  3675 : 0
  3672	  3683 : 0
  3680	  3691 : 0
  3688	  3727 : 0
  3724	  3739 : 0
  3736	  3751 : 0
  3748	  3771 : 0
  3768	  3775 : 0
  3772	  3783 : 0
  3780	  3787 : 0
  3784	  3811 : 1
  3808	  3859 : 0
  3856	  3863 : 0
  3860	  3867 : 0
  3864	  3879 : 0
  3876	  4163 : 0
  4160	  4167 : 0
  4164	  4171 : 0
  4168	  4175 : 1
  4172	  4187 : 0
  4184	  4191 : 0
  4188	  4227 : 0
  4224	  4235 : 1
  4232	  4247 : 0
  4244	  4271 : 0
  4268	  4295 : 0
  4292	  4307 : 0
  4304	  4371 : 0
  4368	  4379 : 1
  4376	  4735 : 0
  4732	  4787 : 0
  4784	  4795 : 0
  4792	  4799 : 0
  4796	  4803 : 0
  4800	  4811 : 0
  4808	  4831 : 0
  4828	  4843 : 0
  4840	  4847 : 0
  4844	  4851 : 0
  4848	  4855 : 0
  4852	  4863 : 0
  4860	  4871 : 0
  4868	  4879 : 0
  4876	  4895 : 0
  4892	  4907 : 0
  4904	  4911 : 0
  4908	  4923 : 1
  4920	  4927 : 0
  4924	  4931 : 1
  4928	  4991 : 0
  4988	  5007 : 1
  5004	  5011 : 0
  5008	  5027 : 1
  5024	  5095 : 0
  5092	  5099 : 1
  5096	  5131 : 0
  5128	  5135 : 0
  5132	  5175 : 0
  5172	  5183 : 0
  5180	  5227 : 0
  5224	  5247 : 0
  5244	  5259 : 0
  5256	  5263 : 0
  5260	  5391 : 0
  5388	  5407 : 0
  5404	  5411 : 0
  5408	  5423 : 0
  5420	  5579 : 0
  5576	  5683 : 0
  5680	  5687 : 0
  5684	  5691 : 1
  5688	  5867 : 0
  5864	  6003 : 1
  6000	  6007 : 0
  6004	  6015 : 0
  6012	  6047 : 0
  6044	  6051 : 1
  6048	  6123 : 0
  6120	  6127 : 0
  6124	  6131 : 0
  6128	  6143 : 0
  6140	  6147 : 0
  6144	  6159 : 0
  6156	  6239 : 0
  6236	  6299 : 0
  6296	  6311 : 0
  6308	  6335 : 0
  6332	  6347 : 0
  6344	  6427 : 0
  6424	  6431 : 0
  6428	  6435 : 1
  6432	  6475 : 0
  6472	  6487 : 0
  6484	  6515 : 0
  6512	  6523 : 0
  6520	  6567 : 0
  6564	  6571 : 0
  6568	  6587 : 0
  6584	  6615 : 0
  6612	  6655 : 0
  6652	  6735 : 1
  6732	  6743 : 0
  6740	  6763 : 0
  6760	  6875 : 0
  6872	  6883 : 0
  6880	  6911 : 0
  6908	  6915 : 0
  6912	  7031 : 0
  7028	  7039 : 1
  7036	  7083 : 0
  7080	  7091 : 0
  7088	  7119 : 0
  7116	  7123 : 0
  7120	  7159 : 0
  7156	  7219 : 0
  7216	  7227 : 0
  7224	  7263 : 0
  7260	  7319 : 0
  7316	  7351 : 0
  7348	  7355 : 0
  7352	  7371 : 0
  7368	  7379 : 0
  7376	  7383 : 0
  7380	  7387 : 0
  7384	  7391 : 0
  7388	  7527 : 0
  7524	  7543 : 0
  7540	  7547 : 0
  7544	  7675 : 0
  7672	  7683 : 0
  7680	  7699 : 0
  7696	  7715 : 0
  7712	  7727 : 0
  7724	  7731 : 0
  7728	  7739 : 0
  7736	  7751 : 0
  7748	  7759 : 0
  7756	  7779 : 0
  7776	  7783 : 0
  7780	  7867 : 0
  7864	  7875 : 0
  7872	  7895 : 0
  7892	  7899 : 0
  7896	  7923 : 0
  7920	  7927 : 0
  7924	  8247 : 0
  8244	  8267 : 1
  8264	  8343 : 0
  8340	  8375 : 0
  8372	  8379 : 0
  8376	  8383 : 0
  8380	  8395 : 0
