     0	    15 : 0
    12	    19 : 0
    16	    35 : 0
    32	    67 : 0
    64	    79 : 0
    76	    91 : 0
    88	   111 : 0
   108	   435 : 1
   432	   439 : 0
   436	   491 : 0
   488	   495 : 0
   492	   523 : 0
   520	   527 : 0
   524	   627 : 1
   624	   647 : 0
   644	   675 : 0
   672	   787 : 0
   784	   791 : 1
   788	  1243 : 0
  1240	  1291 : 0
  1288	  1315 : 0
  1312	  1331 : 1
  1328	  1339 : 0
  1336	  1347 : 0
  1344	  1355 : 0
  1352	  1371 : 0
  1368	  1387 : 0
  1384	  1439 : 0
  1436	  1523 : 0
  1520	  1559 : 1
  1556	  1591 : 0
  1588	  1595 : 0
  1592	  1599 : 0
  1596	  1627 : 0
  1624	  1663 : 0
  1660	  1675 : 0
  1672	  1703 : 0
  1700	  1747 : 0
  1744	  1803 : 0
  1800	  1831 : 0
  1828	  1843 : 0
  1840	  1899 : 1
  1896	  2131 : 0
  2128	  2139 : 1
  2136	  2287 : 0
  2284	  2295 : 0
  2292	  2299 : 0
  2296	  2347 : 0
  2344	  2439 : 0
  2436	  2443 : 1
  2440	  2451 : 0
  2448	  2519 : 0
  2516	  2607 : 0
  2604	  2631 : 0
  2628	  2643 : 0
  2640	  2683 : 0
  2680	  2699 : 0
  2696	  2703 : 1
  2700	  2711 : 0
  2708	  2763 : 0
  2760	  2779 : 0
  2776	  2823 : 0
  2820	  2827 : 0
  2824	  2835 : 0
  2832	  2863 : 0
  2860	  2875 : 0
  2872	  2891 : 0
  2888	  2927 : 0
  2924	  2931 : 0
  2928	  2951 : 0
  2948	  2959 : 0
  2956	  2987 : 0
  2984	  2991 : 0
  2988	  3039 : 0
  3036	  3043 : 0
  3040	  3335 : 0
  3332	  3339 : 0
  3336	  3343 : 1
  3340	  3423 : 0
  3420	  3451 : 0
  3448	  3455 : 0
  3452	  3459 : 0
  3456	  3463 : 0
  3460	  3467 : 0
  3464	  3487 : 0
  3484	  3491 : 0
  3488	  3507 : 0
  3504	  3531 : 0
  3528	  3543 : 0
  3540	  3555 : 0
  3552	  3559 : 0
  3556	  3563 : 0
  3560	  3567 : 0
  3564	  3611 : 0
  3608	  3615 : 0
  3612	  3747 : 0
  3744	  3871 : 0
  3868	  3887 : 0
  3884	  3939 : 0
  3936	  3963 : 0
  3960	  4011 : 0
  4008	  4015 : 0
  4012	  4051 : 0
  4048	  4055 : 0
  4052	  4063 : 0
  4060	  4075 : 0
  4072	  4223 : 0
  4220	  4283 : 0
  4280	  4291 : 0
  4288	  4339 : 0
  4336	  4359 : 0
  4356	  4435 : 0
  4432	  4451 : 0
  4448	  4459 : 0
  4456	  4571 : 0
  4568	  4623 : 0
  4620	  4659 : 0
  4656	  4667 : 0
  4664	  4671 : 0
  4668	  4719 : 1
  4716	  4723 : 0
  4720	  4963 : 0
  4960	  4967 : 0
  4964	  4999 : 0
  4996	  5119 : 0
  5116	  5139 : 0
  5136	  5147 : 0
  5144	  5195 : 0
  5192	  5203 : 0
  5200	  5223 : 0
  5220	  5239 : 0
  5236	  5247 : 1
  5244	  5375 : 0
  5372	  5543 : 1
  5540	  5555 : 0
  5552	  5615 : 0
  5612	  5619 : 0
  5616	  5631 : 0
  5628	  5643 : 0
  5640	  5695 : 0
  5692	  6271 : 0
  6268	  6371 : 0
  6368	  6375 : 0
  6372	  6403 : 1
  6400	  6411 : 0
  6408	  6419 : 0
  6416	  6427 : 0
  6424	  6435 : 0
  6432	  6439 : 0
  6436	  6443 : 0
  6440	  6467 : 0
  6464	  6471 : 0
  6468	  6479 : 0
  6476	  6507 : 0
  6504	  6515 : 0
  6512	  6535 : 0
  6532	  6547 : 0
  6544	  6555 : 0
  6552	  6559 : 0
  6556	  6563 : 1
  6560	  6647 : 0
  6644	  6651 : 0
  6648	  6671 : 0
  6668	  6675 : 1
  6672	  6927 : 0
  6924	  6935 : 0
  6932	  6987 : 0
  6984	  6991 : 0
  6988	  7179 : 0
  7176	  7183 : 0
  7180	  7279 : 0
  7276	  7295 : 1
  7292	  7303 : 0
  7300	  7319 : 0
  7316	  7335 : 0
  7332	  7339 : 0
  7336	  7347 : 0
  7344	  7355 : 0
  7352	  7363 : 0
  7360	  7371 : 0
  7368	  7375 : 0
  7372	  7387 : 0
  7384	  7395 : 0
  7392	  7399 : 0
  7396	  7403 : 0
  7400	  7407 : 0
  7404	  7411 : 0
  7408	  7415 : 0
  7412	  7431 : 0
  7428	  7451 : 0
  7448	  7455 : 0
  7452	  7463 : 0
  7460	  7475 : 0
  7472	  7479 : 0
  7476	  7483 : 0
  7480	  7515 : 1
  7512	  7519 : 0
  7516	  7579 : 1
  7576	  8083 : 0
  8080	  8087 : 0
  8084	  8107 : 0
  8104	  8111 : 1
  8108	  8239 : 0
  8236	  8295 : 1
  8292	  8331 : 0
  8328	  8343 : 0
  8340	  8347 : 0
  8344	  8355 : 0
  8352	  8371 : 0
  8368	  8395 : 1
  8392	  8411 : 0
  8408	  8431 : 0
  8428	  8499 : 0
  8496	  8511 : 0
  8508	  8531 : 0
  8528	  8743 : 1
  8740	  8847 : 0
  8844	  8975 : 0
  8972	  8983 : 0
  8980	  9095 : 0
  9092	  9099 : 0
  9096	  9123 : 1
  9120	  9127 : 0
  9124	  9191 : 0
  9188	  9207 : 0
  9204	  9211 : 0
  9208	  9295 : 0
  9292	  9335 : 0
  9332	  9351 : 0
  9348	  9359 : 0
  9356	  9443 : 0
  9440	  9451 : 1
  9448	  9575 : 0
  9572	  9599 : 1
  9596	  9843 : 0
  9840	  9851 : 0
  9848	  9955 : 0
  9952	  9959 : 0
  9956	 10055 : 0
 10052	 10071 : 0
 10068	 10087 : 0
 10084	 10095 : 0
 10092	 10099 : 0
 10096	 10111 : 0
 10108	 10135 : 0
 10132	 10139 : 0
 10136	 10143 : 0
 10140	 10147 : 0
 10144	 10167 : 0
 10164	 10171 : 0
 10168	 10179 : 0
 10176	 10211 : 0
 10208	 10215 : 0
 10212	 10239 : 0
 10236	 10243 : 0
 10240	 10247 : 0
 10244	 10255 : 0
 10252	 10275 : 0
 10272	 10287 : 0
 10284	 10291 : 0
 10288	 10335 : 0
 10332	 10347 : 0
 10344	 10363 : 0
 10360	 10375 : 0
 10372	 10383 : 0
 10380	 10391 : 0
 10388	 10399 : 0
 10396	 10423 : 0
 10420	 10427 : 0
 10424	 10443 : 0
 10440	 10479 : 0
 10476	 10491 : 0
 10488	 10495 : 0
 10492	 10499 : 0
 10496	 10575 : 0
 10572	 10579 : 0
 10576	 10627 : 0
 10624	 10635 : 1
 10632	 10647 : 0
 10644	 10687 : 0
 10684	 10731 : 0
 10728	 10739 : 0
 10736	 10747 : 0
 10744	 10759 : 0
 10756	 10775 : 0
 10772	 10807 : 0
 10804	 10815 : 0
 10812	 10931 : 0
 10928	 11179 : 0
 11176	 11191 : 0
 11188	 11195 : 0
 11192	 11203 : 0
 11200	 11215 : 0
 11212	 11259 : 0
 11256	 11263 : 0
 11260	 11287 : 0
 11284	 11299 : 0
 11296	 11315 : 0
 11312	 11379 : 0
 11376	 11395 : 0
 11392	 11403 : 0
 11400	 11411 : 0
 11408	 11415 : 0
 11412	 11447 : 0
 11444	 11451 : 0
 11448	 11479 : 0
 11476	 11543 : 0
 11540	 11547 : 0
 11544	 11555 : 0
 11552	 11559 : 0
 11556	 11579 : 0
 11576	 11619 : 0
 11616	 11683 : 0
 11680	 11711 : 0
 11708	 11727 : 0
 11724	 11731 : 1
 11728	 11755 : 0
 11752	 11771 : 0
 11768	 11791 : 0
 11788	 11811 : 0
 11808	 11859 : 0
 11856	 11891 : 0
 11888	 11939 : 0
 11936	 11959 : 0
 11956	 12059 : 0
 12056	 12071 : 0
 12068	 12263 : 0
 12260	 12319 : 1
 12316	 12471 : 0
 12468	 12479 : 0
 12476	 12483 : 0
 12480	 12507 : 0
 12504	 12519 : 0
 12516	 12795 : 0
 12792	 12855 : 0
 12852	 12943 : 1
 12940	 13159 : 0
 13156	 13167 : 1
 13164	 13311 : 0
 13308	 13315 : 0
 13312	 13335 : 0
 13332	 13339 : 0
 13336	 13351 : 0
 13348	 13375 : 0
 13372	 13443 : 0
 13440	 13471 : 0
 13468	 13515 : 0
 13512	 13519 : 0
 13516	 13523 : 0
 13520	 13527 : 0
 13524	 13571 : 0
 13568	 13603 : 0
 13600	 13623 : 0
 13620	 13631 : 0
 13628	 13643 : 0
 13640	 13647 : 0
 13644	 13663 : 0
 13660	 13667 : 0
 13664	 13679 : 0
 13676	 13715 : 0
 13712	 13723 : 0
 13720	 13731 : 0
 13728	 13739 : 0
 13736	 13751 : 0
 13748	 13763 : 0
 13760	 13767 : 1
 13764	 13779 : 0
 13776	 13819 : 0
 13816	 13839 : 0
 13836	 13879 : 1
 13876	 13927 : 0
 13924	 13931 : 0
 13928	 13935 : 0
 13932	 13955 : 0
 13952	 13959 : 0
 13956	 13967 : 0
 13964	 13975 : 0
 13972	 13987 : 0
 13984	 14043 : 0
 14040	 14059 : 0
 14056	 14067 : 0
 14064	 14079 : 1
 14076	 14279 : 0
 14276	 14291 : 0
 14288	 14671 : 0
 14668	 14743 : 1
 14740	 14747 : 0
 14744	 14811 : 0
 14808	 14815 : 0
 14812	 14835 : 0
 14832	 14843 : 0
 14840	 14847 : 0
 14844	 14851 : 0
 14848	 14859 : 0
 14856	 14911 : 0
 14908	 14915 : 0
 14912	 14919 : 0
 14916	 14983 : 0
 14980	 14987 : 0
 14984	 14991 : 0
 14988	 14999 : 0
 14996	 15051 : 0
 15048	 15059 : 0
 15056	 15063 : 0
 15060	 15135 : 0
 15132	 15147 : 0
 15144	 15167 : 0
 15164	 15199 : 0
 15196	 15279 : 0
 15276	 15299 : 1
 15296	 15303 : 0
 15300	 15311 : 0
 15308	 15387 : 0
 15384	 15459 : 0
 15456	 15463 : 0
 15460	 15467 : 0
 15464	 15483 : 0
 15480	 15487 : 0
 15484	 15511 : 0
 15508	 15519 : 1
 15516	 15531 : 0
 15528	 15547 : 0
 15544	 15587 : 0
 15584	 15615 : 0
 15612	 15631 : 0
 15628	 15635 : 0
 15632	 15647 : 0
 15644	 15663 : 0
 15660	 15667 : 0
 15664	 15683 : 0
 15680	 15687 : 0
 15684	 15719 : 1
 15716	 15727 : 0
 15724	 15743 : 1
 15740	 15747 : 0
 15744	 15751 : 0
 15748	 15759 : 0
 15756	 15779 : 0
 15776	 15783 : 0
 15780	 15787 : 0
 15784	 15811 : 0
 15808	 15815 : 1
 15812	 15819 : 0
 15816	 15831 : 0
 15828	 15835 : 0
 15832	 15887 : 0
 15884	 15919 : 0
 15916	 15923 : 0
 15920	 15971 : 0
 15968	 15979 : 0
 15976	 15991 : 0
 15988	 15999 : 0
 15996	 16003 : 0
 16000	 16047 : 0
 16044	 16055 : 0
 16052	 16079 : 1
 16076	 16087 : 0
 16084	 16107 : 1
 16104	 16115 : 0
 16112	 16127 : 0
 16124	 16139 : 0
 16136	 16191 : 0
 16188	 16199 : 0
 16196	 16203 : 0
 16200	 16251 : 0
 16248	 16267 : 0
 16264	 16275 : 0
 16272	 16307 : 0
 16304	 16315 : 0
 16312	 16331 : 0
 16328	 16335 : 0
 16332	 16347 : 0
 16344	 16355 : 0
 16352	 16411 : 0
 16408	 16535 : 0
 16532	 16591 : 0
 16588	 16859 : 0
 16856	 16911 : 0
 16908	 16919 : 0
 16916	 16923 : 0
 16920	 16927 : 0
 16924	 16935 : 0
 16932	 17035 : 0
 17032	 17039 : 0
 17036	 17227 : 0
 17224	 17371 : 0
 17368	 17375 : 0
 17372	 17387 : 0
 17384	 17411 : 0
 17408	 17415 : 0
 17412	 17439 : 0
 17436	 17447 : 0
 17444	 17475 : 0
 17472	 17507 : 0
 17504	 17511 : 0
 17508	 17627 : 0
 17624	 17631 : 0
 17628	 17639 : 0
 17636	 17663 : 0
 17660	 17671 : 0
 17668	 17687 : 0
 17684	 17695 : 0
 17692	 17707 : 0
 17704	 17711 : 0
 17708	 17723 : 0
 17720	 17739 : 0
 17736	 17787 : 0
 17784	 17811 : 0
 17808	 17819 : 0
 17816	 17839 : 0
 17836	 17887 : 0
 17884	 17891 : 0
 17888	 17967 : 0
 17964	 17975 : 0
 17972	 18019 : 0
 18016	 18031 : 0
 18028	 18035 : 0
 18032	 18043 : 0
 18040	 18051 : 0
 18048	 18063 : 0
 18060	 18095 : 0
 18092	 18099 : 0
 18096	 18151 : 0
 18148	 18631 : 0
 18628	 18731 : 0
 18728	 18751 : 0
