     0	     7 : 0
     4	    43 : 0
    40	    47 : 0
    44	    55 : 0
    52	    71 : 0
    68	    75 : 0
    72	    95 : 0
    92	   115 : 0
   112	   135 : 0
   132	   163 : 0
   160	   207 : 0
   204	   231 : 0
   228	   235 : 0
   232	   251 : 0
   248	   263 : 0
   260	   267 : 0
   264	   303 : 0
   300	   335 : 0
   332	   343 : 0
   340	   347 : 0
   344	   351 : 0
   348	   355 : 0
   352	   367 : 0
   364	   375 : 0
   372	   387 : 0
   384	   415 : 0
   412	   443 : 0
   440	   447 : 0
   444	   507 : 0
   504	   519 : 0
   516	   547 : 0
   544	   567 : 0
   564	   571 : 0
   568	   575 : 0
   572	   587 : 0
   584	   611 : 0
   608	   615 : 0
   612	   619 : 0
   616	   655 : 0
   652	   671 : 0
   668	   687 : 0
   684	   691 : 0
   688	   711 : 0
   708	   731 : 0
   728	   739 : 0
   736	   743 : 0
   740	   755 : 0
   752	   787 : 0
   784	   791 : 0
   788	   827 : 0
   824	   835 : 0
   832	   959 : 0
   956	   963 : 0
   960	   991 : 0
   988	  1003 : 0
  1000	  1011 : 0
  1008	  1035 : 0
  1032	  1095 : 0
  1092	  1099 : 0
  1096	  1103 : 0
  1100	  1111 : 0
  1108	  1115 : 0
  1112	  1119 : 0
  1116	  1131 : 0
  1128	  1143 : 0
  1140	  1151 : 0
  1148	  1155 : 0
  1152	  1167 : 0
  1164	  1175 : 0
  1172	  1179 : 0
  1176	  1187 : 0
  1184	  1199 : 0
  1196	  1231 : 0
  1228	  1239 : 0
  1236	  1315 : 0
  1312	  1331 : 0
  1328	  1363 : 0
  1360	  1395 : 0
  1392	  1407 : 0
  1404	  1415 : 0
  1412	  1439 : 0
  1436	  1451 : 0
  1448	  1483 : 0
  1480	  1495 : 0
  1492	  1511 : 0
  1508	  1515 : 0
  1512	  1547 : 0
  1544	  1555 : 0
  1552	  1559 : 0
  1556	  1571 : 0
  1568	  1591 : 0
  1588	  1595 : 0
  1592	  1599 : 0
  1596	  1603 : 0
  1600	  1615 : 0
  1612	  1619 : 0
  1616	  1627 : 0
  1624	  1635 : 0
  1632	  1639 : 0
  1636	  1643 : 0
  1640	  1647 : 0
  1644	  1659 : 0
  1656	  1667 : 0
  1664	  1671 : 0
  1668	  1675 : 0
  1672	  1699 : 0
  1696	  1703 : 0
  1700	  1727 : 0
  1724	  1731 : 0
  1728	  1747 : 0
  1744	  1755 : 0
  1752	  1771 : 0
  1768	  1775 : 0
  1772	  1795 : 0
  1792	  1799 : 0
  1796	  1815 : 0
  1812	  1835 : 0
  1832	  1839 : 0
  1836	  1843 : 0
  1840	  1847 : 0
  1844	  1851 : 0
  1848	  1855 : 0
  1852	  1883 : 0
  1880	  1887 : 1
  1884	  1891 : 0
  1888	  1923 : 0
  1920	  1927 : 0
  1924	  1931 : 0
  1928	  1939 : 0
  1936	  1975 : 0
  1972	  1983 : 0
  1980	  1987 : 0
  1984	  1995 : 0
  1992	  2003 : 0
  2000	  2027 : 0
  2024	  2035 : 0
  2032	  2043 : 0
  2040	  2047 : 0
  2044	  2055 : 0
  2052	  2111 : 0
  2108	  2115 : 0
  2112	  2119 : 0
  2116	  2123 : 0
  2120	  2147 : 0
  2144	  2155 : 0
  2152	  2163 : 0
  2160	  2167 : 0
  2164	  2171 : 0
  2168	  2199 : 0
  2196	  2215 : 0
  2212	  2223 : 0
  2220	  2239 : 0
  2236	  2263 : 0
  2260	  2279 : 0
  2276	  2283 : 0
  2280	  2291 : 0
  2288	  2299 : 0
  2296	  2319 : 0
  2316	  2327 : 0
  2324	  2331 : 0
  2328	  2335 : 0
  2332	  2339 : 0
  2336	  2343 : 0
  2340	  2355 : 0
  2352	  2359 : 0
  2356	  2375 : 0
  2372	  2379 : 0
  2376	  2387 : 0
  2384	  2395 : 0
  2392	  2399 : 0
  2396	  2419 : 0
  2416	  2423 : 0
  2420	  2431 : 0
  2428	  2435 : 0
  2432	  2455 : 0
  2452	  2483 : 0
  2480	  2487 : 0
  2484	  2495 : 0
  2492	  2503 : 0
  2500	  2539 : 0
  2536	  2559 : 0
  2556	  2567 : 0
  2564	  2575 : 0
  2572	  2579 : 0
  2576	  2587 : 0
  2584	  2591 : 0
  2588	  2599 : 0
  2596	  2603 : 0
  2600	  2607 : 0
  2604	  2611 : 0
  2608	  2615 : 0
  2612	  2663 : 0
  2660	  2675 : 0
  2672	  2707 : 0
  2704	  2715 : 0
  2712	  2727 : 0
  2724	  2743 : 0
  2740	  2759 : 0
  2756	  2767 : 0
  2764	  2803 : 0
  2800	  2823 : 0
  2820	  2831 : 0
  2828	  2835 : 0
  2832	  2839 : 0
  2836	  2843 : 0
  2840	  2863 : 0
  2860	  2867 : 0
  2864	  2871 : 0
  2868	  2875 : 0
  2872	  2959 : 0
  2956	  2967 : 0
  2964	  3035 : 0
  3032	  3039 : 0
  3036	  3051 : 0
  3048	  3059 : 0
  3056	  3095 : 0
  3092	  3103 : 0
  3100	  3143 : 0
  3140	  3147 : 0
  3144	  3151 : 0
  3148	  3155 : 0
  3152	  3163 : 0
  3160	  3167 : 0
  3164	  3171 : 0
  3168	  3175 : 0
  3172	  3187 : 0
  3184	  3191 : 0
  3188	  3207 : 0
  3204	  3211 : 0
  3208	  3215 : 0
  3212	  3227 : 0
  3224	  3235 : 0
  3232	  3239 : 0
  3236	  3251 : 0
  3248	  3255 : 0
  3252	  3263 : 0
  3260	  3267 : 0
  3264	  3299 : 0
  3296	  3315 : 0
  3312	  3335 : 0
  3332	  3339 : 0
  3336	  3379 : 0
  3376	  3387 : 0
  3384	  3391 : 0
  3388	  3399 : 0
  3396	  3443 : 0
  3440	  3447 : 0
  3444	  3451 : 0
  3448	  3455 : 0
  3452	  3515 : 0
  3512	  3519 : 0
  3516	  3643 : 0
  3640	  3659 : 0
  3656	  3663 : 0
  3660	  3671 : 0
  3668	  3703 : 0
  3700	  3707 : 0
  3704	  3719 : 0
  3716	  3723 : 0
  3720	  3743 : 0
  3740	  3747 : 0
  3744	  3755 : 0
  3752	  3759 : 0
  3756	  3767 : 0
  3764	  3779 : 0
  3776	  3783 : 0
  3780	  3795 : 0
  3792	  3815 : 0
  3812	  3823 : 0
  3820	  3835 : 0
  3832	  3839 : 0
  3836	  3855 : 0
  3852	  3859 : 0
  3856	  3903 : 0
  3900	  3907 : 0
  3904	  3919 : 0
  3916	  3927 : 0
  3924	  3939 : 0
  3936	  3947 : 0
  3944	  3951 : 0
  3948	  3963 : 0
  3960	  3975 : 0
  3972	  3979 : 0
  3976	  3983 : 0
  3980	  3987 : 0
  3984	  4003 : 0
  4000	  4007 : 0
  4004	  4023 : 0
  4020	  4039 : 0
  4036	  4043 : 0
  4040	  4047 : 0
  4044	  4051 : 0
  4048	  4059 : 0
  4056	  4151 : 0
  4148	  4155 : 0
  4152	  4175 : 0
  4172	  4199 : 0
  4196	  4215 : 0
  4212	  4223 : 0
  4220	  4227 : 0
  4224	  4235 : 0
  4232	  4263 : 0
  4260	  4271 : 0
  4268	  4275 : 0
  4272	  4279 : 0
  4276	  4283 : 0
  4280	  4287 : 0
  4284	  4291 : 0
  4288	  4295 : 0
  4292	  4323 : 0
  4320	  4327 : 0
  4324	  4355 : 0
  4352	  4359 : 0
  4356	  4383 : 0
  4380	  4387 : 0
  4384	  4395 : 0
  4392	  4403 : 0
  4400	  4419 : 0
  4416	  4427 : 0
  4424	  4431 : 0
  4428	  4491 : 0
  4488	  4503 : 0
  4500	  4527 : 0
  4524	  4531 : 0
  4528	  4539 : 0
  4536	  4555 : 0
  4552	  4559 : 0
  4556	  4563 : 0
  4560	  4603 : 0
  4600	  4615 : 0
  4612	  4631 : 0
  4628	  4643 : 0
  4640	  4647 : 0
  4644	  4667 : 0
  4664	  4679 : 0
  4676	  4683 : 0
  4680	  4691 : 0
  4688	  4703 : 0
  4700	  4731 : 0
  4728	  4747 : 0
  4744	  4783 : 0
  4780	  4795 : 0
  4792	  4799 : 0
  4796	  4819 : 0
  4816	  4843 : 0
  4840	  4855 : 0
  4852	  4867 : 0
  4864	  4883 : 0
  4880	  4903 : 0
  4900	  4907 : 0
  4904	  4915 : 0
  4912	  4919 : 0
  4916	  4927 : 0
  4924	  4931 : 0
  4928	  4935 : 0
  4932	  4939 : 0
  4936	  4959 : 0
  4956	  4963 : 0
  4960	  4967 : 0
  4964	  4975 : 0
  4972	  4983 : 0
  4980	  4995 : 0
  4992	  5027 : 0
  5024	  5035 : 0
  5032	  5047 : 0
  5044	  5051 : 0
  5048	  5083 : 0
  5080	  5107 : 0
  5104	  5111 : 0
  5108	  5115 : 0
  5112	  5127 : 0
  5124	  5131 : 0
  5128	  5135 : 0
  5132	  5151 : 0
  5148	  5155 : 0
  5152	  5163 : 0
  5160	  5167 : 0
  5164	  5171 : 0
  5168	  5183 : 0
  5180	  5187 : 0
  5184	  5191 : 0
  5188	  5199 : 0
  5196	  5203 : 0
  5200	  5207 : 0
  5204	  5211 : 0
  5208	  5223 : 0
  5220	  5227 : 0
  5224	  5239 : 0
  5236	  5243 : 0
  5240	  5255 : 0
  5252	  5295 : 0
  5292	  5299 : 0
  5296	  5311 : 0
  5308	  5319 : 0
  5316	  5323 : 0
  5320	  5331 : 0
  5328	  5335 : 0
  5332	  5339 : 0
  5336	  5355 : 0
  5352	  5359 : 0
  5356	  5371 : 0
  5368	  5379 : 0
  5376	  5387 : 0
  5384	  5395 : 0
  5392	  5419 : 0
  5416	  5435 : 0
  5432	  5447 : 0
  5444	  5451 : 0
  5448	  5455 : 0
  5452	  5459 : 0
  5456	  5463 : 0
  5460	  5487 : 0
  5484	  5499 : 0
  5496	  5503 : 0
  5500	  5507 : 0
  5504	  5511 : 0
  5508	  5535 : 0
  5532	  5543 : 0
  5540	  5547 : 0
  5544	  5551 : 0
  5548	  5559 : 0
  5556	  5567 : 0
  5564	  5575 : 0
  5572	  5591 : 0
  5588	  5599 : 0
  5596	  5607 : 0
  5604	  5611 : 0
  5608	  5615 : 0
  5612	  5619 : 0
  5616	  5627 : 0
  5624	  5651 : 0
  5648	  5659 : 0
  5656	  5675 : 0
  5672	  5699 : 0
  5696	  5703 : 0
  5700	  5715 : 0
  5712	  5735 : 0
  5732	  5755 : 0
  5752	  5759 : 0
  5756	  5775 : 0
  5772	  5787 : 0
  5784	  5819 : 0
  5816	  5827 : 0
  5824	  5835 : 0
  5832	  5851 : 0
  5848	  5863 : 0
  5860	  5879 : 0
  5876	  5883 : 0
  5880	  5891 : 0
  5888	  5911 : 0
  5908	  5919 : 0
  5916	  5923 : 0
  5920	  5927 : 0
  5924	  5931 : 0
  5928	  5935 : 0
  5932	  5951 : 0
  5948	  5967 : 0
  5964	  5987 : 0
  5984	  5991 : 0
  5988	  5999 : 0
  5996	  6007 : 0
  6004	  6011 : 0
  6008	  6015 : 0
  6012	  6023 : 0
  6020	  6031 : 0
  6028	  6035 : 0
  6032	  6039 : 0
  6036	  6043 : 0
  6040	  6051 : 0
  6048	  6063 : 0
  6060	  6079 : 0
  6076	  6083 : 0
  6080	  6087 : 0
  6084	  6091 : 0
  6088	  6095 : 0
  6092	  6099 : 0
  6096	  6103 : 0
  6100	  6119 : 0
  6116	  6123 : 0
  6120	  6131 : 0
  6128	  6135 : 0
  6132	  6139 : 0
  6136	  6143 : 0
  6140	  6147 : 0
  6144	  6151 : 0
  6148	  6155 : 0
  6152	  6167 : 0
  6164	  6187 : 0
  6184	  6191 : 0
  6188	  6195 : 0
  6192	  6203 : 0
  6200	  6219 : 0
  6216	  6223 : 0
  6220	  6227 : 0
  6224	  6231 : 0
  6228	  6235 : 0
  6232	  6247 : 0
  6244	  6263 : 0
  6260	  6275 : 0
  6272	  6279 : 0
  6276	  6291 : 0
  6288	  6295 : 0
  6292	  6299 : 0
  6296	  6303 : 0
  6300	  6311 : 0
  6308	  6315 : 0
  6312	  6323 : 0
  6320	  6327 : 0
  6324	  6367 : 0
  6364	  6379 : 0
  6376	  6383 : 0
  6380	  6387 : 0
  6384	  6395 : 0
  6392	  6399 : 0
  6396	  6407 : 0
  6404	  6423 : 0
  6420	  6427 : 0
  6424	  6439 : 0
  6436	  6459 : 0
  6456	  6463 : 0
  6460	  6491 : 0
  6488	  6499 : 0
  6496	  6519 : 0
  6516	  6539 : 0
  6536	  6551 : 0
  6548	  6555 : 0
  6552	  6579 : 0
  6576	  6587 : 0
  6584	  6595 : 0
  6592	  6603 : 0
  6600	  6611 : 0
  6608	  6615 : 0
  6612	  6619 : 0
  6616	  6627 : 0
  6624	  6631 : 0
  6628	  6635 : 0
  6632	  6647 : 0
  6644	  6655 : 0
  6652	  6663 : 0
  6660	  6671 : 0
  6668	  6695 : 0
  6692	  6703 : 0
  6700	  6723 : 0
  6720	  6731 : 0
  6728	  6747 : 0
  6744	  6759 : 0
  6756	  6779 : 0
  6776	  6783 : 0
  6780	  6815 : 0
  6812	  6827 : 0
  6824	  6863 : 0
  6860	  6867 : 0
  6864	  6879 : 0
  6876	  6887 : 0
  6884	  6911 : 0
  6908	  6915 : 0
  6912	  6927 : 0
  6924	  6931 : 0
  6928	  6935 : 0
  6932	  6947 : 0
  6944	  6951 : 0
  6948	  6955 : 0
  6952	  6963 : 0
  6960	  6971 : 0
  6968	  6987 : 0
  6984	  6999 : 0
  6996	  7015 : 0
  7012	  7055 : 0
  7052	  7059 : 0
  7056	  7067 : 0
  7064	  7087 : 0
  7084	  7099 : 0
  7096	  7103 : 0
  7100	  7111 : 0
  7108	  7127 : 0
  7124	  7131 : 0
  7128	  7135 : 0
  7132	  7139 : 0
  7136	  7163 : 0
  7160	  7211 : 0
  7208	  7215 : 0
  7212	  7235 : 0
  7232	  7239 : 0
  7236	  7251 : 0
  7248	  7255 : 0
  7252	  7271 : 0
  7268	  7275 : 0
  7272	  7283 : 0
  7280	  7287 : 0
  7284	  7291 : 0
  7288	  7295 : 0
  7292	  7315 : 0
  7312	  7319 : 0
  7316	  7327 : 0
  7324	  7335 : 0
  7332	  7371 : 0
  7368	  7387 : 0
  7384	  7395 : 0
  7392	  7399 : 0
  7396	  7411 : 0
  7408	  7415 : 0
  7412	  7423 : 0
  7420	  7431 : 0
  7428	  7447 : 0
  7444	  7451 : 0
  7448	  7455 : 0
  7452	  7459 : 0
  7456	  7467 : 0
  7464	  7471 : 0
  7468	  7475 : 0
  7472	  7479 : 0
  7476	  7499 : 0
  7496	  7511 : 0
  7508	  7527 : 0
  7524	  7535 : 0
  7532	  7539 : 0
  7536	  7547 : 0
  7544	  7555 : 0
  7552	  7559 : 0
  7556	  7563 : 0
  7560	  7579 : 0
  7576	  7583 : 0
  7580	  7587 : 0
  7584	  7611 : 0
  7608	  7615 : 0
  7612	  7619 : 0
  7616	  7635 : 0
  7632	  7687 : 0
  7684	  7691 : 0
  7688	  7703 : 0
  7700	  7707 : 0
  7704	  7719 : 0
  7716	  7723 : 0
  7720	  7727 : 0
  7724	  7731 : 0
  7728	  7751 : 0
  7748	  7767 : 0
  7764	  7775 : 0
  7772	  7783 : 0
  7780	  7787 : 0
  7784	  7791 : 0
  7788	  7795 : 0
  7792	  7827 : 0
  7824	  7831 : 0
  7828	  7835 : 0
  7832	  7851 : 0
  7848	  7855 : 0
  7852	  7859 : 0
  7856	  7871 : 0
  7868	  7875 : 0
  7872	  7887 : 0
  7884	  7891 : 0
  7888	  7907 : 0
  7904	  7911 : 0
  7908	  7919 : 0
  7916	  7923 : 0
  7920	  7931 : 0
  7928	  7935 : 0
  7932	  7951 : 0
  7948	  7959 : 0
  7956	  7963 : 0
  7960	  7971 : 0
  7968	  7979 : 0
  7976	  7991 : 0
  7988	  8007 : 0
  8004	  8023 : 0
  8020	  8047 : 0
  8044	  8055 : 0
  8052	  8063 : 0
  8060	  8067 : 0
  8064	  8071 : 0
  8068	  8075 : 0
  8072	  8083 : 0
  8080	  8103 : 0
  8100	  8115 : 0
  8112	  8123 : 0
  8120	  8131 : 0
  8128	  8139 : 0
  8136	  8175 : 0
  8172	  8183 : 0
  8180	  8239 : 0
  8236	  8243 : 0
  8240	  8247 : 0
  8244	  8251 : 0
  8248	  8263 : 0
  8260	  8275 : 0
  8272	  8279 : 0
  8276	  8291 : 0
  8288	  8295 : 0
  8292	  8299 : 0
  8296	  8303 : 0
  8300	  8311 : 0
  8308	  8319 : 0
  8316	  8335 : 0
  8332	  8343 : 0
  8340	  8359 : 0
  8356	  8403 : 0
  8400	  8407 : 0
  8404	  8411 : 0
  8408	  8427 : 0
  8424	  8435 : 0
  8432	  8439 : 0
  8436	  8443 : 0
  8440	  8451 : 0
  8448	  8455 : 0
  8452	  8459 : 0
  8456	  8471 : 0
  8468	  8475 : 0
  8472	  8483 : 0
  8480	  8491 : 0
  8488	  8499 : 0
  8496	  8503 : 0
  8500	  8511 : 0
  8508	  8515 : 0
  8512	  8519 : 0
  8516	  8523 : 0
  8520	  8531 : 0
  8528	  8547 : 0
  8544	  8551 : 0
  8548	  8571 : 0
  8568	  8575 : 0
  8572	  8587 : 0
  8584	  8599 : 0
  8596	  8607 : 0
  8604	  8623 : 0
  8620	  8631 : 0
  8628	  8635 : 0
  8632	  8679 : 0
  8676	  8691 : 0
  8688	  8695 : 0
  8692	  8699 : 0
  8696	  8711 : 0
  8708	  8715 : 0
  8712	  8719 : 0
  8716	  8723 : 0
  8720	  8731 : 0
  8728	  8735 : 0
  8732	  8743 : 0
  8740	  8755 : 0
  8752	  8763 : 0
  8760	  8767 : 0
  8764	  8775 : 0
  8772	  8779 : 0
  8776	  8795 : 0
  8792	  8799 : 0
  8796	  8803 : 0
  8800	  8819 : 0
  8816	  8871 : 0
  8868	  8875 : 0
  8872	  8883 : 0
  8880	  8887 : 0
  8884	  8895 : 0
  8892	  8899 : 0
  8896	  8939 : 0
  8936	  8943 : 0
  8940	  8951 : 0
  8948	  8955 : 0
  8952	  8975 : 0
  8972	  8979 : 0
  8976	  9043 : 0
  9040	  9055 : 0
  9052	  9151 : 0
  9148	  9155 : 0
  9152	  9191 : 0
  9188	  9199 : 0
  9196	  9243 : 0
  9240	  9247 : 0
  9244	  9251 : 0
  9248	  9255 : 0
  9252	  9259 : 0
  9256	  9263 : 0
  9260	  9267 : 0
  9264	  9271 : 0
  9268	  9275 : 0
  9272	  9283 : 0
  9280	  9287 : 0
  9284	  9291 : 0
  9288	  9303 : 0
  9300	  9319 : 0
  9316	  9323 : 0
  9320	  9351 : 0
  9348	  9355 : 0
  9352	  9367 : 0
  9364	  9375 : 0
  9372	  9379 : 0
  9376	  9383 : 0
  9380	  9399 : 0
  9396	  9403 : 0
  9400	  9431 : 0
  9428	  9435 : 0
  9432	  9439 : 0
  9436	  9443 : 0
  9440	  9447 : 0
  9444	  9459 : 0
  9456	  9463 : 0
  9460	  9467 : 0
  9464	  9471 : 0
  9468	  9503 : 0
  9500	  9507 : 0
  9504	  9511 : 0
  9508	  9515 : 0
  9512	  9523 : 0
  9520	  9527 : 0
  9524	  9531 : 0
  9528	  9539 : 0
  9536	  9563 : 0
  9560	  9571 : 0
  9568	  9587 : 0
  9584	  9591 : 0
  9588	  9595 : 0
  9592	  9599 : 0
  9596	  9623 : 0
  9620	  9627 : 0
  9624	  9635 : 0
  9632	  9639 : 0
  9636	  9643 : 0
  9640	  9647 : 0
  9644	  9687 : 0
  9684	  9711 : 0
  9708	  9715 : 0
  9712	  9723 : 0
  9720	  9727 : 0
  9724	  9735 : 0
  9732	  9747 : 0
  9744	  9751 : 0
  9748	  9799 : 0
  9796	  9803 : 0
  9800	  9811 : 0
  9808	  9819 : 0
  9816	  9823 : 0
  9820	  9831 : 0
  9828	  9843 : 0
  9840	  9847 : 0
  9844	  9863 : 0
  9860	  9871 : 0
  9868	  9875 : 0
  9872	  9879 : 0
  9876	  9883 : 0
  9880	  9887 : 0
  9884	  9895 : 0
  9892	  9935 : 0
  9932	  9967 : 0
  9964	  9971 : 0
  9968	  9975 : 0
  9972	  9983 : 0
  9980	 10015 : 0
 10012	 10019 : 0
 10016	 10027 : 0
 10024	 10031 : 0
 10028	 10055 : 0
 10052	 10059 : 0
 10056	 10071 : 0
 10068	 10075 : 0
 10072	 10099 : 0
 10096	 10107 : 0
 10104	 10123 : 0
 10120	 10127 : 0
 10124	 10147 : 0
 10144	 10155 : 0
 10152	 10159 : 0
 10156	 10163 : 0
 10160	 10195 : 0
 10192	 10199 : 0
 10196	 10211 : 0
 10208	 10231 : 0
 10228	 10235 : 0
 10232	 10251 : 0
 10248	 10259 : 0
 10256	 10271 : 0
 10268	 10275 : 0
 10272	 10279 : 0
 10276	 10303 : 0
 10300	 10307 : 0
 10304	 10339 : 0
 10336	 10347 : 0
 10344	 10363 : 0
 10360	 10371 : 0
 10368	 10391 : 0
 10388	 10407 : 0
 10404	 10427 : 0
 10424	 10443 : 0
 10440	 10447 : 0
 10444	 10451 : 0
 10448	 10455 : 0
 10452	 10463 : 0
 10460	 10467 : 0
 10464	 10475 : 0
 10472	 10487 : 0
 10484	 10527 : 0
 10524	 10531 : 0
 10528	 10539 : 0
 10536	 10543 : 0
 10540	 10575 : 0
 10572	 10583 : 0
 10580	 10587 : 0
 10584	 10591 : 0
 10588	 10611 : 0
 10608	 10615 : 0
 10612	 10635 : 0
 10632	 10647 : 0
 10644	 10659 : 0
 10656	 10663 : 0
 10660	 10667 : 0
 10664	 10675 : 0
 10672	 10683 : 0
 10680	 10687 : 0
 10684	 10691 : 0
 10688	 10695 : 0
 10692	 10703 : 0
 10700	 10707 : 0
 10704	 10711 : 0
 10708	 10727 : 0
 10724	 10747 : 0
 10744	 10751 : 0
 10748	 10787 : 0
 10784	 10823 : 0
 10820	 10855 : 0
 10852	 10863 : 0
 10860	 10879 : 0
 10876	 10883 : 0
 10880	 10887 : 0
 10884	 10891 : 0
 10888	 10911 : 0
 10908	 10923 : 0
 10920	 10959 : 0
 10956	 10963 : 0
 10960	 10967 : 0
 10964	 10987 : 0
 10984	 11031 : 0
 11028	 11035 : 0
 11032	 11131 : 0
 11128	 11135 : 0
 11132	 11143 : 0
 11140	 11147 : 0
 11144	 11151 : 0
 11148	 11155 : 0
 11152	 11163 : 0
 11160	 11167 : 0
 11164	 11179 : 0
 11176	 11183 : 0
 11180	 11207 : 0
 11204	 11211 : 0
 11208	 11215 : 0
 11212	 11219 : 0
 11216	 11223 : 0
 11220	 11263 : 0
 11260	 11267 : 0
 11264	 11275 : 0
 11272	 11283 : 0
 11280	 11291 : 0
 11288	 11295 : 0
 11292	 11299 : 0
 11296	 11311 : 0
 11308	 11319 : 0
 11316	 11347 : 0
 11344	 11351 : 0
 11348	 11355 : 0
 11352	 11359 : 0
 11356	 11419 : 0
 11416	 11427 : 0
 11424	 11435 : 0
 11432	 11443 : 0
 11440	 11487 : 0
 11484	 11491 : 0
 11488	 11507 : 0
 11504	 11511 : 0
 11508	 11691 : 0
 11688	 11695 : 0
 11692	 11707 : 0
 11704	 11711 : 0
 11708	 11715 : 0
 11712	 11727 : 0
 11724	 11739 : 0
 11736	 11743 : 0
 11740	 11747 : 0
 11744	 11759 : 0
 11756	 11767 : 0
 11764	 11771 : 0
 11768	 11775 : 0
 11772	 11799 : 0
 11796	 11803 : 0
 11800	 11815 : 0
 11812	 11819 : 0
 11816	 11823 : 0
 11820	 11839 : 0
 11836	 11851 : 0
 11848	 11855 : 0
 11852	 11859 : 0
 11856	 11863 : 0
 11860	 11867 : 0
 11864	 11871 : 0
 11868	 11899 : 0
 11896	 11903 : 0
 11900	 11911 : 0
 11908	 11915 : 0
 11912	 11927 : 0
 11924	 11931 : 0
 11928	 11947 : 0
 11944	 11951 : 0
 11948	 11959 : 0
 11956	 11971 : 0
 11968	 11983 : 0
 11980	 11987 : 0
 11984	 11991 : 0
 11988	 11995 : 0
 11992	 12007 : 0
 12004	 12023 : 0
 12020	 12027 : 0
 12024	 12031 : 0
 12028	 12055 : 0
 12052	 12063 : 0
 12060	 12079 : 0
 12076	 12087 : 0
 12084	 12099 : 0
 12096	 12103 : 0
 12100	 12111 : 0
 12108	 12127 : 0
 12124	 12131 : 0
 12128	 12139 : 0
 12136	 12143 : 0
 12140	 12147 : 0
 12144	 12151 : 0
 12148	 12159 : 0
 12156	 12171 : 0
 12168	 12175 : 0
 12172	 12215 : 0
 12212	 12223 : 0
 12220	 12235 : 0
 12232	 12275 : 0
 12272	 12279 : 0
 12276	 12299 : 0
 12296	 12323 : 0
 12320	 12327 : 0
 12324	 12355 : 0
 12352	 12359 : 0
 12356	 12395 : 0
 12392	 12399 : 0
 12396	 12403 : 0
 12400	 12439 : 0
 12436	 12455 : 0
 12452	 12483 : 0
 12480	 12495 : 0
 12492	 12511 : 0
 12508	 12515 : 1
 12512	 12519 : 0
 12516	 12523 : 1
 12520	 12531 : 0
 12528	 12543 : 0
 12540	 12555 : 0
 12552	 12567 : 0
 12564	 12575 : 0
 12572	 12595 : 0
 12592	 12599 : 0
 12596	 12607 : 0
 12604	 12611 : 0
 12608	 12631 : 0
 12628	 12639 : 0
 12636	 12647 : 0
 12644	 12651 : 0
 12648	 12667 : 0
 12664	 12679 : 0
 12676	 12695 : 0
 12692	 12723 : 0
 12720	 12747 : 0
 12744	 12759 : 0
 12756	 12771 : 0
 12768	 12775 : 0
 12772	 12779 : 0
 12776	 12783 : 0
 12780	 12787 : 0
 12784	 12791 : 0
 12788	 12795 : 0
 12792	 12807 : 0
 12804	 12815 : 0
 12812	 12819 : 0
 12816	 12847 : 0
 12844	 12851 : 0
 12848	 12871 : 0
 12868	 12875 : 0
 12872	 12887 : 0
 12884	 12891 : 0
 12888	 12915 : 0
 12912	 12919 : 0
 12916	 12931 : 0
 12928	 12955 : 0
 12952	 12963 : 0
 12960	 12971 : 0
 12968	 12999 : 0
 12996	 13003 : 0
 13000	 13019 : 0
 13016	 13023 : 0
 13020	 13027 : 0
 13024	 13031 : 0
 13028	 13099 : 0
 13096	 13103 : 0
 13100	 13115 : 0
 13112	 13131 : 0
 13128	 13135 : 0
 13132	 13147 : 0
 13144	 13151 : 1
 13148	 13155 : 0
 13152	 13163 : 0
 13160	 13171 : 0
 13168	 13183 : 0
 13180	 13187 : 0
 13184	 13195 : 0
 13192	 13211 : 0
 13208	 13219 : 0
 13216	 13235 : 0
 13232	 13239 : 0
 13236	 13251 : 0
 13248	 13255 : 0
 13252	 13259 : 0
 13256	 13263 : 0
 13260	 13271 : 0
 13268	 13279 : 1
 13276	 13295 : 0
 13292	 13307 : 0
 13304	 13327 : 0
 13324	 13367 : 0
 13364	 13379 : 0
 13376	 13387 : 0
 13384	 13395 : 0
 13392	 13403 : 0
 13400	 13431 : 0
 13428	 13443 : 0
 13440	 13459 : 0
 13456	 13467 : 0
 13464	 13471 : 0
 13468	 13475 : 0
 13472	 13479 : 0
 13476	 13483 : 0
 13480	 13487 : 0
 13484	 13495 : 0
 13492	 13503 : 0
 13500	 13507 : 0
 13504	 13515 : 0
 13512	 13527 : 0
 13524	 13555 : 0
 13552	 13567 : 0
 13564	 13599 : 0
 13596	 13639 : 0
 13636	 13647 : 0
 13644	 13651 : 0
 13648	 13663 : 0
 13660	 13667 : 0
 13664	 13687 : 0
 13684	 13711 : 0
 13708	 13715 : 0
 13712	 13719 : 0
 13716	 13723 : 0
 13720	 13735 : 0
 13732	 13751 : 0
 13748	 13771 : 0
 13768	 13775 : 0
 13772	 13783 : 0
 13780	 13787 : 0
 13784	 13791 : 0
 13788	 13815 : 0
 13812	 13819 : 0
 13816	 13835 : 0
 13832	 13871 : 0
 13868	 13875 : 0
 13872	 13879 : 0
 13876	 13883 : 0
 13880	 13899 : 0
 13896	 13903 : 0
 13900	 13907 : 0
 13904	 13911 : 0
 13908	 13919 : 0
 13916	 13927 : 0
 13924	 13931 : 0
 13928	 13943 : 0
 13940	 14035 : 0
 14032	 14043 : 0
 14040	 14055 : 0
 14052	 14075 : 0
 14072	 14087 : 0
 14084	 14103 : 0
 14100	 14123 : 0
 14120	 14147 : 0
 14144	 14151 : 0
 14148	 14159 : 0
 14156	 14195 : 0
 14192	 14199 : 0
 14196	 14203 : 0
 14200	 14215 : 0
 14212	 14219 : 0
 14216	 14223 : 0
 14220	 14239 : 0
 14236	 14259 : 0
 14256	 14271 : 0
 14268	 14311 : 0
 14308	 14319 : 0
 14316	 14327 : 0
 14324	 14371 : 0
 14368	 14375 : 0
 14372	 14379 : 0
 14376	 14383 : 0
 14380	 14407 : 0
 14404	 14411 : 0
 14408	 14431 : 0
 14428	 14443 : 0
 14440	 14475 : 0
 14472	 14483 : 0
 14480	 14491 : 0
 14488	 14495 : 0
 14492	 14523 : 0
 14520	 14527 : 0
 14524	 14547 : 0
 14544	 14563 : 0
 14560	 14603 : 0
 14600	 14607 : 0
 14604	 14619 : 0
 14616	 14623 : 0
 14620	 14643 : 0
 14640	 14647 : 0
 14644	 14703 : 0
 14700	 14711 : 0
 14708	 14715 : 0
 14712	 14727 : 0
 14724	 14755 : 0
 14752	 14759 : 0
 14756	 14775 : 0
 14772	 14779 : 0
 14776	 14799 : 0
 14796	 14803 : 0
 14800	 14823 : 0
 14820	 14831 : 0
 14828	 14843 : 0
 14840	 14851 : 0
 14848	 14871 : 0
 14868	 14875 : 0
 14872	 14879 : 0
 14876	 14883 : 0
 14880	 14939 : 0
 14936	 14947 : 0
 14944	 14955 : 0
 14952	 14959 : 0
 14956	 15031 : 0
 15028	 15043 : 0
 15040	 15051 : 0
 15048	 15055 : 0
 15052	 15059 : 0
 15056	 15067 : 0
 15064	 15071 : 0
 15068	 15083 : 0
 15080	 15099 : 0
 15096	 15111 : 0
 15108	 15115 : 0
 15112	 15119 : 0
 15116	 15127 : 0
 15124	 15131 : 0
 15128	 15135 : 0
 15132	 15139 : 0
 15136	 15151 : 0
 15148	 15155 : 0
 15152	 15159 : 0
 15156	 15163 : 0
 15160	 15167 : 0
 15164	 15171 : 0
 15168	 15179 : 0
 15176	 15183 : 0
 15180	 15187 : 0
 15184	 15199 : 0
 15196	 15211 : 0
 15208	 15215 : 0
 15212	 15247 : 0
 15244	 15255 : 0
 15252	 15267 : 0
 15264	 15275 : 0
 15272	 15283 : 0
 15280	 15291 : 0
 15288	 15299 : 0
 15296	 15315 : 0
 15312	 15319 : 0
 15316	 15323 : 0
 15320	 15331 : 0
 15328	 15359 : 0
 15356	 15363 : 0
 15360	 15375 : 0
 15372	 15383 : 0
 15380	 15391 : 0
 15388	 15443 : 0
 15440	 15447 : 0
 15444	 15483 : 0
 15480	 15487 : 0
 15484	 15495 : 0
 15492	 15503 : 0
 15500	 15507 : 0
 15504	 15527 : 0
 15524	 15531 : 0
 15528	 15547 : 0
 15544	 15559 : 0
 15556	 15571 : 0
 15568	 15579 : 0
 15576	 15583 : 0
 15580	 15659 : 0
 15656	 15663 : 0
 15660	 15683 : 0
 15680	 15691 : 0
 15688	 15739 : 0
 15736	 15747 : 0
 15744	 15775 : 0
 15772	 15783 : 0
 15780	 15823 : 0
 15820	 15827 : 0
 15824	 15839 : 0
 15836	 15851 : 0
 15848	 15863 : 0
 15860	 15867 : 0
 15864	 15871 : 0
 15868	 15879 : 0
 15876	 15887 : 0
 15884	 15899 : 0
 15896	 16147 : 0
 16144	 16151 : 0
 16148	 16159 : 0
 16156	 16163 : 0
 16160	 16211 : 0
 16208	 16219 : 0
 16216	 16227 : 0
 16224	 16231 : 0
 16228	 16383 : 0
 16380	 16387 : 0
 16384	 16423 : 0
 16420	 16447 : 0
 16444	 16539 : 0
 16536	 16551 : 0
 16548	 16559 : 0
 16556	 16567 : 0
 16564	 16579 : 0
 16576	 16587 : 0
 16584	 16603 : 0
 16600	 16611 : 0
 16608	 16631 : 0
 16628	 16639 : 0
 16636	 16655 : 0
 16652	 16667 : 0
 16664	 16707 : 0
 16704	 16715 : 0
 16712	 16779 : 0
 16776	 16783 : 0
 16780	 16803 : 0
 16800	 16815 : 0
 16812	 16831 : 0
 16828	 16847 : 0
 16844	 16855 : 0
 16852	 16859 : 0
 16856	 16863 : 0
 16860	 16879 : 0
 16876	 16883 : 0
 16880	 16895 : 0
 16892	 16927 : 0
 16924	 16959 : 0
 16956	 16987 : 0
 16984	 16991 : 0
 16988	 17011 : 0
 17008	 17019 : 0
 17016	 17027 : 0
 17024	 17039 : 0
 17036	 17051 : 0
 17048	 17059 : 0
 17056	 17063 : 0
 17060	 17071 : 0
 17068	 17083 : 0
 17080	 17087 : 0
 17084	 17095 : 0
 17092	 17099 : 0
 17096	 17107 : 0
 17104	 17111 : 0
 17108	 17115 : 0
 17112	 17127 : 0
 17124	 17131 : 0
 17128	 17143 : 0
 17140	 17147 : 0
 17144	 17159 : 0
 17156	 17179 : 0
 17176	 17207 : 0
 17204	 17239 : 0
 17236	 17243 : 0
 17240	 17247 : 0
 17244	 17251 : 0
 17248	 17287 : 0
 17284	 17303 : 0
 17300	 17315 : 0
 17312	 17331 : 0
 17328	 17339 : 0
 17336	 17351 : 0
 17348	 17375 : 0
 17372	 17383 : 0
 17380	 17407 : 0
 17404	 17411 : 0
 17408	 17419 : 0
 17416	 17423 : 0
 17420	 17431 : 0
 17428	 17455 : 0
 17452	 17499 : 0
 17496	 17559 : 0
 17556	 17567 : 0
 17564	 17587 : 0
 17584	 17591 : 0
 17588	 17603 : 0
 17600	 17607 : 0
 17604	 17631 : 0
 17628	 17635 : 0
 17632	 17639 : 0
 17636	 17651 : 0
 17648	 17675 : 0
 17672	 17679 : 0
 17676	 17695 : 0
 17692	 17699 : 0
 17696	 17711 : 0
 17708	 17719 : 0
 17716	 17823 : 0
 17820	 17827 : 0
 17824	 17875 : 0
 17872	 17879 : 0
 17876	 17891 : 0
 17888	 17895 : 0
 17892	 17931 : 0
 17928	 17943 : 0
 17940	 17955 : 0
 17952	 17967 : 0
 17964	 17983 : 0
 17980	 18027 : 0
 18024	 18063 : 0
 18060	 18079 : 0
 18076	 18083 : 0
 18080	 18107 : 0
 18104	 18135 : 0
 18132	 18147 : 0
 18144	 18159 : 0
 18156	 18187 : 0
 18184	 18191 : 0
 18188	 18203 : 0
 18200	 18223 : 0
 18220	 18239 : 0
 18236	 18243 : 0
 18240	 18267 : 0
 18264	 18275 : 0
 18272	 18299 : 0
 18296	 18315 : 0
 18312	 18387 : 0
 18384	 18399 : 0
 18396	 18483 : 0
 18480	 18487 : 0
 18484	 18495 : 0
 18492	 18539 : 0
 18536	 18575 : 0
 18572	 18595 : 0
 18592	 18603 : 0
 18600	 18607 : 0
 18604	 18611 : 0
 18608	 18619 : 0
 18616	 18623 : 0
 18620	 18631 : 0
 18628	 18635 : 0
 18632	 18643 : 0
 18640	 18651 : 0
 18648	 18655 : 0
 18652	 18659 : 0
 18656	 18667 : 0
 18664	 18675 : 0
 18672	 18699 : 0
 18696	 18703 : 0
 18700	 18711 : 0
 18708	 18719 : 0
 18716	 18727 : 0
 18724	 18747 : 0
 18744	 18847 : 0
 18844	 18855 : 0
 18852	 18875 : 0
 18872	 18887 : 0
 18884	 18935 : 0
 18932	 18943 : 0
 18940	 18959 : 0
 18956	 18963 : 0
 18960	 18987 : 0
 18984	 18995 : 0
 18992	 19003 : 0
 19000	 19007 : 0
 19004	 19011 : 0
 19008	 19015 : 0
 19012	 19039 : 0
 19036	 19043 : 0
 19040	 19047 : 0
 19044	 19059 : 0
 19056	 19063 : 0
 19060	 19075 : 0
 19072	 19079 : 0
 19076	 19151 : 0
 19148	 19171 : 0
 19168	 19175 : 0
 19172	 19191 : 0
 19188	 19207 : 0
 19204	 19215 : 0
 19212	 19223 : 0
 19220	 19239 : 0
 19236	 19371 : 0
 19368	 19375 : 0
 19372	 19383 : 0
 19380	 19387 : 0
 19384	 19399 : 0
 19396	 19411 : 0
 19408	 19427 : 0
 19424	 19439 : 0
 19436	 19467 : 0
 19464	 19471 : 0
 19468	 19483 : 0
 19480	 19491 : 0
 19488	 19495 : 0
