     0	    35 : 0
    32	    39 : 0
    36	    79 : 0
    76	    83 : 0
    80	    91 : 0
    88	   127 : 0
   124	   131 : 0
   128	   167 : 0
   164	   187 : 0
   184	   195 : 0
   192	   203 : 0
   200	   319 : 0
   316	   335 : 0
   332	   391 : 0
   388	   399 : 0
   396	   507 : 0
   504	   515 : 1
   512	   531 : 0
   528	   535 : 0
   532	   559 : 0
   556	   571 : 0
   568	   599 : 0
   596	   603 : 0
   600	   795 : 0
   792	   839 : 1
   836	   847 : 0
   844	   927 : 0
   924	   939 : 0
   936	   943 : 0
   940	   951 : 0
   948	   963 : 0
   960	   967 : 0
   964	   995 : 0
   992	  1015 : 0
  1012	  1035 : 0
  1032	  1151 : 0
  1148	  1187 : 1
  1184	  1223 : 0
  1220	  1227 : 0
  1224	  1247 : 0
  1244	  1267 : 0
  1264	  1271 : 0
  1268	  1287 : 0
  1284	  1303 : 0
  1300	  1319 : 0
  1316	  1323 : 0
  1320	  1507 : 0
  1504	  1515 : 0
  1512	  1535 : 0
  1532	  1551 : 0
  1548	  1579 : 0
  1576	  1583 : 0
  1580	  1619 : 0
  1616	  1635 : 0
  1632	  1639 : 0
  1636	  1651 : 0
  1648	  1679 : 0
  1676	  1719 : 0
  1716	  1723 : 1
  1720	  1819 : 0
  1816	  1823 : 1
  1820	  1827 : 0
  1824	  1871 : 0
  1868	  1875 : 0
  1872	  2243 : 0
  2240	  2247 : 0
  2244	  2251 : 0
  2248	  2255 : 0
  2252	  2415 : 0
  2412	  2423 : 0
  2420	  2435 : 0
  2432	  2439 : 0
  2436	  2471 : 0
  2468	  2475 : 0
  2472	  2647 : 0
  2644	  2675 : 0
  2672	  2691 : 0
  2688	  2795 : 0
  2792	  2823 : 0
  2820	  2867 : 0
  2864	  2883 : 0
  2880	  2887 : 0
  2884	  2899 : 0
  2896	  2907 : 0
  2904	  2927 : 0
  2924	  2931 : 0
  2928	  2935 : 0
  2932	  2939 : 0
  2936	  3247 : 0
  3244	  3367 : 0
  3364	  3823 : 1
  3820	  3843 : 0
  3840	  4251 : 0
  4248	  4259 : 0
  4256	  4279 : 0
  4276	  4291 : 0
  4288	  4295 : 0
  4292	  4307 : 0
  4304	  4323 : 0
  4320	  4339 : 0
  4336	  4343 : 0
  4340	  4347 : 0
  4344	  4351 : 0
  4348	  4367 : 0
  4364	  4387 : 1
  4384	  4391 : 0
  4388	  4399 : 0
  4396	  4403 : 0
  4400	  4415 : 0
  4412	  4423 : 0
  4420	  4431 : 0
  4428	  4435 : 0
  4432	  4455 : 0
  4452	  4487 : 0
  4484	  4727 : 1
  4724	  5031 : 0
  5028	  5239 : 1
  5236	  5287 : 0
  5284	  5307 : 0
  5304	  5359 : 0
  5356	  5447 : 0
  5444	  5455 : 0
  5452	  5555 : 0
  5552	  5803 : 0
  5800	  5807 : 0
  5804	  5811 : 0
  5808	  5835 : 1
  5832	  5851 : 0
  5848	  5931 : 0
  5928	  5939 : 0
  5936	  5955 : 0
