     0	     7 : 0
     4	   159 : 0
   156	   259 : 1
   256	   263 : 0
   260	   271 : 0
   268	   295 : 0
   292	   327 : 0
   324	   347 : 0
   344	   375 : 0
   372	   399 : 0
   396	   423 : 0
   420	   439 : 0
   436	   443 : 0
   440	   455 : 0
   452	   487 : 1
   484	   495 : 0
   492	   551 : 0
   548	   563 : 0
   560	   687 : 0
   684	   715 : 0
   712	   947 : 0
   944	   979 : 0
   976	   983 : 0
   980	   987 : 0
   984	   995 : 1
   992	  1007 : 0
  1004	  1063 : 0
  1060	  1075 : 0
  1072	  1083 : 0
  1080	  1087 : 0
  1084	  1199 : 0
  1196	  1207 : 0
  1204	  1211 : 0
  1208	  1215 : 0
  1212	  1227 : 0
  1224	  1231 : 0
  1228	  1239 : 0
  1236	  1251 : 0
  1248	  1327 : 1
  1324	  1339 : 0
  1336	  1375 : 0
  1372	  1391 : 0
  1388	  1395 : 0
  1392	  1403 : 0
  1400	  1411 : 0
  1408	  1431 : 0
  1428	  1475 : 0
  1472	  1483 : 0
  1480	  1491 : 0
  1488	  1495 : 0
  1492	  1555 : 0
  1552	  1587 : 0
  1584	  1627 : 0
  1624	  1635 : 0
  1632	  1671 : 0
  1668	  1679 : 0
  1676	  1703 : 0
  1700	  1707 : 0
  1704	  1723 : 0
  1720	  1771 : 0
  1768	  1779 : 0
  1776	  1791 : 0
  1788	  1799 : 0
  1796	  1803 : 0
  1800	  1807 : 0
  1804	  1815 : 0
  1812	  1867 : 0
  1864	  1871 : 0
  1868	  1879 : 0
  1876	  1895 : 0
  1892	  1971 : 0
  1968	  2015 : 0
  2012	  2027 : 0
  2024	  2039 : 0
  2036	  2059 : 0
  2056	  2071 : 0
  2068	  2079 : 1
  2076	  2151 : 0
  2148	  2171 : 0
  2168	  2191 : 0
  2188	  2207 : 0
  2204	  2211 : 0
  2208	  2231 : 0
  2228	  2235 : 0
  2232	  2259 : 0
  2256	  2271 : 0
  2268	  2335 : 0
  2332	  2339 : 0
  2336	  2471 : 0
  2468	  2515 : 0
  2512	  2595 : 0
  2592	  2611 : 0
  2608	  2643 : 1
  2640	  2647 : 0
  2644	  2691 : 0
  2688	  2699 : 0
  2696	  2903 : 0
  2900	  2927 : 0
  2924	  2939 : 0
  2936	  2947 : 0
  2944	  3155 : 0
  3152	  3159 : 0
  3156	  3171 : 0
  3168	  3183 : 0
  3180	  3427 : 0
  3424	  3435 : 0
  3432	  3475 : 0
  3472	  3479 : 0
  3476	  3483 : 0
  3480	  3487 : 0
  3484	  3499 : 0
  3496	  3503 : 0
  3500	  3571 : 0
  3568	  3575 : 0
  3572	  3583 : 1
  3580	  3615 : 0
  3612	  4035 : 0
  4032	  4039 : 0
  4036	  4143 : 0
  4140	  4147 : 0
  4144	  4203 : 1
  4200	  4223 : 0
  4220	  4271 : 0
  4268	  4283 : 0
  4280	  4339 : 0
  4336	  4347 : 0
  4344	  4447 : 0
  4444	  4451 : 0
  4448	  4515 : 0
  4512	  4539 : 0
  4536	  4599 : 1
  4596	  4603 : 0
  4600	  4615 : 0
  4612	  4639 : 0
  4636	  4647 : 1
  4644	  4655 : 0
  4652	  4695 : 0
  4692	  4703 : 0
  4700	  4711 : 0
  4708	  4715 : 0
  4712	  4731 : 0
  4728	  4743 : 0
  4740	  4767 : 0
  4764	  4779 : 0
  4776	  4787 : 0
  4784	  4795 : 0
  4792	  4823 : 0
  4820	  4831 : 0
  4828	  4835 : 0
  4832	  4839 : 0
  4836	  4867 : 0
  4864	  4871 : 0
  4868	  4967 : 1
  4964	  5003 : 0
  5000	  5047 : 0
  5044	  5075 : 0
  5072	  5299 : 0
  5296	  5311 : 0
  5308	  5335 : 1
  5332	  5347 : 0
  5344	  5351 : 0
  5348	  5355 : 0
  5352	  5363 : 0
  5360	  5375 : 0
  5372	  5403 : 0
  5400	  5407 : 0
  5404	  5411 : 0
  5408	  5419 : 0
  5416	  5423 : 0
  5420	  5435 : 0
  5432	  5495 : 0
  5492	  5499 : 0
  5496	  5503 : 0
  5500	  5515 : 0
  5512	  5519 : 0
  5516	  5531 : 0
  5528	  5559 : 0
  5556	  5599 : 0
  5596	  5603 : 0
  5600	  5615 : 0
  5612	  5631 : 0
  5628	  5731 : 0
  5728	  5735 : 0
  5732	  5767 : 0
  5764	  5895 : 1
  5892	  6047 : 0
  6044	  6051 : 0
