     0	    19 : 0
    16	    23 : 0
    20	   319 : 0
   316	   323 : 1
   320	   807 : 0
   804	   851 : 0
   848	  1075 : 0
  1072	  1131 : 0
  1128	  1935 : 0
  1932	  1971 : 1
  1968	  2003 : 0
  2000	  2179 : 0
  2176	  2243 : 0
  2240	  2335 : 0
  2332	  2339 : 0
  2336	  2367 : 0
  2364	  3555 : 0
  3552	  3679 : 0
  3676	  4307 : 0
  4304	  4359 : 0
  4356	  4571 : 0
  4568	  4647 : 0
  4644	  4735 : 0
  4732	  4831 : 0
  4828	  4855 : 0
  4852	  4911 : 0
  4908	  4935 : 0
  4932	  4947 : 0
  4944	  5035 : 0
  5032	  5171 : 0
  5168	  5999 : 0
  5996	  6123 : 0
  6120	  6255 : 0
  6252	  6603 : 0
  6600	  6631 : 0
  6628	  6635 : 0
  6632	  6643 : 0
  6640	  6663 : 0
  6660	  6683 : 0
  6680	  6691 : 0
  6688	  6795 : 0
  6792	  6811 : 0
  6808	  7339 : 0
  7336	  7347 : 1
  7344	  7443 : 0
  7440	  7615 : 0
  7612	  7871 : 0
  7868	  7935 : 0
  7932	  7947 : 0
  7944	  7995 : 0
  7992	  8151 : 0
  8148	  8155 : 1
  8152	  8427 : 0
  8424	  8683 : 0
  8680	  8851 : 0
  8848	  8907 : 0
  8904	  8919 : 0
  8916	  8947 : 0
  8944	  9227 : 0
  9224	  9491 : 1
  9488	  9499 : 0
  9496	  9507 : 0
  9504	  9511 : 0
  9508	  9515 : 0
  9512	  9519 : 0
  9516	  9699 : 0
  9696	 10051 : 0
 10048	 10191 : 0
 10188	 10299 : 0
 10296	 10583 : 0
 10580	 10831 : 0
 10828	 10843 : 0
 10840	 10955 : 0
 10952	 10971 : 0
 10968	 10991 : 0
 10988	 10995 : 0
 10992	 11003 : 0
 11000	 11019 : 0
 11016	 11027 : 0
 11024	 11119 : 0
 11116	 11131 : 0
 11128	 11243 : 0
 11240	 11395 : 0
 11392	 11399 : 0
 11396	 11547 : 0
 11544	 11579 : 0
 11576	 11591 : 0
 11588	 11659 : 0
 11656	 11775 : 0
 11772	 11799 : 0
 11796	 11827 : 0
 11824	 11939 : 0
 11936	 12187 : 0
 12184	 12207 : 1
 12204	 12431 : 0
 12428	 12467 : 0
 12464	 13271 : 0
 13268	 13283 : 0
 13280	 13287 : 0
 13284	 13379 : 0
 13376	 13815 : 0
 13812	 13823 : 1
 13820	 13939 : 0
 13936	 14083 : 0
 14080	 14527 : 0
 14524	 14531 : 0
 14528	 14671 : 0
 14668	 14711 : 0
 14708	 15175 : 0
 15172	 15815 : 0
 15812	 15931 : 0
 15928	 15963 : 0
 15960	 16415 : 0
 16412	 16507 : 0
 16504	 16519 : 0
 16516	 16527 : 1
 16524	 16791 : 0
 16788	 17059 : 0
 17056	 17071 : 0
 17068	 17139 : 0
 17136	 17323 : 0
 17320	 17591 : 0
 17588	 17595 : 0
 17592	 17603 : 0
 17600	 17863 : 0
 17860	 17875 : 1
 17872	 18075 : 0
 18072	 18119 : 0
 18116	 18139 : 0
 18136	 18227 : 0
 18224	 18647 : 0
 18644	 18667 : 0
 18664	 18671 : 0
 18668	 18675 : 1
 18672	 18907 : 0
 18904	 18951 : 0
 18948	 19123 : 0
 19120	 19215 : 0
 19212	 19615 : 0
 19612	 19767 : 0
 19764	 19779 : 0
 19776	 20023 : 0
 20020	 21227 : 0
 21224	 21387 : 0
 21384	 22199 : 0
 22196	 22359 : 0
 22356	 22459 : 0
 22456	 22743 : 0
