     0	   231 : 0
   228	   235 : 0
   232	   519 : 0
   516	   527 : 0
   524	   531 : 0
   528	   539 : 0
   536	   543 : 0
   540	   551 : 0
   548	   563 : 0
   560	   567 : 0
   564	   571 : 0
   568	   619 : 0
   616	   623 : 0
   620	   635 : 0
   632	   643 : 0
   640	   647 : 0
   644	   655 : 0
   652	   731 : 0
   728	   839 : 0
   836	   847 : 0
   844	   883 : 0
   880	   899 : 0
   896	   907 : 0
   904	   927 : 0
   924	   959 : 0
   956	   963 : 0
   960	   975 : 0
   972	  1087 : 0
  1084	  1095 : 0
  1092	  1155 : 0
  1152	  1171 : 0
  1168	  1175 : 0
  1172	  1187 : 0
  1184	  1255 : 0
  1252	  1275 : 0
  1272	  1279 : 0
  1276	  1287 : 0
  1284	  1303 : 0
  1300	  1311 : 1
  1308	  1351 : 0
  1348	  1371 : 0
  1368	  1375 : 0
  1372	  1395 : 0
  1392	  1463 : 0
  1460	  1467 : 0
  1464	  1523 : 0
  1520	  1527 : 0
  1524	  1647 : 0
  1644	  1651 : 0
  1648	  1707 : 0
  1704	  1743 : 0
  1740	  1747 : 0
  1744	  1751 : 0
  1748	  1843 : 0
  1840	  1855 : 0
  1852	  1883 : 0
  1880	  1891 : 0
  1888	  2003 : 0
  2000	  2007 : 0
  2004	  2023 : 0
  2020	  2027 : 0
  2024	  2091 : 0
  2088	  2115 : 0
  2112	  2123 : 0
  2120	  2127 : 0
  2124	  2195 : 0
  2192	  2259 : 0
  2256	  2263 : 0
  2260	  2291 : 0
  2288	  2371 : 0
  2368	  2379 : 0
  2376	  2387 : 0
  2384	  2391 : 0
  2388	  2455 : 0
  2452	  2495 : 0
  2492	  2607 : 0
  2604	  2623 : 0
  2620	  2631 : 0
  2628	  2639 : 0
  2636	  2647 : 0
  2644	  2687 : 0
  2684	  2715 : 0
  2712	  2783 : 0
  2780	  2819 : 0
  2816	  2831 : 0
  2828	  2835 : 0
  2832	  2863 : 0
  2860	  2867 : 0
  2864	  2871 : 0
  2868	  2879 : 0
  2876	  2883 : 0
  2880	  3075 : 0
  3072	  3083 : 0
  3080	  3243 : 0
  3240	  3251 : 0
  3248	  3295 : 0
  3292	  3299 : 0
  3296	  3447 : 0
  3444	  3455 : 1
  3452	  3503 : 0
  3500	  3507 : 0
  3504	  3511 : 0
  3508	  3527 : 0
  3524	  3543 : 0
  3540	  3571 : 0
  3568	  3683 : 0
  3680	  3691 : 0
  3688	  3847 : 0
  3844	  3851 : 0
  3848	  3863 : 0
  3860	  3887 : 0
  3884	  4155 : 0
  4152	  4159 : 0
  4156	  4187 : 0
  4184	  4191 : 1
  4188	  4227 : 0
  4224	  4231 : 0
  4228	  4235 : 0
  4232	  4239 : 0
  4236	  4247 : 0
  4244	  4291 : 0
  4288	  4319 : 0
  4316	  4323 : 1
  4320	  4475 : 0
  4472	  4479 : 0
  4476	  4615 : 0
  4612	  4619 : 1
  4616	  4639 : 0
  4636	  4647 : 0
  4644	  4715 : 0
  4712	  4731 : 0
  4728	  4735 : 0
  4732	  4739 : 0
  4736	  4747 : 0
  4744	  4751 : 0
  4748	  4859 : 0
  4856	  4867 : 1
  4864	  4915 : 0
  4912	  4919 : 1
  4916	  5007 : 0
  5004	  5011 : 0
  5008	  5015 : 0
  5012	  5027 : 0
  5024	  5151 : 0
  5148	  5191 : 0
  5188	  5235 : 0
  5232	  5239 : 1
  5236	  5275 : 0
  5272	  5291 : 1
  5288	  5343 : 0
  5340	  5355 : 0
  5352	  5479 : 0
  5476	  5491 : 0
  5488	  5611 : 0
  5608	  5619 : 1
  5616	  5655 : 0
  5652	  5663 : 1
  5660	  5667 : 0
  5664	  5671 : 0
  5668	  5675 : 0
  5672	  5679 : 0
  5676	  5815 : 0
  5812	  5819 : 1
  5816	  5863 : 0
  5860	  5867 : 1
  5864	  6375 : 0
  6372	  6383 : 0
  6380	  6567 : 0
  6564	  6571 : 1
  6568	  6731 : 0
  6728	  6767 : 0
  6764	  6799 : 0
  6796	  6807 : 1
  6804	  6863 : 0
  6860	  6875 : 0
  6872	  6915 : 0
  6912	  6919 : 0
  6916	  6927 : 0
  6924	  6935 : 0
  6932	  6947 : 0
  6944	  6951 : 1
  6948	  7027 : 0
  7024	  7059 : 0
  7056	  7091 : 0
  7088	  7095 : 0
  7092	  7139 : 0
  7136	  7163 : 0
  7160	  7187 : 0
  7184	  7199 : 0
  7196	  7371 : 0
  7368	  7387 : 0
  7384	  7423 : 0
  7420	  7431 : 0
  7428	  7459 : 0
  7456	  7467 : 0
  7464	  7479 : 0
  7476	  7483 : 1
  7480	  7531 : 0
  7528	  7579 : 0
  7576	  7591 : 0
  7588	  7691 : 0
  7688	  7707 : 0
  7704	  7735 : 0
  7732	  7819 : 0
  7816	  7823 : 0
  7820	  7839 : 0
  7836	  7847 : 0
  7844	  7851 : 0
  7848	  7891 : 0
  7888	  8139 : 0
  8136	  8167 : 0
  8164	  8299 : 0
  8296	  8303 : 0
  8300	  8307 : 0
  8304	  8327 : 0
  8324	  8335 : 0
  8332	  8351 : 0
  8348	  8359 : 0
  8356	  8363 : 0
  8360	  8599 : 0
  8596	  8667 : 1
  8664	  8683 : 0
  8680	  8695 : 0
  8692	  8731 : 0
  8728	  8747 : 0
  8744	  8755 : 0
  8752	  8759 : 0
  8756	  8767 : 0
  8764	  8795 : 0
  8792	  8799 : 0
  8796	  8807 : 0
  8804	  8811 : 0
  8808	  8819 : 0
  8816	  8823 : 0
  8820	  8843 : 0
  8840	  8847 : 0
  8844	  8855 : 0
  8852	  8859 : 0
  8856	  8887 : 0
  8884	  8891 : 0
  8888	  8899 : 0
  8896	  8915 : 0
  8912	  8935 : 0
  8932	  8939 : 0
  8936	  8947 : 0
  8944	  8951 : 0
  8948	  8959 : 0
  8956	  8963 : 0
  8960	  8967 : 0
  8964	  8975 : 0
  8972	  8979 : 0
  8976	  8987 : 0
  8984	  8991 : 0
  8988	  8995 : 0
  8992	  9015 : 0
  9012	  9035 : 0
  9032	  9039 : 0
  9036	  9043 : 0
  9040	  9103 : 0
  9100	  9115 : 0
  9112	  9123 : 0
  9120	  9127 : 0
  9124	  9131 : 0
  9128	  9135 : 0
  9132	  9139 : 0
  9136	  9147 : 0
  9144	  9167 : 0
  9164	  9171 : 0
  9168	  9175 : 0
  9172	  9183 : 0
  9180	  9203 : 0
  9200	  9211 : 0
  9208	  9319 : 0
