     0	     7 : 1
     4	    11 : 0
     8	    35 : 1
    32	    39 : 0
    36	    43 : 1
    40	    47 : 0
    44	    75 : 1
    72	    83 : 0
    80	   111 : 1
   108	   115 : 0
   112	   443 : 1
   440	   447 : 0
   444	   583 : 1
   580	   587 : 0
   584	   603 : 1
   600	   607 : 0
   604	   647 : 1
   644	   651 : 0
   648	   671 : 1
   668	   675 : 0
   672	   699 : 1
   696	   703 : 0
   700	   711 : 1
   708	   751 : 0
   748	   763 : 0
   760	   795 : 0
   792	   803 : 1
   800	   827 : 0
   824	   835 : 1
   832	   839 : 0
   836	   871 : 0
   868	   923 : 0
   920	   943 : 1
   940	   963 : 0
   960	   971 : 0
   968	   975 : 0
   972	   995 : 0
   992	   999 : 0
   996	  1007 : 0
  1004	  1015 : 0
  1012	  1031 : 0
  1028	  1067 : 0
  1064	  1075 : 1
  1072	  1739 : 0
  1736	  1743 : 1
  1740	  1747 : 0
  1744	  1759 : 1
  1756	  1763 : 0
  1760	  1787 : 1
  1784	  1791 : 0
  1788	  1807 : 1
  1804	  1815 : 0
  1812	  1823 : 1
  1820	  1831 : 0
  1828	  1867 : 1
  1864	  1871 : 0
  1868	  1907 : 1
  1904	  2319 : 0
  2316	  2439 : 1
  2436	  2443 : 0
  2440	  2455 : 0
  2452	  2459 : 0
  2456	  2495 : 1
  2492	  2551 : 0
  2548	  2559 : 1
  2556	  2775 : 0
  2772	  2783 : 1
  2780	  2839 : 0
  2836	  2843 : 1
  2840	  3259 : 0
  3256	  3279 : 1
  3276	  3287 : 0
  3284	  3291 : 0
  3288	  3307 : 0
  3304	  3343 : 1
  3340	  3347 : 0
  3344	  3355 : 0
  3352	  3363 : 0
  3360	  3375 : 1
  3372	  3395 : 0
  3392	  3399 : 1
  3396	  3403 : 0
  3400	  3423 : 1
  3420	  3431 : 0
  3428	  3475 : 1
  3472	  3523 : 0
  3520	  3531 : 1
  3528	  3563 : 0
  3560	  3575 : 1
  3572	  3599 : 0
  3596	  3611 : 0
  3608	  3635 : 0
  3632	  3647 : 1
  3644	  3667 : 0
  3664	  3687 : 0
  3684	  3707 : 0
  3704	  3727 : 0
  3724	  3751 : 0
  3748	  3767 : 0
  3764	  3779 : 0
  3776	  3799 : 1
  3796	  3807 : 0
  3804	  3811 : 0
  3808	  3819 : 0
  3816	  3831 : 1
  3828	  3835 : 0
  3832	  3847 : 1
  3844	  3851 : 0
  3848	  3855 : 1
  3852	  3863 : 0
  3860	  3879 : 1
  3876	  3887 : 0
  3884	  3903 : 1
  3900	  3907 : 0
  3904	  3915 : 1
  3912	  3927 : 0
  3924	  3951 : 1
  3948	  3955 : 0
  3952	  3963 : 1
  3960	  3967 : 0
  3964	  3987 : 1
  3984	  4003 : 0
  4000	  4059 : 1
  4056	  4443 : 0
  4440	  4451 : 1
  4448	  4879 : 0
  4876	  4895 : 0
  4892	  4955 : 0
  4952	  5007 : 0
  5004	  5015 : 0
  5012	  5047 : 0
  5044	  5115 : 0
  5112	  5155 : 0
  5152	  5159 : 0
  5156	  5167 : 0
  5164	  5279 : 0
  5276	  5343 : 1
  5340	  5347 : 0
  5344	  5359 : 0
  5356	  5371 : 0
  5368	  5399 : 1
  5396	  5403 : 0
  5400	  5411 : 0
  5408	  5415 : 0
  5412	  5471 : 1
  5468	  5475 : 0
  5472	  5483 : 1
  5480	  5487 : 0
  5484	  5511 : 1
  5508	  5515 : 0
  5512	  5539 : 1
  5536	  5551 : 0
  5548	  5567 : 1
  5564	  5979 : 0
  5976	  6007 : 1
  6004	  6035 : 0
  6032	  6039 : 0
  6036	  6059 : 0
  6056	  6071 : 0
  6068	  6075 : 0
  6072	  6091 : 0
  6088	  6143 : 0
  6140	  6147 : 0
  6144	  6207 : 0
  6204	  6211 : 1
  6208	  6415 : 0
  6412	  6419 : 1
  6416	  6551 : 0
  6548	  6563 : 0
  6560	  6571 : 0
  6568	  6659 : 0
  6656	  6671 : 0
  6668	  6687 : 0
  6684	  6883 : 0
  6880	  6943 : 1
  6940	  6999 : 0
  6996	  7075 : 1
  7072	  7091 : 0
  7088	  7131 : 1
  7128	  7135 : 0
  7132	  7187 : 1
  7184	  7191 : 0
  7188	  7279 : 1
  7276	  7283 : 0
  7280	  7495 : 0
  7492	  7515 : 0
  7512	  7523 : 0
  7520	  7527 : 0
  7524	  7639 : 0
