     0	    19 : 1
    16	    23 : 0
    20	   167 : 0
   164	   175 : 0
   172	   183 : 0
   180	   195 : 0
   192	   199 : 0
   196	   207 : 0
   204	   215 : 0
   212	   219 : 0
   216	   239 : 0
   236	   251 : 0
   248	   555 : 0
   552	   567 : 0
   564	   891 : 0
   888	  1067 : 0
  1064	  1071 : 1
  1068	  1127 : 0
  1124	  1175 : 1
  1172	  1183 : 0
  1180	  1191 : 0
  1188	  1195 : 0
  1192	  1239 : 1
  1236	  1375 : 0
  1372	  1439 : 0
  1436	  1455 : 0
  1452	  1463 : 0
  1460	  1475 : 0
  1472	  1479 : 2
  1476	  1551 : 0
  1548	  1555 : 1
  1552	  1559 : 0
  1556	  1627 : 0
  1624	  1739 : 0
  1736	  1751 : 0
  1748	  1771 : 0
  1768	  1959 : 1
  1956	  1963 : 0
  1960	  1967 : 0
  1964	  1999 : 0
  1996	  2003 : 0
  2000	  2011 : 0
  2008	  2023 : 0
  2020	  2039 : 0
  2036	  2211 : 0
  2208	  2311 : 0
  2308	  2315 : 0
  2312	  2331 : 0
  2328	  2399 : 1
  2396	  2407 : 0
  2404	  2435 : 1
  2432	  2523 : 0
  2520	  2539 : 0
  2536	  2591 : 0
  2588	  2743 : 1
  2740	  2787 : 0
  2784	  2875 : 0
  2872	  2879 : 0
  2876	  2887 : 1
  2884	  3099 : 0
  3096	  3107 : 1
  3104	  3359 : 0
  3356	  3367 : 1
  3364	  3615 : 0
  3612	  3619 : 1
  3616	  3731 : 0
  3728	  3735 : 1
  3732	  4023 : 0
  4020	  4139 : 0
  4136	  4151 : 0
  4148	  4251 : 0
  4248	  4263 : 0
  4260	  4355 : 1
  4352	  4363 : 0
  4360	  4427 : 0
  4424	  4467 : 0
  4464	  4487 : 0
  4484	  4503 : 0
  4500	  4867 : 0
  4864	  4871 : 0
  4868	  5059 : 1
  5056	  5115 : 0
  5112	  5123 : 1
  5120	  5183 : 0
  5180	  5187 : 1
  5184	  5191 : 0
  5188	  5211 : 0
  5208	  5259 : 0
  5256	  5267 : 1
  5264	  5423 : 0
  5420	  5431 : 1
  5428	  5535 : 0
  5532	  5599 : 1
  5596	  5791 : 0
  5788	  5815 : 0
  5812	  5843 : 0
  5840	  5887 : 0
  5884	  5939 : 0
  5936	  5975 : 0
  5972	  6063 : 0
  6060	  6087 : 0
  6084	  6251 : 0
  6248	  6271 : 0
  6268	  6275 : 0
  6272	  6323 : 1
  6320	  6327 : 0
  6324	  6351 : 0
  6348	  6355 : 2
  6352	  6547 : 1
