     0	    11 : 1
     8	   159 : 0
   156	   227 : 0
   224	   351 : 0
   348	   367 : 0
   364	   371 : 0
   368	   375 : 0
   372	   643 : 0
   640	   651 : 0
   648	   675 : 0
   672	   699 : 0
   696	   707 : 0
   704	   739 : 0
   736	   747 : 0
   744	   775 : 0
   772	   879 : 0
   876	   895 : 0
   892	   903 : 0
   900	   919 : 0
   916	   995 : 0
   992	  1075 : 0
  1072	  1195 : 0
  1192	  1239 : 0
  1236	  1243 : 0
  1240	  1247 : 0
  1244	  1319 : 0
  1316	  1331 : 0
  1328	  1431 : 0
  1428	  1435 : 1
  1432	  1439 : 0
  1436	  1483 : 1
  1480	  1555 : 0
  1552	  1559 : 1
  1556	  1583 : 0
  1580	  1603 : 0
  1600	  1619 : 0
  1616	  1627 : 0
  1624	  1659 : 0
  1656	  1663 : 0
  1660	  1699 : 0
  1696	  1707 : 0
  1704	  1711 : 0
  1708	  1715 : 0
  1712	  1723 : 0
  1720	  1739 : 0
  1736	  1747 : 0
  1744	  1751 : 0
  1748	  1835 : 0
  1832	  1843 : 0
  1840	  1847 : 0
  1844	  1859 : 0
  1856	  1863 : 0
  1860	  1911 : 0
  1908	  1927 : 0
  1924	  1979 : 0
  1976	  1991 : 0
  1988	  1999 : 0
  1996	  2027 : 0
  2024	  2031 : 0
  2028	  2035 : 0
  2032	  2051 : 0
  2048	  2059 : 0
  2056	  2063 : 0
  2060	  2067 : 0
  2064	  2075 : 0
  2072	  2103 : 0
  2100	  2111 : 0
  2108	  2115 : 0
  2112	  2119 : 0
  2116	  2135 : 0
  2132	  2151 : 0
  2148	  2163 : 0
  2160	  2183 : 0
  2180	  2203 : 0
  2200	  2227 : 0
  2224	  2255 : 0
  2252	  2259 : 0
  2256	  2295 : 0
  2292	  2299 : 1
  2296	  2315 : 0
  2312	  2319 : 0
  2316	  2611 : 0
  2608	  2615 : 0
  2612	  2723 : 0
  2720	  2747 : 0
  2744	  2771 : 0
  2768	  2799 : 0
  2796	  2871 : 0
  2868	  2887 : 0
  2884	  2919 : 0
  2916	  2923 : 0
  2920	  2935 : 0
  2932	  2939 : 0
  2936	  2943 : 0
  2940	  2947 : 0
  2944	  2975 : 0
  2972	  2979 : 0
  2976	  3003 : 0
  3000	  3019 : 0
  3016	  3031 : 0
  3028	  3039 : 0
  3036	  3059 : 0
  3056	  3083 : 0
  3080	  3107 : 0
  3104	  3115 : 0
  3112	  3139 : 0
  3136	  3175 : 0
  3172	  3183 : 0
  3180	  3187 : 0
  3184	  3195 : 0
  3192	  3211 : 0
  3208	  3215 : 0
  3212	  3223 : 1
  3220	  3227 : 0
  3224	  3235 : 0
  3232	  3243 : 0
  3240	  3247 : 0
  3244	  3259 : 0
  3256	  3263 : 0
  3260	  3287 : 0
  3284	  3291 : 0
  3288	  3307 : 0
  3304	  3315 : 0
  3312	  3319 : 0
  3316	  3327 : 0
  3324	  3347 : 0
  3344	  3363 : 0
  3360	  3383 : 0
  3380	  3387 : 0
  3384	  3403 : 0
  3400	  3407 : 0
  3404	  3423 : 0
  3420	  3427 : 0
  3424	  3431 : 0
  3428	  3435 : 0
  3432	  3455 : 0
  3452	  3467 : 0
  3464	  3479 : 0
  3476	  3483 : 0
  3480	  3491 : 0
  3488	  3503 : 0
  3500	  3535 : 0
  3532	  3539 : 0
  3536	  3543 : 0
  3540	  3551 : 0
  3548	  3555 : 0
  3552	  3563 : 0
  3560	  3579 : 0
  3576	  3583 : 0
  3580	  3591 : 0
  3588	  3599 : 0
  3596	  3667 : 0
  3664	  3671 : 0
  3668	  3683 : 0
  3680	  3691 : 0
  3688	  3707 : 0
  3704	  3731 : 0
  3728	  3867 : 0
  3864	  3871 : 0
  3868	  3891 : 0
  3888	  3915 : 0
  3912	  3919 : 0
  3916	  3975 : 0
  3972	  3991 : 0
  3988	  4035 : 0
  4032	  4043 : 0
  4040	  4087 : 0
  4084	  4119 : 0
  4116	  4127 : 0
  4124	  4131 : 0
  4128	  4135 : 0
  4132	  4179 : 0
  4176	  4191 : 0
  4188	  4203 : 0
  4200	  4207 : 0
  4204	  4215 : 0
  4212	  4219 : 0
  4216	  4255 : 0
  4252	  4283 : 0
  4280	  4287 : 0
  4284	  4291 : 0
  4288	  4295 : 0
  4292	  4299 : 0
  4296	  4307 : 0
  4304	  4311 : 0
  4308	  4359 : 0
  4356	  4367 : 0
  4364	  4387 : 0
  4384	  4399 : 0
  4396	  4403 : 0
  4400	  4439 : 0
  4436	  4443 : 0
  4440	  4451 : 0
  4448	  4459 : 0
  4456	  4467 : 0
  4464	  4471 : 0
  4468	  4475 : 0
  4472	  4479 : 0
  4476	  4491 : 0
  4488	  4499 : 0
  4496	  4551 : 0
  4548	  4579 : 0
  4576	  4583 : 0
  4580	  4615 : 0
  4612	  4627 : 0
  4624	  4651 : 0
  4648	  4655 : 0
  4652	  4819 : 0
  4816	  4827 : 0
  4824	  4831 : 0
  4828	  4835 : 0
  4832	  4839 : 0
  4836	  4855 : 0
  4852	  4871 : 0
  4868	  4887 : 0
  4884	  4899 : 0
  4896	  4923 : 0
  4920	  4955 : 0
  4952	  4967 : 0
  4964	  4987 : 0
  4984	  4991 : 0
  4988	  5043 : 0
  5040	  5051 : 0
  5048	  5063 : 0
  5060	  5083 : 0
  5080	  5095 : 0
  5092	  5107 : 0
  5104	  5135 : 0
  5132	  5187 : 0
  5184	  5231 : 0
  5228	  5235 : 0
  5232	  5279 : 0
  5276	  5283 : 0
  5280	  5287 : 0
  5284	  5295 : 0
  5292	  5307 : 0
  5304	  5315 : 0
  5312	  5351 : 0
  5348	  5359 : 0
  5356	  5371 : 0
  5368	  5375 : 0
  5372	  5443 : 0
  5440	  5455 : 0
  5452	  5467 : 0
  5464	  5475 : 0
  5472	  5491 : 0
  5488	  5555 : 0
  5552	  5571 : 0
  5568	  5587 : 0
  5584	  5627 : 0
  5624	  5631 : 0
  5628	  5639 : 0
  5636	  5651 : 0
  5648	  5655 : 0
  5652	  5663 : 0
  5660	  5671 : 0
  5668	  5683 : 0
  5680	  5703 : 0
  5700	  5707 : 0
  5704	  5731 : 0
  5728	  5751 : 0
  5748	  6031 : 0
  6028	  6039 : 0
  6036	  6059 : 0
  6056	  6067 : 0
  6064	  6131 : 0
  6128	  6135 : 0
  6132	  6163 : 0
  6160	  6175 : 0
  6172	  6367 : 0
  6364	  6375 : 0
