     0	   371 : 0
   368	   483 : 0
   480	   727 : 1
   724	   731 : 0
   728	   751 : 0
   748	   755 : 0
   752	   759 : 0
   756	   763 : 0
   760	   787 : 0
   784	   863 : 0
   860	   867 : 0
   864	   875 : 0
   872	   927 : 1
   924	   951 : 0
   948	   955 : 0
   952	   987 : 0
   984	  1023 : 0
  1020	  1055 : 0
  1052	  1063 : 0
  1060	  1075 : 0
  1072	  1127 : 0
  1124	  1139 : 0
  1136	  1147 : 0
  1144	  1171 : 0
  1168	  1183 : 0
  1180	  1215 : 0
  1212	  1315 : 0
  1312	  1335 : 0
  1332	  1351 : 1
  1348	  1359 : 0
  1356	  1367 : 0
  1364	  1379 : 0
  1376	  1399 : 0
  1396	  1415 : 0
  1412	  1723 : 0
  1720	  1727 : 0
  1724	  1763 : 1
  1760	  1767 : 0
  1764	  1791 : 0
  1788	  1795 : 0
  1792	  1931 : 0
  1928	  1979 : 0
  1976	  2107 : 0
  2104	  2155 : 0
  2152	  2159 : 0
  2156	  2163 : 0
  2160	  2191 : 0
  2188	  2195 : 0
  2192	  2239 : 0
  2236	  2247 : 0
  2244	  2259 : 0
  2256	  2291 : 0
  2288	  2299 : 0
  2296	  2311 : 0
  2308	  2327 : 0
  2324	  2335 : 0
  2332	  2339 : 0
  2336	  2343 : 0
  2340	  2347 : 0
  2344	  2351 : 0
  2348	  2367 : 0
  2364	  2379 : 0
  2376	  2395 : 0
  2392	  2403 : 0
  2400	  2411 : 0
  2408	  2415 : 0
  2412	  2443 : 0
  2440	  2447 : 0
  2444	  2451 : 0
  2448	  2459 : 0
  2456	  2475 : 0
  2472	  2479 : 0
  2476	  2483 : 0
  2480	  2487 : 0
  2484	  2519 : 0
  2516	  2559 : 0
  2556	  2607 : 0
  2604	  2611 : 0
  2608	  2623 : 0
  2620	  2627 : 0
  2624	  2719 : 0
  2716	  2723 : 0
  2720	  2735 : 0
  2732	  2739 : 0
  2736	  2751 : 0
  2748	  2759 : 0
  2756	  2783 : 0
  2780	  2787 : 0
  2784	  2895 : 0
  2892	  2903 : 0
  2900	  2943 : 0
  2940	  2947 : 0
  2944	  3171 : 1
  3168	  3239 : 0
  3236	  3243 : 0
  3240	  3251 : 0
  3248	  3259 : 0
  3256	  3263 : 0
  3260	  3271 : 0
  3268	  3295 : 0
  3292	  3307 : 0
  3304	  3327 : 0
  3324	  3335 : 0
  3332	  3383 : 0
  3380	  3415 : 0
  3412	  3419 : 0
  3416	  3463 : 0
  3460	  3467 : 0
  3464	  3471 : 1
  3468	  3483 : 0
  3480	  3511 : 0
  3508	  3591 : 0
  3588	  3599 : 0
  3596	  3603 : 0
  3600	  3643 : 1
  3640	  3647 : 0
  3644	  3671 : 0
  3668	  3675 : 0
  3672	  3679 : 0
  3676	  3683 : 0
  3680	  3687 : 0
  3684	  3691 : 0
  3688	  3699 : 0
  3696	  3723 : 0
  3720	  3747 : 0
  3744	  3763 : 0
  3760	  3779 : 0
  3776	  3783 : 0
  3780	  3787 : 0
  3784	  3807 : 0
  3804	  3855 : 1
  3852	  3859 : 0
  3856	  3863 : 0
  3860	  3871 : 0
  3868	  3875 : 1
  3872	  3879 : 0
  3876	  3887 : 0
  3884	  3891 : 0
  3888	  3899 : 0
  3896	  3907 : 0
  3904	  3911 : 0
  3908	  3915 : 0
  3912	  3931 : 0
  3928	  3943 : 0
  3940	  3947 : 0
  3944	  3963 : 0
  3960	  3975 : 0
  3972	  3979 : 0
  3976	  3983 : 1
  3980	  4003 : 0
  4000	  4031 : 1
  4028	  4043 : 0
  4040	  4111 : 0
  4108	  4115 : 0
  4112	  4167 : 0
  4164	  4171 : 0
  4168	  4191 : 0
  4188	  4195 : 0
  4192	  4495 : 0
  4492	  4499 : 0
  4496	  4523 : 0
  4520	  4543 : 0
  4540	  4571 : 0
  4568	  4579 : 0
  4576	  4583 : 0
  4580	  4599 : 0
  4596	  4603 : 0
  4600	  4659 : 0
  4656	  4667 : 0
  4664	  4671 : 0
  4668	  4687 : 0
  4684	  4699 : 0
  4696	  4707 : 1
  4704	  4711 : 0
  4708	  4743 : 1
  4740	  4747 : 0
  4744	  4751 : 1
  4748	  4755 : 0
  4752	  4779 : 1
  4776	  4783 : 0
  4780	  4787 : 0
  4784	  4823 : 0
  4820	  4831 : 1
  4828	  4915 : 0
  4912	  4927 : 0
  4924	  4935 : 0
  4932	  4959 : 0
  4956	  4963 : 0
  4960	  4979 : 0
  4976	  4983 : 0
  4980	  5007 : 0
  5004	  5039 : 0
  5036	  5451 : 1
  5448	  5455 : 0
  5452	  5571 : 0
  5568	  5575 : 0
  5572	  5607 : 0
  5604	  5615 : 0
  5612	  5631 : 0
  5628	  5635 : 0
  5632	  5675 : 0
  5672	  5679 : 0
  5676	  5683 : 0
  5680	  5687 : 0
  5684	  5695 : 0
  5692	  5699 : 0
  5696	  5715 : 0
  5712	  5719 : 0
  5716	  5723 : 0
  5720	  5727 : 0
  5724	  5747 : 0
  5744	  5751 : 0
  5748	  5755 : 0
  5752	  5759 : 0
  5756	  5775 : 0
  5772	  5779 : 0
  5776	  5823 : 0
  5820	  5827 : 0
  5824	  5831 : 0
  5828	  5843 : 0
  5840	  5867 : 0
  5864	  5871 : 0
  5868	  6131 : 0
  6128	  6143 : 0
  6140	  6207 : 0
  6204	  6211 : 0
  6208	  6311 : 0
  6308	  6331 : 0
  6328	  6343 : 0
  6340	  6359 : 0
  6356	  6363 : 0
  6360	  6379 : 0
  6376	  6383 : 0
  6380	  6467 : 0
  6464	  6471 : 0
  6468	  6503 : 0
  6500	  6511 : 0
  6508	  6543 : 0
  6540	  6547 : 0
  6544	  6571 : 0
  6568	  6575 : 0
  6572	  6631 : 0
  6628	  6671 : 0
  6668	  6679 : 0
  6676	  6687 : 0
  6684	  6691 : 0
  6688	  6711 : 0
  6708	  6795 : 0
  6792	  6831 : 0
  6828	  6839 : 0
  6836	  6843 : 0
  6840	  6847 : 0
  6844	  6871 : 0
  6868	  6879 : 0
  6876	  6891 : 0
  6888	  6903 : 0
  6900	  6911 : 0
  6908	  6915 : 0
  6912	  6927 : 1
  6924	  6959 : 0
  6956	  6995 : 0
  6992	  7007 : 0
  7004	  7019 : 0
  7016	  7047 : 0
  7044	  7083 : 0
  7080	  7095 : 0
  7092	  7099 : 0
  7096	  7119 : 0
  7116	  7131 : 0
  7128	  7135 : 0
  7132	  7151 : 0
  7148	  7163 : 0
  7160	  7171 : 0
  7168	  7175 : 0
  7172	  7179 : 0
  7176	  7199 : 0
  7196	  7207 : 1
  7204	  7215 : 0
  7212	  7255 : 0
  7252	  7263 : 0
  7260	  7267 : 0
  7264	  7331 : 0
  7328	  7335 : 0
  7332	  7351 : 0
  7348	  7359 : 0
  7356	  7363 : 0
  7360	  7367 : 0
  7364	  7375 : 0
  7372	  7379 : 0
  7376	  7403 : 0
  7400	  7507 : 1
  7504	  7583 : 0
  7580	  7735 : 0
  7732	  7751 : 0
  7748	  7759 : 0
  7756	  7767 : 0
  7764	  7775 : 0
  7772	  7791 : 0
  7788	  7799 : 0
  7796	  7803 : 0
  7800	  7823 : 0
  7820	  7831 : 0
  7828	  7843 : 0
  7840	  7847 : 0
  7844	  7855 : 0
  7852	  7871 : 0
  7868	  7875 : 0
  7872	  7879 : 0
  7876	  7907 : 0
  7904	  7911 : 0
  7908	  7935 : 0
  7932	  7939 : 0
  7936	  7967 : 0
  7964	  7971 : 0
  7968	  7995 : 0
  7992	  7999 : 0
  7996	  8019 : 0
  8016	  8027 : 0
  8024	  8035 : 0
  8032	  8039 : 0
  8036	  8043 : 0
  8040	  8435 : 0
  8432	  8599 : 0
  8596	  8659 : 0
  8656	  8679 : 0
  8676	  8683 : 0
  8680	  8787 : 0
  8784	  8887 : 0
  8884	  8919 : 0
  8916	  8923 : 0
  8920	  8931 : 0
  8928	  8935 : 0
  8932	  9259 : 0
