     0	    75 : 0
    72	    79 : 0
    76	    83 : 0
    80	    95 : 0
    92	   127 : 0
   124	   155 : 0
   152	   183 : 0
   180	   187 : 0
   184	   195 : 0
   192	   199 : 0
   196	   207 : 0
   204	   219 : 0
   216	   223 : 0
   220	   251 : 0
   248	   255 : 0
   252	   311 : 0
   308	   319 : 1
   316	   483 : 0
   480	   495 : 1
   492	   499 : 0
   496	   515 : 0
   512	   519 : 0
   516	   523 : 0
   520	   543 : 0
   540	   551 : 0
   548	   555 : 0
   552	   599 : 0
   596	   603 : 0
   600	   611 : 0
   608	   615 : 0
   612	   623 : 0
   620	   627 : 0
   624	   635 : 0
   632	   639 : 0
   636	   687 : 0
   684	   719 : 0
   716	   723 : 0
   720	   823 : 0
   820	   835 : 1
   832	   927 : 0
   924	   951 : 0
   948	  1023 : 0
  1020	  1043 : 0
  1040	  1131 : 0
  1128	  1147 : 1
  1144	  1247 : 0
  1244	  1259 : 1
  1256	  1399 : 0
  1396	  1411 : 1
  1408	  1555 : 0
  1552	  1715 : 1
  1712	  1739 : 0
  1736	  1767 : 0
  1764	  1779 : 0
  1776	  2147 : 0
  2144	  2339 : 0
  2336	  2343 : 1
  2340	  2359 : 0
  2356	  2395 : 0
  2392	  2403 : 0
  2400	  2431 : 0
  2428	  2451 : 0
  2448	  2611 : 1
  2608	  2631 : 0
  2628	  2651 : 0
  2648	  3023 : 0
  3020	  3031 : 1
  3028	  3055 : 0
  3052	  3067 : 0
  3064	  3115 : 0
  3112	  3123 : 0
  3120	  3319 : 0
  3316	  3327 : 1
  3324	  3455 : 0
  3452	  3463 : 1
  3460	  3627 : 0
  3624	  3739 : 0
  3736	  3775 : 0
  3772	  3795 : 0
  3792	  3807 : 0
  3804	  3843 : 0
  3840	  3927 : 0
  3924	  3935 : 1
  3932	  3979 : 0
  3976	  3991 : 0
  3988	  4019 : 0
  4016	  4191 : 0
  4188	  4203 : 0
  4200	  4207 : 0
  4204	  4223 : 0
  4220	  4287 : 1
  4284	  4443 : 0
  4440	  4459 : 1
  4456	  4479 : 0
  4476	  4483 : 0
  4480	  4503 : 0
  4500	  4511 : 0
  4508	  4527 : 0
  4524	  4539 : 0
  4536	  4635 : 0
  4632	  4651 : 1
  4648	  4675 : 0
  4672	  4771 : 0
  4768	  4779 : 0
  4776	  4783 : 0
  4780	  4967 : 0
  4964	  4975 : 0
  4972	  5011 : 0
  5008	  5015 : 0
  5012	  5207 : 0
  5204	  5215 : 1
  5212	  5239 : 0
  5236	  5431 : 0
  5428	  5535 : 0
  5532	  5547 : 0
  5544	  5699 : 0
  5696	  5703 : 1
  5700	  5895 : 0
  5892	  6055 : 0
  6052	  6135 : 0
  6132	  6227 : 0
  6224	  6251 : 0
  6248	  6487 : 0
  6484	  6531 : 0
  6528	  6543 : 0
  6540	  6551 : 0
  6548	  7051 : 0
  7048	  7059 : 0
  7056	  7099 : 0
  7096	  7127 : 0
  7124	  7139 : 0
  7136	  7371 : 0
  7368	  7655 : 1
  7652	  8243 : 0
  8240	  8267 : 1
  8264	  8323 : 0
  8320	  8327 : 0
  8324	  8391 : 0
  8388	  8407 : 0
  8404	  8703 : 0
  8700	  8879 : 1
  8876	  8927 : 0
  8924	  9115 : 0
  9112	  9639 : 0
  9636	  9779 : 0
  9776	  9907 : 0
  9904	 10443 : 1
 10440	 10447 : 0
 10444	 10451 : 0
 10448	 10455 : 0
 10452	 10667 : 0
 10664	 10751 : 0
 10748	 10775 : 0
 10772	 10787 : 0
 10784	 11319 : 0
 11316	 11527 : 0
 11524	 11831 : 1
 11828	 11895 : 0
 11892	 12019 : 0
 12016	 12115 : 0
 12112	 12267 : 0
 12264	 12387 : 0
 12384	 12391 : 1
 12388	 12507 : 0
 12504	 12571 : 1
 12568	 12719 : 0
 12716	 12731 : 1
 12728	 12795 : 0
 12792	 12803 : 0
 12800	 12835 : 0
 12832	 13023 : 0
 13020	 13187 : 0
 13184	 13195 : 1
 13192	 14019 : 0
 14016	 14043 : 1
 14040	 14047 : 0
 14044	 14051 : 0
 14048	 14215 : 0
 14212	 14219 : 1
 14216	 14283 : 0
 14280	 14323 : 1
 14320	 14331 : 0
 14328	 14479 : 0
 14476	 14511 : 0
 14508	 14515 : 0
 14512	 14519 : 0
 14516	 14547 : 0
 14544	 14559 : 0
 14556	 15243 : 0
 15240	 15259 : 0
 15256	 15267 : 0
 15264	 15271 : 0
 15268	 15399 : 0
 15396	 15415 : 0
 15412	 15423 : 0
 15420	 15455 : 0
 15452	 15539 : 0
 15536	 15543 : 0
 15540	 15551 : 1
 15548	 15719 : 0
 15716	 15735 : 0
 15732	 15739 : 0
 15736	 15859 : 0
 15856	 15863 : 0
 15860	 15879 : 1
 15876	 15999 : 0
 15996	 16003 : 0
 16000	 16007 : 0
 16004	 16015 : 0
 16012	 16507 : 0
 16504	 16691 : 1
 16688	 16807 : 0
 16804	 16831 : 0
 16828	 16847 : 0
 16844	 16859 : 0
 16856	 16863 : 0
 16860	 16935 : 0
 16932	 16967 : 0
 16964	 17043 : 0
 17040	 17051 : 0
 17048	 17199 : 0
 17196	 17231 : 0
 17228	 17811 : 0
 17808	 18243 : 0
 18240	 18255 : 1
 18252	 18295 : 0
 18292	 18387 : 0
 18384	 18403 : 0
 18400	 18559 : 0
 18556	 18623 : 0
 18620	 19207 : 0
 19204	 19619 : 0
 19616	 20939 : 0
 20936	 21023 : 0
 21020	 21031 : 0
 21028	 21171 : 0
 21168	 21199 : 0
 21196	 21287 : 0
 21284	 21295 : 1
 21292	 22279 : 0
 22276	 22283 : 1
 22280	 22287 : 0
 22284	 22303 : 0
 22300	 22335 : 0
 22332	 22339 : 0
 22336	 22367 : 0
 22364	 22375 : 1
 22372	 22443 : 0
 22440	 22451 : 1
 22448	 22695 : 0
