     0	    15 : 0
    12	    51 : 0
    48	    55 : 0
    52	    71 : 0
    68	    75 : 0
    72	    79 : 0
    76	    83 : 0
    80	   139 : 0
   136	   143 : 0
   140	   363 : 0
   360	   383 : 0
   380	   415 : 0
   412	   419 : 0
   416	   439 : 0
   436	   447 : 0
   444	   463 : 0
   460	   487 : 0
   484	   519 : 0
   516	   527 : 0
   524	   547 : 0
   544	   619 : 0
   616	   651 : 0
   648	   711 : 0
   708	   715 : 0
   712	   719 : 0
   716	   727 : 0
   724	   747 : 0
   744	   771 : 0
   768	   855 : 0
   852	   863 : 0
   860	   871 : 0
   868	   883 : 0
   880	   895 : 0
   892	   935 : 0
   932	   943 : 0
   940	   951 : 0
   948	   963 : 0
   960	  1059 : 0
  1056	  1063 : 0
  1060	  1091 : 0
  1088	  1103 : 0
  1100	  1127 : 0
  1124	  1147 : 0
  1144	  1151 : 0
  1148	  1163 : 0
  1160	  1183 : 0
  1180	  1195 : 0
  1192	  1259 : 0
  1256	  1287 : 0
  1284	  1303 : 0
  1300	  1327 : 0
  1324	  1375 : 0
  1372	  1391 : 0
  1388	  1395 : 0
  1392	  1403 : 0
  1400	  1407 : 0
  1404	  1419 : 0
  1416	  1523 : 0
  1520	  1527 : 0
  1524	  1535 : 0
  1532	  1547 : 0
  1544	  1619 : 0
  1616	  1631 : 0
  1628	  1635 : 0
  1632	  1647 : 0
  1644	  1663 : 0
  1660	  1667 : 0
  1664	  1699 : 0
  1696	  1707 : 0
  1704	  1771 : 0
  1768	  1783 : 0
  1780	  1791 : 0
  1788	  1811 : 0
  1808	  1851 : 0
  1848	  1871 : 0
  1868	  1887 : 0
  1884	  1899 : 0
  1896	  1919 : 0
  1916	  1931 : 0
  1928	  2011 : 0
  2008	  2019 : 0
  2016	  2027 : 0
  2024	  2087 : 0
  2084	  2091 : 0
  2088	  2123 : 0
  2120	  2131 : 0
  2128	  2143 : 0
  2140	  2147 : 0
  2144	  2167 : 0
  2164	  2179 : 0
  2176	  2195 : 0
  2192	  2251 : 0
  2248	  2255 : 0
  2252	  2271 : 0
  2268	  2283 : 0
  2280	  2323 : 0
  2320	  2335 : 0
  2332	  2359 : 0
  2356	  2363 : 0
  2360	  2391 : 0
  2388	  2399 : 0
  2396	  2431 : 0
  2428	  2435 : 0
  2432	  2451 : 0
  2448	  2459 : 0
  2456	  2523 : 0
  2520	  2535 : 0
  2532	  2563 : 0
  2560	  2583 : 0
  2580	  2587 : 0
  2584	  2591 : 0
  2588	  2615 : 0
  2612	  2619 : 0
  2616	  2631 : 0
  2628	  2647 : 0
  2644	  2803 : 0
  2800	  2807 : 0
  2804	  2899 : 0
  2896	  2903 : 0
  2900	  2939 : 0
  2936	  2943 : 0
  2940	  3055 : 0
  3052	  3071 : 0
  3068	  3079 : 0
  3076	  3083 : 0
  3080	  3143 : 0
  3140	  3151 : 0
  3148	  3203 : 0
  3200	  3211 : 0
  3208	  3219 : 0
  3216	  3227 : 0
  3224	  3239 : 0
  3236	  3243 : 0
  3240	  3271 : 0
  3268	  3283 : 0
  3280	  3419 : 0
  3416	  3439 : 0
  3436	  3475 : 0
  3472	  3479 : 0
  3476	  3563 : 0
  3560	  3575 : 0
  3572	  3643 : 0
  3640	  3655 : 0
  3652	  3659 : 0
  3656	  3667 : 0
  3664	  3715 : 0
  3712	  3719 : 0
  3716	  3807 : 0
  3804	  3811 : 0
  3808	  3919 : 0
  3916	  3923 : 0
  3920	  4023 : 0
  4020	  4027 : 0
  4024	  4035 : 0
  4032	  4039 : 0
  4036	  4083 : 0
  4080	  4087 : 0
  4084	  4127 : 0
  4124	  4147 : 0
  4144	  4343 : 0
  4340	  4347 : 0
  4344	  4359 : 0
  4356	  4363 : 0
  4360	  4395 : 0
  4392	  4407 : 0
  4404	  4411 : 0
  4408	  4435 : 0
  4432	  4531 : 0
  4528	  4535 : 0
  4532	  4587 : 0
  4584	  4607 : 0
  4604	  4643 : 0
  4640	  4663 : 0
  4660	  4675 : 0
  4672	  4695 : 0
  4692	  4719 : 0
  4716	  4735 : 0
  4732	  4779 : 0
  4776	  4787 : 0
  4784	  4979 : 0
  4976	  4983 : 0
  4980	  5055 : 0
  5052	  5059 : 0
  5056	  5075 : 0
  5072	  5091 : 0
  5088	  5107 : 0
  5104	  5111 : 0
  5108	  5143 : 0
  5140	  5163 : 0
  5160	  5491 : 0
  5488	  5503 : 0
  5500	  5551 : 0
  5548	  5559 : 0
  5556	  5567 : 0
  5564	  5571 : 0
  5568	  5583 : 0
  5580	  5587 : 0
  5584	  5599 : 0
  5596	  5607 : 0
  5604	  5707 : 0
  5704	  5715 : 0
  5712	  5735 : 0
  5732	  5743 : 0
  5740	  5775 : 0
  5772	  5783 : 0
  5780	  5807 : 0
  5804	  5815 : 0
  5812	  5843 : 0
  5840	  5851 : 0
  5848	  5859 : 0
  5856	  5883 : 0
  5880	  6019 : 0
  6016	  6023 : 0
  6020	  6091 : 0
  6088	  6115 : 0
  6112	  6147 : 0
  6144	  6151 : 0
  6148	  6215 : 0
  6212	  6239 : 0
  6236	  6319 : 0
  6316	  6327 : 0
  6324	  6371 : 0
  6368	  6379 : 0
  6376	  6407 : 0
  6404	  6411 : 0
  6408	  6451 : 0
  6448	  6459 : 0
  6456	  6471 : 0
  6468	  6475 : 0
  6472	  6483 : 0
  6480	  6491 : 0
  6488	  6515 : 0
  6512	  6531 : 0
  6528	  6635 : 0
  6632	  6639 : 0
  6636	  6847 : 0
  6844	  6855 : 0
  6852	  7039 : 0
  7036	  7051 : 0
  7048	  7071 : 0
  7068	  7079 : 0
  7076	  7083 : 0
  7080	  7087 : 0
  7084	  7107 : 0
  7104	  7111 : 0
  7108	  7131 : 0
  7128	  7135 : 0
  7132	  7139 : 0
  7136	  7203 : 0
  7200	  7215 : 0
  7212	  7227 : 0
  7224	  7311 : 0
  7308	  7315 : 0
  7312	  7323 : 0
  7320	  7383 : 0
  7380	  7387 : 0
  7384	  7403 : 0
  7400	  7419 : 0
  7416	  7423 : 0
  7420	  7431 : 0
  7428	  7439 : 0
  7436	  7603 : 0
  7600	  7615 : 0
  7612	  7719 : 0
  7716	  7727 : 0
  7724	  7743 : 0
  7740	  7747 : 0
  7744	  7755 : 0
  7752	  7759 : 0
  7756	  7771 : 0
  7768	  7779 : 0
  7776	  7827 : 0
  7824	  7839 : 0
  7836	  7883 : 0
  7880	  7895 : 0
  7892	  7923 : 0
  7920	  7927 : 0
  7924	  7987 : 0
  7984	  8007 : 0
  8004	  8103 : 0
  8100	  8123 : 0
  8120	  8139 : 0
  8136	  8187 : 0
  8184	  8211 : 0
  8208	  8223 : 0
  8220	  8255 : 0
  8252	  8267 : 0
  8264	  8279 : 0
  8276	  8299 : 0
  8296	  8315 : 0
  8312	  8319 : 0
  8316	  8351 : 0
  8348	  8407 : 0
  8404	  8427 : 0
  8424	  8459 : 0
  8456	  8471 : 0
  8468	  8475 : 0
  8472	  8499 : 0
  8496	  8515 : 0
  8512	  8523 : 0
  8520	  8543 : 0
  8540	  8555 : 0
  8552	  8575 : 0
  8572	  8587 : 0
  8584	  8595 : 0
  8592	  8687 : 0
  8684	  8775 : 0
  8772	  8787 : 0
  8784	  8791 : 0
  8788	  8811 : 0
  8808	  8815 : 0
  8812	  8819 : 0
  8816	  8823 : 0
  8820	  8835 : 0
  8832	  8839 : 0
  8836	  8851 : 0
  8848	  8863 : 0
  8860	  8867 : 0
  8864	  8875 : 0
  8872	  8883 : 0
  8880	  8891 : 0
  8888	  8895 : 0
  8892	  8899 : 0
  8896	  8923 : 0
  8920	  8927 : 0
  8924	  8939 : 0
  8936	  8943 : 0
  8940	  8951 : 0
  8948	  8959 : 0
  8956	  8967 : 0
  8964	  8987 : 0
  8984	  9007 : 0
  9004	  9019 : 0
  9016	  9075 : 0
  9072	  9083 : 0
  9080	  9091 : 0
  9088	  9095 : 0
  9092	  9123 : 0
  9120	  9143 : 0
  9140	  9155 : 0
  9152	  9159 : 0
  9156	  9211 : 0
  9208	  9227 : 0
  9224	  9419 : 0
  9416	  9431 : 0
  9428	  9443 : 0
  9440	  9467 : 0
  9464	  9563 : 0
  9560	  9603 : 0
  9600	  9659 : 0
  9656	  9663 : 0
  9660	  9747 : 0
  9744	  9759 : 0
  9756	  9767 : 0
  9764	  9807 : 0
  9804	  9811 : 0
  9808	  9823 : 0
  9820	  9855 : 0
  9852	  9859 : 0
  9856	  9963 : 0
  9960	  9967 : 0
  9964	  9999 : 0
  9996	 10007 : 0
 10004	 10027 : 0
 10024	 10047 : 0
 10044	 10063 : 0
 10060	 10067 : 0
 10064	 10091 : 0
 10088	 10095 : 0
 10092	 10179 : 0
 10176	 10215 : 0
 10212	 10219 : 0
 10216	 10227 : 0
 10224	 10287 : 0
 10284	 10303 : 0
 10300	 10331 : 0
 10328	 10335 : 0
 10332	 10411 : 0
 10408	 10415 : 0
 10412	 10427 : 0
 10424	 10431 : 0
 10428	 10495 : 0
 10492	 10507 : 0
 10504	 10631 : 0
 10628	 10635 : 0
 10632	 10667 : 0
 10664	 10683 : 0
 10680	 10727 : 0
 10724	 10731 : 0
 10728	 10743 : 0
 10740	 10747 : 0
 10744	 10879 : 0
 10876	 10887 : 0
 10884	 11043 : 0
 11040	 11047 : 0
 11044	 11063 : 0
 11060	 11071 : 0
 11068	 11115 : 0
 11112	 11119 : 0
 11116	 11147 : 0
 11144	 11159 : 0
 11156	 11255 : 0
 11252	 11271 : 0
 11268	 11283 : 0
 11280	 11347 : 0
 11344	 11375 : 0
 11372	 11387 : 0
 11384	 11395 : 0
 11392	 11399 : 0
 11396	 11419 : 0
 11416	 11447 : 0
 11444	 11491 : 0
 11488	 11507 : 0
 11504	 11539 : 0
 11536	 11543 : 0
 11540	 11547 : 0
 11544	 11551 : 0
 11548	 11571 : 0
 11568	 11587 : 0
 11584	 11623 : 0
 11620	 11627 : 0
 11624	 11635 : 0
 11632	 11639 : 0
 11636	 11643 : 0
 11640	 11655 : 0
 11652	 11715 : 0
 11712	 11719 : 0
 11716	 11775 : 0
 11772	 11779 : 0
 11776	 11819 : 0
 11816	 11831 : 0
 11828	 11879 : 0
 11876	 11899 : 0
 11896	 11927 : 0
 11924	 11931 : 0
 11928	 12027 : 0
 12024	 12035 : 0
 12032	 12043 : 0
 12040	 12047 : 0
 12044	 12131 : 0
 12128	 12135 : 0
 12132	 12147 : 0
 12144	 12155 : 0
 12152	 12243 : 0
 12240	 12247 : 0
 12244	 12271 : 0
 12268	 12275 : 0
 12272	 12379 : 0
 12376	 12387 : 0
 12384	 12467 : 0
 12464	 12535 : 0
 12532	 12627 : 0
 12624	 12631 : 0
 12628	 12687 : 0
 12684	 12695 : 0
 12692	 12763 : 0
 12760	 12767 : 0
 12764	 12811 : 0
 12808	 12823 : 0
 12820	 12831 : 0
 12828	 12835 : 0
 12832	 12843 : 0
 12840	 12855 : 0
 12852	 12867 : 0
 12864	 12871 : 0
 12868	 12903 : 0
 12900	 12943 : 0
 12940	 12959 : 0
 12956	 12963 : 0
 12960	 13007 : 0
 13004	 13011 : 0
 13008	 13115 : 0
 13112	 13127 : 0
 13124	 13135 : 0
 13132	 13147 : 0
 13144	 13151 : 0
 13148	 13163 : 0
 13160	 13267 : 0
 13264	 13271 : 0
 13268	 13275 : 0
 13272	 13287 : 0
 13284	 13383 : 0
 13380	 13451 : 0
 13448	 13547 : 0
 13544	 13551 : 0
 13548	 13559 : 0
 13556	 13571 : 0
 13568	 13583 : 0
 13580	 13587 : 0
 13584	 13615 : 0
 13612	 13647 : 0
 13644	 13655 : 0
 13652	 13671 : 0
 13668	 13707 : 0
 13704	 13711 : 0
 13708	 13795 : 0
 13792	 13807 : 0
 13804	 13839 : 0
 13836	 13843 : 0
 13840	 13863 : 0
 13860	 13875 : 0
 13872	 13939 : 0
 13936	 13947 : 0
 13944	 14015 : 0
 14012	 14019 : 0
 14016	 14031 : 0
 14028	 14035 : 0
 14032	 14055 : 0
 14052	 14059 : 0
 14056	 14071 : 0
 14068	 14075 : 0
 14072	 14171 : 0
 14168	 14175 : 0
 14172	 14199 : 0
 14196	 14203 : 0
 14200	 14207 : 0
 14204	 14223 : 0
 14220	 14291 : 0
 14288	 14303 : 0
 14300	 14359 : 0
 14356	 14363 : 0
 14360	 14371 : 0
 14368	 14375 : 0
 14372	 14603 : 0
 14600	 14607 : 0
 14604	 14699 : 0
 14696	 14707 : 0
 14704	 14847 : 0
 14844	 14851 : 0
 14848	 14899 : 0
 14896	 14903 : 0
 14900	 14923 : 0
 14920	 14931 : 0
 14928	 15051 : 0
 15048	 15055 : 0
 15052	 15143 : 0
 15140	 15147 : 0
 15144	 15227 : 0
 15224	 15235 : 0
 15232	 15255 : 0
 15252	 15259 : 0
 15256	 15355 : 0
 15352	 15359 : 0
 15356	 15371 : 0
 15368	 15383 : 0
 15380	 15603 : 0
 15600	 15607 : 0
 15604	 15699 : 0
 15696	 15703 : 0
 15700	 15727 : 0
 15724	 15735 : 0
 15732	 15831 : 0
 15828	 15835 : 0
 15832	 15871 : 0
 15868	 15887 : 0
 15884	 15967 : 0
 15964	 15975 : 0
 15972	 16031 : 0
 16028	 16039 : 0
 16036	 16163 : 0
 16160	 16171 : 0
 16168	 16271 : 0
 16268	 16275 : 0
 16272	 16327 : 0
 16324	 16335 : 0
 16332	 16399 : 0
 16396	 16403 : 0
 16400	 16495 : 0
 16492	 16499 : 0
 16496	 16627 : 0
 16624	 16631 : 0
 16628	 16663 : 0
 16660	 16667 : 0
 16664	 16795 : 0
 16792	 16799 : 0
 16796	 16943 : 0
 16940	 16951 : 0
 16948	 16955 : 0
 16952	 16959 : 0
 16956	 16999 : 0
 16996	 17035 : 0
 17032	 17047 : 0
 17044	 17055 : 0
 17052	 17059 : 0
 17056	 17063 : 0
 17060	 17079 : 0
 17076	 17087 : 0
 17084	 17279 : 0
 17276	 17287 : 0
 17284	 17359 : 0
 17356	 17363 : 0
 17360	 17535 : 0
 17532	 17539 : 0
 17536	 17847 : 0
 17844	 17851 : 0
 17848	 18035 : 0
 18032	 18039 : 0
 18036	 18083 : 0
 18080	 18095 : 0
 18092	 18111 : 0
 18108	 18115 : 0
 18112	 18171 : 0
 18168	 18175 : 0
 18172	 18187 : 0
 18184	 18191 : 0
 18188	 18219 : 0
 18216	 18223 : 0
 18220	 18303 : 0
 18300	 18307 : 0
 18304	 18407 : 0
 18404	 18415 : 0
 18412	 18515 : 0
 18512	 18539 : 0
 18536	 18731 : 0
 18728	 18735 : 0
 18732	 18851 : 0
 18848	 18859 : 0
 18856	 18943 : 0
 18940	 18955 : 0
 18952	 19011 : 0
 19008	 19015 : 0
 19012	 19027 : 0
 19024	 19047 : 0
 19044	 19095 : 0
 19092	 19115 : 0
 19112	 19135 : 0
 19132	 19171 : 0
 19168	 19191 : 0
 19188	 19207 : 0
 19204	 19259 : 0
 19256	 19267 : 0
 19264	 19275 : 0
 19272	 19279 : 0
 19276	 19283 : 0
 19280	 19291 : 0
 19288	 19359 : 0
 19356	 19375 : 0
 19372	 19403 : 0
 19400	 19419 : 0
 19416	 19519 : 0
 19516	 19531 : 0
 19528	 19539 : 0
 19536	 19547 : 0
 19544	 19559 : 0
 19556	 19571 : 0
 19568	 19579 : 0
 19576	 19583 : 0
 19580	 19599 : 0
 19596	 19615 : 0
 19612	 19647 : 0
 19644	 19655 : 0
 19652	 19743 : 0
 19740	 19747 : 0
 19744	 19771 : 0
 19768	 19787 : 0
 19784	 19843 : 0
 19840	 19871 : 0
 19868	 19899 : 0
 19896	 19931 : 0
 19928	 19939 : 0
 19936	 19943 : 0
 19940	 20015 : 0
 20012	 20019 : 0
 20016	 20151 : 0
 20148	 20167 : 0
 20164	 20179 : 0
 20176	 20195 : 0
 20192	 20263 : 0
 20260	 20275 : 0
 20272	 20319 : 0
 20316	 20323 : 0
 20320	 20343 : 0
 20340	 20363 : 0
 20360	 20407 : 0
 20404	 20447 : 0
 20444	 20451 : 0
 20448	 20475 : 0
 20472	 20567 : 0
 20564	 20571 : 0
 20568	 20583 : 0
 20580	 20587 : 0
 20584	 20623 : 0
 20620	 20627 : 0
 20624	 20707 : 0
 20704	 20711 : 0
 20708	 20715 : 0
 20712	 20719 : 0
 20716	 20727 : 0
 20724	 20731 : 0
 20728	 20747 : 0
 20744	 20759 : 0
 20756	 20951 : 0
 20948	 20979 : 0
 20976	 21003 : 0
 21000	 21043 : 0
 21040	 21067 : 0
 21064	 21083 : 0
 21080	 21087 : 0
 21084	 21091 : 0
 21088	 21095 : 0
 21092	 21107 : 0
 21104	 21171 : 0
 21168	 21195 : 0
 21192	 21303 : 0
 21300	 21319 : 0
 21316	 21335 : 0
 21332	 21347 : 0
 21344	 21427 : 0
 21424	 21431 : 0
 21428	 21443 : 0
 21440	 21451 : 0
 21448	 21519 : 0
 21516	 21527 : 0
 21524	 21659 : 0
 21656	 21663 : 0
 21660	 21739 : 0
 21736	 21747 : 0
 21744	 21883 : 0
 21880	 21887 : 0
 21884	 21899 : 0
 21896	 21903 : 0
 21900	 21959 : 0
 21956	 21967 : 0
 21964	 22127 : 0
 22124	 22131 : 0
 22128	 22159 : 0
 22156	 22167 : 0
 22164	 22179 : 0
 22176	 22183 : 0
 22180	 22195 : 0
 22192	 22203 : 0
 22200	 22311 : 0
 22308	 22323 : 0
 22320	 22359 : 0
 22356	 22363 : 0
 22360	 22407 : 0
 22404	 22411 : 0
 22408	 22471 : 0
 22468	 22483 : 0
 22480	 22659 : 0
 22656	 22683 : 0
 22680	 22735 : 0
 22732	 22747 : 0
 22744	 22851 : 0
 22848	 22855 : 0
 22852	 23007 : 0
 23004	 23011 : 0
 23008	 23027 : 0
 23024	 23035 : 0
 23032	 23039 : 0
 23036	 23047 : 0
 23044	 23051 : 0
 23048	 23055 : 0
 23052	 23071 : 0
 23068	 23091 : 0
 23088	 23095 : 0
 23092	 23107 : 0
 23104	 23139 : 0
 23136	 23143 : 0
 23140	 23215 : 0
 23212	 23271 : 0
 23268	 23479 : 0
 23476	 23487 : 0
 23484	 23511 : 0
 23508	 23519 : 0
 23516	 23655 : 0
 23652	 23659 : 0
 23656	 23747 : 0
 23744	 23755 : 0
 23752	 23963 : 0
 23960	 23979 : 0
 23976	 24027 : 0
 24024	 24035 : 0
 24032	 24147 : 0
 24144	 24155 : 0
 24152	 24315 : 0
 24312	 24319 : 0
 24316	 24351 : 0
 24348	 24355 : 0
 24352	 24411 : 0
 24408	 24415 : 0
 24412	 24431 : 0
 24428	 24435 : 0
 24432	 24503 : 0
 24500	 24519 : 0
 24516	 24615 : 0
 24612	 24667 : 0
 24664	 24691 : 0
 24688	 24695 : 0
 24692	 24803 : 0
 24800	 24811 : 0
 24808	 24831 : 0
 24828	 24847 : 0
 24844	 24883 : 0
 24880	 24887 : 0
 24884	 24915 : 0
 24912	 24927 : 0
 24924	 24943 : 0
 24940	 24947 : 0
 24944	 24971 : 0
 24968	 24979 : 0
 24976	 25087 : 0
 25084	 25091 : 0
 25088	 25135 : 0
 25132	 25139 : 0
 25136	 25147 : 0
 25144	 25155 : 0
 25152	 25183 : 0
 25180	 25195 : 0
 25192	 25283 : 0
 25280	 25291 : 0
 25288	 25299 : 0
 25296	 25303 : 0
 25300	 25311 : 0
 25308	 25315 : 0
 25312	 25387 : 0
 25384	 25403 : 0
 25400	 25447 : 0
 25444	 25455 : 0
 25452	 25647 : 0
 25644	 25655 : 0
 25652	 25663 : 0
 25660	 25707 : 0
 25704	 25711 : 0
 25708	 25723 : 0
 25720	 25755 : 0
 25752	 25763 : 0
 25760	 25791 : 0
 25788	 25803 : 0
 25800	 25895 : 0
 25892	 25899 : 0
 25896	 25919 : 0
 25916	 25939 : 0
 25936	 25975 : 0
 25972	 25979 : 0
 25976	 26147 : 0
 26144	 26159 : 0
 26156	 26163 : 0
 26160	 26171 : 0
 26168	 26211 : 0
 26208	 26219 : 0
 26216	 26391 : 0
 26388	 26423 : 0
 26420	 26451 : 0
 26448	 26463 : 0
 26460	 26467 : 0
 26464	 26483 : 0
 26480	 26519 : 0
 26516	 26543 : 0
 26540	 26567 : 0
 26564	 26591 : 0
 26588	 26859 : 0
 26856	 26871 : 0
 26868	 26891 : 0
 26888	 26895 : 0
 26892	 26903 : 0
 26900	 26907 : 0
 26904	 26963 : 0
 26960	 26971 : 0
 26968	 26995 : 0
 26992	 26999 : 0
 26996	 27019 : 0
 27016	 27023 : 0
 27020	 27079 : 0
 27076	 27083 : 0
 27080	 27135 : 0
 27132	 27147 : 0
 27144	 27179 : 0
 27176	 27183 : 0
 27180	 27199 : 0
 27196	 27207 : 0
 27204	 27247 : 0
 27244	 27259 : 0
 27256	 27299 : 0
 27296	 27311 : 0
 27308	 27323 : 0
 27320	 27327 : 0
 27324	 27347 : 0
 27344	 27379 : 0
 27376	 27407 : 0
 27404	 27419 : 0
 27416	 27463 : 0
 27460	 27507 : 0
 27504	 27515 : 0
 27512	 27523 : 0
 27520	 27551 : 0
 27548	 27555 : 0
 27552	 27559 : 0
 27556	 27563 : 0
 27560	 27599 : 0
 27596	 27607 : 0
 27604	 27679 : 0
 27676	 27687 : 0
 27684	 27735 : 0
 27732	 27767 : 0
 27764	 27791 : 0
 27788	 27795 : 0
 27792	 27871 : 0
 27868	 27879 : 0
 27876	 27887 : 0
 27884	 27899 : 0
 27896	 27927 : 0
 27924	 27947 : 0
 27944	 28019 : 0
 28016	 28031 : 0
 28028	 28091 : 0
 28088	 28103 : 0
 28100	 28127 : 0
 28124	 28131 : 0
 28128	 28279 : 0
 28276	 28315 : 0
 28312	 28403 : 0
 28400	 28407 : 0
 28404	 28415 : 0
 28412	 28419 : 0
 28416	 28539 : 0
 28536	 28547 : 0
 28544	 28575 : 0
 28572	 28579 : 0
 28576	 28603 : 0
 28600	 28607 : 0
 28604	 28611 : 0
 28608	 28643 : 0
 28640	 28659 : 0
 28656	 28663 : 0
 28660	 28691 : 0
 28688	 28699 : 0
 28696	 28715 : 0
 28712	 28719 : 0
 28716	 28803 : 0
 28800	 28819 : 0
 28816	 28887 : 0
 28884	 28903 : 0
 28900	 28975 : 0
 28972	 28979 : 0
 28976	 28991 : 0
 28988	 29067 : 0
 29064	 29131 : 0
 29128	 29135 : 0
 29132	 29171 : 0
 29168	 29179 : 0
 29176	 29271 : 0
 29268	 29275 : 0
 29272	 29307 : 0
 29304	 29315 : 0
 29312	 29327 : 0
 29324	 29339 : 0
 29336	 29359 : 0
 29356	 29371 : 0
 29368	 29375 : 0
 29372	 29383 : 0
 29380	 29763 : 0
 29760	 29771 : 0
 29768	 29835 : 0
 29832	 29847 : 0
 29844	 29927 : 0
 29924	 29931 : 0
 29928	 30091 : 0
 30088	 30099 : 0
 30096	 30107 : 0
 30104	 30151 : 0
 30148	 30311 : 0
 30308	 30319 : 0
 30316	 30539 : 0
 30536	 30543 : 0
 30540	 30631 : 0
 30628	 30635 : 0
 30632	 30779 : 0
 30776	 30807 : 0
 30804	 30835 : 0
 30832	 30855 : 0
 30852	 30931 : 0
 30928	 30935 : 0
 30932	 30963 : 0
 30960	 30971 : 0
 30968	 31119 : 0
 31116	 31127 : 0
 31124	 31187 : 0
 31184	 31199 : 0
 31196	 31315 : 0
 31312	 31327 : 0
 31324	 31471 : 0
 31468	 31475 : 0
 31472	 31487 : 0
 31484	 31535 : 0
 31532	 31547 : 0
 31544	 31551 : 0
 31548	 31731 : 0
 31728	 31739 : 0
 31736	 31831 : 0
 31828	 31839 : 0
 31836	 32055 : 0
 32052	 32059 : 0
 32056	 32111 : 0
 32108	 32131 : 0
 32128	 32203 : 0
 32200	 32211 : 0
 32208	 32231 : 0
 32228	 32235 : 0
 32232	 32251 : 0
 32248	 32255 : 0
 32252	 32271 : 0
 32268	 32275 : 0
 32272	 32291 : 0
 32288	 32295 : 0
 32292	 32347 : 0
 32344	 32351 : 0
 32348	 32355 : 0
 32352	 32359 : 0
 32356	 32611 : 0
 32608	 32619 : 0
 32616	 32655 : 0
 32652	 32659 : 0
 32656	 32663 : 0
 32660	 32667 : 0
 32664	 32719 : 0
 32716	 32731 : 0
 32728	 32791 : 0
 32788	 32915 : 0
 32912	 32935 : 0
 32932	 32939 : 0
 32936	 32947 : 0
 32944	 32991 : 0
 32988	 33111 : 0
 33108	 33115 : 0
 33112	 33315 : 0
 33312	 33335 : 0
 33332	 33599 : 0
 33596	 33603 : 0
 33600	 33619 : 0
 33616	 33623 : 0
 33620	 33699 : 0
 33696	 33703 : 0
 33700	 33711 : 0
 33708	 33715 : 0
 33712	 33799 : 0
 33796	 33811 : 0
 33808	 33835 : 0
 33832	 33839 : 0
 33836	 34163 : 0
 34160	 34167 : 0
 34164	 34311 : 0
 34308	 34315 : 0
 34312	 34331 : 0
 34328	 34335 : 0
 34332	 34375 : 0
 34372	 34383 : 0
 34380	 34419 : 0
 34416	 34423 : 0
 34420	 34447 : 0
 34444	 34455 : 0
 34452	 34483 : 0
 34480	 34487 : 0
 34484	 34527 : 0
 34524	 34543 : 0
 34540	 34599 : 0
 34596	 34619 : 0
 34616	 34819 : 0
 34816	 34823 : 0
 34820	 34827 : 0
 34824	 34835 : 0
 34832	 34943 : 0
 34940	 34955 : 0
 34952	 34971 : 0
 34968	 34975 : 0
 34972	 34991 : 0
 34988	 34999 : 0
 34996	 35059 : 0
 35056	 35063 : 0
 35060	 35207 : 0
 35204	 35211 : 0
 35208	 35259 : 0
 35256	 35271 : 0
 35268	 35275 : 0
 35272	 35283 : 0
 35280	 35331 : 0
 35328	 35339 : 0
 35336	 35379 : 0
 35376	 35383 : 0
 35380	 35483 : 0
 35480	 35487 : 0
 35484	 35539 : 0
 35536	 35543 : 0
 35540	 35623 : 0
 35620	 35627 : 0
 35624	 35631 : 0
 35628	 35635 : 0
 35632	 35647 : 0
 35644	 35655 : 0
 35652	 35719 : 0
 35716	 35727 : 0
 35724	 35971 : 0
 35968	 35979 : 0
 35976	 36015 : 0
 36012	 36019 : 0
 36016	 36095 : 0
 36092	 36099 : 0
 36096	 36183 : 0
 36180	 36191 : 0
 36188	 36203 : 0
 36200	 36207 : 0
 36204	 36255 : 0
 36252	 36263 : 0
 36260	 36291 : 0
 36288	 36295 : 0
 36292	 36383 : 0
 36380	 36387 : 0
 36384	 36539 : 0
 36536	 36551 : 0
 36548	 36583 : 0
 36580	 36587 : 0
 36584	 36599 : 0
 36596	 36615 : 0
 36612	 36687 : 0
 36684	 36691 : 0
 36688	 37031 : 0
 37028	 37071 : 0
 37068	 37119 : 0
 37116	 37127 : 0
 37124	 37147 : 0
 37144	 37159 : 0
 37156	 37175 : 0
 37172	 37195 : 0
 37192	 37219 : 0
 37216	 37223 : 0
 37220	 37227 : 0
 37224	 37243 : 0
 37240	 37303 : 0
 37300	 37311 : 0
 37308	 37339 : 0
 37336	 37347 : 0
 37344	 37379 : 0
 37376	 37383 : 0
 37380	 37423 : 0
 37420	 37427 : 0
 37424	 37447 : 0
 37444	 37451 : 0
 37448	 37463 : 0
 37460	 37467 : 0
 37464	 37603 : 0
 37600	 37611 : 0
 37608	 37619 : 0
 37616	 37631 : 0
 37628	 37655 : 0
 37652	 37659 : 0
 37656	 37703 : 0
 37700	 37707 : 0
 37704	 37719 : 0
 37716	 37723 : 0
 37720	 37739 : 0
 37736	 37751 : 0
 37748	 37791 : 0
 37788	 37811 : 0
 37808	 37819 : 0
 37816	 37839 : 0
 37836	 37859 : 0
 37856	 37863 : 0
 37860	 37883 : 0
 37880	 37899 : 0
 37896	 37903 : 0
 37900	 37939 : 0
 37936	 37963 : 0
 37960	 37967 : 0
 37964	 38011 : 0
 38008	 38015 : 0
 38012	 38019 : 0
 38016	 38035 : 0
 38032	 38039 : 0
 38036	 38051 : 0
 38048	 38059 : 0
 38056	 38071 : 0
 38068	 38075 : 0
 38072	 38083 : 0
 38080	 38087 : 0
 38084	 38095 : 0
 38092	 38103 : 0
 38100	 38107 : 0
 38104	 38203 : 0
 38200	 38207 : 0
 38204	 38279 : 0
 38276	 38311 : 0
 38308	 38323 : 0
 38320	 38331 : 0
 38328	 38371 : 0
 38368	 38375 : 0
 38372	 38539 : 0
 38536	 38555 : 0
 38552	 38595 : 0
 38592	 38619 : 0
 38616	 38679 : 0
 38676	 38687 : 0
 38684	 38823 : 0
 38820	 38827 : 0
 38824	 38839 : 0
 38836	 38851 : 0
 38848	 39019 : 0
 39016	 39023 : 0
 39020	 39063 : 0
 39060	 39079 : 0
 39076	 39091 : 0
 39088	 39095 : 0
 39092	 39115 : 0
 39112	 39119 : 0
 39116	 39123 : 0
 39120	 39127 : 0
 39124	 39171 : 0
 39168	 39183 : 0
 39180	 39211 : 0
 39208	 39215 : 0
 39212	 39287 : 0
 39284	 39291 : 0
 39288	 39379 : 0
 39376	 39383 : 0
 39380	 39419 : 0
 39416	 39447 : 0
 39444	 39463 : 0
 39460	 39467 : 0
 39464	 39483 : 0
 39480	 39487 : 0
 39484	 39507 : 0
 39504	 39511 : 0
 39508	 39547 : 0
 39544	 39551 : 0
 39548	 39575 : 0
 39572	 39587 : 0
 39584	 39611 : 0
 39608	 39615 : 0
 39612	 39663 : 0
 39660	 39691 : 0
 39688	 39719 : 0
 39716	 39723 : 0
 39720	 39759 : 0
 39756	 39763 : 0
 39760	 39807 : 0
 39804	 39811 : 0
 39808	 39835 : 0
 39832	 39839 : 0
 39836	 39859 : 0
 39856	 39863 : 0
 39860	 39895 : 0
 39892	 39915 : 0
 39912	 39943 : 0
 39940	 39955 : 0
 39952	 40011 : 0
 40008	 40015 : 0
 40012	 40027 : 0
 40024	 40035 : 0
 40032	 40211 : 0
 40208	 40215 : 0
 40212	 40263 : 0
 40260	 40271 : 0
 40268	 40303 : 0
 40300	 40319 : 0
 40316	 40327 : 0
 40324	 40335 : 0
 40332	 40347 : 0
 40344	 40359 : 0
 40356	 40375 : 0
 40372	 40383 : 0
 40380	 40459 : 0
 40456	 40467 : 0
 40464	 40479 : 0
 40476	 40483 : 0
 40480	 40515 : 0
 40512	 40531 : 0
 40528	 40551 : 0
 40548	 40555 : 0
 40552	 40567 : 0
 40564	 40595 : 0
 40592	 40599 : 0
 40596	 40607 : 0
 40604	 40667 : 0
 40664	 40671 : 0
 40668	 40679 : 0
 40676	 40683 : 0
 40680	 40695 : 0
 40692	 40699 : 0
 40696	 40743 : 0
 40740	 40751 : 0
 40748	 40787 : 0
 40784	 40803 : 0
 40800	 40843 : 0
 40840	 40891 : 0
 40888	 40903 : 0
 40900	 40907 : 0
 40904	 41043 : 0
 41040	 41051 : 0
 41048	 41195 : 0
 41192	 41203 : 0
 41200	 41251 : 0
 41248	 41255 : 0
 41252	 41279 : 0
 41276	 41283 : 0
 41280	 41303 : 0
 41300	 41307 : 0
 41304	 41311 : 0
 41308	 41315 : 0
 41312	 41331 : 0
 41328	 41347 : 0
 41344	 41371 : 0
 41368	 41375 : 0
 41372	 41379 : 0
 41376	 41383 : 0
 41380	 41479 : 0
 41476	 41487 : 0
 41484	 41551 : 0
 41548	 41559 : 0
 41556	 41571 : 0
 41568	 41583 : 0
 41580	 41631 : 0
 41628	 41655 : 0
 41652	 41659 : 0
 41656	 41671 : 0
 41668	 41731 : 0
 41728	 41735 : 0
 41732	 41739 : 0
 41736	 41751 : 0
 41748	 41763 : 0
 41760	 41787 : 0
 41784	 41879 : 0
 41876	 41895 : 0
 41892	 42051 : 0
 42048	 42067 : 0
 42064	 42079 : 0
 42076	 42083 : 0
 42080	 42131 : 0
 42128	 42135 : 0
 42132	 42171 : 0
 42168	 42183 : 0
 42180	 42227 : 0
 42224	 42243 : 0
 42240	 42255 : 0
 42252	 42275 : 0
 42272	 42283 : 0
 42280	 42287 : 0
 42284	 42315 : 0
 42312	 42335 : 0
 42332	 42351 : 0
 42348	 42359 : 0
 42356	 42423 : 0
 42420	 42487 : 0
 42484	 42547 : 0
 42544	 42587 : 0
 42584	 42683 : 0
 42680	 42703 : 0
 42700	 42723 : 0
 42720	 42727 : 0
 42724	 42863 : 0
 42860	 42883 : 0
 42880	 42887 : 0
 42884	 42903 : 0
 42900	 42939 : 0
 42936	 42963 : 0
 42960	 42971 : 0
 42968	 42975 : 0
 42972	 43167 : 0
 43164	 43179 : 0
 43176	 43187 : 0
 43184	 43191 : 0
 43188	 43195 : 0
 43192	 43203 : 0
 43200	 43267 : 0
 43264	 43275 : 0
 43272	 43311 : 0
 43308	 43331 : 0
 43328	 43399 : 0
 43396	 43407 : 0
 43404	 43411 : 0
 43408	 43423 : 0
 43420	 43427 : 0
 43424	 43435 : 0
 43432	 43443 : 0
 43440	 43451 : 0
 43448	 43547 : 0
 43544	 43563 : 0
 43560	 43583 : 0
 43580	 43595 : 0
 43592	 43607 : 0
 43604	 43615 : 0
 43612	 43623 : 0
 43620	 43631 : 0
 43628	 43771 : 0
 43768	 43787 : 0
 43784	 43803 : 0
 43800	 43819 : 0
 43816	 43835 : 0
 43832	 43839 : 0
 43836	 43843 : 0
 43840	 43855 : 0
 43852	 43871 : 0
 43868	 43879 : 0
 43876	 43887 : 0
 43884	 44003 : 0
 44000	 44043 : 0
 44040	 44055 : 0
 44052	 44059 : 0
 44056	 44063 : 0
 44060	 44067 : 0
 44064	 44071 : 0
 44068	 44075 : 0
 44072	 44083 : 0
 44080	 44099 : 0
 44096	 44115 : 0
 44112	 44143 : 0
 44140	 44155 : 0
 44152	 44199 : 0
 44196	 44203 : 0
 44200	 44267 : 0
 44264	 44271 : 0
 44268	 44275 : 0
 44272	 44303 : 0
 44300	 44351 : 0
 44348	 44355 : 0
 44352	 44463 : 0
 44460	 44487 : 0
 44484	 44523 : 0
 44520	 44527 : 0
 44524	 44535 : 0
 44532	 44547 : 0
 44544	 44567 : 0
 44564	 44575 : 0
 44572	 44643 : 0
 44640	 44651 : 0
 44648	 44807 : 0
 44804	 44811 : 0
 44808	 44815 : 0
 44812	 44835 : 0
 44832	 44859 : 0
 44856	 44863 : 0
 44860	 44875 : 0
 44872	 44879 : 0
 44876	 44883 : 0
 44880	 44903 : 0
 44900	 44931 : 0
 44928	 44947 : 0
 44944	 45015 : 0
 45012	 45039 : 0
 45036	 45055 : 0
 45052	 45095 : 0
 45092	 45123 : 0
 45120	 45199 : 0
 45196	 45539 : 0
 45536	 45551 : 0
 45548	 45635 : 0
 45632	 45647 : 0
 45644	 45651 : 0
 45648	 45691 : 0
 45688	 45695 : 0
 45692	 45727 : 0
 45724	 45767 : 0
 45764	 45787 : 0
 45784	 45799 : 0
 45796	 45855 : 0
 45852	 45899 : 0
 45896	 45947 : 0
 45944	 45983 : 0
 45980	 46067 : 0
 46064	 46087 : 0
 46084	 46139 : 0
 46136	 46159 : 0
 46156	 46171 : 0
 46168	 46191 : 0
 46188	 46215 : 0
 46212	 46231 : 0
 46228	 46291 : 0
 46288	 46295 : 0
 46292	 46299 : 0
 46296	 46307 : 0
 46304	 46323 : 0
 46320	 46351 : 0
 46348	 46371 : 0
 46368	 46411 : 0
 46408	 46467 : 0
 46464	 46471 : 0
 46468	 46491 : 0
 46488	 46531 : 0
 46528	 46547 : 0
 46544	 46575 : 0
 46572	 46623 : 0
 46620	 46663 : 0
 46660	 46735 : 0
 46732	 46763 : 0
 46760	 46787 : 0
 46784	 46803 : 0
 46800	 46823 : 0
 46820	 46879 : 0
 46876	 46899 : 0
 46896	 46963 : 0
 46960	 46979 : 0
 46976	 46987 : 0
 46984	 46995 : 0
 46992	 47003 : 0
 47000	 47011 : 0
 47008	 47039 : 0
 47036	 47043 : 0
 47040	 47055 : 0
 47052	 47067 : 0
 47064	 47135 : 0
 47132	 47139 : 0
 47136	 47211 : 0
 47208	 47215 : 0
 47212	 47291 : 0
 47288	 47299 : 0
 47296	 47323 : 0
 47320	 47327 : 0
 47324	 47355 : 0
 47352	 47359 : 0
 47356	 47379 : 0
 47376	 47395 : 0
 47392	 47407 : 0
 47404	 47423 : 0
 47420	 47463 : 0
 47460	 47483 : 0
 47480	 47527 : 0
 47524	 47531 : 0
 47528	 47571 : 0
 47568	 47595 : 0
 47592	 47627 : 0
 47624	 47659 : 0
 47656	 47671 : 0
 47668	 47675 : 0
 47672	 47691 : 0
 47688	 47707 : 0
 47704	 47727 : 0
 47724	 47731 : 0
 47728	 47783 : 0
 47780	 47795 : 0
 47792	 47823 : 0
 47820	 47843 : 0
 47840	 47875 : 0
 47872	 47891 : 0
 47888	 47895 : 0
 47892	 47903 : 0
 47900	 47919 : 0
 47916	 47923 : 0
 47920	 47983 : 0
 47980	 47987 : 0
 47984	 48087 : 0
 48084	 48139 : 0
 48136	 48167 : 0
 48164	 48171 : 0
 48168	 48183 : 0
 48180	 48203 : 0
 48200	 48207 : 0
 48204	 48211 : 0
 48208	 48227 : 0
 48224	 48239 : 0
 48236	 48311 : 0
 48308	 48319 : 0
 48316	 48355 : 0
 48352	 48367 : 0
 48364	 48379 : 0
 48376	 48383 : 0
 48380	 48467 : 0
 48464	 48471 : 0
 48468	 48495 : 0
 48492	 48503 : 0
 48500	 48611 : 0
 48608	 48615 : 0
 48612	 48619 : 0
 48616	 48623 : 0
 48620	 48651 : 0
 48648	 48667 : 0
 48664	 48683 : 0
 48680	 48695 : 0
 48692	 48719 : 0
 48716	 48727 : 0
 48724	 48759 : 0
 48756	 48763 : 0
 48760	 48767 : 0
 48764	 48771 : 0
 48768	 48783 : 0
 48780	 48799 : 0
 48796	 48835 : 0
 48832	 48839 : 0
 48836	 48855 : 0
 48852	 48863 : 0
 48860	 48867 : 0
 48864	 48871 : 0
 48868	 48911 : 0
 48908	 48919 : 0
 48916	 49035 : 0
 49032	 49039 : 0
 49036	 49143 : 0
 49140	 49151 : 0
 49148	 49195 : 0
 49192	 49199 : 0
 49196	 49259 : 0
 49256	 49263 : 0
 49260	 49271 : 0
 49268	 49291 : 0
 49288	 49379 : 0
 49376	 49395 : 0
 49392	 49463 : 0
 49460	 49511 : 0
 49508	 49563 : 0
 49560	 49579 : 0
 49576	 49615 : 0
 49612	 49619 : 0
 49616	 49635 : 0
 49632	 49647 : 0
 49644	 49655 : 0
 49652	 49659 : 0
 49656	 49671 : 0
 49668	 49687 : 0
 49684	 49691 : 0
 49688	 49695 : 0
 49692	 49699 : 0
 49696	 49727 : 0
 49724	 49747 : 0
 49744	 49759 : 0
 49756	 49795 : 0
 49792	 49799 : 0
 49796	 49815 : 0
 49812	 49835 : 0
 49832	 49879 : 0
 49876	 49883 : 0
 49880	 49911 : 0
 49908	 49915 : 0
 49912	 49935 : 0
 49932	 49955 : 0
 49952	 49959 : 0
 49956	 49971 : 0
 49968	 49987 : 0
 49984	 49995 : 0
 49992	 50103 : 0
 50100	 50119 : 0
 50116	 50163 : 0
 50160	 50175 : 0
 50172	 50195 : 0
 50192	 50203 : 0
 50200	 50231 : 0
 50228	 50235 : 0
 50232	 50239 : 0
 50236	 50243 : 0
 50240	 50267 : 0
 50264	 50275 : 0
 50272	 50279 : 0
 50276	 50283 : 0
 50280	 50327 : 0
 50324	 50335 : 0
 50332	 50443 : 0
 50440	 50451 : 0
 50448	 50491 : 0
 50488	 50547 : 0
 50544	 50551 : 0
 50548	 50563 : 0
 50560	 50659 : 0
 50656	 50667 : 0
 50664	 50687 : 0
 50684	 50695 : 0
 50692	 50707 : 0
 50704	 50715 : 0
 50712	 50739 : 0
 50736	 50771 : 0
 50768	 50783 : 0
 50780	 50787 : 0
 50784	 50803 : 0
 50800	 50819 : 0
 50816	 51207 : 0
 51204	 51215 : 0
 51212	 51219 : 0
 51216	 51223 : 0
 51220	 51299 : 0
 51296	 51307 : 0
 51304	 51311 : 0
 51308	 51315 : 0
 51312	 51335 : 0
 51332	 51339 : 0
 51336	 51363 : 0
 51360	 51371 : 0
 51368	 51431 : 0
 51428	 51435 : 0
 51432	 51463 : 0
 51460	 51467 : 0
 51464	 51471 : 0
 51468	 51479 : 0
 51476	 51487 : 0
 51484	 51515 : 0
 51512	 51519 : 0
 51516	 51535 : 0
 51532	 51551 : 0
 51548	 51567 : 0
 51564	 51595 : 0
 51592	 51599 : 0
 51596	 51607 : 0
 51604	 51615 : 0
 51612	 51755 : 0
 51752	 51767 : 0
 51764	 51851 : 0
 51848	 51895 : 0
 51892	 51939 : 0
 51936	 51951 : 0
 51948	 51983 : 0
 51980	 52039 : 0
 52036	 52043 : 0
 52040	 52047 : 0
 52044	 52051 : 0
 52048	 52063 : 0
 52060	 52119 : 0
 52116	 52135 : 0
 52132	 52247 : 0
 52244	 52283 : 0
 52280	 52315 : 0
 52312	 52319 : 0
 52316	 52339 : 0
 52336	 52343 : 0
 52340	 52359 : 0
 52356	 52379 : 0
 52376	 52455 : 0
 52452	 52459 : 0
 52456	 52519 : 0
 52516	 52527 : 0
 52524	 52711 : 0
 52708	 52715 : 0
 52712	 52783 : 0
 52780	 52787 : 0
 52784	 52795 : 0
 52792	 52811 : 0
 52808	 52851 : 0
 52848	 52855 : 0
 52852	 52879 : 0
 52876	 52887 : 0
 52884	 52919 : 0
 52916	 52923 : 0
 52920	 53119 : 0
 53116	 53123 : 0
 53120	 53127 : 0
 53124	 53131 : 0
 53128	 53135 : 0
 53132	 53159 : 0
 53156	 53179 : 0
 53176	 53187 : 0
 53184	 53219 : 0
 53216	 53223 : 0
 53220	 53227 : 0
 53224	 53235 : 0
 53232	 53271 : 0
 53268	 53279 : 0
 53276	 53291 : 0
 53288	 53295 : 0
 53292	 53299 : 0
 53296	 53315 : 0
 53312	 53363 : 0
 53360	 53371 : 0
 53368	 53387 : 0
 53384	 53395 : 0
 53392	 53471 : 0
 53468	 53503 : 0
 53500	 53531 : 0
 53528	 53539 : 0
 53536	 53563 : 0
 53560	 53567 : 0
 53564	 53655 : 0
 53652	 53659 : 0
 53656	 53755 : 0
 53752	 53775 : 0
 53772	 53815 : 0
 53812	 53819 : 0
 53816	 53903 : 0
 53900	 53911 : 0
 53908	 53939 : 0
 53936	 53951 : 0
 53948	 53971 : 0
 53968	 53979 : 0
 53976	 53999 : 0
 53996	 54003 : 0
 54000	 54007 : 0
 54004	 54019 : 0
 54016	 54059 : 0
 54056	 54079 : 0
 54076	 54107 : 0
 54104	 54111 : 0
 54108	 54171 : 0
 54168	 54191 : 0
 54188	 54231 : 0
 54228	 54239 : 0
 54236	 54243 : 0
 54240	 54263 : 0
 54260	 54411 : 0
 54408	 54419 : 0
 54416	 54431 : 0
 54428	 54435 : 0
 54432	 54507 : 0
 54504	 54511 : 0
 54508	 54555 : 0
 54552	 54575 : 0
 54572	 54627 : 0
 54624	 54635 : 0
 54632	 54687 : 0
 54684	 54699 : 0
 54696	 54715 : 0
 54712	 54727 : 0
 54724	 54743 : 0
 54740	 54747 : 0
 54744	 54771 : 0
 54768	 54783 : 0
 54780	 54803 : 0
 54800	 54807 : 0
 54804	 54811 : 0
 54808	 54819 : 0
 54816	 54847 : 0
 54844	 54851 : 0
 54848	 54943 : 0
 54940	 54947 : 0
 54944	 54975 : 0
 54972	 54983 : 0
 54980	 55039 : 0
 55036	 55043 : 0
 55040	 55119 : 0
 55116	 55127 : 0
 55124	 55135 : 0
 55132	 55143 : 0
 55140	 55255 : 0
 55252	 55259 : 0
 55256	 55295 : 0
 55292	 55307 : 0
 55304	 55435 : 0
 55432	 55439 : 0
 55436	 55595 : 0
 55592	 55599 : 0
 55596	 55647 : 0
 55644	 55655 : 0
 55652	 55679 : 0
 55676	 55691 : 0
 55688	 55699 : 0
 55696	 55707 : 0
 55704	 55715 : 0
 55712	 55731 : 0
 55728	 55831 : 0
 55828	 55843 : 0
 55840	 55883 : 0
 55880	 55891 : 0
 55888	 55943 : 0
 55940	 55947 : 0
 55944	 55951 : 0
 55948	 55955 : 0
 55952	 55979 : 0
 55976	 55983 : 0
 55980	 55995 : 0
 55992	 55999 : 0
 55996	 56051 : 0
 56048	 56063 : 0
 56060	 56163 : 0
 56160	 56171 : 0
 56168	 56179 : 0
 56176	 56183 : 0
 56180	 56207 : 0
 56204	 56211 : 0
 56208	 56219 : 0
 56216	 56239 : 0
 56236	 56279 : 0
 56276	 56291 : 0
 56288	 56307 : 0
 56304	 56323 : 0
 56320	 56431 : 0
 56428	 56455 : 0
 56452	 56471 : 0
 56468	 56475 : 0
 56472	 56507 : 0
 56504	 56515 : 0
 56512	 56523 : 0
 56520	 56531 : 0
 56528	 56535 : 0
 56532	 56539 : 0
 56536	 56639 : 0
 56636	 56643 : 0
 56640	 56647 : 0
 56644	 56655 : 0
 56652	 56659 : 0
 56656	 56663 : 0
 56660	 56699 : 0
 56696	 56703 : 0
 56700	 56799 : 0
 56796	 56811 : 0
 56808	 56851 : 0
 56848	 56863 : 0
 56860	 56875 : 0
 56872	 56887 : 0
 56884	 56935 : 0
 56932	 56943 : 0
 56940	 56951 : 0
 56948	 56959 : 0
 56956	 57159 : 0
 57156	 57167 : 0
 57164	 57171 : 0
 57168	 57175 : 0
 57172	 57195 : 0
 57192	 57199 : 0
 57196	 57223 : 0
 57220	 57231 : 0
 57228	 57279 : 0
 57276	 57287 : 0
 57284	 57339 : 0
 57336	 57351 : 0
 57348	 57383 : 0
 57380	 57391 : 0
 57388	 57399 : 0
 57396	 57403 : 0
 57400	 57415 : 0
 57412	 57419 : 0
 57416	 57459 : 0
 57456	 57467 : 0
 57464	 57555 : 0
 57552	 57559 : 0
 57556	 57683 : 0
 57680	 57691 : 0
 57688	 57695 : 0
 57692	 57703 : 0
 57700	 57763 : 0
 57760	 57775 : 0
 57772	 57783 : 0
 57780	 57807 : 0
 57804	 57823 : 0
 57820	 57827 : 0
 57824	 57831 : 0
 57828	 57835 : 0
 57832	 57851 : 0
 57848	 57879 : 0
 57876	 57895 : 0
 57892	 57963 : 0
 57960	 58047 : 0
 58044	 58067 : 0
 58064	 58075 : 0
 58072	 58103 : 0
 58100	 58299 : 0
 58296	 58307 : 0
 58304	 58323 : 0
 58320	 58331 : 0
 58328	 58391 : 0
 58388	 58403 : 0
 58400	 58539 : 0
 58536	 58543 : 0
 58540	 58551 : 0
 58548	 58555 : 0
 58552	 58599 : 0
 58596	 58607 : 0
 58604	 58667 : 0
 58664	 58671 : 0
 58668	 58743 : 0
 58740	 58763 : 0
 58760	 58767 : 0
 58764	 58771 : 0
 58768	 58787 : 0
 58784	 58819 : 0
 58816	 58847 : 0
 58844	 58851 : 0
 58848	 58899 : 0
 58896	 58907 : 0
 58904	 58943 : 0
 58940	 58971 : 0
 58968	 58991 : 0
 58988	 59003 : 0
 59000	 59123 : 0
 59120	 59127 : 0
 59124	 59159 : 0
 59156	 59167 : 0
 59164	 59199 : 0
 59196	 59207 : 0
 59204	 59247 : 0
 59244	 59255 : 0
 59252	 59283 : 0
 59280	 59291 : 0
 59288	 59311 : 0
 59308	 59315 : 0
 59312	 59419 : 0
 59416	 59459 : 0
 59456	 59463 : 0
 59460	 59471 : 0
 59468	 59483 : 0
 59480	 59487 : 0
 59484	 59491 : 0
 59488	 59503 : 0
 59500	 59551 : 0
 59548	 59563 : 0
 59560	 59575 : 0
 59572	 59595 : 0
 59592	 59615 : 0
 59612	 59619 : 0
 59616	 59623 : 0
 59620	 59639 : 0
 59636	 59739 : 0
 59736	 59743 : 0
 59740	 59779 : 0
 59776	 59791 : 0
 59788	 59823 : 0
 59820	 59827 : 0
 59824	 59895 : 0
 59892	 59903 : 0
 59900	 59931 : 0
 59928	 59943 : 0
 59940	 59991 : 0
 59988	 59999 : 0
 59996	 60027 : 0
 60024	 60039 : 0
 60036	 60051 : 0
 60048	 60071 : 0
 60068	 60099 : 0
 60096	 60103 : 0
 60100	 60119 : 0
 60116	 60131 : 0
 60128	 60135 : 0
 60132	 60139 : 0
 60136	 60143 : 0
 60140	 60203 : 0
 60200	 60263 : 0
 60260	 60267 : 0
 60264	 60311 : 0
 60308	 60339 : 0
 60336	 60391 : 0
 60388	 60403 : 0
 60400	 60439 : 0
 60436	 60451 : 0
 60448	 60531 : 0
 60528	 60539 : 0
 60536	 60551 : 0
 60548	 60567 : 0
 60564	 60603 : 0
 60600	 60619 : 0
 60616	 60655 : 0
 60652	 60683 : 0
 60680	 60687 : 0
 60684	 60703 : 0
 60700	 60739 : 0
 60736	 60747 : 0
 60744	 60775 : 0
 60772	 60803 : 0
 60800	 60859 : 0
 60856	 60871 : 0
 60868	 60995 : 0
 60992	 60999 : 0
 60996	 61011 : 0
 61008	 61015 : 0
 61012	 61035 : 0
 61032	 61043 : 0
 61040	 61071 : 0
 61068	 61083 : 0
 61080	 61087 : 0
 61084	 61103 : 0
 61100	 61131 : 0
 61128	 61139 : 0
 61136	 61175 : 0
 61172	 61191 : 0
 61188	 61243 : 0
 61240	 61251 : 0
 61248	 61355 : 0
 61352	 61371 : 0
 61368	 61387 : 0
 61384	 61395 : 0
 61392	 61427 : 0
 61424	 61455 : 0
 61452	 61487 : 0
 61484	 61491 : 0
 61488	 61755 : 0
 61752	 61763 : 0
 61760	 61803 : 0
 61800	 61811 : 0
 61808	 61895 : 0
 61892	 61903 : 0
 61900	 61907 : 0
 61904	 61911 : 0
 61908	 61975 : 0
 61972	 61979 : 0
 61976	 62331 : 0
 62328	 62339 : 0
 62336	 62359 : 0
 62356	 62371 : 0
 62368	 62419 : 0
 62416	 62423 : 0
 62420	 62443 : 0
 62440	 62447 : 0
 62444	 62455 : 0
 62452	 62467 : 0
 62464	 62551 : 0
 62548	 62559 : 0
 62556	 62715 : 0
 62712	 62723 : 0
 62720	 62735 : 0
 62732	 62739 : 0
 62736	 62751 : 0
 62748	 62763 : 0
 62760	 62783 : 0
 62780	 62791 : 0
 62788	 62795 : 0
 62792	 62803 : 0
 62800	 62871 : 0
 62868	 62887 : 0
 62884	 63195 : 0
 63192	 63215 : 0
 63212	 63311 : 0
 63308	 63331 : 0
 63328	 63479 : 0
 63476	 63487 : 0
 63484	 63539 : 0
 63536	 63567 : 0
 63564	 63575 : 0
 63572	 63607 : 0
 63604	 63611 : 0
 63608	 63643 : 0
 63640	 63727 : 0
 63724	 63731 : 0
 63728	 63747 : 0
 63744	 63755 : 0
 63752	 63879 : 0
 63876	 63883 : 0
 63880	 63887 : 0
 63884	 63891 : 0
 63888	 63899 : 0
 63896	 63903 : 0
 63900	 64067 : 0
 64064	 64075 : 0
 64072	 64251 : 0
 64248	 64255 : 0
 64252	 64471 : 0
 64468	 64487 : 0
 64484	 64535 : 0
 64532	 64547 : 0
 64544	 64607 : 0
 64604	 64611 : 0
 64608	 64911 : 0
 64908	 64915 : 0
 64912	 64919 : 0
 64916	 64923 : 0
 64920	 64927 : 0
 64924	 64947 : 0
 64944	 64983 : 0
 64980	 64987 : 0
 64984	 65043 : 0
 65040	 65051 : 0
 65048	 65071 : 0
 65068	 65075 : 0
 65072	 65083 : 0
 65080	 65107 : 0
 65104	 65119 : 0
 65116	 65131 : 0
 65128	 65143 : 0
 65140	 65147 : 0
 65144	 65179 : 0
 65176	 65191 : 0
 65188	 65203 : 0
 65200	 65211 : 0
 65208	 65327 : 0
 65324	 65339 : 0
 65336	 65343 : 0
 65340	 65379 : 0
 65376	 65383 : 0
 65380	 65395 : 0
 65392	 65503 : 0
 65500	 65507 : 0
 65504	 65515 : 0
 65512	 65539 : 0
 65536	 65543 : 0
 65540	 65579 : 0
 65576	 65583 : 0
 65580	 65587 : 0
 65584	 65623 : 0
 65620	 65631 : 0
 65628	 65683 : 0
 65680	 65731 : 0
 65728	 65759 : 0
 65756	 65763 : 0
 65760	 65811 : 0
 65808	 65819 : 0
 65816	 65903 : 0
 65900	 65907 : 0
 65904	 66863 : 0
 66860	 66867 : 0
 66864	 66931 : 0
 66928	 66939 : 0
 66936	 68311 : 0
 68308	 68363 : 0
