     0	    67 : 0
    64	    71 : 1
    68	   135 : 0
   132	   139 : 0
   136	   163 : 0
   160	   167 : 1
   164	   255 : 0
   252	   259 : 1
   256	   347 : 0
   344	   351 : 1
   348	   451 : 0
   448	   455 : 1
   452	   547 : 0
   544	   587 : 1
   584	   591 : 0
   588	   595 : 1
   592	   615 : 0
   612	   623 : 1
   620	   659 : 0
   656	   663 : 1
   660	   751 : 0
   748	   767 : 1
   764	   815 : 0
   812	   823 : 1
   820	   867 : 0
   864	   871 : 1
   868	   883 : 0
   880	   923 : 0
   920	   955 : 0
   952	   959 : 0
   956	   963 : 0
   960	   967 : 0
   964	   983 : 0
   980	  1011 : 0
  1008	  1075 : 0
  1072	  1083 : 1
  1080	  1095 : 0
  1092	  1103 : 0
  1100	  1139 : 0
  1136	  1147 : 0
  1144	  1211 : 0
  1208	  1243 : 0
  1240	  1247 : 0
  1244	  1259 : 0
  1256	  1267 : 0
  1264	  1275 : 0
  1272	  1299 : 0
  1296	  1307 : 1
  1304	  1327 : 0
  1324	  1335 : 0
  1332	  1339 : 0
  1336	  1343 : 0
  1340	  1367 : 0
  1364	  1371 : 0
  1368	  1459 : 0
  1456	  1467 : 1
  1464	  1563 : 0
  1560	  1571 : 1
  1568	  1667 : 0
  1664	  1719 : 0
  1716	  1787 : 0
  1784	  1791 : 0
  1788	  1799 : 0
  1796	  1807 : 1
  1804	  1827 : 0
  1824	  1871 : 0
  1868	  1883 : 0
  1880	  1891 : 0
  1888	  1907 : 0
  1904	  1919 : 0
  1916	  1967 : 0
  1964	  2015 : 1
  2012	  2043 : 0
  2040	  2067 : 0
  2064	  2075 : 0
  2072	  2079 : 0
  2076	  2103 : 0
  2100	  2111 : 1
  2108	  2131 : 0
  2128	  2135 : 1
  2132	  2219 : 0
  2216	  2227 : 1
  2224	  2243 : 0
  2240	  2315 : 0
  2312	  2351 : 0
  2348	  2355 : 1
  2352	  2435 : 0
  2432	  2439 : 0
  2436	  2455 : 0
  2452	  2467 : 1
  2464	  2475 : 0
  2472	  2483 : 0
  2480	  2487 : 0
  2484	  2491 : 0
  2488	  2495 : 0
  2492	  2503 : 0
  2500	  2531 : 0
  2528	  2539 : 0
  2536	  2547 : 0
  2544	  2555 : 1
  2552	  2559 : 0
  2556	  2611 : 0
  2608	  2647 : 0
  2644	  2655 : 1
  2652	  2711 : 0
  2708	  2715 : 1
  2712	  2751 : 0
  2748	  2755 : 1
  2752	  2767 : 0
  2764	  2787 : 0
  2784	  2791 : 0
  2788	  2795 : 0
  2792	  2803 : 0
  2800	  2823 : 0
  2820	  2931 : 0
  2928	  2939 : 1
  2936	  2979 : 0
  2976	  2987 : 1
  2984	  3011 : 0
  3008	  3031 : 0
  3028	  3035 : 0
  3032	  3047 : 0
  3044	  3131 : 0
  3128	  3139 : 1
  3136	  3319 : 0
  3316	  3323 : 1
  3320	  3591 : 0
  3588	  3595 : 1
  3592	  3603 : 0
  3600	  3611 : 0
  3608	  3647 : 0
  3644	  3659 : 0
  3656	  3663 : 0
  3660	  3667 : 0
  3664	  3675 : 0
  3672	  3683 : 0
  3680	  3739 : 0
  3736	  3743 : 1
  3740	  3755 : 0
  3752	  3763 : 0
  3760	  3835 : 0
  3832	  3843 : 0
  3840	  3851 : 0
  3848	  3867 : 0
  3864	  3911 : 0
  3908	  3927 : 0
  3924	  3931 : 0
  3928	  3935 : 0
  3932	  3947 : 0
  3944	  3955 : 0
  3952	  4571 : 0
  4568	  4575 : 0
  4572	  4667 : 0
  4664	  4967 : 1
