     0	    11 : 1
     8	    35 : 0
    32	    43 : 1
    40	   107 : 0
   104	   171 : 0
   168	   195 : 0
   192	   207 : 0
   204	   295 : 0
   292	   331 : 1
   328	   487 : 0
   484	   539 : 0
   536	   871 : 0
   868	   879 : 0
   876	   895 : 0
   892	   899 : 0
   896	   903 : 0
   900	   919 : 0
   916	   923 : 0
   920	   931 : 0
   928	   963 : 0
   960	  1023 : 0
  1020	  1071 : 0
  1068	  1107 : 1
  1104	  1147 : 0
  1144	  1151 : 0
  1148	  1163 : 0
  1160	  1179 : 0
  1176	  1195 : 0
  1192	  1271 : 1
  1268	  1407 : 0
  1404	  1455 : 0
  1452	  1475 : 0
  1472	  1479 : 0
  1476	  1595 : 0
  1592	  1615 : 0
  1612	  1747 : 0
  1744	  1767 : 1
  1764	  1783 : 0
  1780	  1799 : 1
  1796	  1807 : 0
  1804	  1811 : 1
  1808	  1815 : 0
  1812	  1823 : 1
  1820	  1831 : 0
  1828	  1839 : 1
  1836	  1843 : 0
  1840	  1899 : 0
  1896	  1915 : 0
  1912	  1919 : 1
  1916	  1963 : 0
  1960	  2015 : 1
  2012	  2019 : 0
  2016	  2027 : 1
  2024	  2035 : 0
  2032	  2063 : 1
  2060	  2103 : 0
  2100	  2107 : 1
  2104	  2131 : 0
  2128	  2147 : 1
  2144	  2151 : 0
  2148	  2163 : 0
  2160	  2167 : 0
  2164	  2215 : 0
  2212	  2255 : 0
  2252	  2263 : 1
  2260	  2311 : 0
  2308	  2351 : 1
  2348	  2371 : 0
  2368	  2415 : 0
  2412	  2439 : 0
  2436	  2571 : 0
  2568	  2579 : 0
  2576	  2587 : 1
  2584	  2619 : 0
  2616	  2627 : 1
  2624	  2691 : 0
  2688	  2695 : 1
  2692	  2699 : 0
  2696	  2703 : 0
  2700	  2707 : 0
  2704	  2711 : 0
  2708	  2723 : 0
  2720	  2735 : 0
  2732	  2755 : 0
  2752	  2775 : 1
  2772	  2791 : 0
  2788	  2807 : 1
  2804	  2839 : 0
  2836	  2843 : 0
  2840	  2867 : 0
  2864	  2883 : 1
  2880	  2891 : 0
  2888	  2947 : 0
  2944	  2951 : 0
  2948	  2955 : 0
  2952	  2991 : 0
  2988	  3011 : 0
  3008	  3027 : 0
  3024	  3111 : 0
  3108	  3123 : 0
  3120	  3131 : 0
  3128	  3179 : 0
  3176	  3183 : 1
  3180	  3187 : 0
  3184	  3211 : 0
  3208	  3263 : 0
  3260	  3303 : 1
  3300	  3311 : 0
  3308	  3323 : 1
  3320	  3343 : 0
  3340	  3359 : 0
  3356	  3375 : 0
  3372	  3395 : 0
  3392	  3403 : 0
  3400	  3411 : 0
  3408	  3423 : 0
  3420	  3519 : 1
  3516	  3523 : 0
  3520	  3531 : 1
  3528	  3571 : 0
  3568	  3575 : 0
  3572	  3655 : 0
  3652	  3659 : 1
  3656	  3699 : 0
  3696	  3707 : 0
  3704	  3751 : 0
  3748	  3755 : 0
  3752	  3771 : 0
  3768	  3775 : 0
  3772	  3783 : 0
  3780	  3799 : 0
  3796	  3879 : 0
  3876	  3911 : 1
  3908	  3943 : 0
  3940	  3951 : 1
  3948	  4055 : 0
  4052	  4059 : 0
  4056	  4067 : 0
  4064	  4075 : 0
  4072	  4087 : 0
  4084	  4103 : 1
  4100	  4107 : 0
  4104	  4111 : 0
  4108	  4179 : 0
  4176	  4191 : 0
  4188	  4283 : 0
  4280	  4363 : 0
  4360	  4367 : 0
  4364	  4375 : 1
  4372	  4431 : 0
  4428	  4443 : 1
  4440	  4455 : 0
  4452	  4475 : 0
  4472	  4479 : 0
  4476	  4483 : 1
  4480	  4495 : 0
  4492	  4507 : 0
  4504	  4511 : 0
  4508	  4551 : 0
  4548	  4611 : 0
  4608	  4615 : 1
  4612	  4627 : 0
  4624	  4655 : 0
  4652	  4671 : 0
  4668	  4683 : 0
  4680	  4687 : 0
  4684	  4735 : 0
  4732	  4747 : 0
  4744	  4751 : 1
  4748	  4787 : 0
  4784	  4791 : 0
  4788	  4811 : 0
  4808	  4815 : 1
  4812	  4843 : 0
  4840	  4855 : 1
  4852	  4859 : 0
  4856	  4907 : 0
  4904	  4991 : 0
  4988	  5003 : 1
  5000	  5007 : 0
  5004	  5059 : 0
  5056	  5095 : 0
  5092	  5099 : 1
  5096	  5127 : 0
  5124	  5159 : 1
  5156	  5163 : 0
  5160	  5175 : 1
  5172	  5199 : 0
  5196	  5207 : 1
  5204	  5227 : 0
  5224	  5239 : 0
  5236	  5267 : 0
  5264	  5279 : 0
  5276	  5287 : 0
  5284	  5295 : 1
  5292	  5323 : 0
  5320	  5331 : 1
  5328	  5423 : 0
  5420	  5431 : 1
  5428	  5475 : 0
  5472	  5487 : 1
  5484	  5527 : 0
  5524	  5575 : 1
  5572	  5631 : 0
  5628	  5639 : 0
  5636	  5711 : 0
  5708	  5715 : 1
  5712	  5779 : 0
  5776	  5859 : 1
  5856	  5863 : 0
  5860	  5871 : 0
  5868	  5879 : 0
  5876	  5943 : 1
  5940	  5951 : 0
  5948	  5967 : 0
  5964	  6087 : 0
  6084	  6103 : 0
  6100	  6139 : 0
  6136	  6143 : 1
  6140	  6147 : 0
  6144	  6159 : 0
  6156	  6167 : 0
  6164	  6171 : 0
  6168	  6175 : 0
  6172	  6183 : 0
  6180	  6195 : 0
  6192	  6239 : 0
  6236	  6347 : 0
  6344	  6359 : 1
  6356	  6423 : 0
  6420	  6571 : 0
  6568	  6623 : 0
  6620	  6643 : 0
  6640	  6659 : 0
  6656	  6679 : 0
  6676	  6683 : 0
  6680	  6695 : 0
  6692	  6807 : 0
  6804	  6835 : 1
  6832	  6847 : 0
  6844	  6855 : 0
  6852	  6879 : 0
  6876	  6899 : 0
  6896	  6919 : 0
  6916	  6931 : 0
  6928	  6939 : 0
  6936	  6943 : 0
  6940	  6947 : 0
  6944	  6955 : 0
  6952	  6967 : 0
  6964	  6971 : 0
  6968	  7055 : 0
  7052	  7063 : 0
  7060	  7167 : 0
  7164	  7303 : 1
  7300	  7323 : 0
  7320	  7331 : 0
  7328	  7363 : 0
  7360	  7367 : 0
  7364	  7375 : 0
  7372	  7379 : 0
  7376	  7383 : 0
  7380	  7387 : 0
  7384	  7423 : 0
  7420	  7427 : 0
  7424	  7439 : 0
  7436	  7463 : 0
  7460	  7495 : 0
  7492	  7503 : 0
  7500	  7507 : 0
  7504	  7531 : 0
  7528	  7539 : 0
  7536	  7747 : 0
