     0	   139 : 0
   136	   311 : 0
   308	   463 : 0
   460	   495 : 0
   492	   499 : 0
   496	   647 : 0
   644	   659 : 0
   656	   803 : 0
   800	   895 : 1
   892	   903 : 0
   900	   967 : 0
   964	   979 : 0
   976	  1219 : 0
  1216	  1239 : 0
  1236	  1275 : 0
  1272	  1355 : 0
  1352	  1367 : 0
  1364	  1379 : 0
  1376	  1459 : 0
  1456	  1463 : 0
  1460	  1499 : 0
  1496	  1575 : 0
  1572	  1607 : 0
  1604	  1619 : 0
  1616	  1623 : 0
  1620	  1667 : 0
  1664	  1679 : 1
  1676	  1699 : 0
  1696	  1703 : 0
  1700	  1751 : 0
  1748	  1771 : 1
  1768	  1835 : 0
  1832	  1879 : 1
  1876	  1915 : 0
  1912	  1935 : 1
  1932	  1939 : 0
  1936	  1999 : 0
  1996	  2051 : 0
  2048	  2091 : 1
  2088	  2147 : 0
  2144	  2151 : 0
  2148	  2155 : 0
  2152	  2255 : 0
  2252	  2259 : 0
  2256	  2275 : 0
  2272	  2299 : 0
  2296	  2315 : 0
  2312	  2451 : 0
  2448	  2475 : 0
  2472	  2479 : 0
  2476	  2483 : 0
  2480	  2507 : 0
  2504	  2523 : 0
  2520	  2539 : 0
  2536	  2555 : 0
  2552	  2575 : 0
  2572	  2607 : 1
  2604	  2623 : 0
  2620	  2631 : 0
  2628	  2719 : 0
  2716	  2899 : 1
  2896	  2951 : 0
  2948	  3071 : 0
  3068	  3095 : 0
  3092	  3187 : 0
  3184	  3191 : 0
  3188	  3231 : 1
  3228	  3235 : 0
  3232	  3367 : 0
  3364	  3387 : 0
  3384	  3507 : 1
  3504	  3527 : 0
  3524	  3547 : 0
  3544	  3683 : 0
  3680	  3695 : 0
  3692	  3767 : 0
  3764	  3815 : 1
  3812	  3839 : 0
  3836	  3959 : 0
  3956	  3967 : 0
  3964	  4027 : 1
  4024	  4187 : 0
  4184	  4199 : 0
  4196	  4203 : 0
  4200	  4207 : 0
  4204	  4323 : 0
  4320	  4351 : 0
  4348	  4355 : 0
  4352	  4387 : 0
  4384	  4391 : 0
  4388	  4399 : 0
  4396	  4403 : 0
  4400	  4447 : 1
  4444	  4795 : 0
  4792	  4847 : 1
  4844	  4871 : 0
  4868	  4903 : 0
  4900	  5095 : 0
  5092	  5171 : 0
  5168	  5203 : 0
  5200	  5207 : 0
  5204	  5291 : 0
  5288	  5343 : 0
  5340	  5423 : 0
  5420	  5427 : 0
  5424	  5455 : 0
  5452	  5483 : 1
  5480	  5495 : 0
  5492	  5507 : 0
  5504	  5511 : 0
  5508	  5531 : 0
  5528	  5543 : 0
  5540	  5575 : 0
  5572	  5595 : 0
  5592	  5735 : 0
  5732	  5747 : 0
  5744	  5783 : 0
  5780	  5791 : 0
  5788	  5935 : 0
  5932	  6087 : 0
  6084	  6215 : 0
