     0	   135 : 0
   132	   295 : 0
   292	   299 : 1
   296	   303 : 0
   300	   323 : 1
   320	   427 : 0
   424	   463 : 0
   460	   471 : 0
   468	   511 : 0
   508	   567 : 0
   564	   671 : 1
   668	   739 : 0
   736	   743 : 0
   740	   771 : 0
   768	   791 : 1
   788	   795 : 0
   792	   819 : 1
   816	   863 : 0
   860	   875 : 0
   872	   891 : 0
   888	   931 : 0
   928	  1023 : 0
  1020	  1031 : 1
  1028	  1035 : 0
  1032	  1043 : 1
  1040	  1047 : 0
  1044	  1159 : 1
  1156	  1163 : 0
  1160	  1179 : 1
  1176	  1195 : 0
  1192	  1203 : 0
  1200	  1211 : 0
  1208	  1215 : 0
  1212	  1219 : 0
  1216	  1275 : 0
  1272	  1339 : 0
  1336	  1371 : 1
  1368	  1439 : 0
  1436	  1455 : 1
  1452	  1459 : 0
  1456	  1483 : 0
  1480	  1575 : 0
  1572	  1579 : 0
  1576	  1591 : 0
  1588	  1599 : 1
  1596	  1615 : 0
  1612	  1623 : 0
  1620	  1651 : 0
  1648	  1675 : 0
  1672	  1683 : 0
  1680	  1747 : 0
  1744	  1811 : 0
  1808	  1819 : 0
  1816	  1827 : 0
  1824	  1831 : 1
  1828	  1835 : 0
  1832	  1855 : 1
  1852	  1859 : 0
  1856	  1871 : 1
  1868	  1899 : 0
  1896	  1963 : 1
  1960	  2007 : 0
  2004	  2019 : 1
  2016	  2047 : 0
  2044	  2095 : 0
  2092	  2119 : 0
  2116	  2127 : 1
  2124	  2211 : 0
  2208	  2219 : 1
  2216	  2223 : 0
  2220	  2287 : 0
  2284	  2319 : 0
  2316	  2323 : 1
  2320	  2343 : 0
  2340	  2351 : 0
  2348	  2355 : 0
  2352	  2359 : 0
  2356	  2363 : 0
  2360	  2367 : 0
  2364	  2391 : 0
  2388	  2423 : 0
  2420	  2495 : 0
  2492	  2519 : 0
  2516	  2527 : 0
  2524	  2543 : 0
  2540	  2551 : 0
  2548	  2559 : 1
  2556	  2563 : 0
  2560	  2567 : 1
  2564	  2687 : 0
  2684	  2691 : 1
  2688	  2807 : 0
  2804	  2819 : 1
  2816	  2831 : 0
  2828	  2863 : 0
  2860	  2879 : 0
  2876	  2883 : 0
  2880	  2927 : 0
  2924	  2959 : 0
  2956	  2983 : 0
  2980	  3003 : 0
  3000	  3015 : 0
  3012	  3019 : 0
  3016	  3087 : 0
  3084	  3095 : 1
  3092	  3163 : 0
  3160	  3175 : 0
  3172	  3215 : 0
  3212	  3235 : 1
  3232	  3239 : 0
  3236	  3243 : 1
  3240	  3247 : 0
  3244	  3259 : 1
  3256	  3307 : 0
  3304	  3315 : 1
  3312	  3335 : 0
  3332	  3343 : 0
  3340	  3403 : 0
  3400	  3459 : 1
  3456	  3587 : 0
  3584	  3615 : 1
  3612	  3663 : 0
  3660	  3671 : 1
  3668	  3687 : 0
  3684	  3691 : 0
  3688	  3727 : 0
  3724	  3735 : 1
  3732	  3899 : 0
  3896	  3903 : 1
  3900	  3935 : 0
  3932	  3943 : 0
  3940	  3951 : 0
  3948	  3963 : 1
  3960	  4031 : 0
  4028	  4039 : 1
  4036	  4119 : 0
  4116	  4135 : 0
  4132	  4183 : 0
  4180	  4191 : 0
  4188	  4195 : 0
  4192	  4219 : 0
  4216	  4223 : 0
  4220	  4271 : 0
  4268	  4375 : 0
  4372	  4395 : 1
  4392	  4571 : 0
  4568	  4579 : 1
  4576	  4599 : 0
  4596	  4623 : 1
  4620	  4627 : 0
  4624	  4659 : 1
  4656	  4755 : 0
  4752	  4803 : 0
  4800	  4807 : 0
  4804	  4839 : 1
  4836	  4843 : 0
  4840	  4855 : 1
  4852	  4907 : 0
  4904	  4915 : 1
  4912	  4951 : 0
  4948	  4959 : 0
  4956	  4995 : 0
  4992	  5023 : 0
  5020	  5027 : 0
  5024	  5043 : 0
  5040	  5067 : 0
  5064	  5095 : 0
  5092	  5319 : 0
  5316	  5323 : 2
  5320	  5327 : 0
  5324	  5347 : 0
  5344	  5363 : 0
  5360	  5407 : 0
  5404	  5411 : 0
  5408	  5427 : 0
  5424	  5439 : 0
  5436	  5447 : 0
  5444	  5459 : 0
  5456	  5495 : 0
  5492	  5535 : 1
  5532	  5543 : 0
  5540	  5563 : 0
  5560	  5567 : 0
  5564	  5695 : 0
  5692	  5751 : 0
  5748	  5779 : 0
  5776	  5791 : 0
  5788	  5835 : 0
  5832	  5859 : 0
  5856	  5863 : 1
  5860	  5879 : 0
  5876	  5883 : 1
  5880	  5931 : 0
  5928	  5971 : 0
  5968	  5979 : 0
  5976	  6003 : 0
  6000	  6059 : 0
  6056	  6067 : 0
  6064	  6111 : 0
  6108	  6115 : 0
  6112	  6139 : 0
  6136	  6143 : 1
  6140	  6167 : 0
  6164	  6171 : 1
  6168	  6175 : 0
  6172	  6179 : 1
  6176	  6191 : 0
  6188	  6199 : 1
  6196	  6207 : 0
  6204	  6211 : 1
  6208	  6231 : 0
  6228	  6255 : 0
  6252	  6275 : 0
  6272	  6343 : 0
  6340	  6363 : 0
  6360	  6367 : 0
  6364	  6403 : 0
  6400	  6419 : 0
  6416	  6423 : 0
  6420	  6427 : 0
  6424	  6479 : 0
  6476	  6483 : 1
  6480	  6487 : 0
  6484	  6503 : 1
  6500	  6567 : 0
  6564	  6591 : 1
  6588	  6603 : 0
  6600	  6607 : 1
  6604	  6655 : 0
  6652	  6671 : 1
  6668	  6755 : 0
  6752	  6779 : 1
  6776	  6791 : 0
  6788	  6795 : 1
  6792	  6799 : 0
  6796	  6815 : 0
  6812	  6847 : 0
  6844	  6863 : 1
  6860	  6903 : 0
  6900	  6915 : 1
  6912	  6923 : 0
  6920	  6951 : 1
  6948	  6963 : 0
  6960	  6999 : 1
  6996	  7019 : 0
  7016	  7079 : 1
  7076	  7123 : 0
  7120	  7127 : 1
  7124	  7135 : 0
  7132	  7283 : 1
  7280	  7287 : 0
  7284	  7291 : 0
  7288	  7307 : 0
  7304	  7315 : 0
  7312	  7343 : 0
  7340	  7367 : 0
  7364	  7371 : 0
  7368	  7379 : 0
  7376	  7399 : 0
  7396	  7451 : 1
  7448	  7471 : 0
  7468	  7487 : 1
  7484	  7531 : 0
  7528	  7535 : 1
  7532	  7551 : 0
  7548	  7591 : 1
  7588	  7655 : 0
  7652	  7663 : 1
  7660	  7667 : 0
  7664	  7683 : 0
  7680	  7763 : 0
  7760	  7787 : 1
  7784	  7791 : 0
  7788	  7795 : 0
  7792	  7827 : 0
  7824	  7935 : 1
  7932	  8075 : 0
  8072	  8095 : 1
  8092	  8203 : 0
  8200	  8207 : 1
  8204	  8239 : 0
  8236	  8243 : 1
  8240	  8255 : 0
  8252	  8263 : 1
  8260	  8271 : 0
  8268	  8335 : 1
  8332	  8339 : 0
  8336	  8379 : 0
  8376	  8407 : 0
  8404	  8415 : 0
  8412	  8435 : 0
  8432	  8475 : 1
  8472	  8487 : 0
  8484	  8491 : 1
  8488	  8519 : 0
  8516	  8555 : 1
  8552	  8695 : 0
  8692	  8699 : 0
  8696	  8707 : 0
  8704	  8743 : 0
  8740	  8751 : 0
  8748	  8755 : 0
  8752	  8767 : 0
  8764	  8775 : 1
  8772	  8819 : 0
  8816	  8835 : 1
  8832	  8839 : 0
  8836	  8851 : 0
  8848	  8911 : 0
  8908	  8919 : 0
  8916	  8951 : 0
  8948	  8955 : 0
  8952	  9179 : 0
  9176	  9195 : 0
  9192	  9203 : 0
  9200	  9255 : 0
  9252	  9267 : 0
  9264	  9271 : 0
  9268	  9279 : 0
  9276	  9351 : 0
  9348	  9487 : 0
  9484	  9839 : 1
