     0	    31 : 0
    28	   155 : 0
   152	   219 : 1
   216	   279 : 0
   276	   363 : 0
   360	   463 : 0
   460	   515 : 0
   512	   767 : 0
   764	   775 : 1
   772	   799 : 0
   796	   815 : 0
   812	   835 : 0
   832	   883 : 0
   880	  1075 : 0
  1072	  1083 : 0
  1080	  1091 : 0
  1088	  1239 : 0
  1236	  1391 : 0
  1388	  1415 : 0
  1412	  1439 : 0
  1436	  1443 : 0
  1440	  1471 : 0
  1468	  1475 : 0
  1472	  1491 : 0
  1488	  1547 : 1
  1544	  1551 : 0
  1548	  1555 : 0
  1552	  1559 : 0
  1556	  1571 : 0
  1568	  1583 : 0
  1580	  1647 : 1
  1644	  1651 : 0
  1648	  1655 : 1
  1652	  1727 : 0
  1724	  1731 : 1
  1728	  1763 : 0
  1760	  1771 : 0
  1768	  1811 : 0
  1808	  1823 : 0
  1820	  1831 : 0
  1828	  1835 : 0
  1832	  1863 : 0
  1860	  1875 : 1
  1872	  1879 : 0
  1876	  1919 : 0
  1916	  1931 : 0
  1928	  1975 : 0
  1972	  1983 : 0
  1980	  2039 : 0
  2036	  2083 : 0
  2080	  2091 : 1
  2088	  2095 : 0
  2092	  2199 : 0
  2196	  2211 : 0
  2208	  2235 : 0
  2232	  2239 : 0
  2236	  2267 : 0
  2264	  2275 : 0
  2272	  2331 : 1
  2328	  2335 : 0
  2332	  2339 : 1
  2336	  2351 : 0
  2348	  2355 : 0
  2352	  2391 : 0
  2388	  2411 : 0
  2408	  2495 : 0
  2492	  2499 : 0
  2496	  2555 : 0
  2552	  2579 : 1
  2576	  2591 : 0
  2588	  2667 : 0
  2664	  2767 : 0
  2764	  2839 : 0
  2836	  2963 : 0
  2960	  3019 : 0
  3016	  3219 : 0
  3216	  3267 : 1
  3264	  3279 : 0
  3276	  3291 : 0
  3288	  3415 : 0
  3412	  3419 : 0
  3416	  3555 : 0
  3552	  3567 : 1
  3564	  3623 : 0
  3620	  3627 : 0
  3624	  3667 : 0
  3664	  3699 : 1
  3696	  3715 : 0
  3712	  3795 : 0
  3792	  3835 : 0
  3832	  3855 : 0
  3852	  3863 : 0
  3860	  3887 : 0
  3884	  3891 : 0
  3888	  3939 : 1
  3936	  3983 : 0
  3980	  3991 : 0
  3988	  4011 : 0
  4008	  4015 : 0
  4012	  4027 : 0
  4024	  4047 : 0
  4044	  4051 : 0
  4048	  4063 : 0
  4060	  4151 : 0
  4148	  4287 : 1
  4284	  4319 : 0
  4316	  4351 : 0
  4348	  4355 : 0
  4352	  4359 : 0
  4356	  4371 : 0
  4368	  4375 : 0
  4372	  4379 : 0
  4376	  4387 : 0
  4384	  4403 : 0
  4400	  4411 : 0
  4408	  4463 : 0
  4460	  4491 : 0
  4488	  4499 : 0
  4496	  4503 : 0
  4500	  4511 : 0
  4508	  4543 : 0
  4540	  4551 : 0
  4548	  4571 : 0
  4568	  4583 : 0
  4580	  4607 : 0
  4604	  4695 : 0
  4692	  4715 : 1
  4712	  4719 : 0
  4716	  4727 : 0
  4724	  4763 : 0
  4760	  4811 : 0
  4808	  4919 : 0
  4916	  4923 : 1
  4920	  4987 : 0
  4984	  4995 : 1
  4992	  5023 : 0
  5020	  5119 : 0
  5116	  5127 : 0
  5124	  5151 : 0
  5148	  5191 : 0
  5188	  5211 : 1
  5208	  5259 : 0
  5256	  5263 : 0
  5260	  5271 : 0
  5268	  5283 : 0
  5280	  5311 : 0
  5308	  5331 : 0
  5328	  5355 : 0
  5352	  5399 : 1
  5396	  5403 : 0
  5400	  5419 : 0
  5416	  5423 : 0
  5420	  5431 : 0
  5428	  5459 : 0
  5456	  5463 : 0
  5460	  5471 : 0
  5468	  5475 : 0
  5472	  5483 : 0
  5480	  5495 : 0
  5492	  5535 : 0
  5532	  5539 : 1
  5536	  5579 : 0
  5576	  5587 : 0
  5584	  5623 : 0
  5620	  5627 : 1
  5624	  5647 : 0
  5644	  5655 : 0
  5652	  5715 : 0
  5712	  5723 : 0
  5720	  5727 : 0
  5724	  5743 : 0
  5740	  5747 : 0
  5744	  5751 : 1
  5748	  5763 : 0
  5760	  5767 : 0
  5764	  5791 : 0
  5788	  5807 : 0
  5804	  5815 : 0
  5812	  5831 : 0
  5828	  5835 : 0
  5832	  5883 : 0
  5880	  5891 : 0
  5888	  5907 : 0
  5904	  5911 : 0
  5908	  5983 : 1
  5980	  5995 : 0
  5992	  5999 : 0
  5996	  6007 : 0
  6004	  6019 : 0
  6016	  6027 : 0
  6024	  6071 : 0
  6068	  6083 : 0
  6080	  6099 : 0
  6096	  6103 : 0
  6100	  6111 : 1
  6108	  6131 : 0
  6128	  6135 : 0
  6132	  6151 : 0
  6148	  6155 : 0
  6152	  6211 : 0
  6208	  6215 : 0
  6212	  6279 : 0
  6276	  6283 : 0
  6280	  6295 : 0
  6292	  6307 : 0
  6304	  6339 : 0
  6336	  6407 : 1
  6404	  6471 : 0
  6468	  6515 : 1
  6512	  6527 : 0
  6524	  6567 : 0
  6564	  6571 : 0
  6568	  6583 : 0
  6580	  6587 : 0
  6584	  6591 : 0
  6588	  6599 : 0
  6596	  6607 : 0
  6604	  6611 : 0
  6608	  6619 : 0
  6616	  6635 : 0
  6632	  6695 : 0
  6692	  6703 : 0
  6700	  6743 : 0
  6740	  6791 : 0
  6788	  6795 : 0
  6792	  6799 : 0
  6796	  6815 : 0
  6812	  6835 : 0
  6832	  6843 : 0
  6840	  6847 : 0
  6844	  6859 : 0
  6856	  6879 : 0
  6876	  6883 : 0
  6880	  6895 : 0
  6892	  6903 : 0
  6900	  6931 : 0
  6928	  6943 : 0
  6940	  6971 : 0
  6968	  7003 : 0
  7000	  7007 : 0
  7004	  7035 : 0
  7032	  7039 : 0
  7036	  7055 : 0
  7052	  7063 : 0
  7060	  7123 : 0
  7120	  7131 : 0
  7128	  7139 : 0
  7136	  7143 : 0
  7140	  7207 : 0
  7204	  7211 : 0
  7208	  7327 : 0
  7324	  7339 : 0
  7336	  7343 : 1
  7340	  7347 : 0
  7344	  7355 : 0
  7352	  7375 : 0
  7372	  7383 : 0
  7380	  7387 : 0
  7384	  7395 : 0
  7392	  7403 : 0
  7400	  7427 : 0
  7424	  7431 : 0
  7428	  7455 : 1
  7452	  7467 : 0
  7464	  7471 : 0
  7468	  7479 : 0
  7476	  7495 : 0
  7492	  7499 : 0
  7496	  7535 : 1
  7532	  7539 : 0
  7536	  7579 : 0
  7576	  7583 : 0
  7580	  7595 : 0
  7592	  7619 : 0
  7616	  7627 : 0
  7624	  7635 : 0
  7632	  7651 : 1
  7648	  7655 : 0
  7652	  7659 : 0
  7656	  7683 : 0
  7680	  7691 : 0
  7688	  7695 : 0
  7692	  7703 : 1
  7700	  7707 : 0
  7704	  7727 : 1
  7724	  7731 : 0
  7728	  7827 : 1
  7824	  7831 : 0
  7828	  7879 : 1
  7876	  7887 : 0
  7884	  7903 : 0
  7900	  7919 : 0
  7916	  7923 : 0
  7920	  7927 : 0
  7924	  7995 : 1
  7992	  7999 : 2
  7996	  8055 : 1
  8052	  8059 : 0
  8056	  8091 : 1
  8088	  8103 : 0
  8100	  8155 : 0
  8152	  8159 : 0
  8156	  8171 : 0
  8168	  8183 : 0
  8180	  8243 : 0
  8240	  8247 : 0
  8244	  8307 : 1
  8304	  8311 : 0
  8308	  8327 : 0
  8324	  8331 : 0
  8328	  8335 : 1
  8332	  8339 : 0
  8336	  8351 : 0
  8348	  8355 : 0
  8352	  8359 : 0
  8356	  8363 : 0
  8360	  8371 : 0
  8368	  8399 : 0
  8396	  8403 : 0
  8400	  8423 : 0
  8420	  8443 : 0
  8440	  8447 : 0
  8444	  8455 : 0
  8452	  8483 : 0
  8480	  8511 : 0
  8508	  8515 : 0
  8512	  8519 : 1
  8516	  8523 : 0
  8520	  8535 : 1
  8532	  8583 : 0
  8580	  8591 : 0
  8588	  8599 : 0
  8596	  8659 : 1
  8656	  8667 : 0
  8664	  8671 : 0
  8668	  8703 : 0
  8700	  8715 : 0
  8712	  8723 : 0
  8720	  8735 : 0
  8732	  8751 : 0
  8748	  8763 : 0
  8760	  8979 : 0
  8976	  9007 : 0
  9004	  9059 : 0
  9056	  9779 : 0
  9776	  9895 : 0
  9892	  9911 : 1
