     0	   119 : 0
   116	   123 : 0
   120	   127 : 0
   124	   135 : 0
   132	   143 : 0
   140	   147 : 0
   144	   387 : 0
   384	   415 : 0
   412	   551 : 0
   548	   555 : 0
   552	   691 : 0
   688	   759 : 0
   756	   831 : 0
   828	  1047 : 0
  1044	  1207 : 0
  1204	  1223 : 0
  1220	  1247 : 0
  1244	  1271 : 0
  1268	  1343 : 0
  1340	  1427 : 0
  1424	  1447 : 0
  1444	  1679 : 0
  1676	  1851 : 0
  1848	  1855 : 0
  1852	  1927 : 0
  1924	  2331 : 0
  2328	  2367 : 0
  2364	  2415 : 0
  2412	  2443 : 0
  2440	  2479 : 0
  2476	  2507 : 0
  2504	  2627 : 0
  2624	  2655 : 0
  2652	  2743 : 0
  2740	  2779 : 0
  2776	  2783 : 0
  2780	  2823 : 0
  2820	  3031 : 0
  3028	  3071 : 0
  3068	  3083 : 0
  3080	  3191 : 0
  3188	  3223 : 0
  3220	  3255 : 0
  3252	  3291 : 0
  3288	  3407 : 0
  3404	  3411 : 0
  3408	  3415 : 0
  3412	  3419 : 0
  3416	  3427 : 0
  3424	  3471 : 0
  3468	  3475 : 0
  3472	  3495 : 0
  3492	  3535 : 0
  3532	  3559 : 0
  3556	  3587 : 0
  3584	  3619 : 0
  3616	  3671 : 0
  3668	  3815 : 0
  3812	  3907 : 0
  3904	  3911 : 0
  3908	  4015 : 0
  4012	  4035 : 0
  4032	  4087 : 0
  4084	  4135 : 0
  4132	  4147 : 0
  4144	  4187 : 0
  4184	  4191 : 0
  4188	  4223 : 0
  4220	  4231 : 0
  4228	  4295 : 0
  4292	  4335 : 0
  4332	  4355 : 0
  4352	  4371 : 0
  4368	  4407 : 0
  4404	  4415 : 0
  4412	  4419 : 0
  4416	  4515 : 0
  4512	  4611 : 0
  4608	  4615 : 0
  4612	  4619 : 0
  4616	  4623 : 0
  4620	  4627 : 0
  4624	  4683 : 0
  4680	  4863 : 0
  4860	  4879 : 0
  4876	  4939 : 0
  4936	  4959 : 0
  4956	  4987 : 0
  4984	  4995 : 0
  4992	  5047 : 0
  5044	  5075 : 0
  5072	  5091 : 0
  5088	  5103 : 0
  5100	  5143 : 0
  5140	  5171 : 0
  5168	  5247 : 0
  5244	  5251 : 0
  5248	  5283 : 0
  5280	  5323 : 0
  5320	  5451 : 0
  5448	  5471 : 0
  5468	  5523 : 0
  5520	  5555 : 0
  5552	  5567 : 0
  5564	  5587 : 0
  5584	  5623 : 0
  5620	  5715 : 0
  5712	  5731 : 0
  5728	  5743 : 0
  5740	  5855 : 0
  5852	  5859 : 0
  5856	  5867 : 0
  5864	  5871 : 0
  5868	  5891 : 0
  5888	  5927 : 0
  5924	  5931 : 0
  5928	  5979 : 0
  5976	  6043 : 0
  6040	  6063 : 0
  6060	  6091 : 0
  6088	  6159 : 0
  6156	  6163 : 0
  6160	  6207 : 1
  6204	  6211 : 0
  6208	  6223 : 0
  6220	  6227 : 0
  6224	  6235 : 0
  6232	  6239 : 0
  6236	  6243 : 0
  6240	  6275 : 0
  6272	  6427 : 1
  6424	  6431 : 0
  6428	  6447 : 0
  6444	  6471 : 0
  6468	  6495 : 0
  6492	  6535 : 0
  6532	  6575 : 0
  6572	  6579 : 0
  6576	  6599 : 0
  6596	  6791 : 0
  6788	  6795 : 0
  6792	  6891 : 0
  6888	  6899 : 1
  6896	  6939 : 0
  6936	  6943 : 0
  6940	  6955 : 0
  6952	  6959 : 0
  6956	  6971 : 0
  6968	  6983 : 0
  6980	  6987 : 0
  6984	  7043 : 0
  7040	  7051 : 0
  7048	  7055 : 0
  7052	  7059 : 0
  7056	  7071 : 0
  7068	  7095 : 0
  7092	  7103 : 0
  7100	  7135 : 0
  7132	  7139 : 0
  7136	  7403 : 0
  7400	  7411 : 0
  7408	  7439 : 0
  7436	  7447 : 0
  7444	  7531 : 0
  7528	  7591 : 0
  7588	  7619 : 0
  7616	  7751 : 0
  7748	  7771 : 0
  7768	  7819 : 0
  7816	  7887 : 0
  7884	  7927 : 1
  7924	  7935 : 0
  7932	  7967 : 1
  7964	  7975 : 0
  7972	  7979 : 1
  7976	  7983 : 0
  7980	  7991 : 0
  7988	  7995 : 0
  7992	  8031 : 0
  8028	  8035 : 0
  8032	  8103 : 0
  8100	  8115 : 0
  8112	  8127 : 1
  8124	  8135 : 0
  8132	  8139 : 0
  8136	  8147 : 0
  8144	  8179 : 0
  8176	  8187 : 0
  8184	  8195 : 0
  8192	  8235 : 0
  8232	  8327 : 0
  8324	  8335 : 0
  8332	  8351 : 0
  8348	  8355 : 0
  8352	  8363 : 0
  8360	  8367 : 0
  8364	  8423 : 0
  8420	  8467 : 0
  8464	  8519 : 0
  8516	  8531 : 0
  8528	  8551 : 0
  8548	  8559 : 0
  8556	  8599 : 0
  8596	  8603 : 0
  8600	  8643 : 0
  8640	  8655 : 0
  8652	  8667 : 0
  8664	  8675 : 0
  8672	  8679 : 0
  8676	  8683 : 0
  8680	  8687 : 0
  8684	  8787 : 0
  8784	  8795 : 0
  8792	  8847 : 0
  8844	  8911 : 0
  8908	  9003 : 0
  9000	  9019 : 0
  9016	  9023 : 0
  9020	  9047 : 0
  9044	  9051 : 0
  9048	  9059 : 0
  9056	  9159 : 0
  9156	  9191 : 0
  9188	  9195 : 0
  9192	  9207 : 0
  9204	  9235 : 0
  9232	  9295 : 1
  9292	  9303 : 0
  9300	  9331 : 0
  9328	  9347 : 0
  9344	  9355 : 1
  9352	  9383 : 0
  9380	  9395 : 0
  9392	  9411 : 0
  9408	  9419 : 0
  9416	  9539 : 0
  9536	  9547 : 0
  9544	  9559 : 0
  9556	  9571 : 0
  9568	  9575 : 0
  9572	  9583 : 0
  9580	  9591 : 0
  9588	  9599 : 0
  9596	  9603 : 0
  9600	  9615 : 0
  9612	  9623 : 0
  9620	  9627 : 0
  9624	  9667 : 0
  9664	  9671 : 0
  9668	  9683 : 0
  9680	  9691 : 0
  9688	  9767 : 0
  9764	  9771 : 0
  9768	  9783 : 0
  9780	  9791 : 0
  9788	  9927 : 0
  9924	  9935 : 0
  9932	  9959 : 0
  9956	  9963 : 0
  9960	  9983 : 0
  9980	 10035 : 0
 10032	 10059 : 0
 10056	 10063 : 0
 10060	 10075 : 0
 10072	 10127 : 0
 10124	 10139 : 0
 10136	 10143 : 0
 10140	 10147 : 0
 10144	 10151 : 0
 10148	 10155 : 0
 10152	 10159 : 0
 10156	 10163 : 0
 10160	 10171 : 0
 10168	 10179 : 0
 10176	 10199 : 1
 10196	 10359 : 0
 10356	 10371 : 0
 10368	 10383 : 0
 10380	 10407 : 0
 10404	 10439 : 0
 10436	 10491 : 0
 10488	 10503 : 0
 10500	 10507 : 0
 10504	 10511 : 0
 10508	 10539 : 0
 10536	 10543 : 0
 10540	 10587 : 0
 10584	 10623 : 0
 10620	 10631 : 0
 10628	 10695 : 0
 10692	 10743 : 0
 10740	 10759 : 0
 10756	 10763 : 0
 10760	 10767 : 0
 10764	 10775 : 0
 10772	 10803 : 0
 10800	 10823 : 0
 10820	 10827 : 0
 10824	 10863 : 0
 10860	 10883 : 0
 10880	 10891 : 0
 10888	 10899 : 0
 10896	 10903 : 0
 10900	 10911 : 0
 10908	 10935 : 0
 10932	 10939 : 0
 10936	 11003 : 0
 11000	 11063 : 0
 11060	 11123 : 0
 11120	 11219 : 0
 11216	 11231 : 0
 11228	 11239 : 0
 11236	 11247 : 0
 11244	 11255 : 0
 11252	 11259 : 0
 11256	 11435 : 0
 11432	 11451 : 0
 11448	 11459 : 0
 11456	 11463 : 0
 11460	 11483 : 0
 11480	 11523 : 0
 11520	 11535 : 0
 11532	 11539 : 0
 11536	 11555 : 0
 11552	 11607 : 0
 11604	 11679 : 0
 11676	 11719 : 0
 11716	 11763 : 0
 11760	 11771 : 0
 11768	 11839 : 0
 11836	 11859 : 0
 11856	 11879 : 0
 11876	 11923 : 0
 11920	 11935 : 0
 11932	 11991 : 0
 11988	 12007 : 0
 12004	 12035 : 0
 12032	 12059 : 0
 12056	 12171 : 0
 12168	 12191 : 0
 12188	 12319 : 0
 12316	 12339 : 0
 12336	 12343 : 0
 12340	 12367 : 0
 12364	 12379 : 0
 12376	 12411 : 0
 12408	 12535 : 0
 12532	 12539 : 0
 12536	 12547 : 1
 12544	 12555 : 0
 12552	 12567 : 1
 12564	 12575 : 0
 12572	 12607 : 0
 12604	 12611 : 0
 12608	 12671 : 0
 12668	 12723 : 0
 12720	 12727 : 0
 12724	 12771 : 0
 12768	 12775 : 0
 12772	 12875 : 0
 12872	 12915 : 0
 12912	 12919 : 0
 12916	 12923 : 0
 12920	 12999 : 0
 12996	 13047 : 0
 13044	 13063 : 0
 13060	 13091 : 0
 13088	 13151 : 0
 13148	 13167 : 0
 13164	 13179 : 0
 13176	 13203 : 0
 13200	 13223 : 0
 13220	 13239 : 0
 13236	 13243 : 0
 13240	 13267 : 0
 13264	 13327 : 0
 13324	 13391 : 0
 13388	 13403 : 0
 13400	 13431 : 0
 13428	 13467 : 0
 13464	 13479 : 0
 13476	 13491 : 0
 13488	 13511 : 0
 13508	 13515 : 0
 13512	 13639 : 0
 13636	 13651 : 0
 13648	 13687 : 0
 13684	 13695 : 0
 13692	 13699 : 0
 13696	 13707 : 0
 13704	 13767 : 0
 13764	 13851 : 0
 13848	 13891 : 0
 13888	 13991 : 0
 13988	 14087 : 0
 14084	 14095 : 0
 14092	 14159 : 0
 14156	 14315 : 0
 14312	 14323 : 0
 14320	 14419 : 0
 14416	 14423 : 0
 14420	 14455 : 0
 14452	 14459 : 0
 14456	 14463 : 0
 14460	 14471 : 0
 14468	 14479 : 0
 14476	 14563 : 0
 14560	 14571 : 0
 14568	 14607 : 1
 14604	 14615 : 0
 14612	 14687 : 0
 14684	 14691 : 0
 14688	 14695 : 1
 14692	 14727 : 0
 14724	 14731 : 0
 14728	 14751 : 0
 14748	 14755 : 0
 14752	 14795 : 0
 14792	 14811 : 0
 14808	 14831 : 0
 14828	 14895 : 0
 14892	 14991 : 0
 14988	 14999 : 0
 14996	 15063 : 0
 15060	 15071 : 0
 15068	 15083 : 0
 15080	 15151 : 0
 15148	 15167 : 0
 15164	 15171 : 0
 15168	 15191 : 0
 15188	 15219 : 0
 15216	 15231 : 0
 15228	 15251 : 0
 15248	 15279 : 0
 15276	 15283 : 0
 15280	 15335 : 0
 15332	 15339 : 0
 15336	 15347 : 0
 15344	 15375 : 0
 15372	 15379 : 0
 15376	 15387 : 0
 15384	 15415 : 0
 15412	 15423 : 0
 15420	 15431 : 0
 15428	 15435 : 0
 15432	 15459 : 0
 15456	 15475 : 0
 15472	 15483 : 0
 15480	 15487 : 0
 15484	 15519 : 0
 15516	 15527 : 0
 15524	 15687 : 0
 15684	 15691 : 0
 15688	 15703 : 0
 15700	 15707 : 0
 15704	 15715 : 0
 15712	 15735 : 0
 15732	 15755 : 0
 15752	 15767 : 0
 15764	 15771 : 0
 15768	 15775 : 0
 15772	 15779 : 0
 15776	 15787 : 1
 15784	 15807 : 0
 15804	 15815 : 0
 15812	 15871 : 0
 15868	 15899 : 0
 15896	 15935 : 0
 15932	 15939 : 0
 15936	 15951 : 0
 15948	 15999 : 0
 15996	 16003 : 0
 16000	 16007 : 0
 16004	 16023 : 0
 16020	 16031 : 0
 16028	 16047 : 0
 16044	 16191 : 0
