     0	    11 : 1
     8	   115 : 0
   112	   179 : 1
   176	   191 : 0
   188	   203 : 0
   200	   219 : 0
   216	   223 : 1
   220	   243 : 0
   240	   247 : 0
   244	   311 : 0
   308	   315 : 0
   312	   319 : 0
   316	   343 : 0
   340	   351 : 0
   348	   355 : 0
   352	   363 : 0
   360	   367 : 0
   364	   403 : 0
   400	   415 : 0
   412	   427 : 0
   424	   447 : 0
   444	   455 : 0
   452	   547 : 0
   544	   575 : 0
   572	   595 : 0
   592	   599 : 0
   596	   627 : 0
   624	   631 : 0
   628	   675 : 1
   672	   679 : 0
   676	   735 : 0
   732	   747 : 0
   744	   751 : 0
   748	   755 : 0
   752	   763 : 0
   760	   791 : 0
   788	   803 : 1
   800	   807 : 0
   804	   827 : 0
   824	   831 : 0
   828	   835 : 0
   832	   871 : 0
   868	   875 : 1
   872	   883 : 0
   880	   895 : 1
   892	   899 : 0
   896	   903 : 0
   900	   927 : 0
   924	   931 : 1
   928	   935 : 0
   932	   951 : 1
   948	  1003 : 0
  1000	  1015 : 1
  1012	  1019 : 0
  1016	  1023 : 0
  1020	  1031 : 0
  1028	  1043 : 0
  1040	  1051 : 0
  1048	  1063 : 0
  1060	  1079 : 0
  1076	  1087 : 1
  1084	  1091 : 0
  1088	  1103 : 1
  1100	  1111 : 0
  1108	  1127 : 1
  1124	  1131 : 0
  1128	  1147 : 0
  1144	  1151 : 0
  1148	  1155 : 0
  1152	  1159 : 0
  1156	  1183 : 1
  1180	  1211 : 0
  1208	  1259 : 0
  1256	  1267 : 0
  1264	  1307 : 1
  1304	  1311 : 0
  1308	  1319 : 1
  1316	  1323 : 0
  1320	  1335 : 0
  1332	  1339 : 0
  1336	  1427 : 0
  1424	  1431 : 0
  1428	  1455 : 0
  1452	  1459 : 0
  1456	  1511 : 1
  1508	  1515 : 0
  1512	  1527 : 1
  1524	  1531 : 0
  1528	  1583 : 1
  1580	  1587 : 0
  1584	  1591 : 0
  1588	  1603 : 0
  1600	  1639 : 1
  1636	  1643 : 0
  1640	  1647 : 1
  1644	  1683 : 0
  1680	  1703 : 1
  1700	  1707 : 0
  1704	  1715 : 1
  1712	  1719 : 0
  1716	  1723 : 1
  1720	  1727 : 0
  1724	  1763 : 1
  1760	  1771 : 0
  1768	  1779 : 1
  1776	  1795 : 0
  1792	  1819 : 1
  1816	  1831 : 0
  1828	  1835 : 0
  1832	  1839 : 0
  1836	  1875 : 0
  1872	  1879 : 0
  1876	  1887 : 1
  1884	  1907 : 0
  1904	  1915 : 0
  1912	  1927 : 0
  1924	  1943 : 0
  1940	  1975 : 0
  1972	  2003 : 1
  2000	  2007 : 0
  2004	  2011 : 0
  2008	  2027 : 0
  2024	  2031 : 0
  2028	  2035 : 0
  2032	  2039 : 0
  2036	  2047 : 0
  2044	  2067 : 0
  2064	  2127 : 0
  2124	  2155 : 1
  2152	  2171 : 0
  2168	  2175 : 1
  2172	  2227 : 0
  2224	  2239 : 1
  2236	  2243 : 0
  2240	  2259 : 0
  2256	  2267 : 0
  2264	  2299 : 1
  2296	  2363 : 0
  2360	  2367 : 1
  2364	  2371 : 0
  2368	  2383 : 1
  2380	  2435 : 0
  2432	  2439 : 0
  2436	  2455 : 0
  2452	  2459 : 1
  2456	  2527 : 0
  2524	  2547 : 0
  2544	  2567 : 0
  2564	  2583 : 0
  2580	  2595 : 0
  2592	  2623 : 0
  2620	  2627 : 0
  2624	  2667 : 1
  2664	  2671 : 0
  2668	  2679 : 1
  2676	  2683 : 0
  2680	  2687 : 0
  2684	  2719 : 0
  2716	  2759 : 0
  2756	  2771 : 0
  2768	  2779 : 1
  2776	  2783 : 0
  2780	  2803 : 1
  2800	  2819 : 0
  2816	  2823 : 1
  2820	  2839 : 0
  2836	  2859 : 1
  2856	  2891 : 0
  2888	  2911 : 0
  2908	  2915 : 0
  2912	  2931 : 1
  2928	  2935 : 0
  2932	  2979 : 0
  2976	  2987 : 0
  2984	  2995 : 0
  2992	  2999 : 0
  2996	  3027 : 1
  3024	  3091 : 0
  3088	  3095 : 0
  3092	  3099 : 0
  3096	  3115 : 0
  3112	  3163 : 0
  3160	  3179 : 0
  3176	  3187 : 0
  3184	  3195 : 0
  3192	  3199 : 0
  3196	  3207 : 0
  3204	  3211 : 0
  3208	  3223 : 0
  3220	  3239 : 0
  3236	  3251 : 1
  3248	  3259 : 0
  3256	  3263 : 0
  3260	  3271 : 0
  3268	  3291 : 0
  3288	  3295 : 0
  3292	  3319 : 0
  3316	  3323 : 0
  3320	  3431 : 1
  3428	  3435 : 0
  3432	  3447 : 0
  3444	  3451 : 0
  3448	  3467 : 0
  3464	  3503 : 0
  3500	  3535 : 1
  3532	  3539 : 0
  3536	  3543 : 0
  3540	  3555 : 0
  3552	  3595 : 1
  3592	  3603 : 0
  3600	  3615 : 0
  3612	  3619 : 0
  3616	  3627 : 0
  3624	  3639 : 0
  3636	  3647 : 1
  3644	  3655 : 0
  3652	  3659 : 0
  3656	  3691 : 0
  3688	  3715 : 0
  3712	  3719 : 0
  3716	  3739 : 1
  3736	  3743 : 0
  3740	  3751 : 0
  3748	  3763 : 0
  3760	  3767 : 1
  3764	  3795 : 0
  3792	  3803 : 0
  3800	  3815 : 0
  3812	  3863 : 0
  3860	  3883 : 0
  3880	  3887 : 1
  3884	  3891 : 0
  3888	  3895 : 1
  3892	  3903 : 0
  3900	  3911 : 0
  3908	  3915 : 0
  3912	  3919 : 0
  3916	  3927 : 0
  3924	  3931 : 1
  3928	  3935 : 0
  3932	  3995 : 0
  3992	  3999 : 0
  3996	  4003 : 1
  4000	  4011 : 0
  4008	  4027 : 1
  4024	  4039 : 0
  4036	  4055 : 0
  4052	  4063 : 0
  4060	  4107 : 0
  4104	  4119 : 0
  4116	  4191 : 0
  4188	  4203 : 0
  4200	  4215 : 1
  4212	  4219 : 0
  4216	  4267 : 1
  4264	  4271 : 0
  4268	  4275 : 0
  4272	  4279 : 0
  4276	  4283 : 0
  4280	  4287 : 0
  4284	  4295 : 1
  4292	  4307 : 0
  4304	  4311 : 0
  4308	  4315 : 0
  4312	  4427 : 0
  4424	  4431 : 0
  4428	  4511 : 0
