     0	    59 : 0
    56	    63 : 0
    60	    75 : 1
    72	    95 : 0
    92	    99 : 0
    96	   107 : 0
   104	   135 : 0
   132	   159 : 0
   156	   171 : 1
   168	   179 : 0
   176	   211 : 0
   208	   215 : 0
   212	   219 : 0
   216	   243 : 0
   240	   299 : 1
   296	   315 : 0
   312	   323 : 0
   320	   355 : 0
   352	   367 : 1
   364	   371 : 0
   368	   503 : 0
   500	   519 : 0
   516	   575 : 1
   572	   615 : 0
   612	   663 : 1
   660	   711 : 0
   708	   715 : 1
   712	   799 : 0
   796	  1067 : 1
  1064	  1075 : 0
  1072	  1083 : 1
  1080	  1107 : 0
  1104	  1131 : 0
  1128	  1135 : 0
  1132	  1139 : 0
  1136	  1147 : 0
  1144	  1291 : 1
  1288	  1295 : 0
  1292	  1299 : 1
  1296	  1311 : 0
  1308	  1379 : 0
  1376	  1391 : 0
  1388	  1411 : 0
  1408	  1415 : 0
  1412	  1419 : 0
  1416	  1431 : 0
  1428	  1439 : 1
  1436	  1443 : 0
  1440	  1447 : 0
  1444	  1463 : 0
  1460	  1467 : 1
  1464	  1471 : 0
  1468	  1531 : 0
  1528	  1551 : 0
  1548	  1559 : 1
  1556	  1647 : 0
  1644	  1679 : 1
  1676	  1703 : 0
  1700	  1711 : 1
  1708	  1715 : 0
  1712	  1719 : 0
  1716	  1739 : 0
  1736	  1747 : 1
  1744	  1755 : 0
  1752	  1763 : 1
  1760	  1767 : 0
  1764	  1783 : 1
  1780	  1795 : 0
  1792	  1799 : 1
  1796	  1803 : 0
  1800	  1811 : 0
  1808	  1839 : 0
  1836	  1843 : 1
  1840	  1963 : 0
  1960	  1967 : 1
  1964	  1979 : 0
  1976	  2075 : 0
  2072	  2079 : 0
  2076	  2099 : 0
  2096	  2115 : 0
  2112	  2127 : 1
  2124	  2139 : 0
  2136	  2163 : 1
  2160	  2175 : 0
  2172	  2219 : 0
  2216	  2323 : 0
  2320	  2339 : 1
  2336	  2347 : 0
  2344	  2355 : 0
  2352	  2359 : 0
  2356	  2363 : 1
  2360	  2419 : 0
  2416	  2443 : 1
  2440	  2451 : 0
  2448	  2471 : 1
  2468	  2479 : 0
  2476	  2487 : 1
  2484	  2499 : 0
  2496	  2551 : 0
  2548	  2555 : 0
  2552	  2607 : 1
  2604	  2619 : 0
  2616	  2623 : 1
  2620	  2635 : 0
  2632	  2643 : 1
  2640	  2655 : 0
  2652	  2659 : 1
  2656	  2691 : 0
  2688	  2699 : 1
  2696	  2711 : 0
  2708	  2719 : 1
  2716	  2727 : 0
  2724	  2731 : 0
  2728	  2735 : 0
  2732	  2739 : 1
  2736	  2751 : 0
  2748	  2759 : 1
  2756	  2771 : 0
  2768	  2779 : 1
  2776	  2783 : 0
  2780	  2787 : 0
  2784	  2791 : 0
  2788	  2795 : 1
  2792	  2903 : 0
  2900	  2935 : 0
  2932	  2947 : 0
  2944	  2951 : 1
  2948	  2975 : 0
  2972	  3051 : 1
  3048	  3059 : 0
  3056	  3103 : 0
  3100	  3155 : 0
  3152	  3163 : 1
  3160	  3247 : 0
  3244	  3251 : 1
  3248	  3255 : 0
  3252	  3263 : 0
  3260	  3359 : 0
  3356	  3367 : 0
  3364	  3395 : 0
  3392	  3491 : 1
  3488	  3495 : 0
  3492	  3691 : 1
  3688	  3695 : 0
  3692	  3699 : 0
  3696	  3791 : 0
  3788	  3807 : 1
  3804	  3811 : 0
  3808	  3843 : 0
  3840	  3851 : 0
  3848	  3867 : 1
  3864	  3871 : 0
  3868	  3879 : 0
  3876	  3883 : 0
  3880	  3887 : 1
  3884	  3891 : 0
  3888	  3899 : 0
  3896	  3911 : 0
  3908	  3931 : 1
  3928	  3943 : 0
  3940	  3987 : 1
  3984	  3991 : 0
  3988	  4003 : 1
  4000	  4007 : 0
  4004	  4011 : 1
  4008	  4015 : 0
  4012	  4027 : 1
  4024	  4031 : 0
  4028	  4043 : 0
  4040	  4087 : 0
  4084	  4091 : 1
  4088	  4095 : 0
  4092	  4111 : 0
  4108	  4123 : 0
  4120	  4151 : 1
  4148	  4175 : 0
  4172	  4231 : 1
  4228	  4371 : 0
  4368	  4607 : 1
