     0	   167 : 0
   164	   223 : 0
   220	   239 : 0
   236	   247 : 0
   244	   263 : 1
   260	   299 : 0
   296	   315 : 1
   312	   351 : 0
   348	   399 : 1
   396	   431 : 0
   428	   443 : 1
   440	   455 : 0
   452	   503 : 0
   500	   543 : 0
   540	   599 : 1
   596	   603 : 0
   600	   627 : 0
   624	   631 : 0
   628	   675 : 1
   672	   703 : 0
   700	   707 : 1
   704	   739 : 0
   736	   743 : 0
   740	   767 : 0
   764	   771 : 1
   768	   839 : 0
   836	   847 : 1
   844	   887 : 0
   884	   907 : 0
   904	   959 : 0
   956	   963 : 1
   960	   967 : 2
   964	   971 : 0
   968	   979 : 0
   976	   983 : 0
   980	   999 : 0
   996	  1007 : 0
  1004	  1063 : 0
  1060	  1075 : 0
  1072	  1091 : 0
  1088	  1095 : 0
  1092	  1123 : 0
  1120	  1135 : 0
  1132	  1139 : 0
  1136	  1143 : 0
  1140	  1167 : 0
  1164	  1171 : 0
  1168	  1191 : 0
  1188	  1207 : 0
  1204	  1211 : 0
  1208	  1215 : 0
  1212	  1231 : 0
  1228	  1243 : 0
  1240	  1251 : 1
  1248	  1283 : 0
  1280	  1299 : 0
  1296	  1303 : 0
  1300	  1311 : 0
  1308	  1315 : 0
  1312	  1327 : 0
  1324	  1359 : 0
  1356	  1367 : 0
  1364	  1375 : 0
  1372	  1403 : 0
  1400	  1415 : 0
  1412	  1419 : 0
  1416	  1431 : 0
  1428	  1439 : 0
  1436	  1507 : 0
  1504	  1543 : 0
  1540	  1547 : 0
  1544	  1587 : 0
  1584	  1599 : 0
  1596	  1611 : 0
  1608	  1663 : 0
  1660	  1683 : 0
  1680	  1707 : 0
  1704	  1715 : 0
  1712	  1727 : 0
  1724	  1743 : 0
  1740	  1759 : 0
  1756	  1767 : 0
  1764	  1771 : 0
  1768	  1779 : 0
  1776	  1783 : 0
  1780	  1795 : 0
  1792	  1807 : 0
  1804	  1815 : 0
  1812	  1831 : 0
  1828	  1975 : 0
  1972	  1983 : 0
  1980	  1995 : 0
  1992	  1999 : 0
  1996	  2011 : 0
  2008	  2019 : 0
  2016	  2027 : 0
  2024	  2051 : 0
  2048	  2063 : 0
  2060	  2075 : 0
  2072	  2095 : 0
  2092	  2115 : 0
  2112	  2119 : 0
  2116	  2123 : 0
  2120	  2135 : 0
  2132	  2167 : 0
  2164	  2191 : 0
  2188	  2275 : 0
  2272	  2315 : 1
  2312	  2411 : 0
  2408	  2479 : 1
  2476	  2523 : 0
  2520	  2587 : 0
  2584	  2591 : 0
  2588	  2599 : 0
  2596	  2603 : 0
  2600	  2627 : 0
  2624	  2639 : 0
  2636	  2651 : 0
  2648	  2655 : 0
  2652	  2675 : 0
  2672	  2683 : 0
  2680	  2691 : 1
  2688	  2699 : 0
  2696	  2703 : 0
  2700	  2727 : 0
  2724	  2763 : 0
  2760	  2771 : 0
  2768	  2787 : 0
  2784	  2791 : 0
  2788	  2871 : 0
  2868	  2895 : 0
  2892	  2899 : 0
  2896	  2927 : 0
  2924	  2967 : 0
  2964	  2971 : 0
  2968	  2983 : 0
  2980	  2987 : 0
  2984	  3003 : 1
  3000	  3023 : 0
  3020	  3031 : 0
  3028	  3051 : 0
  3048	  3059 : 0
  3056	  3071 : 0
  3068	  3087 : 1
  3084	  3107 : 0
  3104	  3111 : 0
  3108	  3115 : 0
  3112	  3215 : 0
  3212	  3231 : 0
  3228	  3251 : 0
  3248	  3255 : 0
  3252	  3291 : 1
  3288	  3315 : 0
  3312	  3319 : 0
  3316	  3411 : 0
  3408	  3443 : 1
  3440	  3451 : 0
  3448	  3463 : 0
  3460	  3479 : 0
  3476	  3531 : 0
  3528	  3543 : 0
  3540	  3547 : 1
  3544	  3559 : 0
  3556	  3615 : 0
  3612	  3651 : 0
  3648	  3655 : 0
  3652	  3663 : 0
  3660	  3671 : 0
  3668	  3679 : 0
  3676	  3739 : 0
  3736	  3775 : 0
  3772	  3803 : 0
  3800	  3823 : 0
  3820	  3827 : 0
  3824	  3831 : 0
  3828	  3843 : 0
  3840	  3867 : 0
  3864	  3875 : 0
  3872	  3879 : 0
  3876	  3887 : 0
  3884	  3891 : 0
  3888	  3915 : 0
  3912	  3919 : 0
  3916	  4019 : 0
  4016	  4027 : 0
  4024	  4035 : 0
  4032	  4051 : 0
  4048	  4067 : 0
  4064	  4071 : 0
  4068	  4087 : 0
  4084	  4091 : 0
  4088	  4107 : 0
  4104	  4135 : 0
  4132	  4143 : 0
  4140	  4159 : 0
  4156	  4163 : 1
  4160	  4167 : 0
  4164	  4171 : 0
  4168	  4175 : 0
  4172	  4183 : 0
  4180	  4207 : 0
  4204	  4211 : 0
  4208	  4247 : 0
  4244	  4251 : 0
  4248	  4259 : 0
  4256	  4283 : 0
  4280	  4291 : 0
  4288	  4331 : 0
  4328	  4339 : 0
  4336	  4347 : 1
  4344	  4351 : 0
  4348	  4391 : 0
  4388	  4423 : 0
  4420	  4515 : 1
  4512	  4575 : 0
  4572	  4583 : 1
  4580	  4611 : 0
  4608	  4659 : 0
  4656	  4663 : 0
  4660	  4699 : 0
  4696	  4703 : 0
  4700	  4715 : 0
  4712	  4731 : 0
  4728	  4743 : 0
  4740	  4747 : 0
  4744	  4775 : 0
  4772	  4787 : 0
  4784	  4795 : 1
  4792	  4835 : 0
  4832	  4839 : 0
  4836	  4851 : 0
  4848	  4867 : 0
  4864	  4875 : 0
  4872	  4899 : 0
  4896	  4903 : 0
  4900	  4911 : 0
  4908	  4923 : 0
  4920	  4943 : 0
  4940	  5035 : 0
  5032	  5047 : 0
  5044	  5051 : 0
  5048	  5103 : 0
  5100	  5107 : 0
  5104	  5123 : 0
  5120	  5147 : 0
  5144	  5187 : 0
  5184	  5191 : 0
  5188	  5203 : 0
  5200	  5207 : 0
  5204	  5351 : 0
  5348	  5359 : 0
  5356	  5363 : 0
  5360	  5367 : 0
  5364	  5383 : 0
  5380	  5387 : 0
  5384	  5419 : 0
  5416	  5423 : 0
  5420	  5431 : 1
  5428	  5499 : 0
  5496	  5527 : 1
  5524	  5531 : 0
  5528	  5551 : 0
  5548	  5583 : 0
  5580	  5587 : 0
  5584	  5591 : 0
  5588	  5599 : 0
  5596	  5603 : 0
  5600	  5611 : 1
  5608	  5695 : 0
  5692	  5715 : 0
  5712	  5815 : 0
  5812	  5831 : 0
  5828	  5843 : 0
  5840	  5967 : 0
  5964	  5979 : 0
  5976	  5991 : 0
  5988	  5999 : 0
  5996	  6007 : 0
  6004	  6091 : 0
  6088	  6119 : 0
  6116	  6139 : 0
  6136	  6163 : 1
  6160	  6235 : 0
  6232	  6243 : 1
  6240	  6255 : 0
  6252	  6263 : 0
  6260	  6319 : 0
  6316	  6335 : 1
  6332	  6375 : 0
  6372	  6431 : 0
  6428	  6439 : 0
  6436	  6447 : 0
  6444	  6459 : 0
  6456	  6471 : 1
  6468	  6523 : 0
  6520	  6535 : 1
  6532	  6611 : 0
  6608	  6627 : 1
  6624	  6703 : 0
  6700	  6707 : 2
  6704	  6751 : 0
  6748	  6759 : 0
  6756	  6763 : 0
  6760	  6767 : 0
  6764	  6827 : 0
  6824	  6839 : 0
  6836	  7011 : 1
  7008	  7055 : 0
  7052	  7127 : 0
  7124	  7179 : 0
  7176	  7191 : 0
  7188	  7199 : 0
  7196	  7219 : 0
  7216	  7243 : 0
  7240	  7279 : 1
  7276	  7359 : 0
  7356	  7371 : 1
  7368	  7375 : 0
  7372	  7379 : 1
  7376	  7415 : 0
  7412	  7431 : 0
  7428	  7435 : 0
  7432	  7459 : 1
  7456	  7463 : 0
  7460	  7491 : 0
  7488	  7495 : 0
  7492	  7499 : 0
  7496	  7507 : 0
  7504	  7523 : 1
  7520	  7527 : 0
  7524	  7539 : 0
  7536	  7547 : 0
  7544	  7559 : 1
  7556	  7567 : 0
  7564	  7579 : 0
  7576	  7583 : 0
  7580	  7619 : 0
  7616	  7671 : 0
  7668	  7691 : 1
  7688	  7703 : 0
  7700	  7707 : 0
  7704	  7711 : 0
  7708	  7755 : 0
  7752	  7763 : 0
  7760	  7791 : 1
  7788	  7795 : 0
  7792	  7799 : 0
  7796	  7807 : 0
  7804	  7831 : 0
  7828	  7855 : 0
  7852	  7935 : 0
  7932	  7939 : 0
  7936	  7943 : 0
  7940	  7951 : 0
  7948	  8071 : 0
  8068	  8095 : 0
  8092	  8111 : 0
  8108	  8119 : 0
  8116	  8139 : 0
  8136	  8143 : 0
  8140	  8155 : 0
  8152	  8187 : 0
  8184	  8199 : 1
  8196	  8211 : 0
  8208	  8271 : 0
  8268	  8275 : 0
  8272	  8299 : 0
  8296	  8303 : 0
  8300	  8311 : 0
  8308	  8331 : 0
  8328	  8339 : 0
  8336	  8347 : 0
  8344	  8359 : 0
  8356	  8363 : 0
  8360	  8383 : 0
  8380	  8391 : 0
  8388	  8475 : 0
  8472	  8483 : 0
  8480	  8499 : 0
  8496	  8507 : 0
  8504	  8515 : 0
  8512	  8519 : 0
  8516	  8639 : 0
  8636	  8643 : 0
  8640	  8671 : 0
  8668	  8715 : 0
  8712	  8727 : 0
  8724	  8731 : 0
  8728	  8747 : 0
  8744	  8767 : 0
  8764	  8831 : 0
  8828	  8859 : 0
  8856	  8887 : 1
  8884	  8891 : 0
  8888	  8907 : 0
  8904	  8935 : 0
  8932	  8947 : 0
  8944	  8951 : 0
  8948	  8975 : 0
  8972	  8991 : 0
  8988	  9007 : 0
  9004	  9035 : 0
  9032	  9047 : 0
  9044	  9051 : 0
  9048	  9123 : 0
  9120	  9155 : 0
  9152	  9227 : 1
  9224	  9231 : 0
  9228	  9287 : 0
  9284	  9291 : 0
  9288	  9299 : 0
  9296	  9307 : 0
  9304	  9331 : 0
  9328	  9339 : 0
  9336	  9383 : 0
  9380	  9387 : 0
  9384	  9415 : 1
  9412	  9431 : 0
  9428	  9439 : 0
  9436	  9443 : 0
  9440	  9455 : 0
  9452	  9459 : 0
  9456	  9495 : 0
  9492	  9507 : 0
  9504	  9511 : 0
  9508	  9527 : 0
  9524	  9567 : 0
  9564	  9579 : 0
  9576	  9627 : 0
  9624	  9659 : 0
  9656	  9675 : 0
  9672	  9699 : 0
  9696	  9783 : 0
  9780	  9787 : 0
  9784	  9799 : 0
  9796	  9843 : 0
  9840	  9847 : 0
  9844	  9851 : 0
  9848	  9875 : 0
  9872	  9879 : 0
  9876	  9891 : 0
  9888	  9923 : 0
  9920	  9963 : 0
  9960	 10007 : 0
 10004	 10067 : 0
 10064	 10075 : 0
 10072	 10103 : 0
 10100	 10115 : 0
 10112	 10131 : 0
 10128	 10139 : 0
 10136	 10155 : 0
 10152	 10183 : 0
 10180	 10195 : 0
 10192	 10251 : 0
 10248	 10267 : 0
 10264	 10291 : 0
 10288	 10307 : 0
 10304	 10323 : 0
 10320	 10343 : 0
 10340	 10395 : 0
 10392	 10403 : 1
 10400	 10411 : 0
 10408	 10419 : 0
 10416	 10439 : 0
 10436	 10483 : 0
 10480	 10511 : 0
 10508	 10567 : 0
 10564	 10627 : 0
 10624	 10671 : 0
 10668	 10691 : 0
 10688	 10735 : 0
 10732	 10743 : 0
 10740	 10767 : 0
 10764	 10779 : 0
 10776	 10883 : 0
 10880	 10903 : 0
 10900	 10935 : 0
 10932	 10939 : 0
 10936	 10999 : 0
 10996	 11019 : 0
 11016	 11043 : 0
 11040	 11059 : 0
 11056	 11071 : 0
 11068	 11103 : 0
 11100	 11123 : 0
 11120	 11151 : 0
 11148	 11171 : 0
 11168	 11243 : 0
 11240	 11287 : 1
 11284	 11427 : 0
 11424	 11431 : 0
 11428	 11475 : 0
 11472	 11483 : 1
 11480	 11487 : 0
 11484	 11523 : 0
 11520	 11567 : 0
 11564	 11603 : 0
 11600	 11607 : 0
 11604	 11639 : 0
 11636	 11651 : 0
 11648	 11671 : 1
 11668	 11679 : 0
 11676	 11711 : 0
 11708	 11751 : 0
 11748	 11799 : 1
 11796	 11803 : 0
 11800	 12011 : 0
 12008	 12039 : 0
 12036	 12075 : 0
 12072	 12079 : 0
 12076	 12087 : 0
 12084	 12107 : 0
 12104	 12123 : 0
 12120	 12139 : 0
 12136	 12143 : 0
 12140	 12159 : 0
 12156	 12167 : 0
 12164	 12179 : 0
 12176	 12203 : 0
 12200	 12231 : 0
 12228	 12263 : 0
 12260	 12267 : 0
 12264	 12271 : 0
 12268	 12295 : 0
 12292	 12339 : 0
 12336	 12347 : 0
 12344	 12355 : 0
 12352	 12359 : 0
 12356	 12395 : 0
 12392	 12427 : 0
 12424	 12471 : 0
 12468	 12475 : 0
 12472	 12503 : 1
 12500	 12539 : 0
 12536	 12559 : 0
 12556	 12567 : 0
 12564	 12587 : 1
 12584	 12595 : 0
 12592	 12603 : 0
 12600	 12619 : 0
 12616	 12647 : 0
 12644	 12655 : 0
 12652	 12699 : 1
 12696	 12703 : 0
 12700	 12715 : 0
 12712	 12743 : 0
 12740	 12759 : 0
 12756	 12767 : 0
 12764	 12791 : 1
 12788	 12811 : 0
 12808	 12851 : 0
 12848	 12859 : 0
 12856	 12911 : 0
 12908	 12919 : 0
 12916	 12963 : 0
 12960	 12975 : 0
 12972	 12987 : 0
 12984	 12995 : 0
 12992	 13003 : 0
 13000	 13015 : 0
 13012	 13023 : 0
 13020	 13027 : 0
 13024	 13035 : 1
 13032	 13107 : 0
 13104	 13111 : 1
 13108	 13115 : 0
 13112	 13123 : 0
 13120	 13127 : 0
 13124	 13151 : 0
 13148	 13163 : 0
 13160	 13179 : 0
 13176	 13183 : 0
 13180	 13215 : 0
 13212	 13223 : 0
 13220	 13235 : 0
 13232	 13243 : 0
 13240	 13259 : 0
 13256	 13267 : 0
 13264	 13283 : 0
 13280	 13287 : 0
 13284	 13323 : 0
 13320	 13327 : 0
 13324	 13363 : 1
 13360	 13371 : 0
 13368	 13435 : 0
 13432	 13443 : 0
 13440	 13455 : 0
 13452	 13459 : 0
 13456	 13507 : 0
 13504	 13527 : 0
 13524	 13567 : 0
 13564	 13599 : 0
 13596	 13615 : 0
 13612	 13623 : 0
 13620	 13655 : 0
 13652	 13663 : 0
 13660	 13671 : 1
 13668	 13707 : 0
 13704	 13711 : 0
 13708	 13731 : 0
 13728	 13747 : 0
 13744	 13755 : 0
 13752	 13831 : 0
 13828	 13851 : 0
 13848	 13883 : 0
 13880	 13891 : 0
 13888	 13959 : 0
 13956	 13967 : 0
 13964	 13983 : 0
 13980	 14003 : 0
 14000	 14011 : 1
 14008	 14099 : 0
 14096	 14103 : 0
 14100	 14119 : 0
 14116	 14135 : 1
 14132	 14175 : 0
 14172	 14179 : 0
 14176	 14219 : 0
 14216	 14235 : 0
 14232	 14239 : 0
 14236	 14263 : 0
 14260	 14271 : 0
 14268	 14283 : 0
 14280	 14299 : 0
 14296	 14315 : 0
 14312	 14415 : 0
 14412	 14427 : 0
 14424	 14467 : 0
 14464	 14475 : 0
 14472	 14483 : 0
 14480	 14555 : 1
 14552	 14559 : 0
 14556	 14579 : 0
 14576	 14679 : 0
 14676	 14695 : 1
 14692	 14699 : 0
 14696	 14743 : 0
 14740	 14747 : 0
 14744	 14751 : 0
 14748	 14755 : 0
 14752	 14767 : 0
 14764	 14775 : 0
 14772	 14803 : 0
 14800	 14811 : 0
 14808	 14815 : 0
 14812	 14823 : 0
 14820	 14843 : 0
 14840	 14851 : 0
 14848	 14871 : 0
 14868	 14891 : 0
 14888	 14895 : 0
 14892	 14919 : 0
 14916	 14931 : 0
 14928	 14947 : 0
 14944	 14959 : 0
 14956	 14983 : 0
 14980	 14987 : 0
 14984	 14995 : 0
 14992	 14999 : 0
 14996	 15019 : 0
 15016	 15043 : 0
 15040	 15111 : 0
 15108	 15123 : 0
 15120	 15135 : 0
 15132	 15155 : 0
 15152	 15159 : 0
 15156	 15227 : 0
 15224	 15231 : 0
 15228	 15263 : 0
 15260	 15275 : 0
 15272	 15323 : 0
 15320	 15331 : 0
 15328	 15339 : 1
 15336	 15415 : 0
 15412	 15419 : 1
 15416	 15423 : 0
 15420	 15427 : 0
 15424	 15431 : 0
 15428	 15439 : 0
 15436	 15443 : 0
 15440	 15487 : 0
 15484	 15491 : 0
 15488	 15507 : 0
 15504	 15523 : 0
 15520	 15531 : 0
 15528	 15535 : 0
 15532	 15547 : 1
 15544	 15559 : 0
 15556	 15563 : 0
 15560	 15575 : 0
 15572	 15591 : 0
 15588	 15599 : 0
 15596	 15643 : 0
 15640	 15655 : 0
 15652	 15667 : 0
 15664	 15699 : 0
 15696	 15715 : 0
 15712	 15719 : 0
 15716	 15775 : 0
 15772	 15787 : 0
 15784	 15795 : 0
 15792	 15799 : 0
 15796	 15807 : 0
 15804	 15855 : 0
 15852	 16011 : 0
 16008	 16015 : 0
 16012	 16031 : 0
 16028	 16035 : 0
 16032	 16231 : 0
 16228	 16235 : 0
 16232	 16247 : 0
 16244	 16259 : 0
 16256	 16379 : 0
 16376	 16383 : 0
 16380	 16471 : 0
 16468	 16475 : 0
 16472	 16511 : 0
 16508	 16519 : 0
 16516	 16531 : 0
 16528	 16535 : 0
 16532	 16551 : 0
 16548	 16555 : 0
 16552	 16579 : 0
 16576	 16591 : 0
 16588	 16599 : 0
 16596	 16607 : 0
 16604	 16667 : 0
 16664	 16679 : 0
 16676	 16755 : 0
 16752	 16771 : 0
 16768	 16791 : 0
 16788	 16799 : 0
 16796	 16811 : 0
 16808	 16819 : 0
 16816	 16847 : 0
 16844	 16851 : 0
 16848	 16859 : 0
 16856	 16863 : 0
 16860	 16911 : 0
 16908	 16943 : 0
 16940	 16947 : 0
 16944	 16971 : 0
 16968	 16987 : 0
 16984	 16991 : 0
 16988	 17019 : 0
 17016	 17047 : 0
 17044	 17051 : 0
 17048	 17091 : 0
 17088	 17119 : 0
 17116	 17151 : 0
 17148	 17167 : 0
 17164	 17171 : 0
 17168	 17263 : 0
 17260	 17283 : 0
 17280	 17287 : 0
 17284	 17299 : 0
 17296	 17303 : 1
 17300	 17315 : 0
 17312	 17319 : 0
 17316	 17323 : 0
 17320	 17327 : 0
 17324	 17339 : 0
 17336	 17363 : 0
 17360	 17371 : 0
 17368	 17399 : 0
 17396	 17423 : 0
 17420	 17535 : 0
 17532	 17543 : 0
 17540	 17723 : 1
 17720	 17743 : 0
 17740	 17747 : 0
 17744	 17763 : 0
 17760	 17783 : 0
 17780	 17787 : 0
 17784	 17799 : 0
 17796	 17803 : 0
 17800	 17811 : 0
 17808	 17835 : 0
 17832	 17859 : 0
 17856	 17883 : 0
 17880	 17935 : 1
 17932	 17959 : 0
 17956	 17963 : 0
 17960	 17987 : 0
 17984	 17991 : 0
 17988	 18003 : 0
 18000	 18011 : 0
 18008	 18035 : 0
 18032	 18067 : 0
 18064	 18131 : 0
 18128	 18143 : 0
 18140	 18155 : 0
 18152	 18163 : 0
 18160	 18171 : 0
 18168	 18243 : 1
 18240	 18247 : 0
 18244	 18319 : 0
 18316	 18327 : 0
 18324	 18383 : 0
 18380	 18439 : 0
 18436	 18443 : 0
 18440	 18471 : 0
 18468	 18475 : 1
 18472	 18503 : 0
 18500	 18555 : 0
 18552	 18559 : 0
 18556	 18611 : 0
 18608	 18615 : 0
 18612	 18619 : 0
 18616	 18639 : 0
 18636	 18655 : 0
 18652	 18711 : 0
 18708	 18731 : 0
 18728	 18735 : 0
 18732	 18799 : 0
 18796	 18803 : 0
 18800	 18863 : 0
 18860	 18883 : 0
 18880	 18927 : 0
 18924	 18931 : 0
 18928	 18935 : 0
 18932	 18939 : 0
 18936	 18955 : 0
 18952	 19075 : 0
 19072	 19119 : 1
 19116	 19123 : 0
 19120	 19163 : 0
 19160	 19195 : 0
 19192	 19243 : 0
 19240	 19247 : 0
 19244	 19259 : 0
 19256	 19279 : 0
 19276	 19283 : 1
 19280	 19287 : 0
 19284	 19327 : 0
 19324	 19359 : 0
 19356	 19367 : 0
 19364	 19387 : 0
 19384	 19399 : 0
 19396	 19407 : 0
 19404	 19455 : 0
 19452	 19459 : 0
 19456	 19479 : 0
 19476	 19487 : 0
 19484	 19503 : 0
 19500	 19507 : 0
 19504	 19523 : 1
 19520	 19527 : 0
 19524	 19603 : 0
 19600	 19607 : 0
 19604	 19639 : 0
 19636	 19651 : 0
 19648	 19659 : 0
 19656	 19679 : 0
 19676	 19751 : 0
 19748	 19763 : 0
 19760	 19767 : 1
 19764	 19771 : 0
 19768	 19815 : 0
 19812	 19851 : 0
 19848	 19867 : 0
 19864	 19875 : 0
 19872	 19899 : 0
 19896	 19907 : 0
 19904	 19923 : 1
 19920	 19931 : 0
 19928	 19943 : 1
 19940	 20003 : 0
 20000	 20011 : 1
 20008	 20075 : 0
 20072	 20159 : 0
 20156	 20183 : 0
 20180	 20199 : 0
 20196	 20231 : 0
 20228	 20243 : 0
 20240	 20255 : 0
 20252	 20267 : 0
 20264	 20275 : 0
 20272	 20307 : 0
 20304	 20331 : 0
 20328	 20447 : 0
 20444	 20451 : 0
 20448	 20467 : 0
 20464	 20523 : 0
 20520	 20815 : 0
