     0	    35 : 0
    32	   203 : 0
   200	   279 : 0
   276	   503 : 0
   500	   531 : 0
   528	   723 : 0
   720	   771 : 0
   768	   939 : 0
   936	   943 : 0
   940	  1027 : 0
  1024	  1031 : 0
  1028	  1159 : 0
  1156	  1163 : 0
  1160	  1167 : 0
  1164	  1175 : 0
  1172	  1195 : 0
  1192	  1219 : 0
  1216	  1223 : 0
  1220	  1227 : 0
  1224	  1235 : 0
  1232	  1251 : 0
  1248	  1259 : 0
  1256	  1291 : 0
  1288	  1315 : 0
  1312	  1323 : 0
  1320	  1451 : 0
  1448	  1455 : 0
  1452	  1495 : 0
  1492	  1503 : 0
  1500	  1547 : 0
  1544	  1567 : 0
  1564	  1751 : 0
  1748	  1775 : 0
  1772	  1943 : 0
  1940	  1947 : 0
  1944	  1967 : 0
  1964	  1975 : 0
  1972	  1987 : 0
  1984	  1991 : 0
  1988	  2007 : 0
  2004	  2011 : 0
  2008	  2091 : 0
  2088	  2103 : 0
  2100	  2107 : 0
  2104	  2203 : 0
  2200	  2231 : 0
  2228	  2235 : 0
  2232	  2387 : 0
  2384	  2451 : 0
  2448	  2455 : 0
  2452	  2463 : 1
  2460	  2483 : 0
  2480	  2655 : 0
  2652	  2823 : 0
  2820	  2883 : 0
  2880	  2887 : 0
  2884	  2895 : 0
  2892	  2899 : 0
  2896	  3039 : 0
  3036	  3095 : 0
  3092	  3111 : 0
  3108	  3119 : 0
  3116	  3139 : 0
  3136	  3155 : 0
  3152	  3159 : 0
  3156	  3163 : 0
  3160	  3383 : 0
  3380	  3387 : 0
  3384	  3487 : 0
  3484	  3495 : 0
  3492	  3523 : 0
  3520	  3543 : 0
  3540	  3551 : 0
  3548	  3555 : 0
  3552	  3767 : 0
  3764	  3771 : 0
  3768	  3859 : 0
  3856	  3867 : 0
  3864	  3875 : 0
  3872	  3879 : 0
  3876	  3947 : 0
  3944	  3959 : 0
  3956	  3995 : 0
  3992	  4015 : 0
  4012	  4019 : 0
  4016	  4047 : 0
  4044	  4075 : 0
  4072	  4087 : 0
  4084	  4139 : 0
  4136	  4163 : 0
  4160	  4203 : 0
  4200	  4207 : 0
  4204	  4219 : 0
  4216	  4223 : 0
  4220	  4299 : 0
  4296	  4307 : 0
  4304	  4371 : 0
  4368	  4379 : 0
  4376	  4539 : 0
  4536	  4547 : 0
  4544	  4647 : 0
  4644	  4655 : 0
  4652	  4767 : 0
  4764	  4775 : 0
  4772	  4859 : 0
  4856	  4887 : 0
  4884	  4911 : 0
  4908	  4915 : 0
  4912	  5035 : 0
  5032	  5039 : 0
  5036	  5051 : 0
  5048	  5055 : 0
  5052	  5087 : 0
  5084	  5103 : 0
  5100	  5255 : 0
  5252	  5411 : 0
  5408	  5671 : 0
  5668	  5679 : 0
  5676	  5683 : 0
  5680	  5695 : 0
  5692	  5703 : 0
  5700	  6511 : 0
  6508	  6515 : 0
  6512	  6551 : 0
  6548	  6559 : 0
  6556	  6575 : 0
  6572	  6583 : 0
  6580	  6595 : 0
  6592	  6627 : 0
  6624	  6767 : 0
  6764	  6807 : 0
  6804	  6811 : 0
  6808	  6815 : 0
  6812	  6819 : 0
  6816	  7063 : 0
  7060	  7067 : 0
  7064	  7103 : 0
  7100	  7119 : 0
  7116	  7199 : 0
  7196	  7267 : 0
  7264	  7323 : 0
  7320	  7471 : 0
  7468	  7511 : 0
  7508	  7799 : 0
  7796	  8155 : 0
  8152	  8283 : 0
  8280	  8327 : 0
