     0	    63 : 0
    60	    71 : 1
    68	   135 : 0
   132	   143 : 1
   140	   183 : 0
   180	   187 : 0
   184	   267 : 0
   264	   303 : 1
   300	   407 : 0
   404	   415 : 1
   412	   479 : 0
   476	   483 : 1
   480	   487 : 0
   484	   503 : 0
   500	   507 : 0
   504	   515 : 1
   512	   519 : 0
   516	   531 : 1
   528	   543 : 0
   540	   551 : 1
   548	   571 : 0
   568	   603 : 1
   600	   639 : 0
   636	   663 : 1
   660	   667 : 0
   664	   691 : 0
   688	   699 : 0
   696	   727 : 0
   724	   735 : 0
   732	   767 : 0
   764	   783 : 0
   780	   791 : 1
   788	   847 : 0
   844	   911 : 1
   908	   915 : 0
   912	   931 : 0
   928	   939 : 0
   936	   947 : 0
   944	   951 : 0
   948	   987 : 0
   984	   999 : 0
   996	  1023 : 0
  1020	  1043 : 0
  1040	  1047 : 0
  1044	  1079 : 0
  1076	  1091 : 1
  1088	  1131 : 0
  1128	  1135 : 1
  1132	  1159 : 0
  1156	  1163 : 0
  1160	  1183 : 0
  1180	  1195 : 1
  1192	  1271 : 0
  1268	  1311 : 1
  1308	  1335 : 0
  1332	  1351 : 1
  1348	  1383 : 0
  1380	  1443 : 0
  1440	  1447 : 0
  1444	  1455 : 1
  1452	  1479 : 0
  1476	  1483 : 0
  1480	  1491 : 0
  1488	  1535 : 1
  1532	  1563 : 0
  1560	  1599 : 0
  1596	  1603 : 0
  1600	  1623 : 1
  1620	  1635 : 0
  1632	  1643 : 0
  1640	  1651 : 0
  1648	  1663 : 0
  1660	  1667 : 0
  1664	  1675 : 0
  1672	  1687 : 0
  1684	  1691 : 0
  1688	  1699 : 0
  1696	  1743 : 0
  1740	  1795 : 0
  1792	  1803 : 0
  1800	  1807 : 0
  1804	  1815 : 1
  1812	  1823 : 0
  1820	  1831 : 0
  1828	  1863 : 0
  1860	  1879 : 0
  1876	  1891 : 0
  1888	  1911 : 0
  1908	  1915 : 0
  1912	  1919 : 1
  1916	  2063 : 0
  2060	  2071 : 1
  2068	  2123 : 0
  2120	  2271 : 1
  2268	  2283 : 0
  2280	  2303 : 0
  2300	  2323 : 0
  2320	  2327 : 0
  2324	  2331 : 0
  2328	  2335 : 1
  2332	  2367 : 0
  2364	  2375 : 0
  2372	  2383 : 0
  2380	  2411 : 0
  2408	  2415 : 0
  2412	  2443 : 1
  2440	  2451 : 0
  2448	  2471 : 0
  2468	  2479 : 0
  2476	  2483 : 0
  2480	  2495 : 0
  2492	  2531 : 0
  2528	  2535 : 0
  2532	  2543 : 1
  2540	  2635 : 0
  2632	  2643 : 1
  2640	  2651 : 0
  2648	  2655 : 0
  2652	  2683 : 0
  2680	  2707 : 0
  2704	  2731 : 0
  2728	  2751 : 0
  2748	  2767 : 0
  2764	  2791 : 1
  2788	  2795 : 0
  2792	  2803 : 0
  2800	  2819 : 0
  2816	  2851 : 1
  2848	  2855 : 0
  2852	  2891 : 1
  2888	  2911 : 0
  2908	  2915 : 0
  2912	  2931 : 0
  2928	  2963 : 1
  2960	  2975 : 0
  2972	  3007 : 0
  3004	  3023 : 0
  3020	  3027 : 0
  3024	  3043 : 0
  3040	  3047 : 0
  3044	  3051 : 0
  3048	  3055 : 0
  3052	  3063 : 0
  3060	  3071 : 0
  3068	  3075 : 0
  3072	  3171 : 0
  3168	  3179 : 0
  3176	  3199 : 0
  3196	  3203 : 0
  3200	  3223 : 1
  3220	  3227 : 0
  3224	  3283 : 0
  3280	  3335 : 0
  3332	  3339 : 0
  3336	  3343 : 0
  3340	  3347 : 1
  3344	  3395 : 0
  3392	  3399 : 0
  3396	  3403 : 0
  3400	  3431 : 0
  3428	  3439 : 0
  3436	  3459 : 0
  3456	  3479 : 0
  3476	  3487 : 0
  3484	  3499 : 0
  3496	  3543 : 0
  3540	  3551 : 0
  3548	  3563 : 1
  3560	  3567 : 0
  3564	  3579 : 0
  3576	  3587 : 0
  3584	  3591 : 0
  3588	  3599 : 0
  3596	  3619 : 0
  3616	  3635 : 0
  3632	  3639 : 0
  3636	  3643 : 0
  3640	  3659 : 0
  3656	  3719 : 0
  3716	  3727 : 1
  3724	  3747 : 0
  3744	  3751 : 0
  3748	  3755 : 0
  3752	  3775 : 0
  3772	  3795 : 0
  3792	  3803 : 0
  3800	  3811 : 0
  3808	  3843 : 0
  3840	  3863 : 0
  3860	  3903 : 0
  3900	  3911 : 0
  3908	  3915 : 0
  3912	  3931 : 0
  3928	  3947 : 0
  3944	  3971 : 0
  3968	  3991 : 0
  3988	  3999 : 0
  3996	  4003 : 1
  4000	  4043 : 0
  4040	  4051 : 0
  4048	  4063 : 0
  4060	  4067 : 0
  4064	  4071 : 0
  4068	  4079 : 1
  4076	  4171 : 0
  4168	  4195 : 1
  4192	  4199 : 0
  4196	  4255 : 0
  4252	  4275 : 0
  4272	  4279 : 0
  4276	  4287 : 0
  4284	  4291 : 0
  4288	  4299 : 0
  4296	  4471 : 0
  4468	  4495 : 0
  4492	  4511 : 0
  4508	  4527 : 0
  4524	  4535 : 0
  4532	  4547 : 0
  4544	  4551 : 0
  4548	  4567 : 0
  4564	  4587 : 0
  4584	  4595 : 0
  4592	  4611 : 0
  4608	  4627 : 0
  4624	  4647 : 0
  4644	  4659 : 0
  4656	  4663 : 0
  4660	  4683 : 0
  4680	  4687 : 0
  4684	  4695 : 0
  4692	  4699 : 0
  4696	  4703 : 0
  4700	  4727 : 0
  4724	  4739 : 0
  4736	  4755 : 0
  4752	  4759 : 0
  4756	  4899 : 0
  4896	  4931 : 0
  4928	  4939 : 0
  4936	  4947 : 0
  4944	  4951 : 0
  4948	  4959 : 0
  4956	  4967 : 1
  4964	  4979 : 0
  4976	  4991 : 0
  4988	  5003 : 0
  5000	  5187 : 0
