     0	    31 : 0
    28	    67 : 0
    64	    71 : 0
    68	    75 : 0
    72	    79 : 0
    76	   115 : 0
   112	   127 : 1
   124	   131 : 0
   128	   143 : 0
   140	   151 : 0
   148	   159 : 0
   156	   187 : 0
   184	   195 : 0
   192	   219 : 0
   216	   263 : 1
   260	   351 : 0
   348	   371 : 1
   368	   375 : 0
   372	   383 : 1
   380	   387 : 0
   384	   411 : 0
   408	   419 : 0
   416	   427 : 1
   424	   479 : 0
   476	   483 : 1
   480	   523 : 0
   520	   535 : 1
   532	   539 : 0
   536	   543 : 0
   540	   551 : 0
   548	   555 : 0
   552	   559 : 2
   556	   563 : 0
   560	   595 : 0
   592	   599 : 0
   596	   615 : 1
   612	   623 : 0
   620	   639 : 1
   636	   663 : 0
   660	   691 : 0
   688	   695 : 0
   692	   711 : 1
   708	   755 : 0
   752	   767 : 1
   764	   771 : 0
   768	   783 : 1
   780	   791 : 0
   788	   799 : 1
   796	   807 : 0
   804	   863 : 0
   860	   867 : 0
   864	   887 : 0
   884	   943 : 0
   940	   947 : 0
   944	   967 : 0
   964	   983 : 1
   980	   991 : 0
   988	  1003 : 0
  1000	  1011 : 0
  1008	  1043 : 0
  1040	  1047 : 0
  1044	  1051 : 1
  1048	  1055 : 0
  1052	  1063 : 0
  1060	  1067 : 0
  1064	  1075 : 1
  1072	  1083 : 0
  1080	  1107 : 0
  1104	  1139 : 0
  1136	  1147 : 1
  1144	  1155 : 0
  1152	  1163 : 1
  1160	  1179 : 0
  1176	  1223 : 1
  1220	  1295 : 0
  1292	  1299 : 1
  1296	  1379 : 0
  1376	  1415 : 0
  1412	  1475 : 0
  1472	  1511 : 1
  1508	  1535 : 0
  1532	  1539 : 0
  1536	  1547 : 0
  1544	  1567 : 0
  1564	  1575 : 0
  1572	  1583 : 0
  1580	  1591 : 0
  1588	  1599 : 0
  1596	  1603 : 0
  1600	  1615 : 0
  1612	  1619 : 0
  1616	  1627 : 1
  1624	  1675 : 0
  1672	  1699 : 0
  1696	  1703 : 0
  1700	  1731 : 0
  1728	  1767 : 0
  1764	  1791 : 1
  1788	  1799 : 0
  1796	  1803 : 1
  1800	  1831 : 0
  1828	  1835 : 1
  1832	  1863 : 0
  1860	  1875 : 0
  1872	  1887 : 0
  1884	  1895 : 1
  1892	  1943 : 0
  1940	  1951 : 1
  1948	  1987 : 0
  1984	  1991 : 1
  1988	  2023 : 0
  2020	  2039 : 1
  2036	  2059 : 0
  2056	  2067 : 1
  2064	  2091 : 0
  2088	  2099 : 1
  2096	  2115 : 0
  2112	  2127 : 1
  2124	  2131 : 0
  2128	  2143 : 0
  2140	  2171 : 0
  2168	  2183 : 1
  2180	  2187 : 0
  2184	  2219 : 0
  2216	  2247 : 0
  2244	  2251 : 0
  2248	  2283 : 0
  2280	  2287 : 0
  2284	  2331 : 0
  2328	  2403 : 1
  2400	  2415 : 0
  2412	  2423 : 1
  2420	  2435 : 0
  2432	  2455 : 1
  2452	  2467 : 0
  2464	  2495 : 0
  2492	  2499 : 0
  2496	  2527 : 0
  2524	  2547 : 0
  2544	  2551 : 0
  2548	  2563 : 0
  2560	  2595 : 1
  2592	  2599 : 0
  2596	  2603 : 0
  2600	  2607 : 0
  2604	  2623 : 1
  2620	  2627 : 0
  2624	  2643 : 0
  2640	  2655 : 0
  2652	  2663 : 1
  2660	  2675 : 0
  2672	  2679 : 1
  2676	  2691 : 0
  2688	  2723 : 0
  2720	  2739 : 0
  2736	  2767 : 0
  2764	  2779 : 0
  2776	  2791 : 0
  2788	  2799 : 0
  2796	  2803 : 0
  2800	  2819 : 0
  2816	  2827 : 0
  2824	  2831 : 0
  2828	  2847 : 0
  2844	  2855 : 0
  2852	  2863 : 1
  2860	  2871 : 0
  2868	  2879 : 0
  2876	  2883 : 0
  2880	  2895 : 0
  2892	  2899 : 0
  2896	  2923 : 0
  2920	  2927 : 0
  2924	  2971 : 0
  2968	  2979 : 0
  2976	  3031 : 0
  3028	  3047 : 0
  3044	  3055 : 0
  3052	  3075 : 0
  3072	  3079 : 2
  3076	  3083 : 0
  3080	  3087 : 1
  3084	  3091 : 0
  3088	  3143 : 1
  3140	  3167 : 0
  3164	  3175 : 1
  3172	  3187 : 0
  3184	  3207 : 0
  3204	  3227 : 0
  3224	  3231 : 0
  3228	  3283 : 0
  3280	  3303 : 1
  3300	  3307 : 0
  3304	  3315 : 1
  3312	  3319 : 0
  3316	  3323 : 0
  3320	  3351 : 0
  3348	  3359 : 1
  3356	  3363 : 0
  3360	  3371 : 0
  3368	  3379 : 0
  3376	  3387 : 1
  3384	  3451 : 0
  3448	  3475 : 0
  3472	  3495 : 0
  3492	  3503 : 1
  3500	  3511 : 0
  3508	  3619 : 0
  3616	  3627 : 0
  3624	  3631 : 1
  3628	  3667 : 0
  3664	  3695 : 0
  3692	  3703 : 0
  3700	  3711 : 0
  3708	  3767 : 0
  3764	  3771 : 0
  3768	  3787 : 0
  3784	  3791 : 0
  3788	  3795 : 0
  3792	  3799 : 1
  3796	  3807 : 0
  3804	  3819 : 0
  3816	  3875 : 0
  3872	  3923 : 1
  3920	  3943 : 0
  3940	  3947 : 1
  3944	  4003 : 0
  4000	  4011 : 0
  4008	  4015 : 0
  4012	  4027 : 0
  4024	  4115 : 0
  4112	  4123 : 1
  4120	  4199 : 0
  4196	  4207 : 1
  4204	  4215 : 0
  4212	  4223 : 0
  4220	  4227 : 0
  4224	  4243 : 0
  4240	  4251 : 0
  4248	  4299 : 0
  4296	  4307 : 0
  4304	  4315 : 1
  4312	  4339 : 0
  4336	  4379 : 0
  4376	  4399 : 0
  4396	  4427 : 0
  4424	  4447 : 0
  4444	  4475 : 1
  4472	  4503 : 0
  4500	  4531 : 0
  4528	  4575 : 0
  4572	  4583 : 1
  4580	  4635 : 0
  4632	  4639 : 0
  4636	  4643 : 0
  4640	  4647 : 0
  4644	  4663 : 0
  4660	  4667 : 0
  4664	  4679 : 0
  4676	  4691 : 0
  4688	  4711 : 0
  4708	  4719 : 1
  4716	  4731 : 0
  4728	  4783 : 1
  4780	  4831 : 0
  4828	  4835 : 1
  4832	  4839 : 2
  4836	  4899 : 0
  4896	  4991 : 1
  4988	  5047 : 0
  5044	  5055 : 1
  5052	  5071 : 0
  5068	  5091 : 1
  5088	  5099 : 0
  5096	  5111 : 0
  5108	  5115 : 0
  5112	  5127 : 0
  5124	  5139 : 0
  5136	  5147 : 0
  5144	  5151 : 0
  5148	  5155 : 1
  5152	  5183 : 0
  5180	  5191 : 1
  5188	  5211 : 0
  5208	  5215 : 0
  5212	  5235 : 0
  5232	  5263 : 1
  5260	  5271 : 0
  5268	  5279 : 1
  5276	  5287 : 0
  5284	  5295 : 0
  5292	  5311 : 0
  5308	  5319 : 1
  5316	  5363 : 0
  5360	  5367 : 0
  5364	  5379 : 0
  5376	  5391 : 0
  5388	  5395 : 0
  5392	  5403 : 1
  5400	  5423 : 0
  5420	  5427 : 0
  5424	  5431 : 0
  5428	  5435 : 0
  5432	  5491 : 0
  5488	  5499 : 1
  5496	  5523 : 0
  5520	  5559 : 0
  5556	  5583 : 0
  5580	  5607 : 0
  5604	  5635 : 0
  5632	  5639 : 1
  5636	  5655 : 0
  5652	  5675 : 0
  5672	  5803 : 0
  5800	  5807 : 0
  5804	  5891 : 0
  5888	  5895 : 1
  5892	  5911 : 0
  5908	  5923 : 0
  5920	  5943 : 0
  5940	  5959 : 0
  5956	  5967 : 0
  5964	  5991 : 0
  5988	  6003 : 0
  6000	  6011 : 1
  6008	  6039 : 0
  6036	  6043 : 1
  6040	  6051 : 0
  6048	  6071 : 0
  6068	  6079 : 0
  6076	  6083 : 1
  6080	  6091 : 0
  6088	  6099 : 0
  6096	  6111 : 0
  6108	  6119 : 0
  6116	  6131 : 0
  6128	  6191 : 1
  6188	  6239 : 0
  6236	  6283 : 1
  6280	  6291 : 0
  6288	  6323 : 0
  6320	  6327 : 0
  6324	  6335 : 0
  6332	  6343 : 0
  6340	  6371 : 0
  6368	  6455 : 0
  6452	  6459 : 0
  6456	  6471 : 0
  6468	  6475 : 1
  6472	  6487 : 0
  6484	  6511 : 0
  6508	  6515 : 0
  6512	  6555 : 1
  6552	  6571 : 0
  6568	  6579 : 0
  6576	  6583 : 0
  6580	  6591 : 0
  6588	  6599 : 0
  6596	  6659 : 1
  6656	  6675 : 0
  6672	  6683 : 0
  6680	  6687 : 0
  6684	  6691 : 1
  6688	  6695 : 0
  6692	  6699 : 0
  6696	  6731 : 0
  6728	  6743 : 0
  6740	  6747 : 0
  6744	  6755 : 0
  6752	  6759 : 0
  6756	  6771 : 0
  6768	  6815 : 0
  6812	  6819 : 1
  6816	  6823 : 2
  6820	  6847 : 0
  6844	  6995 : 0
  6992	  6999 : 1
  6996	  7015 : 0
  7012	  7019 : 0
  7016	  7023 : 0
  7020	  7059 : 0
  7056	  7063 : 0
  7060	  7067 : 0
  7064	  7071 : 0
  7068	  7075 : 1
  7072	  7087 : 0
  7084	  7095 : 1
  7092	  7099 : 0
  7096	  7103 : 0
  7100	  7155 : 0
  7152	  7171 : 0
  7168	  7195 : 0
  7192	  7199 : 1
  7196	  7215 : 0
  7212	  7243 : 1
  7240	  7307 : 0
  7304	  7315 : 1
  7312	  7331 : 0
  7328	  7347 : 0
  7344	  7375 : 0
  7372	  7379 : 1
  7376	  7403 : 0
  7400	  7411 : 1
  7408	  7427 : 0
  7424	  7471 : 0
  7468	  7483 : 0
  7480	  7495 : 0
  7492	  7499 : 0
  7496	  7539 : 1
  7536	  7559 : 0
  7556	  7563 : 0
  7560	  7591 : 0
  7588	  7595 : 1
  7592	  7623 : 0
  7620	  7635 : 0
  7632	  7651 : 0
  7648	  7663 : 1
  7660	  7683 : 0
  7680	  7711 : 1
  7708	  7715 : 0
  7712	  7739 : 1
  7736	  7747 : 0
  7744	  7755 : 1
  7752	  7799 : 0
  7796	  7855 : 1
  7852	  7879 : 0
  7876	  7887 : 1
  7884	  7907 : 0
  7904	  7911 : 0
  7908	  7915 : 0
  7912	  7927 : 0
  7924	  7931 : 0
  7928	  7959 : 0
  7956	  7963 : 0
  7960	  7967 : 0
  7964	  7995 : 0
  7992	  8003 : 1
  8000	  8039 : 0
  8036	  8091 : 0
  8088	  8211 : 0
  8208	  8227 : 0
  8224	  8243 : 0
  8240	  8291 : 0
  8288	  8299 : 0
  8296	  8303 : 1
  8300	  8359 : 0
  8356	  8583 : 1
