     0	   471 : 0
   468	   475 : 0
   472	   535 : 0
   532	   539 : 0
   536	   751 : 0
   748	   755 : 0
   752	   863 : 0
   860	   899 : 0
   896	   911 : 0
   908	   919 : 0
   916	   931 : 0
   928	   935 : 0
   932	   939 : 0
   936	   947 : 0
   944	   951 : 0
   948	   975 : 0
   972	   991 : 0
   988	  1003 : 0
  1000	  1167 : 0
  1164	  1179 : 0
  1176	  1251 : 0
  1248	  1275 : 0
  1272	  1279 : 0
  1276	  1283 : 0
  1280	  1347 : 0
  1344	  1351 : 0
  1348	  1459 : 0
  1456	  1467 : 0
  1464	  1559 : 0
  1556	  1591 : 0
  1588	  1627 : 0
  1624	  1631 : 0
  1628	  1655 : 0
  1652	  1659 : 0
  1656	  1667 : 0
  1664	  1675 : 0
  1672	  1679 : 0
  1676	  1707 : 0
  1704	  1711 : 0
  1708	  1719 : 0
  1716	  1755 : 0
  1752	  1791 : 0
  1788	  1795 : 0
  1792	  1851 : 0
  1848	  1867 : 0
  1864	  1911 : 0
  1908	  1915 : 0
  1912	  1931 : 0
  1928	  1939 : 0
  1936	  1955 : 0
  1952	  1963 : 0
  1960	  1983 : 0
  1980	  1987 : 0
  1984	  1995 : 0
  1992	  1999 : 0
  1996	  2019 : 0
  2016	  2023 : 0
  2020	  2031 : 0
  2028	  2051 : 0
  2048	  2055 : 0
  2052	  2059 : 0
  2056	  2063 : 0
  2060	  2071 : 0
  2068	  2079 : 0
  2076	  2375 : 0
  2372	  2379 : 0
  2376	  2423 : 0
  2420	  2427 : 0
  2424	  2515 : 0
  2512	  2535 : 0
  2532	  2679 : 0
  2676	  2683 : 0
  2680	  2731 : 0
  2728	  2735 : 0
  2732	  2783 : 0
  2780	  2791 : 0
  2788	  2807 : 0
  2804	  2855 : 0
  2852	  2887 : 0
  2884	  2919 : 0
  2916	  2951 : 0
  2948	  3063 : 0
  3060	  3087 : 0
  3084	  3091 : 0
  3088	  3147 : 0
  3144	  3171 : 0
  3168	  3295 : 0
  3292	  3319 : 0
  3316	  3331 : 0
  3328	  3335 : 0
  3332	  3363 : 0
  3360	  3415 : 0
  3412	  3423 : 0
  3420	  3439 : 0
  3436	  3499 : 0
  3496	  3507 : 0
  3504	  3523 : 0
  3520	  3563 : 0
  3560	  3587 : 0
  3584	  3631 : 0
  3628	  3643 : 0
  3640	  3663 : 0
  3660	  3671 : 0
  3668	  3679 : 0
  3676	  3735 : 0
  3732	  3751 : 0
  3748	  3779 : 0
  3776	  3783 : 0
  3780	  3891 : 0
  3888	  3895 : 0
  3892	  3935 : 0
  3932	  3939 : 0
  3936	  3987 : 0
  3984	  3995 : 0
  3992	  4075 : 0
  4072	  4099 : 0
  4096	  4103 : 0
  4100	  4115 : 0
  4112	  4119 : 0
  4116	  4123 : 0
  4120	  4231 : 0
  4228	  4259 : 0
  4256	  4295 : 0
  4292	  4299 : 0
  4296	  4303 : 0
  4300	  4335 : 0
  4332	  4383 : 0
  4380	  4463 : 0
  4460	  4467 : 0
  4464	  4495 : 0
  4492	  4503 : 0
  4500	  4507 : 0
  4504	  4511 : 0
  4508	  4523 : 0
  4520	  4539 : 0
  4536	  4547 : 0
  4544	  4571 : 0
  4568	  4575 : 0
  4572	  4579 : 0
  4576	  4583 : 0
  4580	  4631 : 0
  4628	  4667 : 0
  4664	  4871 : 0
  4868	  4879 : 0
  4876	  4887 : 0
  4884	  4963 : 0
  4960	  4967 : 0
  4964	  4971 : 0
  4968	  4999 : 0
  4996	  5003 : 0
  5000	  5019 : 0
  5016	  5043 : 0
  5040	  5047 : 0
  5044	  5059 : 0
  5056	  5063 : 0
  5060	  5075 : 0
  5072	  5079 : 0
  5076	  5083 : 0
  5080	  5135 : 0
  5132	  5143 : 0
  5140	  5147 : 0
  5144	  5151 : 0
  5148	  5155 : 0
  5152	  5159 : 0
  5156	  5167 : 0
  5164	  5175 : 0
  5172	  5179 : 0
  5176	  5187 : 0
  5184	  5207 : 0
  5204	  5227 : 0
  5224	  5231 : 0
  5228	  5239 : 0
  5236	  5283 : 0
  5280	  5287 : 0
  5284	  5319 : 0
  5316	  5323 : 0
  5320	  5455 : 0
  5452	  5459 : 0
  5456	  5487 : 0
