     0	   123 : 0
   120	   127 : 0
   124	   183 : 0
   180	   247 : 0
   244	   255 : 0
   252	   279 : 0
   276	   287 : 0
   284	  1355 : 0
  1352	  1371 : 0
  1368	  4831 : 0
  4828	  4851 : 0
  4848	  4903 : 0
  4900	  4915 : 0
  4912	  5987 : 0
  5984	  5999 : 0
  5996	  8739 : 0
  8736	  8755 : 0
  8752	  8763 : 0
  8760	  8783 : 0
  8780	 10331 : 0
 10328	 11051 : 0
 11048	 12547 : 0
 12544	 12551 : 0
 12548	 12555 : 0
 12552	 12583 : 0
 12580	 16887 : 0
 16884	 16895 : 0
 16892	 17943 : 0
 17940	 17947 : 1
 17944	 19463 : 0
 19460	 19467 : 1
 19464	 20507 : 0
 20504	 20515 : 0
 20512	 21027 : 0
 21024	 21059 : 0
 21056	 21075 : 0
 21072	 21091 : 0
 21088	 21191 : 0
 21188	 21227 : 0
 21224	 21235 : 0
 21232	 21255 : 0
 21252	 21275 : 0
 21272	 21279 : 0
 21276	 21611 : 0
 21608	 21639 : 0
 21636	 21655 : 0
 21652	 21679 : 0
 21676	 21715 : 0
 21712	 21723 : 0
 21720	 21779 : 0
 21776	 21791 : 0
 21788	 21795 : 0
 21792	 21799 : 0
 21796	 21803 : 0
 21800	 21823 : 0
 21820	 21879 : 0
 21876	 21903 : 0
 21900	 21919 : 0
 21916	 21939 : 0
 21936	 21951 : 0
 21948	 21983 : 0
 21980	 22119 : 0
 22116	 22143 : 0
 22140	 22691 : 0
 22688	 22703 : 0
 22700	 22795 : 0
 22792	 22799 : 0
 22796	 23547 : 0
 23544	 23555 : 0
 23552	 23635 : 0
 23632	 23647 : 0
 23644	 23699 : 0
 23696	 23711 : 0
 23708	 24819 : 0
 24816	 24827 : 1
