     0	    19 : 0
    16	    23 : 1
    20	    31 : 0
    28	    47 : 0
    44	    59 : 0
    56	    63 : 1
    60	   135 : 0
   132	   147 : 0
   144	   183 : 0
   180	   195 : 0
   192	   227 : 0
   224	   251 : 0
   248	   259 : 0
   256	   271 : 0
   268	   287 : 0
   284	   291 : 1
   288	   351 : 0
   348	   355 : 0
   352	   359 : 0
   356	   367 : 0
   364	   419 : 0
   416	   459 : 1
   456	   491 : 0
   488	   507 : 0
   504	   511 : 0
   508	   547 : 0
   544	   551 : 0
   548	   567 : 0
   564	   595 : 0
   592	   635 : 0
   632	   655 : 0
   652	   671 : 0
   668	   695 : 0
   692	   747 : 0
   744	   775 : 0
   772	   787 : 0
   784	   791 : 0
   788	   795 : 0
   792	   803 : 0
   800	   823 : 0
   820	   831 : 0
   828	   879 : 0
   876	   907 : 0
   904	   915 : 0
   912	   923 : 0
   920	   935 : 0
   932	   939 : 0
   936	   943 : 0
   940	   971 : 0
   968	   975 : 0
   972	   987 : 0
   984	  1003 : 0
  1000	  1023 : 0
  1020	  1031 : 0
  1028	  1043 : 0
  1040	  1083 : 0
  1080	  1135 : 0
  1132	  1155 : 1
  1152	  1195 : 0
  1192	  1199 : 0
  1196	  1207 : 0
  1204	  1227 : 0
  1224	  1231 : 0
  1228	  1255 : 0
  1252	  1259 : 0
  1256	  1307 : 0
  1304	  1355 : 0
  1352	  1359 : 1
  1356	  1387 : 0
  1384	  1423 : 0
  1420	  1435 : 0
  1432	  1439 : 0
  1436	  1515 : 0
  1512	  1527 : 0
  1524	  1531 : 0
  1528	  1535 : 1
  1532	  1683 : 0
  1680	  1699 : 0
  1696	  1727 : 0
  1724	  1747 : 0
  1744	  1751 : 0
  1748	  1755 : 0
  1752	  1763 : 0
  1760	  1767 : 0
  1764	  1771 : 0
  1768	  1775 : 1
  1772	  1831 : 0
  1828	  1847 : 1
  1844	  1859 : 0
  1856	  1863 : 0
  1860	  1871 : 0
  1868	  1887 : 0
  1884	  1915 : 0
  1912	  1955 : 0
  1952	  2163 : 0
  2160	  2167 : 1
  2164	  2175 : 0
  2172	  2207 : 0
  2204	  2223 : 0
  2220	  2267 : 0
  2264	  2271 : 0
  2268	  2275 : 0
  2272	  2323 : 0
  2320	  2327 : 1
  2324	  2355 : 0
  2352	  2379 : 0
  2376	  2407 : 0
  2404	  2427 : 0
  2424	  2435 : 0
  2432	  2443 : 0
  2440	  2471 : 0
  2468	  2503 : 0
  2500	  2519 : 0
  2516	  2547 : 0
  2544	  2555 : 0
  2552	  2599 : 0
  2596	  2603 : 0
  2600	  2611 : 0
  2608	  2619 : 0
  2616	  2635 : 0
  2632	  2663 : 0
  2660	  2671 : 0
  2668	  2675 : 0
  2672	  2703 : 0
  2700	  2707 : 0
  2704	  2723 : 0
  2720	  2787 : 0
  2784	  2795 : 0
  2792	  2799 : 0
  2796	  2835 : 0
  2832	  2911 : 0
  2908	  2939 : 0
  2936	  2955 : 0
  2952	  2991 : 0
  2988	  3275 : 0
  3272	  3283 : 0
  3280	  3319 : 0
  3316	  3399 : 1
  3396	  3403 : 0
  3400	  3423 : 0
  3420	  3427 : 0
  3424	  3459 : 0
  3456	  3507 : 0
  3504	  3527 : 0
  3524	  3531 : 0
  3528	  3547 : 1
  3544	  3551 : 0
  3548	  3559 : 0
  3556	  3567 : 0
  3564	  3587 : 0
  3584	  3591 : 0
  3588	  3599 : 0
  3596	  3603 : 0
  3600	  3611 : 0
  3608	  3631 : 0
  3628	  3639 : 0
  3636	  3647 : 0
  3644	  3679 : 0
  3676	  3691 : 0
  3688	  3695 : 0
  3692	  3743 : 0
  3740	  3763 : 0
  3760	  3767 : 0
  3764	  3775 : 0
  3772	  3811 : 0
  3808	  3815 : 0
  3812	  3831 : 0
  3828	  3843 : 0
  3840	  3915 : 0
  3912	  3923 : 0
  3920	  4031 : 0
  4028	  4035 : 0
  4032	  4043 : 0
  4040	  4063 : 0
  4060	  4099 : 0
  4096	  4107 : 0
  4104	  4115 : 0
  4112	  4147 : 0
  4144	  4171 : 0
  4168	  4175 : 0
  4172	  4211 : 0
  4208	  4215 : 0
  4212	  4235 : 0
  4232	  4239 : 0
  4236	  4283 : 0
  4280	  4287 : 1
  4284	  4295 : 0
  4292	  4315 : 0
  4312	  4355 : 0
  4352	  4371 : 0
  4368	  4375 : 0
  4372	  4379 : 1
  4376	  4395 : 0
  4392	  4411 : 0
  4408	  4455 : 0
  4452	  4463 : 1
  4460	  4467 : 0
  4464	  4527 : 0
  4524	  4555 : 0
  4552	  4559 : 0
  4556	  4599 : 0
  4596	  4607 : 0
  4604	  4639 : 0
  4636	  4675 : 0
  4672	  4703 : 0
  4700	  4731 : 0
  4728	  4743 : 0
  4740	  4747 : 0
  4744	  4779 : 0
  4776	  4787 : 0
  4784	  4895 : 0
  4892	  4899 : 1
  4896	  4983 : 0
  4980	  4999 : 0
  4996	  5015 : 0
  5012	  5019 : 0
  5016	  5079 : 0
  5076	  5111 : 0
  5108	  5115 : 0
  5112	  5227 : 0
  5224	  5255 : 0
  5252	  5355 : 0
  5352	  5367 : 0
  5364	  5399 : 0
