     0	    59 : 0
    56	    71 : 0
    68	    87 : 0
    84	   107 : 0
   104	   155 : 0
   152	   159 : 0
   156	   171 : 0
   168	   187 : 0
   184	   219 : 0
   216	   227 : 0
   224	   267 : 0
   264	   283 : 0
   280	   287 : 0
   284	   323 : 0
   320	   327 : 0
   324	   335 : 0
   332	   347 : 0
   344	   351 : 0
   348	   363 : 0
   360	   371 : 0
   368	   379 : 0
   376	   387 : 0
   384	   399 : 1
   396	   407 : 0
   404	   579 : 0
   576	   587 : 0
   584	   599 : 0
   596	   611 : 0
   608	   615 : 0
   612	   623 : 0
   620	   647 : 1
   644	   651 : 0
   648	   659 : 0
   656	   663 : 0
   660	   675 : 0
   672	   695 : 0
   692	   703 : 0
   700	   707 : 0
   704	   759 : 1
   756	   775 : 0
   772	   791 : 0
   788	   803 : 0
   800	   871 : 0
   868	   875 : 0
   872	   883 : 1
   880	   887 : 0
   884	   903 : 0
   900	   935 : 0
   932	   943 : 1
   940	  1055 : 0
  1052	  1063 : 1
  1060	  1087 : 0
  1084	  1107 : 0
  1104	  1127 : 0
  1124	  1151 : 0
  1148	  1231 : 0
  1228	  1235 : 1
  1232	  1263 : 0
  1260	  1275 : 0
  1272	  1279 : 0
  1276	  1295 : 0
  1292	  1319 : 0
  1316	  1343 : 0
  1340	  1351 : 0
  1348	  1355 : 0
  1352	  1367 : 0
  1364	  1371 : 0
  1368	  1375 : 0
  1372	  1379 : 0
  1376	  1387 : 0
  1384	  1411 : 0
  1408	  1423 : 0
  1420	  1459 : 0
  1456	  1467 : 0
  1464	  1479 : 0
  1476	  1483 : 0
  1480	  1487 : 0
  1484	  1507 : 0
  1504	  1515 : 0
  1512	  1543 : 0
  1540	  1559 : 0
  1556	  1567 : 0
  1564	  1575 : 0
  1572	  1587 : 0
  1584	  1591 : 1
  1588	  1595 : 0
  1592	  1599 : 0
  1596	  1603 : 0
  1600	  1607 : 0
  1604	  1651 : 0
  1648	  1699 : 1
  1696	  1719 : 0
  1716	  1747 : 0
  1744	  1751 : 0
  1748	  1811 : 1
  1808	  1815 : 0
  1812	  1819 : 1
  1816	  1863 : 0
  1860	  1867 : 0
  1864	  1871 : 0
  1868	  1899 : 0
  1896	  1903 : 0
  1900	  1907 : 0
  1904	  1911 : 0
  1908	  1967 : 0
  1964	  1995 : 0
  1992	  2079 : 0
  2076	  2083 : 0
  2080	  2163 : 1
  2160	  2167 : 0
  2164	  2259 : 1
  2256	  2263 : 0
  2260	  2299 : 0
  2296	  2303 : 0
  2300	  2351 : 0
  2348	  2359 : 0
  2356	  2363 : 1
  2360	  2407 : 0
  2404	  2411 : 0
  2408	  2415 : 0
  2412	  2423 : 1
  2420	  2431 : 0
  2428	  2443 : 0
  2440	  2463 : 0
  2460	  2499 : 0
  2496	  2503 : 0
  2500	  2595 : 0
  2592	  2599 : 0
  2596	  2639 : 1
  2636	  2643 : 0
  2640	  2671 : 0
  2668	  2679 : 0
  2676	  2683 : 0
  2680	  2743 : 0
  2740	  2791 : 0
  2788	  2807 : 0
  2804	  2811 : 1
  2808	  2923 : 0
  2920	  2927 : 0
  2924	  2975 : 0
  2972	  3047 : 0
  3044	  3051 : 0
  3048	  3167 : 1
  3164	  3175 : 0
  3172	  3183 : 0
  3180	  3207 : 0
  3204	  3251 : 0
  3248	  3283 : 0
  3280	  3355 : 0
  3352	  3379 : 0
  3376	  3427 : 0
  3424	  3431 : 0
  3428	  3463 : 0
  3460	  3495 : 0
  3492	  3539 : 1
  3536	  3543 : 0
  3540	  3551 : 1
  3548	  3563 : 0
  3560	  3575 : 0
  3572	  3599 : 0
  3596	  3611 : 0
  3608	  3615 : 0
  3612	  3619 : 1
  3616	  3623 : 0
  3620	  3627 : 0
  3624	  3631 : 0
  3628	  3655 : 0
  3652	  3679 : 0
  3676	  3687 : 1
  3684	  3691 : 0
  3688	  3723 : 0
  3720	  3739 : 0
  3736	  3747 : 1
  3744	  3819 : 0
  3816	  3823 : 0
  3820	  3843 : 0
  3840	  3847 : 0
  3844	  3875 : 0
  3872	  3883 : 1
  3880	  3895 : 0
  3892	  3915 : 0
  3912	  3951 : 0
  3948	  3963 : 0
  3960	  3979 : 0
  3976	  3995 : 0
  3992	  4023 : 0
  4020	  4055 : 0
  4052	  4059 : 0
  4056	  4099 : 1
  4096	  4167 : 0
  4164	  4175 : 0
  4172	  4183 : 0
  4180	  4223 : 0
  4220	  4259 : 0
  4256	  4279 : 0
  4276	  4359 : 0
  4356	  4427 : 1
  4424	  4431 : 0
  4428	  4435 : 1
  4432	  4491 : 0
  4488	  4511 : 1
  4508	  4523 : 0
  4520	  4535 : 0
  4532	  4539 : 0
  4536	  4551 : 1
  4548	  4591 : 0
  4588	  4611 : 0
  4608	  4627 : 0
  4624	  4635 : 0
  4632	  4643 : 0
  4640	  4655 : 0
  4652	  4659 : 0
  4656	  4675 : 0
  4672	  4679 : 0
  4676	  4767 : 0
  4764	  4831 : 0
  4828	  4839 : 1
  4836	  4871 : 0
  4868	  4903 : 0
  4900	  4919 : 0
  4916	  4923 : 1
  4920	  4927 : 0
  4924	  4935 : 0
  4932	  4967 : 0
  4964	  5007 : 0
  5004	  5063 : 0
  5060	  5207 : 0
  5204	  5255 : 0
  5252	  5259 : 0
  5256	  5263 : 0
  5260	  5267 : 0
  5264	  5275 : 0
  5272	  5299 : 0
  5296	  5307 : 0
  5304	  5335 : 0
  5332	  5355 : 0
  5352	  5419 : 0
  5416	  5423 : 0
  5420	  5439 : 0
  5436	  5447 : 0
  5444	  5491 : 0
  5488	  5699 : 0
  5696	  5711 : 1
  5708	  5723 : 0
  5720	  5731 : 0
  5728	  5743 : 0
  5740	  5795 : 0
  5792	  5803 : 0
  5800	  5815 : 0
  5812	  5819 : 0
  5816	  5823 : 0
  5820	  5827 : 0
  5824	  5831 : 0
  5828	  5835 : 0
  5832	  5843 : 0
  5840	  5851 : 0
  5848	  5867 : 0
  5864	  5871 : 0
  5868	  5895 : 0
  5892	  5903 : 0
  5900	  5907 : 1
  5904	  5959 : 0
  5956	  6035 : 1
  6032	  6039 : 0
  6036	  6059 : 0
  6056	  6067 : 0
  6064	  6111 : 0
  6108	  6115 : 0
  6112	  6279 : 0
  6276	  6355 : 0
  6352	  6367 : 0
  6364	  6371 : 0
  6368	  6379 : 0
  6376	  6399 : 0
  6396	  6419 : 0
  6416	  6459 : 0
  6456	  6475 : 0
  6472	  6503 : 0
  6500	  6615 : 0
  6612	  6619 : 0
  6616	  6627 : 1
  6624	  6715 : 0
