     0	   635 : 0
   632	   647 : 0
   644	   655 : 0
   652	   671 : 0
   668	   679 : 0
   676	   711 : 0
   708	   715 : 0
   712	   727 : 0
   724	   739 : 0
   736	   755 : 0
   752	   763 : 0
   760	   767 : 0
   764	   775 : 0
   772	   779 : 0
   776	   783 : 0
   780	   787 : 0
   784	   791 : 1
   788	   795 : 2
   792	   875 : 0
   872	   891 : 1
   888	   895 : 0
   892	   899 : 0
   896	   903 : 0
   900	   939 : 0
   936	   943 : 0
   940	   947 : 0
   944	   975 : 0
   972	   999 : 0
   996	  1003 : 0
  1000	  1051 : 1
  1048	  1055 : 0
  1052	  1067 : 0
  1064	  1075 : 0
  1072	  1083 : 0
  1080	  1271 : 0
  1268	  1275 : 1
  1272	  1303 : 0
  1300	  1323 : 0
  1320	  1339 : 0
  1336	  1347 : 0
  1344	  1367 : 0
  1364	  1379 : 0
  1376	  1563 : 0
  1560	  1567 : 1
  1564	  1611 : 0
  1608	  1647 : 0
  1644	  1683 : 0
  1680	  1687 : 0
  1684	  1703 : 0
  1700	  1751 : 0
  1748	  1843 : 0
  1840	  1875 : 1
  1872	  1923 : 0
  1920	  1939 : 0
  1936	  1943 : 0
  1940	  1951 : 1
  1948	  2011 : 0
  2008	  2015 : 1
  2012	  2039 : 0
  2036	  2051 : 0
  2048	  2063 : 0
  2060	  2075 : 0
  2072	  2195 : 0
  2192	  2203 : 0
  2200	  2219 : 0
  2216	  2255 : 1
  2252	  2267 : 0
  2264	  2291 : 0
  2288	  2299 : 0
  2296	  2311 : 0
  2308	  2323 : 0
  2320	  2379 : 0
  2376	  2383 : 0
  2380	  2435 : 0
  2432	  2443 : 0
  2440	  2451 : 0
  2448	  2459 : 0
  2456	  2471 : 0
  2468	  2479 : 0
  2476	  2495 : 0
  2492	  2503 : 0
  2500	  2511 : 0
  2508	  2519 : 0
  2516	  2527 : 1
  2524	  2535 : 0
  2532	  2551 : 0
  2548	  2579 : 0
  2576	  2587 : 0
  2584	  2591 : 0
  2588	  2595 : 0
  2592	  2599 : 0
  2596	  2615 : 0
  2612	  2651 : 0
  2648	  2663 : 0
  2660	  2675 : 0
  2672	  2679 : 0
  2676	  2695 : 0
  2692	  2699 : 0
  2696	  2707 : 0
  2704	  2715 : 0
  2712	  2727 : 0
  2724	  2735 : 0
  2732	  2747 : 0
  2744	  2767 : 0
  2764	  2775 : 0
  2772	  2795 : 0
  2792	  2803 : 0
  2800	  2895 : 1
  2892	  2927 : 0
  2924	  2963 : 0
  2960	  2971 : 0
  2968	  2987 : 0
  2984	  2991 : 0
  2988	  2999 : 0
  2996	  3007 : 0
  3004	  3011 : 0
  3008	  3039 : 0
  3036	  3051 : 0
  3048	  3055 : 0
  3052	  3087 : 0
  3084	  3091 : 0
  3088	  3107 : 0
  3104	  3111 : 0
  3108	  3119 : 0
  3116	  3323 : 0
  3320	  3379 : 0
  3376	  3459 : 0
  3456	  3579 : 0
  3576	  3679 : 0
  3676	  4291 : 1
  4288	  4307 : 0
  4304	  4415 : 0
  4412	  4467 : 0
  4464	  4647 : 0
