     0	    19 : 1
    16	    27 : 0
    24	   103 : 1
   100	   107 : 0
   104	   263 : 0
   260	   267 : 0
   264	   391 : 0
   388	   399 : 0
   396	   403 : 0
   400	   407 : 0
   404	   415 : 0
   412	   423 : 0
   420	   427 : 0
   424	   463 : 0
   460	   475 : 0
   472	   495 : 0
   492	   499 : 0
   496	   531 : 0
   528	   539 : 0
   536	   603 : 0
   600	   607 : 0
   604	   615 : 0
   612	   619 : 0
   616	   631 : 0
   628	   635 : 0
   632	   643 : 0
   640	   647 : 0
   644	   655 : 0
   652	   659 : 0
   656	   663 : 0
   660	   675 : 0
   672	   679 : 0
   676	   703 : 0
   700	   767 : 0
   764	   803 : 0
   800	   839 : 0
   836	   859 : 0
   856	   863 : 0
   860	   943 : 0
   940	   951 : 0
   948	   955 : 0
   952	   959 : 0
   956	  1039 : 0
  1036	  1079 : 0
  1076	  1083 : 0
  1080	  1223 : 0
  1220	  1231 : 0
  1228	  1263 : 0
  1260	  1279 : 0
  1276	  1311 : 0
  1308	  1347 : 0
  1344	  1355 : 0
  1352	  1407 : 0
  1404	  1411 : 0
  1408	  1431 : 0
  1428	  1435 : 0
  1432	  1471 : 0
  1468	  1475 : 0
  1472	  1511 : 0
  1508	  1711 : 0
  1708	  1719 : 0
  1716	  1915 : 0
  1912	  1923 : 0
  1920	  2031 : 0
  2028	  2039 : 0
  2036	  2051 : 0
  2048	  2059 : 0
  2056	  2131 : 0
  2128	  2155 : 0
  2152	  2183 : 0
  2180	  2187 : 0
  2184	  2199 : 0
  2196	  2203 : 0
  2200	  2423 : 0
  2420	  2427 : 1
  2424	  2431 : 0
  2428	  2491 : 0
  2488	  2527 : 0
  2524	  2543 : 0
  2540	  2547 : 0
  2544	  2555 : 0
  2552	  2587 : 0
  2584	  2631 : 0
  2628	  2715 : 0
  2712	  2727 : 0
  2724	  2751 : 0
  2748	  2783 : 0
  2780	  2875 : 0
  2872	  2891 : 0
  2888	  3191 : 0
  3188	  3203 : 0
  3200	  3479 : 0
  3476	  3499 : 0
  3496	  3535 : 0
  3532	  3547 : 0
  3544	  3583 : 0
  3580	  3587 : 0
  3584	  3607 : 0
  3604	  3627 : 0
  3624	  3631 : 0
  3628	  3651 : 0
  3648	  3739 : 0
  3736	  3747 : 0
  3744	  3791 : 0
  3788	  3795 : 0
  3792	  3839 : 0
  3836	  3851 : 0
  3848	  3859 : 0
  3856	  3871 : 0
  3868	  3899 : 0
  3896	  3927 : 0
  3924	  3947 : 0
  3944	  3959 : 0
  3956	  3987 : 0
  3984	  3991 : 0
  3988	  3999 : 0
  3996	  4007 : 0
  4004	  4027 : 0
  4024	  4047 : 0
  4044	  4055 : 0
  4052	  4083 : 0
  4080	  4115 : 0
  4112	  4119 : 0
  4116	  4139 : 0
  4136	  4155 : 0
  4152	  4215 : 0
  4212	  4219 : 0
  4216	  4251 : 0
  4248	  4259 : 0
  4256	  4287 : 0
  4284	  4291 : 0
  4288	  4491 : 0
  4488	  4495 : 0
  4492	  4515 : 0
  4512	  4519 : 0
  4516	  4579 : 0
  4576	  4619 : 0
  4616	  4779 : 0
  4776	  4787 : 0
  4784	  4795 : 0
  4792	  4835 : 0
  4832	  4839 : 0
  4836	  4851 : 0
  4848	  4859 : 0
  4856	  4895 : 0
  4892	  4899 : 0
  4896	  4907 : 0
  4904	  4911 : 0
  4908	  4915 : 0
  4912	  4927 : 0
  4924	  4963 : 0
  4960	  4967 : 0
  4964	  4971 : 1
  4968	  4975 : 0
  4972	  4983 : 0
  4980	  5083 : 0
  5080	  5087 : 0
  5084	  5163 : 0
  5160	  5167 : 0
  5164	  5247 : 0
  5244	  5251 : 0
  5248	  5487 : 0
  5484	  5499 : 0
  5496	  5547 : 0
  5544	  5591 : 0
  5588	  5647 : 0
  5644	  5675 : 0
  5672	  5679 : 0
  5676	  5683 : 0
  5680	  5695 : 0
  5692	  5719 : 0
  5716	  5723 : 0
  5720	  5727 : 0
  5724	  5759 : 0
  5756	  5775 : 0
  5772	  5819 : 0
  5816	  5907 : 0
  5904	  5919 : 0
  5916	  5923 : 1
  5920	  5983 : 0
  5980	  5987 : 0
  5984	  6011 : 0
  6008	  6015 : 0
  6012	  6075 : 0
  6072	  6163 : 0
  6160	  6179 : 0
  6176	  6187 : 0
  6184	  6203 : 0
  6200	  6207 : 0
  6204	  6215 : 0
  6212	  6227 : 0
  6224	  6235 : 0
  6232	  6239 : 0
  6236	  6251 : 0
  6248	  6259 : 0
  6256	  6299 : 0
  6296	  6307 : 0
  6304	  6319 : 0
  6316	  6327 : 0
  6324	  6331 : 0
  6328	  6343 : 0
  6340	  6359 : 0
  6356	  6383 : 0
  6380	  6391 : 0
  6388	  6395 : 0
  6392	  6403 : 0
  6400	  6431 : 0
  6428	  6439 : 0
  6436	  6447 : 0
  6444	  6603 : 0
  6600	  6667 : 0
  6664	  6727 : 0
  6724	  6731 : 0
  6728	  6759 : 0
  6756	  6827 : 0
  6824	  6835 : 0
  6832	  6859 : 0
  6856	  6927 : 0
  6924	  7027 : 0
  7024	  7043 : 0
  7040	  7047 : 0
  7044	  7087 : 0
  7084	  7191 : 0
  7188	  7195 : 0
  7192	  7219 : 0
  7216	  7239 : 0
  7236	  7271 : 0
  7268	  7275 : 0
  7272	  7447 : 1
