     0	   467 : 0
   464	   479 : 0
   476	   491 : 0
   488	   499 : 0
   496	   531 : 0
   528	   543 : 0
   540	   547 : 0
   544	   551 : 0
   548	   555 : 0
   552	   559 : 0
   556	   595 : 0
   592	   599 : 0
   596	   603 : 0
   600	   607 : 1
   604	   643 : 0
   640	   651 : 0
   648	   655 : 0
   652	   659 : 0
   656	   691 : 0
   688	   699 : 0
   696	   799 : 0
   796	   803 : 1
   800	   815 : 0
   812	   831 : 0
   828	   911 : 0
   908	   915 : 1
   912	   919 : 0
   916	   923 : 0
   920	  1011 : 0
  1008	  1019 : 0
  1016	  1051 : 0
  1048	  1055 : 0
  1052	  1083 : 0
  1080	  1091 : 0
  1088	  1251 : 0
  1248	  1255 : 1
  1252	  1287 : 0
  1284	  1295 : 0
  1292	  1359 : 0
  1356	  1407 : 1
  1404	  1471 : 0
  1468	  1475 : 1
  1472	  1491 : 0
  1488	  1527 : 0
  1524	  1591 : 0
  1588	  1619 : 0
  1616	  1623 : 0
  1620	  1631 : 0
  1628	  1655 : 0
  1652	  1659 : 0
  1656	  1683 : 0
  1680	  1695 : 0
  1692	  1699 : 0
  1696	  1703 : 1
  1700	  1707 : 0
  1704	  1711 : 1
  1708	  1715 : 0
  1712	  1719 : 1
  1716	  1751 : 0
  1748	  1759 : 0
  1756	  1791 : 0
  1788	  1807 : 0
  1804	  1811 : 0
  1808	  1815 : 1
  1812	  1911 : 0
  1908	  1919 : 0
  1916	  1979 : 0
  1976	  2011 : 0
  2008	  2019 : 0
  2016	  2035 : 0
  2032	  2039 : 0
  2036	  2071 : 1
  2068	  2087 : 0
  2084	  2099 : 0
  2096	  2111 : 0
  2108	  2119 : 0
  2116	  2123 : 0
  2120	  2131 : 0
  2128	  2139 : 0
  2136	  2143 : 0
  2140	  2199 : 0
  2196	  2203 : 0
  2200	  2387 : 0
  2384	  2423 : 0
  2420	  2475 : 0
  2472	  2479 : 0
  2476	  2511 : 0
  2508	  2539 : 0
  2536	  2647 : 0
  2644	  2655 : 0
  2652	  2823 : 0
  2820	  2827 : 1
  2824	  2851 : 0
  2848	  2907 : 0
  2904	  2943 : 0
  2940	  2995 : 0
  2992	  3035 : 0
  3032	  3039 : 0
  3036	  3047 : 0
  3044	  3055 : 1
  3052	  3059 : 0
  3056	  3099 : 0
  3096	  3103 : 0
  3100	  3135 : 0
  3132	  3155 : 0
  3152	  3163 : 0
  3160	  3179 : 0
  3176	  3203 : 0
  3200	  3415 : 0
  3412	  3439 : 0
  3436	  3467 : 0
  3464	  3483 : 0
  3480	  3683 : 0
  3680	  3687 : 0
  3684	  3743 : 0
  3740	  3751 : 0
  3748	  3755 : 0
  3752	  3767 : 0
  3764	  3839 : 0
  3836	  3887 : 0
  3884	  3895 : 0
  3892	  3943 : 0
  3940	  3999 : 0
  3996	  4003 : 0
  4000	  4155 : 0
  4152	  4167 : 0
  4164	  4235 : 0
  4232	  4239 : 0
  4236	  4275 : 0
  4272	  4279 : 0
  4276	  4287 : 0
  4284	  4291 : 0
  4288	  4295 : 0
  4292	  4299 : 0
  4296	  4303 : 0
  4300	  4311 : 0
  4308	  4319 : 0
  4316	  4335 : 0
  4332	  4363 : 0
  4360	  4371 : 0
  4368	  4383 : 0
  4380	  4391 : 0
  4388	  4407 : 0
  4404	  4415 : 0
  4412	  4511 : 0
  4508	  4523 : 0
  4520	  4535 : 0
  4532	  4555 : 0
  4552	  4567 : 0
  4564	  4571 : 0
  4568	  4595 : 0
  4592	  4603 : 0
  4600	  4643 : 0
  4640	  4663 : 0
  4660	  4671 : 0
  4668	  4675 : 0
  4672	  4695 : 0
  4692	  4727 : 0
  4724	  4783 : 0
  4780	  4787 : 0
  4784	  4811 : 0
  4808	  4827 : 0
  4824	  4959 : 0
  4956	  4975 : 1
  4972	  5039 : 0
  5036	  5075 : 0
  5072	  5091 : 0
  5088	  5099 : 0
  5096	  5111 : 0
  5108	  5115 : 0
  5112	  5143 : 0
  5140	  5163 : 0
  5160	  5167 : 0
  5164	  5179 : 0
  5176	  5183 : 0
  5180	  5187 : 0
  5184	  5207 : 0
  5204	  5239 : 0
  5236	  5415 : 0
  5412	  5435 : 0
  5432	  5467 : 0
  5464	  5499 : 0
