     0	    19 : 0
    16	    27 : 0
    24	    31 : 0
    28	    43 : 0
    40	    67 : 0
    64	    75 : 0
    72	    83 : 0
    80	    91 : 1
    88	   127 : 0
   124	   131 : 0
   128	   167 : 0
   164	   191 : 1
   188	   279 : 0
   276	   303 : 1
   300	   323 : 0
   320	   355 : 1
   352	   367 : 0
   364	   375 : 0
   372	   403 : 0
   400	   407 : 0
   404	   419 : 0
   416	   427 : 1
   424	   435 : 0
   432	   451 : 0
   448	   467 : 0
   464	   523 : 1
   520	   531 : 0
   528	   535 : 1
   532	   595 : 0
   592	   627 : 0
   624	   651 : 0
   648	   683 : 1
   680	   699 : 0
   696	   815 : 1
   812	   827 : 0
   824	   831 : 0
   828	   835 : 0
   832	   871 : 1
   868	   883 : 0
   880	   887 : 0
   884	   899 : 0
   896	   955 : 0
   952	   959 : 0
   956	   979 : 0
   976	   987 : 0
   984	   995 : 0
   992	  1007 : 0
  1004	  1031 : 1
  1028	  1035 : 0
  1032	  1071 : 1
  1068	  1075 : 0
  1072	  1127 : 0
  1124	  1131 : 0
  1128	  1147 : 0
  1144	  1151 : 0
  1148	  1155 : 1
  1152	  1163 : 0
  1160	  1167 : 0
  1164	  1191 : 0
  1188	  1207 : 1
  1204	  1215 : 0
  1212	  1267 : 1
  1264	  1279 : 0
  1276	  1283 : 0
  1280	  1327 : 1
  1324	  1331 : 0
  1328	  1383 : 1
  1380	  1387 : 0
  1384	  1403 : 1
  1400	  1407 : 0
  1404	  1415 : 0
  1412	  1423 : 0
  1420	  1443 : 1
  1440	  1447 : 0
  1444	  1475 : 0
  1472	  1483 : 0
  1480	  1559 : 1
  1556	  1563 : 0
  1560	  1599 : 0
  1596	  1607 : 0
  1604	  1611 : 0
  1608	  1615 : 0
  1612	  1627 : 1
  1624	  1635 : 0
  1632	  1639 : 0
  1636	  1643 : 0
  1640	  1647 : 1
  1644	  1651 : 0
  1648	  1659 : 0
  1656	  1671 : 0
  1668	  1679 : 0
  1676	  1687 : 0
  1684	  1699 : 0
  1696	  1703 : 0
  1700	  1731 : 1
  1728	  1735 : 0
  1732	  1799 : 0
  1796	  1803 : 0
  1800	  1859 : 1
  1856	  1863 : 0
  1860	  1887 : 0
  1884	  1903 : 0
  1900	  1931 : 1
  1928	  1935 : 0
  1932	  1955 : 0
  1952	  1967 : 0
  1964	  1979 : 0
  1976	  1991 : 0
  1988	  2067 : 0
  2064	  2071 : 0
  2068	  2091 : 0
  2088	  2095 : 0
  2092	  2099 : 0
  2096	  2107 : 0
  2104	  2115 : 0
  2112	  2123 : 0
  2120	  2127 : 0
  2124	  2131 : 0
  2128	  2135 : 0
  2132	  2199 : 0
  2196	  2263 : 0
  2260	  2315 : 0
  2312	  2319 : 0
  2316	  2343 : 0
  2340	  2347 : 0
  2344	  2439 : 0
  2436	  2515 : 0
  2512	  2519 : 0
  2516	  2643 : 0
  2640	  2647 : 0
  2644	  2655 : 1
  2652	  2675 : 0
  2672	  2711 : 0
  2708	  2715 : 0
  2712	  2775 : 0
  2772	  2779 : 0
  2776	  2843 : 0
  2840	  2847 : 0
  2844	  2855 : 0
  2852	  2859 : 0
  2856	  2995 : 0
  2992	  2999 : 0
  2996	  3015 : 1
  3012	  3019 : 0
  3016	  3035 : 0
  3032	  3039 : 0
  3036	  3083 : 0
  3080	  3087 : 0
  3084	  3091 : 1
  3088	  3099 : 0
  3096	  3103 : 0
  3100	  3107 : 0
  3104	  3123 : 0
  3120	  3127 : 0
  3124	  3179 : 0
  3176	  3183 : 0
  3180	  3191 : 0
  3188	  3211 : 0
  3208	  3239 : 1
  3236	  3259 : 0
  3256	  3279 : 1
  3276	  3283 : 0
  3280	  3307 : 0
  3304	  3315 : 0
  3312	  3451 : 1
  3448	  3475 : 0
  3472	  3479 : 1
  3476	  3483 : 0
  3480	  3499 : 0
  3496	  3579 : 0
  3576	  3587 : 1
  3584	  3651 : 0
  3648	  3655 : 1
  3652	  3671 : 0
  3668	  3679 : 0
  3676	  3755 : 0
  3752	  3763 : 1
  3760	  3791 : 0
  3788	  3795 : 0
  3792	  3799 : 0
  3796	  3803 : 0
  3800	  3811 : 0
  3808	  3827 : 0
  3824	  3899 : 0
  3896	  3903 : 1
  3900	  3947 : 0
  3944	  3963 : 0
  3960	  4083 : 0
  4080	  4103 : 1
  4100	  4203 : 0
  4200	  4211 : 1
  4208	  4251 : 0
  4248	  4267 : 0
  4264	  4271 : 0
  4268	  4287 : 0
  4284	  4303 : 0
  4300	  4311 : 1
  4308	  4335 : 0
  4332	  4371 : 0
  4368	  4391 : 0
  4388	  4403 : 1
  4400	  4411 : 0
  4408	  4451 : 0
  4448	  4463 : 0
  4460	  4467 : 0
  4464	  4471 : 0
  4468	  4511 : 1
  4508	  4515 : 0
  4512	  4519 : 1
  4516	  4531 : 0
  4528	  4555 : 1
  4552	  4563 : 0
  4560	  4611 : 0
  4608	  4615 : 0
  4612	  4623 : 0
  4620	  4639 : 0
  4636	  4655 : 0
  4652	  4659 : 0
  4656	  4667 : 0
  4664	  4671 : 0
  4668	  4715 : 0
  4712	  4719 : 0
  4716	  4727 : 1
  4724	  4731 : 0
  4728	  4735 : 0
  4732	  4743 : 0
  4740	  4759 : 0
  4756	  4763 : 0
  4760	  4771 : 0
  4768	  4783 : 0
  4780	  4803 : 0
  4800	  4807 : 0
  4804	  4815 : 0
  4812	  4819 : 0
  4816	  4835 : 0
  4832	  4839 : 0
  4836	  4871 : 0
  4868	  4879 : 0
  4876	  4891 : 1
  4888	  4899 : 0
  4896	  4967 : 0
  4964	  4975 : 0
  4972	  4979 : 0
  4976	  4991 : 0
  4988	  5003 : 0
  5000	  5015 : 0
  5012	  5035 : 0
  5032	  5039 : 0
  5036	  5051 : 0
  5048	  5083 : 0
  5080	  5103 : 0
  5100	  5111 : 0
  5108	  5119 : 0
  5116	  5123 : 0
  5120	  5127 : 0
  5124	  5131 : 0
  5128	  5143 : 1
  5140	  5147 : 0
  5144	  5187 : 0
  5184	  5223 : 0
  5220	  5259 : 1
  5256	  5263 : 0
  5260	  5279 : 0
  5276	  5283 : 0
  5280	  5299 : 1
  5296	  5307 : 0
  5304	  5311 : 0
  5308	  5315 : 0
  5312	  5335 : 0
  5332	  5347 : 0
  5344	  5371 : 0
  5368	  5375 : 0
  5372	  5391 : 0
  5388	  5395 : 0
  5392	  5451 : 0
  5448	  5459 : 0
  5456	  5475 : 1
  5472	  5479 : 0
  5476	  6043 : 1
  6040	  6079 : 0
  6076	  6111 : 0
  6108	  6131 : 0
  6128	  6139 : 1
  6136	  6147 : 0
  6144	  6183 : 0
  6180	  6203 : 0
  6200	  6291 : 1
