     0	    43 : 0
    40	   167 : 0
   164	   171 : 1
   168	   251 : 0
   248	   259 : 1
   256	   295 : 0
   292	   303 : 0
   300	   307 : 0
   304	   315 : 0
   312	   371 : 0
   368	   375 : 1
   372	   447 : 0
   444	   455 : 1
   452	   471 : 0
   468	   499 : 1
   496	   503 : 2
   500	   507 : 1
   504	   519 : 0
   516	   539 : 0
   536	   543 : 0
   540	   587 : 0
   584	   595 : 0
   592	   603 : 0
   600	   623 : 0
   620	   627 : 1
   624	   659 : 0
   656	   667 : 1
   664	   671 : 0
   668	   687 : 0
   684	   691 : 0
   688	   699 : 0
   696	   703 : 0
   700	   711 : 0
   708	   755 : 0
   752	   763 : 0
   760	   767 : 0
   764	   791 : 0
   788	   795 : 0
   792	   803 : 1
   800	   807 : 0
   804	   811 : 0
   808	   819 : 0
   816	   823 : 0
   820	   835 : 0
   832	   859 : 1
   856	   867 : 0
   864	   875 : 0
   872	   879 : 0
   876	   899 : 1
   896	   911 : 0
   908	   931 : 0
   928	   967 : 0
   964	   971 : 1
   968	  1007 : 0
  1004	  1015 : 1
  1012	  1051 : 0
  1048	  1063 : 1
  1060	  1079 : 0
  1076	  1087 : 0
  1084	  1095 : 0
  1092	  1119 : 0
  1116	  1127 : 0
  1124	  1155 : 0
  1152	  1183 : 0
  1180	  1243 : 1
  1240	  1251 : 0
  1248	  1263 : 0
  1260	  1271 : 0
  1268	  1283 : 0
  1280	  1307 : 0
  1304	  1323 : 0
  1320	  1351 : 0
  1348	  1407 : 0
  1404	  1455 : 0
  1452	  1459 : 0
  1456	  1463 : 0
  1460	  1479 : 1
  1476	  1523 : 0
  1520	  1527 : 1
  1524	  1575 : 0
  1572	  1579 : 1
  1576	  1595 : 0
  1592	  1599 : 0
  1596	  1603 : 0
  1600	  1607 : 0
  1604	  1643 : 0
  1640	  1651 : 0
  1648	  1775 : 0
  1772	  1799 : 0
  1796	  1843 : 0
  1840	  1931 : 0
  1928	  1999 : 0
  1996	  2047 : 0
  2044	  2059 : 0
  2056	  2447 : 0
  2444	  2823 : 0
  2820	  3047 : 1
  3044	  3075 : 0
  3072	  3079 : 0
  3076	  3195 : 0
  3192	  3199 : 0
  3196	  3203 : 0
  3200	  3299 : 0
  3296	  3319 : 0
  3316	  3327 : 1
  3324	  3351 : 0
  3348	  3355 : 1
  3352	  3359 : 0
  3356	  3375 : 0
  3372	  3395 : 0
  3392	  3403 : 1
  3400	  3451 : 0
  3448	  3495 : 1
  3492	  3543 : 0
  3540	  3551 : 1
  3548	  3591 : 0
  3588	  3599 : 1
  3596	  3639 : 0
  3636	  3667 : 1
  3664	  3671 : 0
  3668	  3675 : 1
  3672	  3679 : 0
  3676	  3707 : 0
  3704	  3795 : 0
  3792	  3803 : 1
  3800	  3835 : 0
  3832	  3843 : 1
  3840	  3903 : 0
  3900	  3967 : 1
  3964	  4027 : 0
  4024	  4039 : 1
  4036	  4075 : 0
  4072	  4091 : 0
  4088	  4095 : 0
  4092	  4099 : 0
  4096	  4219 : 0
  4216	  4615 : 1
  4612	  5183 : 0
  5180	  6047 : 1
