     0	    11 : 0
     8	    51 : 0
    48	    55 : 0
    52	    63 : 0
    60	    71 : 0
    68	   111 : 0
   108	   119 : 0
   116	   123 : 0
   120	   127 : 0
   124	   243 : 0
   240	   247 : 0
   244	   255 : 0
   252	   271 : 0
   268	   687 : 0
   684	   715 : 0
   712	   823 : 0
   820	   827 : 0
   824	  1831 : 0
  1828	  1839 : 0
  1836	  1851 : 0
  1848	  1859 : 0
  1856	  1883 : 0
  1880	  1931 : 0
  1928	  1939 : 0
  1936	  1955 : 0
  1952	  1975 : 0
  1972	  2015 : 0
  2012	  2023 : 0
  2020	  2027 : 0
  2024	  2079 : 0
  2076	  2099 : 0
  2096	  2187 : 0
  2184	  2199 : 0
  2196	  2243 : 0
  2240	  2267 : 0
  2264	  2271 : 0
  2268	  2287 : 0
  2284	  3211 : 0
  3208	  3219 : 0
  3216	  3223 : 0
  3220	  3231 : 0
  3228	  3251 : 0
  3248	  3255 : 0
  3252	  3259 : 0
  3256	  3279 : 0
  3276	  3343 : 0
  3340	  3347 : 0
  3344	  3351 : 0
  3348	  3355 : 0
  3352	  3359 : 0
  3356	  3367 : 0
  3364	  3375 : 0
  3372	  3391 : 0
  3388	  3395 : 0
  3392	  3399 : 0
  3396	  3431 : 0
  3428	  3535 : 0
  3532	  3575 : 0
  3572	  3587 : 0
  3584	  3667 : 0
  3664	  3707 : 0
  3704	  3727 : 0
  3724	  3843 : 0
  3840	  3851 : 0
  3848	  4023 : 0
  4020	  4031 : 0
  4028	  4095 : 0
  4092	  4103 : 0
  4100	  4147 : 0
  4144	  4151 : 0
  4148	  4155 : 0
  4152	  4259 : 0
  4256	  4295 : 0
  4292	  4299 : 0
  4296	  4755 : 0
  4752	  4759 : 0
  4756	  4771 : 0
  4768	  6163 : 0
  6160	  6179 : 0
  6176	  6187 : 0
  6184	  6203 : 0
  6200	  6219 : 0
  6216	  6223 : 0
  6220	  6699 : 0
  6696	  6727 : 0
  6724	  6743 : 0
  6740	  6811 : 0
  6808	  7071 : 0
  7068	  7107 : 0
  7104	  7119 : 0
  7116	  7155 : 0
  7152	  7179 : 0
  7176	  7203 : 0
  7200	  7219 : 0
