     0	   147 : 0
   144	   155 : 0
   152	   215 : 0
   212	   219 : 0
   216	   243 : 0
   240	   247 : 0
   244	   255 : 1
   252	   259 : 0
   256	   263 : 0
   260	   291 : 0
   288	   299 : 1
   296	   303 : 0
   300	   331 : 0
   328	   339 : 0
   336	   347 : 1
   344	   383 : 0
   380	   391 : 1
   388	   403 : 0
   400	   419 : 0
   416	   435 : 0
   432	   455 : 0
   452	   459 : 0
   456	   467 : 0
   464	   483 : 0
   480	   491 : 0
   488	   495 : 0
   492	   499 : 0
   496	   507 : 0
   504	   515 : 1
   512	   531 : 0
   528	   539 : 1
   536	   587 : 0
   584	   611 : 1
   608	   659 : 0
   656	   671 : 0
   668	   683 : 0
   680	   691 : 0
   688	   699 : 0
   696	   743 : 0
   740	   747 : 0
   744	   751 : 0
   748	   755 : 0
   752	   863 : 0
   860	   879 : 0
   876	   883 : 0
   880	   895 : 0
   892	   907 : 1
   904	   927 : 0
   924	   955 : 0
   952	   983 : 0
   980	  1007 : 0
  1004	  1015 : 0
  1012	  1019 : 0
  1016	  1059 : 0
  1056	  1091 : 0
  1088	  1111 : 0
  1108	  1119 : 0
  1116	  1163 : 0
  1160	  1167 : 0
  1164	  1175 : 0
  1172	  1179 : 0
  1176	  1207 : 0
  1204	  1211 : 1
  1208	  1215 : 0
  1212	  1231 : 0
  1228	  1247 : 0
  1244	  1271 : 0
  1268	  1275 : 0
  1272	  1283 : 0
  1280	  1287 : 0
  1284	  1291 : 0
  1288	  1299 : 0
  1296	  1307 : 0
  1304	  1323 : 0
  1320	  1371 : 0
  1368	  1375 : 0
  1372	  1491 : 0
  1488	  1495 : 0
  1492	  1499 : 0
  1496	  1503 : 0
  1500	  1539 : 0
  1536	  1559 : 0
  1556	  1567 : 0
  1564	  1571 : 0
  1568	  1579 : 0
  1576	  1583 : 0
  1580	  1607 : 0
  1604	  1627 : 0
  1624	  1631 : 0
  1628	  1635 : 0
  1632	  1639 : 0
  1636	  1647 : 0
  1644	  1651 : 0
  1648	  1687 : 0
  1684	  1703 : 0
  1700	  1707 : 0
  1704	  1711 : 0
  1708	  1715 : 0
  1712	  1787 : 0
  1784	  1791 : 0
  1788	  1811 : 0
  1808	  1847 : 0
  1844	  1911 : 0
  1908	  1923 : 0
  1920	  1927 : 0
  1924	  1935 : 0
  1932	  1955 : 0
  1952	  1963 : 0
  1960	  1975 : 0
  1972	  1987 : 0
  1984	  1995 : 0
  1992	  1999 : 0
  1996	  2003 : 0
  2000	  2015 : 0
  2012	  2023 : 0
  2020	  2031 : 0
  2028	  2055 : 0
  2052	  2059 : 0
  2056	  2063 : 0
  2060	  2071 : 0
  2068	  2095 : 0
  2092	  2103 : 0
  2100	  2147 : 0
  2144	  2159 : 0
  2156	  2163 : 0
  2160	  2167 : 0
  2164	  2179 : 0
  2176	  2227 : 0
  2224	  2243 : 1
  2240	  2259 : 0
  2256	  2263 : 0
  2260	  2267 : 0
  2264	  2355 : 0
  2352	  2423 : 0
  2420	  2443 : 0
  2440	  2447 : 0
  2444	  2499 : 0
  2496	  2503 : 0
  2500	  2519 : 0
  2516	  2535 : 0
  2532	  2551 : 0
  2548	  2563 : 0
  2560	  2583 : 0
  2580	  2591 : 0
  2588	  2603 : 0
  2600	  2607 : 0
  2604	  2619 : 0
  2616	  2631 : 0
  2628	  2671 : 0
  2668	  2675 : 0
  2672	  2695 : 0
  2692	  2719 : 0
  2716	  2743 : 0
  2740	  2747 : 0
  2744	  2787 : 0
  2784	  2831 : 0
  2828	  2839 : 1
  2836	  2875 : 0
  2872	  2887 : 0
  2884	  2971 : 0
  2968	  2979 : 0
  2976	  3015 : 0
  3012	  3027 : 1
  3024	  3227 : 0
  3224	  3243 : 0
  3240	  3247 : 0
  3244	  3255 : 0
  3252	  3287 : 0
  3284	  3323 : 0
  3320	  3347 : 0
  3344	  3387 : 1
  3384	  3391 : 0
  3388	  3423 : 0
  3420	  3435 : 0
  3432	  3515 : 1
  3512	  3519 : 0
  3516	  3531 : 0
  3528	  3543 : 0
  3540	  3559 : 0
  3556	  3563 : 0
  3560	  3599 : 0
  3596	  3607 : 0
  3604	  3615 : 0
  3612	  3651 : 0
  3648	  3739 : 0
  3736	  3755 : 0
  3752	  3795 : 0
  3792	  3803 : 0
  3800	  3815 : 0
  3812	  3859 : 0
  3856	  3867 : 1
  3864	  3927 : 0
  3924	  3931 : 0
  3928	  3947 : 0
  3944	  3955 : 0
  3952	  3959 : 0
  3956	  3963 : 0
  3960	  3975 : 0
  3972	  3987 : 1
  3984	  4015 : 0
  4012	  4023 : 1
  4020	  4031 : 0
  4028	  4035 : 0
  4032	  4043 : 0
  4040	  4083 : 0
  4080	  4091 : 0
  4088	  4095 : 1
  4092	  4099 : 0
  4096	  4107 : 0
  4104	  4119 : 0
  4116	  4127 : 0
  4124	  4131 : 0
  4128	  4179 : 1
  4176	  4187 : 0
  4184	  4191 : 0
  4188	  4203 : 0
  4200	  4215 : 0
  4212	  4223 : 0
  4220	  4231 : 1
  4228	  4239 : 0
  4236	  4291 : 0
  4288	  4295 : 0
  4292	  4307 : 0
  4304	  4315 : 0
  4312	  4371 : 0
  4368	  4435 : 0
  4432	  4439 : 0
  4436	  4443 : 0
  4440	  4503 : 0
  4500	  4507 : 0
  4504	  4519 : 0
  4516	  4527 : 0
  4524	  4535 : 0
  4532	  4555 : 0
  4552	  4559 : 0
  4556	  4575 : 0
  4572	  4579 : 1
  4576	  4583 : 0
  4580	  4591 : 1
  4588	  4607 : 0
  4604	  4655 : 0
  4652	  4667 : 0
  4664	  4699 : 0
  4696	  4727 : 0
  4724	  4731 : 0
  4728	  4735 : 0
  4732	  4811 : 0
  4808	  4815 : 0
  4812	  4855 : 0
  4852	  4903 : 0
  4900	  4919 : 0
  4916	  4927 : 0
  4924	  4935 : 0
  4932	  4951 : 0
  4948	  4971 : 0
  4968	  4991 : 0
  4988	  4995 : 0
  4992	  5035 : 0
  5032	  5055 : 0
  5052	  5063 : 0
  5060	  5067 : 0
  5064	  5071 : 0
  5068	  5083 : 0
  5080	  5091 : 0
  5088	  5095 : 0
  5092	  5111 : 0
  5108	  5115 : 0
  5112	  5127 : 0
  5124	  5131 : 0
  5128	  5135 : 0
  5132	  5155 : 0
  5152	  5163 : 0
  5160	  5179 : 0
  5176	  5219 : 0
  5216	  5339 : 0
  5336	  5351 : 0
  5348	  5359 : 0
  5356	  5363 : 0
  5360	  5375 : 1
  5372	  5383 : 0
  5380	  5387 : 0
  5384	  5403 : 0
  5400	  5407 : 0
  5404	  5411 : 0
  5408	  5435 : 0
  5432	  5443 : 0
  5440	  5459 : 0
  5456	  5471 : 0
  5468	  5523 : 0
  5520	  5535 : 0
  5532	  5599 : 0
  5596	  5603 : 0
  5600	  5659 : 0
  5656	  5667 : 0
  5664	  5683 : 0
  5680	  5687 : 0
  5684	  5755 : 0
  5752	  5799 : 0
  5796	  5843 : 1
  5840	  5851 : 0
  5848	  5871 : 0
  5868	  5907 : 0
  5904	  5947 : 0
  5944	  5951 : 0
  5948	  5995 : 0
  5992	  6043 : 0
  6040	  6103 : 0
  6100	  6119 : 0
  6116	  6183 : 0
  6180	  6191 : 0
  6188	  6199 : 0
  6196	  6207 : 0
  6204	  6211 : 0
  6208	  6235 : 0
  6232	  6267 : 0
  6264	  6271 : 0
  6268	  6275 : 0
  6272	  6279 : 0
  6276	  6283 : 0
  6280	  6287 : 0
  6284	  6307 : 0
  6304	  6327 : 0
  6324	  6359 : 1
  6356	  6367 : 0
  6364	  6375 : 0
  6372	  6387 : 0
  6384	  6391 : 0
  6388	  6415 : 0
  6412	  6443 : 1
  6440	  6467 : 0
  6464	  6471 : 0
  6468	  6479 : 0
  6476	  6523 : 0
  6520	  6543 : 0
  6540	  6583 : 0
  6580	  6595 : 0
  6592	  6599 : 0
  6596	  6603 : 0
  6600	  6607 : 0
  6604	  6611 : 0
  6608	  6627 : 1
  6624	  6631 : 0
  6628	  6683 : 0
  6680	  6687 : 0
  6684	  6711 : 0
  6708	  6743 : 0
  6740	  6751 : 0
  6748	  6755 : 0
  6752	  6775 : 0
  6772	  6779 : 0
  6776	  6795 : 0
  6792	  6803 : 0
  6800	  6835 : 0
  6832	  6847 : 0
  6844	  6867 : 0
  6864	  6895 : 0
  6892	  6935 : 0
  6932	  6939 : 0
  6936	  6951 : 0
  6948	  6955 : 0
  6952	  7055 : 0
  7052	  7063 : 0
  7060	  7107 : 0
  7104	  7111 : 0
  7108	  7123 : 0
  7120	  7127 : 0
  7124	  7171 : 0
  7168	  7191 : 0
  7188	  7219 : 0
  7216	  7231 : 0
  7228	  7239 : 0
  7236	  7247 : 0
  7244	  7319 : 0
  7316	  7323 : 0
  7320	  7371 : 0
  7368	  7427 : 0
  7424	  7435 : 0
  7432	  7447 : 0
  7444	  7463 : 0
  7460	  7519 : 0
  7516	  7527 : 0
  7524	  7563 : 0
  7560	  7567 : 0
  7564	  7687 : 0
  7684	  7691 : 0
  7688	  7707 : 0
  7704	  7735 : 0
  7732	  7799 : 0
  7796	  7863 : 0
