     0	    15 : 1
    12	    27 : 0
    24	    31 : 0
    28	    43 : 0
    40	    51 : 0
    48	    63 : 0
    60	    71 : 0
    68	    79 : 0
    76	    91 : 0
    88	    99 : 0
    96	   103 : 0
   100	   115 : 0
   112	   119 : 0
   116	   123 : 0
   120	   127 : 0
   124	   139 : 0
   136	   155 : 1
   152	   271 : 0
   268	   335 : 0
   332	   399 : 0
   396	   403 : 0
   400	   459 : 0
   456	   463 : 0
   460	   503 : 0
   500	   507 : 0
   504	   515 : 0
   512	   527 : 0
   524	   603 : 0
   600	   635 : 0
   632	   687 : 0
   684	   715 : 0
   712	   743 : 0
   740	   751 : 0
   748	   783 : 0
   780	   787 : 0
   784	   795 : 0
   792	   803 : 0
   800	   823 : 0
   820	   839 : 0
   836	   859 : 0
   856	   887 : 1
   884	   911 : 0
   908	   919 : 0
   916	   951 : 0
   948	   959 : 0
   956	   971 : 0
   968	   983 : 0
   980	   991 : 0
   988	   995 : 0
   992	   999 : 0
   996	  1003 : 0
  1000	  1023 : 0
  1020	  1027 : 0
  1024	  1043 : 0
  1040	  1067 : 0
  1064	  1091 : 0
  1088	  1095 : 0
  1092	  1103 : 0
  1100	  1115 : 0
  1112	  1123 : 0
  1120	  1127 : 1
  1124	  1131 : 0
  1128	  1139 : 0
  1136	  1155 : 0
  1152	  1163 : 0
  1160	  1199 : 0
  1196	  1203 : 0
  1200	  1247 : 0
  1244	  1255 : 0
  1252	  1283 : 0
  1280	  1295 : 0
  1292	  1307 : 0
  1304	  1315 : 0
  1312	  1327 : 0
  1324	  1331 : 0
  1328	  1335 : 0
  1332	  1343 : 0
  1340	  1367 : 0
  1364	  1371 : 1
  1368	  1375 : 0
  1372	  1415 : 1
  1412	  1467 : 0
  1464	  1635 : 0
  1632	  1691 : 0
  1688	  1695 : 1
  1692	  1719 : 0
  1716	  1723 : 0
  1720	  1747 : 0
  1744	  1763 : 0
  1760	  1771 : 0
  1768	  1775 : 0
  1772	  1783 : 0
  1780	  1811 : 0
  1808	  1831 : 0
  1828	  1835 : 0
  1832	  1847 : 0
  1844	  1851 : 0
  1848	  1863 : 0
  1860	  1883 : 0
  1880	  1887 : 0
  1884	  1935 : 0
  1932	  2015 : 0
  2012	  2019 : 0
  2016	  2031 : 0
  2028	  2043 : 0
  2040	  2047 : 0
  2044	  2067 : 0
  2064	  2075 : 0
  2072	  2111 : 0
  2108	  2123 : 0
  2120	  2131 : 0
  2128	  2135 : 0
  2132	  2143 : 1
  2140	  2175 : 0
  2172	  2179 : 0
  2176	  2195 : 0
  2192	  2211 : 0
  2208	  2219 : 0
  2216	  2235 : 0
  2232	  2247 : 0
  2244	  2275 : 0
  2272	  2295 : 0
  2292	  2307 : 0
  2304	  2315 : 0
  2312	  2323 : 0
  2320	  2335 : 0
  2332	  2371 : 1
  2368	  2463 : 0
  2460	  2511 : 1
  2508	  2539 : 0
  2536	  2563 : 0
  2560	  2583 : 0
  2580	  2587 : 0
  2584	  2591 : 0
  2588	  2595 : 0
  2592	  2619 : 0
  2616	  2643 : 0
  2640	  2651 : 0
  2648	  2655 : 0
  2652	  2659 : 0
  2656	  2695 : 0
  2692	  2771 : 0
  2768	  2791 : 0
  2788	  2799 : 0
  2796	  2871 : 0
  2868	  2971 : 0
  2968	  2983 : 1
  2980	  2991 : 0
  2988	  3003 : 0
  3000	  3023 : 0
  3020	  3071 : 0
  3068	  3103 : 0
  3100	  3123 : 0
  3120	  3127 : 0
  3124	  3211 : 0
  3208	  3215 : 0
  3212	  3235 : 0
  3232	  3287 : 0
  3284	  3331 : 0
  3328	  3335 : 0
  3332	  3363 : 0
  3360	  3419 : 0
  3416	  3515 : 0
  3512	  3947 : 0
  3944	  3955 : 0
  3952	  3963 : 0
  3960	  4047 : 0
  4044	  4287 : 0
  4284	  4475 : 0
  4472	  4487 : 0
  4484	  4515 : 0
  4512	  4535 : 0
  4532	  4607 : 0
  4604	  4615 : 0
  4612	  4639 : 0
  4636	  4663 : 0
  4660	  4679 : 1
  4676	  4683 : 0
  4680	  4687 : 0
  4684	  4731 : 0
  4728	  4747 : 0
  4744	  4759 : 0
  4756	  4763 : 0
  4760	  4891 : 0
  4888	  4895 : 0
  4892	  4899 : 0
  4896	  4907 : 1
  4904	  5083 : 0
  5080	  5095 : 1
  5092	  5099 : 0
  5096	  5103 : 0
  5100	  5111 : 0
  5108	  5115 : 0
  5112	  5119 : 0
  5116	  5131 : 0
  5128	  5159 : 0
  5156	  5163 : 0
  5160	  5327 : 0
  5324	  5387 : 0
  5384	  5655 : 0
  5652	  5675 : 0
  5672	  5751 : 0
  5748	  5847 : 1
  5844	  5851 : 0
  5848	  5871 : 0
  5868	  5919 : 0
  5916	  5923 : 0
  5920	  5939 : 0
  5936	  5943 : 0
  5940	  5951 : 0
  5948	  5955 : 0
  5952	  6079 : 0
  6076	  6083 : 0
  6080	  6095 : 0
  6092	  6107 : 0
  6104	  6123 : 0
  6120	  6131 : 0
  6128	  6135 : 0
  6132	  6151 : 0
  6148	  6163 : 0
  6160	  6199 : 0
  6196	  6279 : 0
  6276	  6283 : 0
  6280	  6303 : 0
  6300	  6351 : 0
  6348	  6407 : 0
  6404	  6411 : 0
  6408	  6479 : 0
  6476	  6543 : 0
  6540	  6547 : 0
  6544	  6563 : 0
  6560	  6579 : 0
  6576	  6583 : 0
  6580	  6611 : 0
  6608	  6615 : 0
  6612	  6663 : 0
  6660	  6671 : 0
  6668	  6679 : 0
  6676	  6691 : 0
  6688	  6715 : 0
  6712	  6727 : 0
  6724	  6743 : 0
  6740	  6815 : 0
  6812	  6819 : 0
  6816	  6831 : 0
  6828	  6835 : 0
  6832	  6855 : 0
  6852	  6867 : 0
  6864	  6879 : 1
  6876	  6963 : 0
  6960	  6995 : 1
  6992	  6999 : 0
  6996	  7003 : 0
  7000	  7119 : 0
  7116	  7123 : 0
  7120	  7259 : 0
  7256	  7283 : 0
  7280	  7295 : 0
  7292	  7299 : 0
  7296	  7303 : 0
  7300	  7319 : 0
  7316	  7323 : 0
  7320	  7327 : 0
  7324	  7335 : 0
  7332	  7339 : 0
  7336	  7379 : 0
  7376	  7387 : 0
  7384	  7391 : 0
  7388	  7403 : 0
  7400	  7503 : 0
  7500	  7523 : 1
  7520	  7587 : 0
  7584	  7647 : 0
  7644	  7727 : 0
  7724	  7759 : 1
  7756	  7767 : 0
  7764	  7799 : 0
  7796	  7843 : 0
  7840	  7851 : 0
  7848	  7855 : 0
  7852	  7863 : 0
  7860	  7951 : 0
  7948	  7975 : 0
  7972	  7979 : 0
  7976	  7987 : 0
  7984	  7991 : 0
  7988	  7995 : 0
  7992	  8171 : 0
  8168	  8179 : 0
  8176	  8195 : 0
  8192	  8203 : 0
  8200	  8287 : 0
  8284	  8291 : 0
  8288	  8295 : 0
  8292	  8335 : 0
  8332	  8387 : 0
  8384	  8391 : 0
  8388	  8427 : 0
  8424	  8515 : 0
  8512	  8543 : 0
  8540	  8547 : 1
  8544	  8887 : 0
  8884	  8951 : 1
