     0	    55 : 0
    52	    71 : 1
    68	   115 : 0
   112	   131 : 1
   128	   175 : 0
   172	   207 : 1
   204	   215 : 0
   212	   231 : 0
   228	   239 : 0
   236	   623 : 0
   620	   627 : 0
   624	   787 : 1
   784	   919 : 0
   916	  1523 : 1
  1520	  1539 : 0
  1536	  1615 : 0
  1612	  1627 : 0
  1624	  1779 : 0
  1776	  1827 : 0
  1824	  1907 : 1
  1904	  1947 : 0
  1944	  2259 : 1
  2256	  2307 : 0
  2304	  2539 : 1
  2536	  2543 : 0
  2540	  2547 : 1
  2544	  2595 : 0
  2592	  2675 : 1
  2672	  2719 : 0
  2716	  2855 : 1
  2852	  2859 : 0
  2856	  2867 : 0
  2864	  2875 : 0
  2872	  2931 : 0
  2928	  2955 : 0
  2952	  3055 : 0
  3052	  3075 : 0
  3072	  3083 : 0
  3080	  3091 : 0
  3088	  3123 : 0
  3120	  3127 : 0
  3124	  3215 : 0
  3212	  3263 : 0
  3260	  3319 : 1
  3316	  3323 : 0
  3320	  3339 : 1
  3336	  3383 : 0
  3380	  3395 : 1
  3392	  3399 : 0
  3396	  3459 : 0
  3456	  3503 : 0
  3500	  3575 : 1
  3572	  3623 : 0
  3620	  3635 : 1
  3632	  3683 : 0
  3680	  3695 : 1
  3692	  3747 : 0
  3744	  3819 : 1
  3816	  3863 : 0
  3860	  3879 : 1
  3876	  3923 : 0
  3920	  3939 : 1
  3936	  3979 : 0
  3976	  3999 : 1
  3996	  4043 : 0
  4040	  4063 : 1
  4060	  4099 : 0
  4096	  4119 : 1
  4116	  4163 : 0
  4160	  4251 : 1
  4248	  4255 : 0
  4252	  4395 : 0
  4392	  4435 : 0
  4432	  4455 : 1
  4452	  4663 : 0
  4660	  4679 : 1
  4676	  4727 : 0
  4724	  4739 : 1
  4736	  4743 : 0
  4740	  4747 : 0
  4744	  4755 : 0
  4752	  4763 : 0
  4760	  4767 : 0
  4764	  4771 : 0
  4768	  4823 : 0
  4820	  4827 : 0
  4824	  4831 : 0
  4828	  4847 : 0
  4844	  4855 : 0
  4852	  4859 : 1
  4856	  4911 : 0
  4908	  4991 : 1
  4988	  5031 : 0
  5028	  5047 : 1
  5044	  5091 : 0
  5088	  5107 : 1
  5104	  5151 : 0
  5148	  5171 : 1
  5168	  5211 : 0
  5208	  5227 : 1
  5224	  5271 : 0
  5268	  5287 : 1
  5284	  5291 : 0
  5288	  5347 : 0
  5344	  5351 : 0
  5348	  5407 : 0
  5404	  5451 : 0
  5448	  5467 : 1
  5464	  5471 : 0
  5468	  5527 : 0
  5524	  5575 : 0
  5572	  5583 : 1
  5580	  5631 : 0
  5628	  5651 : 1
  5648	  5779 : 0
  5776	  5795 : 1
  5792	  5839 : 0
  5836	  6091 : 1
  6088	  6139 : 0
  6136	  6155 : 1
  6152	  6199 : 0
  6196	  6219 : 1
  6216	  6259 : 0
  6256	  6263 : 1
  6260	  6291 : 0
  6288	  6423 : 1
  6420	  6467 : 0
  6464	  6483 : 1
  6480	  6487 : 0
  6484	  6543 : 0
  6540	  6611 : 0
  6608	  6615 : 0
  6612	  6703 : 0
  6700	  6931 : 1
  6928	  6983 : 0
  6980	  6999 : 1
  6996	  7003 : 0
  7000	  7059 : 0
  7056	  7103 : 0
  7100	  7159 : 1
  7156	  7163 : 0
  7160	  7259 : 1
  7256	  7311 : 0
  7308	  7319 : 1
  7316	  7367 : 0
  7364	  7387 : 1
  7384	  7423 : 0
  7420	  7443 : 0
  7440	  7487 : 0
  7484	  7499 : 1
  7496	  7547 : 0
  7544	  7563 : 1
  7560	  7607 : 0
  7604	  7623 : 1
  7620	  7667 : 0
  7664	  7743 : 1
  7740	  7811 : 0
  7808	  7827 : 1
  7824	  7895 : 0
  7892	  8075 : 1
  8072	  8147 : 0
  8144	  8163 : 1
  8160	  8231 : 0
  8228	  8243 : 1
  8240	  8251 : 0
  8248	  8311 : 0
  8308	  8315 : 0
  8312	  8331 : 1
  8328	  8399 : 0
  8396	  8499 : 1
  8496	  8567 : 0
  8564	  8747 : 1
  8744	  8755 : 0
  8752	  8815 : 0
  8812	  8819 : 0
  8816	  8831 : 1
  8828	  8907 : 0
