     0	   535 : 0
   532	   663 : 0
   660	   675 : 1
   672	   699 : 0
   696	   727 : 0
   724	   743 : 0
   740	   747 : 0
   744	   763 : 0
   760	   803 : 0
   800	   863 : 0
   860	   867 : 1
   864	   871 : 0
   868	   907 : 0
   904	   911 : 0
   908	   967 : 0
   964	   999 : 0
   996	  1015 : 0
  1012	  1063 : 0
  1060	  1071 : 1
  1068	  1119 : 0
  1116	  1143 : 0
  1140	  1215 : 0
  1212	  1263 : 0
  1260	  1303 : 0
  1300	  1307 : 0
  1304	  1331 : 0
  1328	  1335 : 0
  1332	  1347 : 0
  1344	  1355 : 1
  1352	  1423 : 0
  1420	  1427 : 1
  1424	  1443 : 0
  1440	  1455 : 0
  1452	  1551 : 0
  1548	  1559 : 0
  1556	  1563 : 0
  1560	  1583 : 0
  1580	  1587 : 0
  1584	  1591 : 0
  1588	  1595 : 0
  1592	  1603 : 0
  1600	  1607 : 0
  1604	  1647 : 0
  1644	  1663 : 0
  1660	  1667 : 0
  1664	  1863 : 0
  1860	  1891 : 0
  1888	  1911 : 0
  1908	  1915 : 0
  1912	  1919 : 0
  1916	  1943 : 0
  1940	  1955 : 0
  1952	  1959 : 0
  1956	  1971 : 0
  1968	  1975 : 0
  1972	  1999 : 0
  1996	  2007 : 0
  2004	  2011 : 0
  2008	  2035 : 0
  2032	  2071 : 0
  2068	  2091 : 0
  2088	  2095 : 0
  2092	  2115 : 0
  2112	  2163 : 0
  2160	  2167 : 1
  2164	  2171 : 0
  2168	  2175 : 0
  2172	  2183 : 0
  2180	  2219 : 0
  2216	  2223 : 0
  2220	  2231 : 1
  2228	  2339 : 0
  2336	  2347 : 1
  2344	  2427 : 0
  2424	  2431 : 0
  2428	  2439 : 0
  2436	  2443 : 0
  2440	  2447 : 0
  2444	  2479 : 0
  2476	  2483 : 0
  2480	  2495 : 0
  2492	  2503 : 0
  2500	  2535 : 1
  2532	  2575 : 0
  2572	  2583 : 0
  2580	  2595 : 0
  2592	  2599 : 0
  2596	  2647 : 0
  2644	  2655 : 0
  2652	  2671 : 0
  2668	  2699 : 1
  2696	  2703 : 0
  2700	  2727 : 0
  2724	  2731 : 0
  2728	  2771 : 0
  2768	  2775 : 0
  2772	  2783 : 1
  2780	  2839 : 0
  2836	  2843 : 0
  2840	  2847 : 0
  2844	  2851 : 0
  2848	  2855 : 0
  2852	  2939 : 0
  2936	  2951 : 0
  2948	  2959 : 0
  2956	  3023 : 0
  3020	  3031 : 1
  3028	  3171 : 0
  3168	  3195 : 1
  3192	  3207 : 0
  3204	  3211 : 0
  3208	  3215 : 0
  3212	  3251 : 0
  3248	  3259 : 0
  3256	  3267 : 0
  3264	  3271 : 0
  3268	  3287 : 0
  3284	  3291 : 0
  3288	  3327 : 0
  3324	  3331 : 0
  3328	  3339 : 0
  3336	  3363 : 0
  3360	  3367 : 0
  3364	  3423 : 0
  3420	  3451 : 0
  3448	  3455 : 0
  3452	  3459 : 0
  3456	  3467 : 0
  3464	  3471 : 1
  3468	  3507 : 0
  3504	  3511 : 0
  3508	  3599 : 0
  3596	  3767 : 1
  3764	  3867 : 0
  3864	  3907 : 0
  3904	  4035 : 0
  4032	  4039 : 0
  4036	  4059 : 0
  4056	  4075 : 0
  4072	  4143 : 0
  4140	  4159 : 0
  4156	  4411 : 0
  4408	  4675 : 0
