     0	   175 : 0
   172	   203 : 0
   200	   275 : 0
   272	   279 : 0
   276	   291 : 0
   288	   367 : 0
   364	   499 : 0
   496	   563 : 0
   560	   567 : 1
   564	   579 : 0
   576	   583 : 0
   580	   591 : 0
   588	   595 : 0
   592	   619 : 0
   616	   635 : 0
   632	   643 : 0
   640	   651 : 0
   648	   655 : 0
   652	   659 : 0
   656	   663 : 0
   660	   703 : 0
   700	   763 : 0
   760	   767 : 0
   764	   775 : 0
   772	   779 : 0
   776	   871 : 0
   868	   883 : 0
   880	   887 : 0
   884	   895 : 0
   892	   915 : 0
   912	   919 : 0
   916	   923 : 0
   920	   927 : 1
   924	   995 : 0
   992	   999 : 0
   996	  1003 : 0
  1000	  1007 : 1
  1004	  1043 : 0
  1040	  1079 : 0
  1076	  1139 : 0
  1136	  1195 : 1
  1192	  1327 : 0
  1324	  1387 : 1
  1384	  1479 : 0
  1476	  1491 : 0
  1488	  1507 : 0
  1504	  1515 : 1
  1512	  1527 : 0
  1524	  1575 : 0
  1572	  1647 : 0
  1644	  1655 : 1
  1652	  1675 : 0
  1672	  1719 : 0
  1716	  1723 : 0
  1720	  1759 : 0
  1756	  1763 : 0
  1760	  1767 : 1
  1764	  1787 : 0
  1784	  1803 : 0
  1800	  1835 : 0
  1832	  1843 : 0
  1840	  1847 : 0
  1844	  1931 : 1
  1928	  1935 : 0
  1932	  1939 : 0
  1936	  1975 : 0
  1972	  1983 : 0
  1980	  1987 : 0
  1984	  1991 : 0
  1988	  2015 : 0
  2012	  2023 : 1
  2020	  2063 : 0
  2060	  2067 : 1
  2064	  2099 : 0
  2096	  2151 : 1
  2148	  2191 : 0
  2188	  2195 : 1
  2192	  2251 : 0
  2248	  2291 : 0
  2288	  2323 : 0
  2320	  2339 : 0
  2336	  2343 : 0
  2340	  2363 : 0
  2360	  2419 : 0
  2416	  2483 : 1
  2480	  2559 : 0
  2556	  2567 : 0
  2564	  2571 : 0
  2568	  2575 : 0
  2572	  2607 : 0
  2604	  2651 : 1
  2648	  2655 : 0
  2652	  2715 : 0
  2712	  2719 : 0
  2716	  2751 : 0
  2748	  2851 : 0
  2848	  2863 : 0
  2860	  2883 : 0
  2880	  2887 : 0
  2884	  2971 : 0
  2968	  2987 : 0
  2984	  2991 : 0
  2988	  3143 : 1
  3140	  3159 : 0
  3156	  3163 : 0
  3160	  3171 : 0
  3168	  3175 : 0
  3172	  3183 : 0
  3180	  3187 : 0
  3184	  3203 : 0
  3200	  3255 : 0
  3252	  3259 : 0
  3256	  3275 : 0
  3272	  3327 : 0
  3324	  3547 : 0
  3544	  3599 : 0
  3596	  3607 : 0
  3604	  3619 : 0
  3616	  3623 : 1
  3620	  3683 : 0
  3680	  3687 : 1
  3684	  3731 : 0
  3728	  3747 : 0
  3744	  3771 : 0
  3768	  3775 : 0
  3772	  3819 : 0
  3816	  3867 : 1
  3864	  3879 : 0
  3876	  3887 : 1
  3884	  3927 : 0
  3924	  3931 : 1
  3928	  4027 : 0
  4024	  4031 : 1
  4028	  4227 : 0
  4224	  4259 : 0
  4256	  4263 : 0
  4260	  4271 : 0
  4268	  4323 : 0
  4320	  4343 : 0
  4340	  4359 : 0
  4356	  4367 : 0
  4364	  4375 : 0
  4372	  4423 : 0
  4420	  4431 : 0
  4428	  4463 : 0
  4460	  4467 : 0
  4464	  4471 : 0
  4468	  4567 : 0
  4564	  4571 : 0
  4568	  4587 : 0
  4584	  4659 : 0
  4656	  4663 : 0
  4660	  4691 : 0
  4688	  4775 : 0
  4772	  4779 : 0
  4776	  4783 : 0
  4780	  4803 : 0
  4800	  4827 : 0
  4824	  4831 : 0
  4828	  4871 : 0
  4868	  4879 : 0
  4876	  4895 : 0
  4892	  4899 : 0
  4896	  4987 : 0
  4984	  4991 : 0
  4988	  5003 : 0
  5000	  5007 : 0
  5004	  5043 : 0
  5040	  5091 : 0
  5088	  5095 : 0
  5092	  5103 : 0
  5100	  5107 : 0
  5104	  5115 : 0
  5112	  5135 : 0
  5132	  5139 : 0
  5136	  5155 : 0
  5152	  5163 : 0
  5160	  5175 : 0
  5172	  5183 : 0
  5180	  5187 : 0
  5184	  5287 : 0
  5284	  5323 : 0
  5320	  5331 : 0
  5328	  5339 : 0
  5336	  5347 : 0
  5344	  5355 : 0
  5352	  5375 : 0
  5372	  5395 : 0
  5392	  5407 : 0
  5404	  5423 : 0
  5420	  5435 : 0
  5432	  5467 : 0
  5464	  5471 : 0
  5468	  5483 : 0
  5480	  5511 : 1
  5508	  5519 : 0
  5516	  5555 : 0
  5552	  5571 : 0
  5568	  5595 : 0
  5592	  5603 : 0
  5600	  5611 : 0
  5608	  5695 : 0
  5692	  5747 : 0
  5744	  5751 : 0
  5748	  5771 : 0
  5768	  5879 : 0
  5876	  5883 : 0
  5880	  5887 : 0
  5884	  5939 : 0
  5936	  5991 : 0
  5988	  6195 : 1
  6192	  6279 : 0
  6276	  6331 : 0
  6328	  6399 : 0
  6396	  6455 : 0
  6452	  6467 : 0
  6464	  6483 : 0
  6480	  6507 : 0
  6504	  6515 : 0
  6512	  6543 : 0
  6540	  6547 : 1
  6544	  6559 : 0
  6556	  6563 : 0
  6560	  6575 : 0
  6572	  6591 : 0
  6588	  6623 : 0
  6620	  6631 : 0
  6628	  6639 : 0
  6636	  6655 : 0
  6652	  6659 : 0
  6656	  6687 : 1
  6684	  6691 : 0
  6688	  6735 : 0
  6732	  6739 : 0
  6736	  6827 : 0
  6824	  6831 : 0
  6828	  6835 : 0
  6832	  6839 : 0
  6836	  6867 : 0
  6864	  6919 : 0
  6916	  6935 : 1
  6932	  6959 : 0
  6956	  7015 : 1
  7012	  7019 : 0
  7016	  7031 : 0
  7028	  7051 : 0
  7048	  7071 : 1
  7068	  7095 : 0
  7092	  7107 : 1
  7104	  7111 : 0
  7108	  7115 : 0
  7112	  7135 : 0
  7132	  7155 : 1
  7152	  7179 : 0
  7176	  7183 : 1
  7180	  7211 : 0
  7208	  7235 : 0
  7232	  7243 : 0
  7240	  7251 : 0
  7248	  7307 : 0
  7304	  7311 : 0
  7308	  7327 : 0
  7324	  7331 : 0
  7328	  7351 : 0
  7348	  7359 : 0
  7356	  7363 : 0
  7360	  7383 : 0
  7380	  7423 : 0
  7420	  7427 : 0
  7424	  7475 : 0
  7472	  7523 : 1
  7520	  7527 : 0
  7524	  7531 : 0
  7528	  7535 : 0
  7532	  7547 : 0
  7544	  7559 : 0
  7556	  7563 : 1
  7560	  7603 : 0
  7600	  7635 : 0
  7632	  7639 : 0
  7636	  7655 : 0
  7652	  7671 : 0
  7668	  7675 : 0
  7672	  7683 : 0
  7680	  7715 : 0
  7712	  7727 : 0
  7724	  7743 : 0
  7740	  7755 : 0
  7752	  7791 : 0
  7788	  7823 : 0
  7820	  7827 : 0
  7824	  7831 : 0
  7828	  7835 : 0
  7832	  7843 : 0
  7840	  7847 : 0
  7844	  7851 : 0
  7848	  7859 : 0
  7856	  7891 : 0
  7888	  7895 : 0
  7892	  7939 : 0
  7936	  7943 : 1
  7940	  7979 : 0
  7976	  7983 : 0
  7980	  8027 : 0
  8024	  8031 : 1
  8028	  8111 : 0
  8108	  8139 : 0
  8136	  8151 : 0
  8148	  8191 : 0
  8188	  8195 : 0
  8192	  8207 : 0
  8204	  8231 : 0
  8228	  8243 : 0
  8240	  8247 : 0
  8244	  8255 : 0
  8252	  8259 : 0
  8256	  8263 : 0
  8260	  8279 : 0
  8276	  8307 : 0
  8304	  8319 : 0
  8316	  8327 : 0
  8324	  8359 : 0
  8356	  8391 : 0
  8388	  8403 : 0
  8400	  8411 : 1
  8408	  8415 : 0
  8412	  8427 : 0
  8424	  8431 : 0
  8428	  8435 : 0
  8432	  8463 : 0
  8460	  8467 : 0
  8464	  8507 : 0
  8504	  8511 : 0
  8508	  8555 : 0
  8552	  8587 : 1
  8584	  8595 : 0
  8592	  8659 : 1
  8656	  8667 : 0
  8664	  8671 : 0
  8668	  8679 : 0
  8676	  8703 : 0
  8700	  8711 : 0
  8708	  8715 : 0
  8712	  8719 : 0
  8716	  8727 : 1
  8724	  8735 : 0
  8732	  8739 : 0
  8736	  8775 : 0
  8772	  8783 : 0
  8780	  8799 : 0
  8796	  8839 : 0
  8836	  8867 : 0
  8864	  8875 : 0
  8872	  8891 : 0
  8888	  8895 : 0
  8892	  8911 : 0
  8908	  8919 : 1
  8916	  8943 : 0
  8940	  8947 : 1
  8944	  8999 : 0
  8996	  9007 : 0
  9004	  9027 : 0
  9024	  9031 : 1
  9028	  9051 : 0
  9048	  9059 : 0
  9056	  9095 : 0
  9092	  9099 : 0
  9096	  9115 : 0
  9112	  9187 : 0
  9184	  9263 : 0
  9260	  9271 : 0
  9268	  9351 : 0
  9348	  9587 : 0
