     0	   119 : 0
   116	   131 : 0
   128	   135 : 0
   132	   139 : 0
   136	   163 : 0
   160	   167 : 0
   164	   187 : 1
   184	   195 : 0
   192	   199 : 1
   196	   263 : 0
   260	   271 : 0
   268	   279 : 0
   276	   299 : 0
   296	   335 : 0
   332	   387 : 0
   384	   399 : 0
   396	   407 : 0
   404	   411 : 0
   408	   435 : 0
   432	   443 : 0
   440	   495 : 1
   492	   499 : 0
   496	   559 : 0
   556	   563 : 0
   560	   587 : 0
   584	   591 : 0
   588	   603 : 0
   600	   627 : 0
   624	   639 : 0
   636	   647 : 0
   644	   651 : 0
   648	   655 : 0
   652	   659 : 0
   656	   707 : 0
   704	   775 : 0
   772	   815 : 0
   812	   939 : 0
   936	   947 : 0
   944	   987 : 0
   984	  1011 : 0
  1008	  1015 : 0
  1012	  1059 : 0
  1056	  1087 : 0
  1084	  1279 : 0
  1276	  1283 : 1
  1280	  1391 : 0
  1388	  1403 : 0
  1400	  1431 : 0
  1428	  1435 : 0
  1432	  1439 : 0
  1436	  1455 : 0
  1452	  1467 : 0
  1464	  1487 : 0
  1484	  1491 : 0
  1488	  1499 : 0
  1496	  1527 : 0
  1524	  1551 : 0
  1548	  1555 : 0
  1552	  1619 : 0
  1616	  1623 : 0
  1620	  1627 : 0
  1624	  2043 : 0
  2040	  2047 : 0
  2044	  2071 : 0
  2068	  2091 : 0
  2088	  2099 : 0
  2096	  2207 : 0
  2204	  2211 : 0
  2208	  2223 : 0
  2220	  2235 : 0
  2232	  2239 : 0
  2236	  2391 : 0
  2388	  2399 : 0
  2396	  2411 : 0
  2408	  2415 : 0
  2412	  2419 : 0
  2416	  2423 : 0
  2420	  2427 : 0
  2424	  2451 : 0
  2448	  2455 : 0
  2452	  2459 : 1
  2456	  2491 : 0
  2488	  2495 : 0
  2492	  2511 : 0
  2508	  2515 : 0
  2512	  2531 : 0
  2528	  2551 : 0
  2548	  2555 : 0
  2552	  2587 : 0
  2584	  2591 : 0
  2588	  2595 : 0
  2592	  2611 : 0
  2608	  2615 : 0
  2612	  2619 : 0
  2616	  2631 : 0
  2628	  2639 : 0
  2636	  2647 : 0
  2644	  2651 : 0
  2648	  2655 : 0
  2652	  2659 : 0
  2656	  2667 : 0
  2664	  2671 : 0
  2668	  2679 : 0
  2676	  2683 : 0
  2680	  2715 : 0
  2712	  2783 : 0
  2780	  2799 : 0
  2796	  2815 : 0
  2812	  2819 : 0
  2816	  2863 : 0
  2860	  2875 : 0
  2872	  2883 : 0
  2880	  2907 : 0
  2904	  3007 : 0
  3004	  3039 : 0
  3036	  3051 : 0
  3048	  3063 : 1
  3060	  3207 : 0
  3204	  3215 : 0
  3212	  3487 : 0
  3484	  3503 : 1
  3500	  3531 : 0
  3528	  3539 : 0
  3536	  3563 : 0
  3560	  3571 : 0
  3568	  3815 : 0
  3812	  3823 : 0
  3820	  3851 : 0
  3848	  3871 : 0
  3868	  3875 : 0
  3872	  3887 : 1
  3884	  3899 : 0
  3896	  3927 : 0
  3924	  3931 : 0
  3928	  3935 : 0
  3932	  3943 : 0
  3940	  3947 : 0
  3944	  3951 : 0
  3948	  3959 : 0
  3956	  3971 : 0
  3968	  3987 : 0
  3984	  4015 : 0
  4012	  4023 : 0
  4020	  4063 : 0
  4060	  4079 : 0
  4076	  4083 : 0
  4080	  4087 : 0
  4084	  4119 : 0
  4116	  4135 : 0
  4132	  4203 : 0
  4200	  4207 : 0
  4204	  4215 : 0
  4212	  4227 : 0
  4224	  4255 : 0
  4252	  4263 : 0
  4260	  4275 : 0
  4272	  4279 : 0
  4276	  4287 : 0
  4284	  4295 : 0
  4292	  4299 : 0
  4296	  4307 : 0
  4304	  4311 : 0
  4308	  4319 : 1
  4316	  4335 : 0
  4332	  4351 : 0
  4348	  4355 : 0
  4352	  4367 : 0
  4364	  4375 : 0
  4372	  4379 : 0
  4376	  4387 : 0
  4384	  4395 : 0
  4392	  4415 : 0
  4412	  4423 : 0
  4420	  4447 : 0
  4444	  4459 : 0
  4456	  4463 : 0
  4460	  4487 : 1
  4484	  4507 : 0
  4504	  4559 : 1
  4556	  4687 : 0
  4684	  4691 : 0
  4688	  4715 : 0
  4712	  4719 : 0
  4716	  4727 : 0
  4724	  4751 : 1
  4748	  4759 : 0
  4756	  4763 : 0
  4760	  4779 : 0
  4776	  4787 : 1
  4784	  4799 : 0
  4796	  4807 : 0
  4804	  4819 : 0
  4816	  4827 : 0
  4824	  4835 : 0
  4832	  4843 : 0
  4840	  4847 : 0
  4844	  4875 : 0
  4872	  4919 : 0
  4916	  4927 : 0
  4924	  4955 : 0
  4952	  4959 : 0
  4956	  5023 : 0
  5020	  5027 : 0
  5024	  5031 : 0
  5028	  5035 : 0
  5032	  5055 : 0
  5052	  5059 : 0
  5056	  5107 : 0
  5104	  5115 : 0
  5112	  5171 : 0
  5168	  5175 : 0
  5172	  5179 : 0
  5176	  5195 : 0
  5192	  5223 : 0
  5220	  5231 : 0
  5228	  5239 : 0
  5236	  5247 : 0
  5244	  5255 : 0
  5252	  5259 : 0
  5256	  5283 : 0
  5280	  5291 : 0
  5288	  5367 : 0
  5364	  5399 : 0
  5396	  5415 : 0
  5412	  5419 : 1
  5416	  5447 : 0
  5444	  5483 : 0
  5480	  5499 : 0
  5496	  5555 : 0
  5552	  5599 : 0
  5596	  5679 : 0
  5676	  5691 : 0
  5688	  5743 : 0
  5740	  5755 : 0
  5752	  5763 : 0
  5760	  5855 : 0
  5852	  5859 : 0
  5856	  5903 : 0
  5900	  5911 : 0
  5908	  5975 : 0
  5972	  6043 : 0
  6040	  6051 : 0
  6048	  6059 : 0
  6056	  6063 : 0
  6060	  6099 : 0
  6096	  6143 : 0
  6140	  6151 : 1
  6148	  6163 : 0
  6160	  6191 : 0
  6188	  6251 : 0
  6248	  6299 : 0
  6296	  6415 : 0
  6412	  6423 : 0
  6420	  6451 : 0
  6448	  6479 : 0
  6476	  6539 : 0
  6536	  6547 : 0
  6544	  6679 : 0
  6676	  6683 : 0
  6680	  6707 : 0
  6704	  6711 : 0
  6708	  6747 : 0
  6744	  6751 : 0
  6748	  6755 : 0
  6752	  6763 : 0
  6760	  6771 : 0
  6768	  6783 : 0
  6780	  6811 : 0
  6808	  6819 : 0
  6816	  6831 : 0
  6828	  6891 : 0
  6888	  6903 : 0
  6900	  6915 : 0
  6912	  6955 : 0
  6952	  6959 : 0
  6956	  6963 : 0
  6960	  6971 : 0
  6968	  7011 : 0
  7008	  7035 : 0
  7032	  7051 : 0
  7048	  7071 : 0
  7068	  7103 : 0
  7100	  7119 : 0
  7116	  7123 : 0
  7120	  7143 : 0
  7140	  7163 : 0
  7160	  7187 : 0
  7184	  7235 : 0
  7232	  7255 : 0
  7252	  7275 : 0
  7272	  7279 : 0
  7276	  7299 : 0
  7296	  7307 : 0
  7304	  7327 : 0
  7324	  7331 : 0
  7328	  7351 : 0
  7348	  7375 : 0
  7372	  7383 : 0
  7380	  7391 : 0
  7388	  7395 : 0
  7392	  7407 : 0
  7404	  7411 : 0
  7408	  7423 : 0
  7420	  7427 : 0
  7424	  7431 : 0
  7428	  7671 : 0
  7668	  7699 : 0
  7696	  7783 : 0
  7780	  7787 : 0
  7784	  7827 : 0
  7824	  7835 : 0
  7832	  7867 : 0
  7864	  7871 : 1
  7868	  7875 : 0
  7872	  7895 : 0
  7892	  7907 : 0
  7904	  7915 : 0
  7912	  7927 : 0
  7924	  7931 : 0
  7928	  8051 : 0
  8048	  8059 : 0
  8056	  8103 : 0
  8100	  8111 : 0
  8108	  8175 : 0
  8172	  8191 : 1
  8188	  8231 : 0
  8228	  8267 : 0
  8264	  8287 : 0
  8284	  8359 : 0
  8356	  8367 : 0
  8364	  8383 : 0
  8380	  8407 : 0
  8404	  8431 : 0
  8428	  8463 : 0
  8460	  8511 : 0
  8508	  8519 : 0
  8516	  8535 : 0
  8532	  8551 : 0
  8548	  8579 : 0
  8576	  8595 : 0
  8592	  8599 : 0
  8596	  8639 : 0
  8636	  8643 : 0
  8640	  8647 : 0
  8644	  8719 : 0
  8716	  8727 : 0
  8724	  8731 : 0
  8728	  8735 : 0
  8732	  8747 : 0
  8744	  8787 : 0
  8784	  8795 : 0
  8792	  8803 : 0
  8800	  8819 : 0
  8816	  8827 : 0
  8824	  8851 : 0
  8848	  9023 : 0
  9020	  9031 : 0
  9028	  9067 : 0
  9064	  9327 : 0
  9324	  9451 : 0
  9448	  9503 : 0
  9500	  9547 : 0
  9544	  9587 : 0
  9584	  9595 : 0
  9592	  9643 : 0
  9640	  9647 : 0
  9644	  9667 : 0
  9664	  9739 : 0
  9736	  9747 : 0
  9744	 10443 : 0
 10440	 10459 : 0
 10456	 10471 : 0
 10468	 10531 : 0
 10528	 10543 : 0
 10540	 10563 : 0
 10560	 10583 : 0
 10580	 10599 : 0
 10596	 11475 : 0
 11472	 11599 : 0
 11596	 11687 : 0
 11684	 11691 : 0
 11688	 11695 : 0
 11692	 11699 : 0
 11696	 11727 : 0
 11724	 11735 : 0
 11732	 11763 : 0
 11760	 11779 : 0
 11776	 11783 : 0
 11780	 11791 : 0
 11788	 11875 : 0
 11872	 11879 : 1
 11876	 11883 : 2
 11880	 11895 : 1
 11892	 11899 : 0
 11896	 11919 : 1
 11916	 11999 : 0
 11996	 12027 : 0
 12024	 12047 : 0
 12044	 12055 : 0
 12052	 12087 : 0
 12084	 12091 : 0
 12088	 12115 : 0
 12112	 12135 : 1
 12132	 12139 : 0
 12136	 12147 : 0
 12144	 12159 : 0
 12156	 12171 : 0
 12168	 12175 : 0
 12172	 12191 : 0
 12188	 12199 : 0
 12196	 12207 : 0
 12204	 12211 : 0
 12208	 12435 : 0
 12432	 12471 : 0
 12468	 12479 : 1
 12476	 12595 : 0
