     0	   531 : 0
   528	   563 : 0
   560	   631 : 0
   628	   635 : 0
   632	   639 : 0
   636	   643 : 0
   640	   679 : 0
   676	   683 : 0
   680	   687 : 0
   684	   691 : 0
   688	   747 : 0
   744	   755 : 0
   752	  1087 : 0
  1084	  1091 : 0
  1088	  1095 : 1
  1092	  1219 : 0
  1216	  1223 : 1
  1220	  1227 : 0
  1224	  1651 : 0
  1648	  1671 : 0
  1668	  1679 : 1
  1676	  1779 : 0
  1776	  1783 : 1
  1780	  1787 : 2
  1784	  1815 : 0
  1812	  1951 : 0
  1948	  1995 : 0
  1992	  2123 : 0
  2120	  2127 : 1
  2124	  2131 : 2
  2128	  2187 : 0
  2184	  2199 : 0
  2196	  2219 : 0
  2216	  2271 : 0
  2268	  2279 : 0
  2276	  2287 : 0
  2284	  2407 : 0
  2404	  2451 : 0
  2448	  2515 : 0
  2512	  2987 : 0
  2984	  3027 : 0
  3024	  3039 : 0
  3036	  3043 : 0
  3040	  3339 : 0
  3336	  3379 : 0
  3376	  3503 : 0
  3500	  3515 : 0
  3512	  3539 : 0
  3536	  3543 : 0
  3540	  3571 : 0
  3568	  3579 : 0
  3576	  3799 : 0
  3796	  3807 : 0
  3804	  4071 : 0
  4068	  4091 : 1
  4088	  4119 : 0
  4116	  4127 : 0
  4124	  4135 : 0
  4132	  4151 : 0
  4148	  4175 : 0
  4172	  4183 : 0
  4180	  4199 : 0
  4196	  4207 : 0
  4204	  4211 : 0
  4208	  4215 : 0
  4212	  4227 : 0
  4224	  4235 : 0
  4232	  4239 : 0
  4236	  4243 : 0
  4240	  4247 : 0
  4244	  4263 : 0
  4260	  4279 : 0
  4276	  4287 : 0
  4284	  4291 : 0
  4288	  4315 : 0
  4312	  4355 : 0
  4352	  4371 : 0
  4368	  4491 : 0
  4488	  4503 : 0
  4500	  4591 : 0
  4588	  4595 : 0
  4592	  4607 : 0
  4604	  4611 : 0
  4608	  4635 : 0
  4632	  4639 : 0
  4636	  4711 : 0
  4708	  5815 : 0
