     0	    43 : 0
    40	   167 : 0
   164	   171 : 0
   168	   179 : 0
   176	   299 : 0
   296	   303 : 0
   300	   515 : 0
   512	   523 : 1
   520	   547 : 0
   544	   551 : 1
   548	   607 : 0
   604	   611 : 1
   608	   623 : 0
   620	   639 : 0
   636	   651 : 0
   648	   671 : 1
   668	   679 : 0
   676	   691 : 1
   688	   707 : 0
   704	   735 : 1
   732	   743 : 0
   740	   747 : 0
   744	   751 : 0
   748	   763 : 1
   760	   783 : 0
   780	   791 : 1
   788	   815 : 0
   812	   819 : 0
   816	   823 : 0
   820	   827 : 0
   824	   947 : 0
   944	   959 : 1
   956	   987 : 0
   984	   991 : 0
   988	  1011 : 0
  1008	  1019 : 1
  1016	  1035 : 0
  1032	  1111 : 1
  1108	  1115 : 0
  1112	  1163 : 1
  1160	  1219 : 0
  1216	  1235 : 1
  1232	  1239 : 0
  1236	  1271 : 0
  1268	  1283 : 0
  1280	  1295 : 1
  1292	  1299 : 0
  1296	  1303 : 0
  1300	  1307 : 0
  1304	  1355 : 1
  1352	  1407 : 0
  1404	  1451 : 1
  1448	  1535 : 0
  1532	  1539 : 1
  1536	  1563 : 0
  1560	  1571 : 0
  1568	  1579 : 0
  1576	  1583 : 0
  1580	  1591 : 0
  1588	  1595 : 0
  1592	  1615 : 0
  1612	  1623 : 1
  1620	  1627 : 0
  1624	  1639 : 0
  1636	  1643 : 0
  1640	  1651 : 0
  1648	  1655 : 0
  1652	  1671 : 1
  1668	  1695 : 0
  1692	  1707 : 0
  1704	  1711 : 0
  1708	  1719 : 0
  1716	  1755 : 0
  1752	  1759 : 1
  1756	  1783 : 0
  1780	  1791 : 0
  1788	  1807 : 0
  1804	  1811 : 0
  1808	  1851 : 0
  1848	  1855 : 0
  1852	  1939 : 0
  1936	  1951 : 0
  1948	  1959 : 0
  1956	  1967 : 0
  1964	  2007 : 0
  2004	  2019 : 1
  2016	  2027 : 0
  2024	  2035 : 0
  2032	  2043 : 0
  2040	  2051 : 1
  2048	  2063 : 0
  2060	  2067 : 0
  2064	  2083 : 0
  2080	  2127 : 0
  2124	  2135 : 0
  2132	  2143 : 1
  2140	  2175 : 0
  2172	  2183 : 0
  2180	  2203 : 0
  2200	  2223 : 0
  2220	  2331 : 0
  2328	  2375 : 1
  2372	  2411 : 0
  2408	  2415 : 1
  2412	  2435 : 0
  2432	  2443 : 0
  2440	  2451 : 0
  2448	  2459 : 0
  2456	  2475 : 0
  2472	  2511 : 0
  2508	  2527 : 0
  2524	  2531 : 0
  2528	  2547 : 0
  2544	  2555 : 0
  2552	  2587 : 0
  2584	  2599 : 0
  2596	  2627 : 0
  2624	  2635 : 1
  2632	  2655 : 0
  2652	  2659 : 1
  2656	  2887 : 0
  2884	  2911 : 1
  2908	  2955 : 0
  2952	  2975 : 0
  2972	  3335 : 0
  3332	  3343 : 1
  3340	  3379 : 0
  3376	  3395 : 1
  3392	  3515 : 0
  3512	  3519 : 1
  3516	  3563 : 0
  3560	  3567 : 1
  3564	  3759 : 0
  3756	  3763 : 1
  3760	  3855 : 0
  3852	  3883 : 0
  3880	  3923 : 0
  3920	  3947 : 1
  3944	  3951 : 0
  3948	  3959 : 0
  3956	  4435 : 0
  4432	  4439 : 1
  4436	  4679 : 0
  4676	  4687 : 1
  4684	  4723 : 0
  4720	  4763 : 1
  4760	  4775 : 0
  4772	  4815 : 1
  4812	  4819 : 0
  4816	  4827 : 0
  4824	  4835 : 0
  4832	  4895 : 0
  4892	  4931 : 0
  4928	  4947 : 1
  4944	  4983 : 0
  4980	  5051 : 1
  5048	  5131 : 0
  5128	  5139 : 1
  5136	  5179 : 0
  5176	  5211 : 0
  5208	  5231 : 0
  5228	  5239 : 1
  5236	  5287 : 0
  5284	  5295 : 0
  5292	  5299 : 0
  5296	  5343 : 1
  5340	  5371 : 0
  5368	  5403 : 0
  5400	  5411 : 0
  5408	  5415 : 1
  5412	  5447 : 0
  5444	  5451 : 1
  5448	  5479 : 0
  5476	  5491 : 0
  5488	  5507 : 0
  5504	  5511 : 0
  5508	  5515 : 0
  5512	  5531 : 0
  5528	  5567 : 0
  5564	  5575 : 0
  5572	  5579 : 0
  5576	  5587 : 0
  5584	  5607 : 0
  5604	  5615 : 0
  5612	  5619 : 0
  5616	  5647 : 0
  5644	  5775 : 0
  5772	  5783 : 1
  5780	  5935 : 0
  5932	  5955 : 1
  5952	  5967 : 0
  5964	  5999 : 0
  5996	  6003 : 0
  6000	  6023 : 0
  6020	  6043 : 0
  6040	  6051 : 1
  6048	  6083 : 0
  6080	  6087 : 1
  6084	  6107 : 0
  6104	  6111 : 1
  6108	  6219 : 0
  6216	  6223 : 0
  6220	  6239 : 0
  6236	  6247 : 1
  6244	  6319 : 0
  6316	  6335 : 1
  6332	  6343 : 0
  6340	  6351 : 1
  6348	  6383 : 0
  6380	  6387 : 0
  6384	  6395 : 0
  6392	  6407 : 1
  6404	  6547 : 0
  6544	  6567 : 1
  6564	  6583 : 0
  6580	  6599 : 1
  6596	  6603 : 0
  6600	  6607 : 1
  6604	  6619 : 0
  6616	  6735 : 0
  6732	  6843 : 0
  6840	  6855 : 1
  6852	  6863 : 0
  6860	  6879 : 1
  6876	  6883 : 0
  6880	  6899 : 1
  6896	  6907 : 0
  6904	  6911 : 1
  6908	  6987 : 0
  6984	  6995 : 1
  6992	  7039 : 0
  7036	  7047 : 1
  7044	  7091 : 0
  7088	  7099 : 1
  7096	  7139 : 0
  7136	  7143 : 1
  7140	  7187 : 0
  7184	  7195 : 1
  7192	  7239 : 0
  7236	  7287 : 1
  7284	  7299 : 0
  7296	  7327 : 0
  7324	  7331 : 0
  7328	  7359 : 1
  7356	  7367 : 0
  7364	  7375 : 0
  7372	  7407 : 0
  7404	  7411 : 0
  7408	  7415 : 0
  7412	  7423 : 0
  7420	  7455 : 0
  7452	  7471 : 0
  7468	  7551 : 0
  7548	  7583 : 0
  7580	  7587 : 0
  7584	  7651 : 0
  7648	  7667 : 0
  7664	  7691 : 0
  7688	  7723 : 0
  7720	  7727 : 0
  7724	  7739 : 0
  7736	  7759 : 0
  7756	  7783 : 0
  7780	  7791 : 0
  7788	  7831 : 0
  7828	  7855 : 0
  7852	  7895 : 0
  7892	  7899 : 0
  7896	  7903 : 0
  7900	  7919 : 0
  7916	  7931 : 0
  7928	  8223 : 0
  8220	  8231 : 0
  8228	  8239 : 0
  8236	  8243 : 0
  8240	  8263 : 0
  8260	  8267 : 0
  8264	  8279 : 0
  8276	  8291 : 0
  8288	  8295 : 0
  8292	  8307 : 0
  8304	  8311 : 0
  8308	  8463 : 0
  8460	  8467 : 0
  8464	  8483 : 0
  8480	  8583 : 0
  8580	  8595 : 0
  8592	  8683 : 0
  8680	  8867 : 0
  8864	  8875 : 0
  8872	  9043 : 0
  9040	  9051 : 1
  9048	  9195 : 0
  9192	  9351 : 0
  9348	  9475 : 0
  9472	  9495 : 1
  9492	  9499 : 0
  9496	  9503 : 0
  9500	  9723 : 0
  9720	  9919 : 0
  9916	  9971 : 0
  9968	  9975 : 0
  9972	 10211 : 0
