     0	   103 : 0
   100	   199 : 0
   196	   247 : 0
   244	   251 : 0
   248	   283 : 1
   280	   287 : 0
   284	   323 : 0
   320	   327 : 0
   324	   331 : 1
   328	   351 : 0
   348	   355 : 0
   352	   359 : 0
   356	   391 : 0
   388	   407 : 0
   404	   419 : 0
   416	   475 : 0
   472	   495 : 0
   492	   499 : 0
   496	   515 : 0
   512	   523 : 0
   520	   527 : 0
   524	   535 : 0
   532	   551 : 0
   548	   555 : 0
   552	   563 : 0
   560	   575 : 0
   572	   595 : 0
   592	   599 : 0
   596	   611 : 0
   608	   623 : 0
   620	   659 : 0
   656	   667 : 0
   664	   687 : 0
   684	   691 : 0
   688	   699 : 0
   696	   747 : 0
   744	   755 : 0
   752	   767 : 0
   764	   827 : 0
   824	   919 : 0
   916	   939 : 0
   936	   947 : 0
   944	   963 : 1
   960	   967 : 0
   964	   991 : 1
   988	   995 : 0
   992	   999 : 1
   996	  1003 : 0
  1000	  1023 : 1
  1020	  1051 : 0
  1048	  1107 : 1
  1104	  1111 : 0
  1108	  1143 : 1
  1140	  1147 : 0
  1144	  1151 : 0
  1148	  1155 : 0
  1152	  1171 : 0
  1168	  1187 : 0
  1184	  1195 : 0
  1192	  1227 : 0
  1224	  1243 : 0
  1240	  1263 : 0
  1260	  1271 : 1
  1268	  1283 : 0
  1280	  1315 : 0
  1312	  1371 : 0
  1368	  1395 : 0
  1392	  1407 : 0
  1404	  1455 : 1
  1452	  1459 : 0
  1456	  1463 : 1
  1460	  1467 : 0
  1464	  1547 : 0
  1544	  1563 : 0
  1560	  1599 : 1
  1596	  1603 : 0
  1600	  1627 : 0
  1624	  1663 : 0
  1660	  1679 : 0
  1676	  1687 : 0
  1684	  1691 : 0
  1688	  1695 : 0
  1692	  1731 : 0
  1728	  1739 : 0
  1736	  1763 : 0
  1760	  1767 : 0
  1764	  1779 : 0
  1776	  1807 : 0
  1804	  1811 : 0
  1808	  1827 : 0
  1824	  1831 : 0
  1828	  1839 : 0
  1836	  1843 : 0
  1840	  1851 : 0
  1848	  1859 : 0
  1856	  1867 : 0
  1864	  1875 : 0
  1872	  1879 : 0
  1876	  1971 : 0
  1968	  1975 : 0
  1972	  1979 : 0
  1976	  1999 : 0
  1996	  2007 : 0
  2004	  2047 : 0
  2044	  2055 : 0
  2052	  2063 : 0
  2060	  2079 : 0
  2076	  2099 : 0
  2096	  2107 : 0
  2104	  2155 : 0
  2152	  2195 : 0
  2192	  2219 : 0
  2216	  2223 : 0
  2220	  2227 : 0
  2224	  2231 : 0
  2228	  2275 : 0
  2272	  2319 : 0
  2316	  2335 : 0
  2332	  2339 : 1
  2336	  2383 : 0
  2380	  2387 : 0
  2384	  2407 : 0
  2404	  2427 : 0
  2424	  2439 : 0
  2436	  2471 : 0
  2468	  2479 : 0
  2476	  2483 : 1
  2480	  2491 : 0
  2488	  2515 : 0
  2512	  2523 : 0
  2520	  2547 : 0
  2544	  2559 : 0
  2556	  2595 : 1
  2592	  2599 : 0
  2596	  2611 : 0
  2608	  2631 : 0
  2628	  2643 : 1
  2640	  2651 : 0
  2648	  2659 : 1
  2656	  2675 : 0
  2672	  2711 : 1
  2708	  2715 : 0
  2712	  2735 : 1
  2732	  2747 : 0
  2744	  2755 : 1
  2752	  2767 : 0
  2764	  2771 : 1
  2768	  2783 : 0
  2780	  2799 : 1
  2796	  2831 : 0
  2828	  2843 : 1
  2840	  2847 : 0
  2844	  2851 : 1
  2848	  2859 : 0
  2856	  2871 : 0
  2868	  2875 : 0
  2872	  2891 : 1
  2888	  2895 : 0
  2892	  2931 : 0
  2928	  2987 : 0
  2984	  2991 : 0
  2988	  2995 : 0
  2992	  2999 : 0
  2996	  3015 : 0
  3012	  3023 : 0
  3020	  3055 : 0
  3052	  3083 : 0
  3080	  3099 : 0
  3096	  3103 : 0
  3100	  3111 : 0
  3108	  3119 : 0
  3116	  3131 : 0
  3128	  3151 : 0
  3148	  3167 : 0
  3164	  3175 : 0
  3172	  3227 : 0
  3224	  3231 : 0
  3228	  3271 : 0
  3268	  3299 : 0
  3296	  3323 : 0
  3320	  3327 : 0
  3324	  3335 : 0
  3332	  3351 : 0
  3348	  3379 : 0
  3376	  3383 : 0
  3380	  3407 : 0
  3404	  3415 : 0
  3412	  3427 : 0
  3424	  3479 : 0
  3476	  3527 : 0
  3524	  3531 : 0
  3528	  3539 : 0
  3536	  3559 : 0
  3556	  3567 : 0
  3564	  3575 : 0
  3572	  3623 : 0
  3620	  3627 : 0
  3624	  3647 : 0
  3644	  3651 : 0
  3648	  3707 : 0
  3704	  3747 : 0
  3744	  3755 : 0
  3752	  3759 : 0
  3756	  3791 : 0
  3788	  3799 : 0
  3796	  3803 : 0
  3800	  3823 : 0
  3820	  3879 : 0
  3876	  3899 : 0
  3896	  3903 : 0
  3900	  3919 : 0
  3916	  3935 : 0
  3932	  3951 : 0
  3948	  4047 : 0
  4044	  4055 : 0
  4052	  4071 : 0
  4068	  4075 : 0
  4072	  4099 : 0
  4096	  4127 : 1
  4124	  4151 : 0
  4148	  4155 : 0
  4152	  4175 : 0
  4172	  4183 : 0
  4180	  4215 : 0
  4212	  4247 : 0
  4244	  4251 : 0
  4248	  4255 : 1
  4252	  4263 : 0
  4260	  4267 : 1
  4264	  4279 : 0
  4276	  4283 : 1
  4280	  4287 : 0
  4284	  4315 : 1
  4312	  4327 : 0
  4324	  4343 : 0
  4340	  4371 : 0
  4368	  4375 : 0
  4372	  4383 : 0
  4380	  4395 : 0
  4392	  4423 : 0
  4420	  4427 : 0
  4424	  4455 : 0
  4452	  4467 : 0
  4464	  4471 : 0
  4468	  4475 : 0
  4472	  4543 : 0
  4540	  4547 : 0
  4544	  4559 : 0
  4556	  4583 : 0
  4580	  4591 : 0
  4588	  4595 : 0
  4592	  4643 : 0
  4640	  4651 : 0
  4648	  4715 : 0
  4712	  4719 : 0
  4716	  4727 : 0
  4724	  4731 : 0
  4728	  4735 : 0
  4732	  4743 : 0
  4740	  4751 : 0
  4748	  4759 : 0
  4756	  4787 : 0
  4784	  4795 : 0
  4792	  4811 : 0
  4808	  4823 : 0
  4820	  4911 : 0
  4908	  4919 : 1
  4916	  4975 : 0
  4972	  4979 : 0
  4976	  5003 : 0
  5000	  5075 : 0
  5072	  5187 : 0
  5184	  5191 : 0
  5188	  5235 : 0
  5232	  5239 : 0
  5236	  5259 : 0
  5256	  5443 : 0
  5440	  5451 : 0
  5448	  5467 : 1
  5464	  5479 : 0
  5476	  5487 : 0
  5484	  5519 : 0
  5516	  5563 : 0
  5560	  5567 : 0
  5564	  5607 : 1
  5604	  5615 : 0
  5612	  5659 : 1
  5656	  5663 : 0
  5660	  5691 : 0
  5688	  5715 : 0
  5712	  5823 : 0
  5820	  5827 : 0
  5824	  5831 : 1
  5828	  5835 : 0
  5832	  5839 : 0
  5836	  5843 : 0
  5840	  5847 : 1
  5844	  5863 : 0
  5860	  5867 : 1
  5864	  5871 : 0
  5868	  5935 : 0
  5932	  5939 : 0
  5936	  5943 : 1
  5940	  5947 : 0
  5944	  5963 : 1
  5960	  5975 : 0
  5972	  5991 : 0
  5988	  5995 : 0
  5992	  6027 : 1
  6024	  6043 : 0
  6040	  6079 : 1
  6076	  6083 : 0
  6080	  6087 : 1
  6084	  6099 : 0
  6096	  6143 : 1
  6140	  6159 : 0
  6156	  6171 : 1
  6168	  6211 : 0
  6208	  6215 : 0
  6212	  6223 : 0
  6220	  6331 : 1
  6328	  6375 : 0
  6372	  6423 : 1
  6420	  6427 : 0
  6424	  6443 : 1
  6440	  6447 : 0
  6444	  6491 : 0
  6488	  6503 : 0
  6500	  6523 : 1
  6520	  6531 : 0
  6528	  6559 : 1
  6556	  6563 : 0
  6560	  6579 : 1
  6576	  6651 : 0
  6648	  6671 : 0
  6668	  6683 : 0
  6680	  6687 : 1
  6684	  6707 : 0
  6704	  6715 : 0
  6712	  6735 : 0
  6732	  6739 : 1
  6736	  6751 : 0
  6748	  6807 : 0
  6804	  6811 : 0
  6808	  6815 : 0
  6812	  6823 : 0
  6820	  6875 : 0
  6872	  6927 : 0
  6924	  6935 : 0
  6932	  6959 : 0
  6956	  6963 : 0
  6960	  6967 : 0
  6964	  6975 : 0
  6972	  6995 : 0
  6992	  7003 : 0
  7000	  7083 : 0
  7080	  7115 : 0
  7112	  7127 : 0
  7124	  7143 : 0
  7140	  7151 : 0
  7148	  7155 : 0
  7152	  7179 : 0
  7176	  7183 : 0
  7180	  7195 : 0
  7192	  7199 : 0
  7196	  7207 : 0
  7204	  7239 : 0
  7236	  7295 : 0
  7292	  7347 : 0
  7344	  7351 : 0
  7348	  7463 : 1
  7460	  7467 : 0
  7464	  7491 : 1
  7488	  7495 : 0
  7492	  7499 : 1
  7496	  7531 : 0
  7528	  7535 : 1
  7532	  7555 : 0
  7552	  7571 : 0
  7568	  7575 : 0
  7572	  7579 : 1
  7576	  7583 : 0
  7580	  7587 : 1
  7584	  7599 : 0
  7596	  7627 : 0
  7624	  7631 : 0
  7628	  7651 : 1
  7648	  7655 : 0
  7652	  7679 : 0
  7676	  7715 : 0
  7712	  7755 : 1
  7752	  7759 : 0
  7756	  7783 : 0
  7780	  7787 : 0
  7784	  7807 : 1
  7804	  7831 : 0
  7828	  7835 : 0
  7832	  7855 : 0
  7852	  7867 : 0
  7864	  7875 : 0
  7872	  7887 : 0
  7884	  7891 : 0
  7888	  7895 : 0
  7892	  7907 : 0
  7904	  7915 : 0
  7912	  7919 : 0
  7916	  7923 : 0
  7920	  7943 : 0
  7940	  7987 : 0
  7984	  7995 : 0
  7992	  8015 : 1
  8012	  8019 : 0
  8016	  8023 : 0
  8020	  8039 : 0
  8036	  8107 : 0
  8104	  8111 : 0
  8108	  8143 : 0
  8140	  8167 : 0
  8164	  8207 : 0
  8204	  8223 : 0
  8220	  8231 : 0
  8228	  8239 : 0
  8236	  8247 : 0
  8244	  8263 : 0
  8260	  8303 : 0
  8300	  8307 : 0
  8304	  8347 : 0
  8344	  8359 : 0
  8356	  8371 : 0
  8368	  8399 : 0
  8396	  8435 : 0
  8432	  8439 : 0
  8436	  8443 : 0
  8440	  8459 : 0
  8456	  8467 : 0
  8464	  8483 : 0
  8480	  8491 : 0
  8488	  8515 : 0
  8512	  8527 : 0
  8524	  8535 : 0
  8532	  8571 : 0
  8568	  8575 : 0
  8572	  8583 : 0
  8580	  8587 : 0
  8584	  8595 : 0
  8592	  8615 : 0
  8612	  8631 : 0
  8628	  8643 : 0
  8640	  8719 : 0
  8716	  8759 : 0
  8756	  8767 : 0
  8764	  8783 : 0
  8780	  8883 : 0
  8880	  8907 : 0
  8904	  8939 : 0
  8936	  8967 : 0
  8964	  8991 : 0
  8988	  8999 : 0
  8996	  9003 : 0
  9000	  9011 : 0
  9008	  9047 : 0
  9044	  9067 : 0
  9064	  9071 : 0
  9068	  9103 : 0
  9100	  9119 : 0
  9116	  9155 : 0
  9152	  9211 : 1
  9208	  9219 : 0
  9216	  9291 : 1
  9288	  9351 : 0
  9348	  9383 : 1
