     0	    31 : 0
    28	    87 : 0
    84	    91 : 1
    88	   163 : 0
   160	   191 : 0
   188	   203 : 0
   200	   239 : 1
   236	   255 : 0
   252	   303 : 0
   300	   311 : 0
   308	   331 : 0
   328	   363 : 0
   360	   411 : 0
   408	   431 : 0
   428	   463 : 0
   460	   547 : 0
   544	   551 : 0
   548	   663 : 0
   660	   679 : 0
   676	   879 : 0
   876	   931 : 0
   928	   975 : 0
   972	   983 : 0
   980	   987 : 0
   984	   991 : 0
   988	   999 : 0
   996	  1003 : 0
  1000	  1015 : 0
  1012	  1023 : 0
  1020	  1027 : 0
  1024	  1039 : 0
  1036	  1047 : 0
  1044	  1199 : 0
  1196	  1235 : 0
  1232	  1263 : 0
  1260	  1287 : 0
  1284	  1303 : 0
  1300	  1343 : 0
  1340	  1359 : 1
  1356	  1387 : 0
  1384	  1391 : 0
  1388	  1435 : 0
  1432	  1475 : 0
  1472	  1543 : 0
  1540	  1547 : 0
  1544	  1575 : 0
  1572	  1591 : 1
  1588	  1603 : 0
  1600	  1803 : 1
  1800	  1807 : 0
  1804	  1815 : 1
  1812	  1819 : 0
  1816	  1827 : 0
  1824	  1835 : 0
  1832	  1891 : 1
  1888	  1899 : 0
  1896	  1995 : 0
  1992	  2059 : 0
  2056	  2067 : 0
  2064	  2075 : 0
  2072	  2079 : 0
  2076	  2119 : 0
  2116	  2131 : 0
  2128	  2135 : 0
  2132	  2143 : 0
  2140	  2375 : 0
  2372	  2431 : 0
  2428	  2467 : 0
  2464	  2479 : 0
  2476	  2515 : 0
  2512	  2527 : 0
  2524	  2531 : 0
  2528	  2547 : 1
  2544	  2563 : 0
  2560	  2571 : 0
  2568	  2627 : 0
  2624	  2651 : 0
  2648	  2991 : 0
  2988	  3055 : 1
  3052	  3103 : 0
  3100	  3127 : 1
  3124	  3247 : 0
  3244	  3279 : 0
  3276	  3343 : 0
  3340	  3371 : 0
  3368	  3427 : 0
  3424	  3435 : 0
  3432	  3475 : 0
  3472	  3495 : 0
  3492	  3651 : 0
  3648	  3667 : 0
  3664	  3675 : 0
  3672	  3683 : 0
  3680	  3819 : 0
  3816	  3855 : 0
  3852	  3971 : 0
  3968	  3975 : 0
  3972	  4103 : 0
  4100	  4119 : 1
  4116	  4159 : 0
  4156	  4163 : 0
  4160	  4203 : 0
  4200	  4211 : 0
  4208	  4215 : 0
  4212	  4223 : 0
  4220	  4235 : 0
  4232	  4239 : 0
  4236	  4327 : 0
  4324	  4331 : 0
  4328	  4395 : 0
  4392	  4467 : 0
  4464	  4543 : 0
  4540	  4547 : 0
  4544	  4579 : 0
  4576	  4623 : 1
  4620	  4723 : 0
  4720	  4743 : 0
  4740	  4807 : 0
  4804	  4823 : 0
  4820	  4835 : 0
  4832	  4839 : 0
  4836	  4935 : 0
  4932	  4947 : 0
  4944	  4987 : 0
  4984	  4999 : 0
  4996	  5019 : 0
  5016	  5027 : 1
  5024	  5031 : 0
  5028	  5035 : 0
  5032	  5043 : 0
  5040	  5047 : 0
  5044	  5051 : 0
  5048	  5071 : 0
  5068	  5111 : 0
  5108	  5139 : 0
  5136	  5147 : 0
  5144	  5159 : 0
  5156	  5199 : 0
  5196	  5255 : 0
  5252	  5263 : 0
  5260	  5299 : 0
  5296	  5303 : 0
  5300	  5315 : 0
  5312	  5331 : 0
  5328	  5335 : 0
  5332	  5355 : 0
  5352	  5363 : 0
  5360	  5371 : 0
  5368	  5407 : 0
  5404	  5415 : 0
  5412	  5459 : 0
  5456	  5471 : 0
  5468	  5475 : 0
  5472	  5479 : 0
  5476	  5487 : 0
  5484	  5511 : 0
  5508	  5515 : 0
  5512	  5527 : 0
  5524	  5547 : 0
  5544	  5551 : 0
  5548	  5555 : 0
  5552	  5559 : 0
  5556	  5571 : 0
  5568	  5599 : 0
  5596	  5687 : 1
