     0	    23 : 0
    20	    31 : 0
    28	    39 : 1
    36	    43 : 0
    40	    47 : 1
    44	    51 : 0
    48	    63 : 0
    60	    67 : 0
    64	    71 : 0
    68	    83 : 0
    80	    99 : 0
    96	   123 : 0
   120	   131 : 1
   128	   147 : 0
   144	   155 : 0
   152	   179 : 0
   176	   191 : 0
   188	   575 : 0
   572	   583 : 0
   580	   631 : 0
   628	   667 : 0
   664	   699 : 0
   696	   707 : 0
   704	   727 : 0
   724	   843 : 0
   840	   847 : 0
   844	  1147 : 0
  1144	  1207 : 0
  1204	  1263 : 1
  1260	  1267 : 0
  1264	  1303 : 0
  1300	  1307 : 0
  1304	  1315 : 0
  1312	  1331 : 0
  1328	  1367 : 0
  1364	  1375 : 0
  1372	  1399 : 0
  1396	  1403 : 0
  1400	  1407 : 0
  1404	  1435 : 0
  1432	  1463 : 0
  1460	  1563 : 0
  1560	  1567 : 1
  1564	  1571 : 0
  1568	  1575 : 0
  1572	  1579 : 0
  1576	  1583 : 0
  1580	  1599 : 0
  1596	  1631 : 0
  1628	  1635 : 0
  1632	  1695 : 0
  1692	  1763 : 0
  1760	  1767 : 1
  1764	  1859 : 0
  1856	  1863 : 0
  1860	  1911 : 0
  1908	  1915 : 0
  1912	  1983 : 0
  1980	  1991 : 1
  1988	  2047 : 0
  2044	  2051 : 0
  2048	  2111 : 0
  2108	  2115 : 0
  2112	  2235 : 0
  2232	  2259 : 1
  2256	  2371 : 0
  2368	  2387 : 1
  2384	  2391 : 0
  2388	  2467 : 0
  2464	  2471 : 0
  2468	  2487 : 0
  2484	  2519 : 0
  2516	  2523 : 0
  2520	  2583 : 0
  2580	  2591 : 0
  2588	  2627 : 0
  2624	  2679 : 0
  2676	  2687 : 0
  2684	  2719 : 0
  2716	  2739 : 0
  2736	  2747 : 0
  2744	  2879 : 0
  2876	  2895 : 0
  2892	  2995 : 0
  2992	  3003 : 0
  3000	  3007 : 0
  3004	  3011 : 0
  3008	  3015 : 0
  3012	  3027 : 0
  3024	  3067 : 0
  3064	  3095 : 1
  3092	  3099 : 0
  3096	  3107 : 0
  3104	  3143 : 0
  3140	  3175 : 0
  3172	  3179 : 0
  3176	  3195 : 0
  3192	  3199 : 0
  3196	  3203 : 0
  3200	  3207 : 0
  3204	  3215 : 0
  3212	  3235 : 0
  3232	  3263 : 0
  3260	  3275 : 0
  3272	  3295 : 0
  3292	  3303 : 0
  3300	  3331 : 0
  3328	  3339 : 0
  3336	  3347 : 0
  3344	  3363 : 0
  3360	  3367 : 0
  3364	  3387 : 0
  3384	  3451 : 0
  3448	  3459 : 0
  3456	  3463 : 0
  3460	  3475 : 0
  3472	  3499 : 0
  3496	  3507 : 0
  3504	  3511 : 0
  3508	  3531 : 0
  3528	  3539 : 0
  3536	  3551 : 0
  3548	  3555 : 0
  3552	  3559 : 0
  3556	  3579 : 0
  3576	  3619 : 0
  3616	  3631 : 0
  3628	  3651 : 0
  3648	  3663 : 0
  3660	  3679 : 0
  3676	  3683 : 0
  3680	  3687 : 0
  3684	  3743 : 0
  3740	  3751 : 0
  3748	  3759 : 0
  3756	  3767 : 0
  3764	  3783 : 0
  3780	  3791 : 0
  3788	  3799 : 0
  3796	  3835 : 0
  3832	  3887 : 0
  3884	  3903 : 0
  3900	  3923 : 0
  3920	  3963 : 0
  3960	  3979 : 0
  3976	  3987 : 0
  3984	  4003 : 0
  4000	  4011 : 0
  4008	  4023 : 0
  4020	  4067 : 0
  4064	  4083 : 0
  4080	  4099 : 0
  4096	  4151 : 0
  4148	  4163 : 0
  4160	  4179 : 0
  4176	  4251 : 0
  4248	  4259 : 0
  4256	  4287 : 0
  4284	  4579 : 0
  4576	  4595 : 0
  4592	  4623 : 0
  4620	  4627 : 0
  4624	  4631 : 1
  4628	  4651 : 0
  4648	  4967 : 0
  4964	  5027 : 0
  5024	  5031 : 1
  5028	  5035 : 2
  5032	  5051 : 0
  5048	  5055 : 0
  5052	  5151 : 0
  5148	  5175 : 0
  5172	  5183 : 1
  5180	  5307 : 0
  5304	  5311 : 0
  5308	  5427 : 0
  5424	  5555 : 1
  5552	  5683 : 0
  5680	  5687 : 1
  5684	  5791 : 0
  5788	  5807 : 0
  5804	  5811 : 0
  5808	  5815 : 1
  5812	  5819 : 0
  5816	  5827 : 0
  5824	  5847 : 0
  5844	  5859 : 0
  5856	  5863 : 0
  5860	  5879 : 0
  5876	  5907 : 0
  5904	  5915 : 0
  5912	  5919 : 0
  5916	  5927 : 0
  5924	  5935 : 0
  5932	  5943 : 1
  5940	  5947 : 0
  5944	  6003 : 0
  6000	  6027 : 0
  6024	  6067 : 0
  6064	  6107 : 0
  6104	  6115 : 0
  6112	  6119 : 0
  6116	  6247 : 0
  6244	  6251 : 0
  6248	  6303 : 0
  6300	  6307 : 0
  6304	  6363 : 0
  6360	  6367 : 0
  6364	  6391 : 0
  6388	  6411 : 0
  6408	  6439 : 0
  6436	  6511 : 0
  6508	  6515 : 0
  6512	  6519 : 0
  6516	  6523 : 0
  6520	  6527 : 0
  6524	  6555 : 0
  6552	  6559 : 0
  6556	  6567 : 1
  6564	  6571 : 0
  6568	  6575 : 0
  6572	  6639 : 0
  6636	  6651 : 0
  6648	  6655 : 0
  6652	  6715 : 0
  6712	  6719 : 0
  6716	  6759 : 0
  6756	  6799 : 0
  6796	  6803 : 0
  6800	  6915 : 0
  6912	  6919 : 2
  6916	  6923 : 0
  6920	  6939 : 0
  6936	  6947 : 0
  6944	  6967 : 1
  6964	  7071 : 0
  7068	  7095 : 0
  7092	  7099 : 0
  7096	  7107 : 0
  7104	  7115 : 0
  7112	  7127 : 0
  7124	  7139 : 0
  7136	  7167 : 0
  7164	  7171 : 0
  7168	  7175 : 0
  7172	  7179 : 0
  7176	  7371 : 0
  7368	  7375 : 0
  7372	  7395 : 1
  7392	  7431 : 0
  7428	  7435 : 0
  7432	  7443 : 0
  7440	  7543 : 0
  7540	  7559 : 0
  7556	  7603 : 0
  7600	  7607 : 0
  7604	  7627 : 1
  7624	  7647 : 0
  7644	  7671 : 0
  7668	  7683 : 0
  7680	  7739 : 0
  7736	  7747 : 0
  7744	  7755 : 0
  7752	  7767 : 0
  7764	  7843 : 0
  7840	  7859 : 0
  7856	  7891 : 0
  7888	  7903 : 0
  7900	  7919 : 0
  7916	  8003 : 0
  8000	  8019 : 0
  8016	  8139 : 0
  8136	  8147 : 1
  8144	  8187 : 0
  8184	  8191 : 0
  8188	  8199 : 0
  8196	  8207 : 0
  8204	  8223 : 0
  8220	  8243 : 0
  8240	  8271 : 0
  8268	  8283 : 0
  8280	  8287 : 0
  8284	  8319 : 0
  8316	  8327 : 0
  8324	  8335 : 0
  8332	  8355 : 0
  8352	  8363 : 0
  8360	  8371 : 0
  8368	  8503 : 1
  8500	  8571 : 0
  8568	  8643 : 0
  8640	  8659 : 0
  8656	  8711 : 0
  8708	  8735 : 0
  8732	  8759 : 1
  8756	  8763 : 0
  8760	  8811 : 0
  8808	  8823 : 0
  8820	  8831 : 1
  8828	  8935 : 0
  8932	  8955 : 0
  8952	  8959 : 0
  8956	  8971 : 0
  8968	  8975 : 0
  8972	  8979 : 1
  8976	  9099 : 0
  9096	  9107 : 1
  9104	  9115 : 0
  9112	  9123 : 0
  9120	  9139 : 0
  9136	  9359 : 0
  9356	  9375 : 0
  9372	  9431 : 0
  9428	  9515 : 0
  9512	  9519 : 1
  9516	  9563 : 0
  9560	  9567 : 0
  9564	  9615 : 0
  9612	  9623 : 1
  9620	  9743 : 0
  9740	  9747 : 1
  9744	  9867 : 0
  9864	  9875 : 1
  9872	  9995 : 0
  9992	  9999 : 1
  9996	 10003 : 0
 10000	 10031 : 0
 10028	 10075 : 0
 10072	 10087 : 0
 10084	 10147 : 0
 10144	 10151 : 1
 10148	 10163 : 0
 10160	 10167 : 0
 10164	 10195 : 0
 10192	 10203 : 0
 10200	 10247 : 0
 10244	 10379 : 1
 10376	 10511 : 0
 10508	 10519 : 1
 10516	 10575 : 0
 10572	 10579 : 0
 10576	 10611 : 0
 10608	 10619 : 1
 10616	 10731 : 0
 10728	 10743 : 0
 10740	 10763 : 0
 10760	 10771 : 0
 10768	 10851 : 0
 10848	 10871 : 0
 10868	 10887 : 0
 10884	 10895 : 0
 10892	 10899 : 0
 10896	 11047 : 0
 11044	 11055 : 0
 11052	 11087 : 0
 11084	 11091 : 0
 11088	 11095 : 0
 11092	 11111 : 0
 11108	 11115 : 0
 11112	 11123 : 0
 11120	 11227 : 0
 11224	 11307 : 0
 11304	 11311 : 0
 11308	 11383 : 0
 11380	 11439 : 1
 11436	 11643 : 0
 11640	 11647 : 1
 11644	 11659 : 0
 11656	 11675 : 0
 11672	 11699 : 0
 11696	 11711 : 0
 11708	 11719 : 0
 11716	 11727 : 0
 11724	 11759 : 0
 11756	 11763 : 0
 11760	 11863 : 0
 11860	 11871 : 0
 11868	 11879 : 0
 11876	 11887 : 1
 11884	 11891 : 0
 11888	 11899 : 0
 11896	 11903 : 0
 11900	 11915 : 0
 11912	 12059 : 0
 12056	 12079 : 1
 12076	 12099 : 0
 12096	 12111 : 0
 12108	 12123 : 0
 12120	 12151 : 0
 12148	 12187 : 0
 12184	 12191 : 0
 12188	 12203 : 0
 12200	 12211 : 0
 12208	 12219 : 0
 12216	 12231 : 0
 12228	 12235 : 0
 12232	 12243 : 1
 12240	 12311 : 0
 12308	 12319 : 0
 12316	 12371 : 0
 12368	 12379 : 0
 12376	 12387 : 0
 12384	 12559 : 0
 12556	 12631 : 0
 12628	 12635 : 0
 12632	 12639 : 0
 12636	 12647 : 0
 12644	 12675 : 0
 12672	 12687 : 0
 12684	 12719 : 0
 12716	 12723 : 0
 12720	 12759 : 0
 12756	 12775 : 0
 12772	 12779 : 0
 12776	 12799 : 0
 12796	 12819 : 0
 12816	 12831 : 0
 12828	 12927 : 0
 12924	 12939 : 0
 12936	 13023 : 0
 13020	 13055 : 1
 13052	 13087 : 0
 13084	 13091 : 1
 13088	 13143 : 0
 13140	 13167 : 0
 13164	 13211 : 0
 13208	 13219 : 1
 13216	 13339 : 0
 13336	 13343 : 1
 13340	 13391 : 0
 13388	 13415 : 0
 13412	 13607 : 0
 13604	 13611 : 0
 13608	 13643 : 0
 13640	 13667 : 0
 13664	 13671 : 0
 13668	 13691 : 0
 13688	 13703 : 0
 13700	 13711 : 0
 13708	 13719 : 0
 13716	 13915 : 1
 13912	 13923 : 2
 13920	 13971 : 0
 13968	 14139 : 0
 14136	 14187 : 0
 14184	 14231 : 0
 14228	 14263 : 0
 14260	 14307 : 0
 14304	 14315 : 0
 14312	 14319 : 0
 14316	 14327 : 0
 14324	 14355 : 0
 14352	 14395 : 0
 14392	 14403 : 0
 14400	 14411 : 0
 14408	 14423 : 0
 14420	 14515 : 0
 14512	 15115 : 0
