     0	     7 : 0
     4	    43 : 0
    40	    47 : 0
    44	   171 : 0
   168	   291 : 0
   288	   375 : 0
   372	   383 : 0
   380	   463 : 0
   460	   467 : 0
   464	   659 : 0
   656	   667 : 0
   664	   695 : 0
   692	   699 : 0
   696	   711 : 0
   708	   715 : 0
   712	   739 : 0
   736	   747 : 0
   744	   755 : 0
   752	   783 : 0
   780	   927 : 1
   924	   935 : 0
   932	   951 : 1
   948	   959 : 0
   956	   979 : 1
   976	   983 : 0
   980	   987 : 1
   984	   995 : 0
   992	  1015 : 0
  1012	  1027 : 0
  1024	  1031 : 0
  1028	  1043 : 0
  1040	  1103 : 0
  1100	  1107 : 0
  1104	  1111 : 0
  1108	  1123 : 0
  1120	  1215 : 0
  1212	  1303 : 0
  1300	  1307 : 0
  1304	  1375 : 0
  1372	  1447 : 0
  1444	  1551 : 0
  1548	  1555 : 0
  1552	  1559 : 0
  1556	  1627 : 0
  1624	  1631 : 0
  1628	  1635 : 0
  1632	  1651 : 0
  1648	  1667 : 0
  1664	  1675 : 0
  1672	  1715 : 0
  1712	  1727 : 0
  1724	  1735 : 0
  1732	  1747 : 0
  1744	  1755 : 0
  1752	  1759 : 0
  1756	  1763 : 0
  1760	  1775 : 0
  1772	  2031 : 0
  2028	  2047 : 0
  2044	  2055 : 0
  2052	  2067 : 0
  2064	  2071 : 0
  2068	  2075 : 0
  2072	  2091 : 0
  2088	  2107 : 0
  2104	  2115 : 0
  2112	  2127 : 0
  2124	  2131 : 0
  2128	  2135 : 0
  2132	  2139 : 1
  2136	  2175 : 0
  2172	  2179 : 1
  2176	  2195 : 0
  2192	  2199 : 0
  2196	  2227 : 0
  2224	  2231 : 0
  2228	  2271 : 0
  2268	  2275 : 1
  2272	  2391 : 0
  2388	  2395 : 0
  2392	  2491 : 0
  2488	  2499 : 0
  2496	  2543 : 0
  2540	  2555 : 1
  2552	  2615 : 0
  2612	  2623 : 0
  2620	  2627 : 0
  2624	  2675 : 0
  2672	  2679 : 0
  2676	  2687 : 0
  2684	  2691 : 0
  2688	  2695 : 0
  2692	  2699 : 0
  2696	  2703 : 0
  2700	  2715 : 0
  2712	  2719 : 0
  2716	  2727 : 0
  2724	  2735 : 0
  2732	  2823 : 0
  2820	  2871 : 0
  2868	  2875 : 0
  2872	  2899 : 0
  2896	  2907 : 0
  2904	  2915 : 0
  2912	  2919 : 0
  2916	  2979 : 0
  2976	  2983 : 0
  2980	  3031 : 0
  3028	  3035 : 0
  3032	  3083 : 0
  3080	  3087 : 0
  3084	  3131 : 0
  3128	  3175 : 0
  3172	  3195 : 0
  3192	  3207 : 0
  3204	  3231 : 0
  3228	  3239 : 0
  3236	  3379 : 0
  3376	  3391 : 0
  3388	  3503 : 0
  3500	  3507 : 0
  3504	  3519 : 0
  3516	  3531 : 0
  3528	  3535 : 1
  3532	  3539 : 0
  3536	  3543 : 0
  3540	  3563 : 0
  3560	  3571 : 0
  3568	  3575 : 0
  3572	  3583 : 0
  3580	  3667 : 0
  3664	  3691 : 0
  3688	  3731 : 0
  3728	  3739 : 0
  3736	  3759 : 0
  3756	  3771 : 0
  3768	  3779 : 0
  3776	  3791 : 1
  3788	  3795 : 0
  3792	  3799 : 0
  3796	  3807 : 0
  3804	  3811 : 0
  3808	  3835 : 0
  3832	  3839 : 0
  3836	  3863 : 0
  3860	  3871 : 0
  3868	  3879 : 0
  3876	  3907 : 0
  3904	  3911 : 0
  3908	  4123 : 1
  4120	  4127 : 0
  4124	  4131 : 0
  4128	  4143 : 0
  4140	  4247 : 0
  4244	  4251 : 0
  4248	  4315 : 0
  4312	  4319 : 0
  4316	  4327 : 0
  4324	  4331 : 0
  4328	  4335 : 0
  4332	  4343 : 0
  4340	  4355 : 0
  4352	  4363 : 0
  4360	  4367 : 0
  4364	  4371 : 0
  4368	  4375 : 0
  4372	  4395 : 0
  4392	  4455 : 0
  4452	  4459 : 0
  4456	  4479 : 0
  4476	  4487 : 0
  4484	  4683 : 0
  4680	  4699 : 0
  4696	  4767 : 0
  4764	  4771 : 0
  4768	  4775 : 0
  4772	  4819 : 0
  4816	  4859 : 0
  4856	  4867 : 0
  4864	  4875 : 0
  4872	  4887 : 0
  4884	  4911 : 0
  4908	  4915 : 0
  4912	  4931 : 0
  4928	  4963 : 0
  4960	  4983 : 0
  4980	  4987 : 0
  4984	  5007 : 1
  5004	  5011 : 0
  5008	  5019 : 0
  5016	  5023 : 0
  5020	  5055 : 0
  5052	  5083 : 0
  5080	  5087 : 0
  5084	  5103 : 0
  5100	  5115 : 0
  5112	  5147 : 0
  5144	  5175 : 0
  5172	  5191 : 0
  5188	  5195 : 0
  5192	  5199 : 0
  5196	  5203 : 0
  5200	  5207 : 0
  5204	  5211 : 0
  5208	  5223 : 0
  5220	  5227 : 0
  5224	  5235 : 0
  5232	  5239 : 0
  5236	  5243 : 0
  5240	  5247 : 0
  5244	  5255 : 0
  5252	  5271 : 0
  5268	  5275 : 0
  5272	  5331 : 0
  5328	  5339 : 0
  5336	  5351 : 1
  5348	  5355 : 0
  5352	  5375 : 1
  5372	  5403 : 0
  5400	  5443 : 0
  5440	  5455 : 0
  5452	  5471 : 0
  5468	  5475 : 0
  5472	  5479 : 0
  5476	  5483 : 0
  5480	  5495 : 0
  5492	  5499 : 0
  5496	  5503 : 0
  5500	  5507 : 0
  5504	  5515 : 0
  5512	  5519 : 0
  5516	  5523 : 0
  5520	  5527 : 0
  5524	  5531 : 0
  5528	  5535 : 0
  5532	  5543 : 0
  5540	  5563 : 0
  5560	  5591 : 0
  5588	  5595 : 0
  5592	  5599 : 0
  5596	  5603 : 0
  5600	  5615 : 0
  5612	  5619 : 0
  5616	  5871 : 0
  5868	  5979 : 0
  5976	  5991 : 0
  5988	  5995 : 0
  5992	  6227 : 0
  6224	  6275 : 0
  6272	  6287 : 0
  6284	  6303 : 0
  6300	  6311 : 0
  6308	  6319 : 0
  6316	  6331 : 0
  6328	  6339 : 0
  6336	  6363 : 0
  6360	  6367 : 0
  6364	  6379 : 0
  6376	  6383 : 0
  6380	  6403 : 0
  6400	  6411 : 0
  6408	  6419 : 0
  6416	  6447 : 0
  6444	  6463 : 0
  6460	  6483 : 0
  6480	  6487 : 0
  6484	  6491 : 0
  6488	  6495 : 0
  6492	  6503 : 0
  6500	  6515 : 0
  6512	  6539 : 0
  6536	  6543 : 0
  6540	  6547 : 0
  6544	  6555 : 1
  6552	  6639 : 0
  6636	  6643 : 1
  6640	  6647 : 0
  6644	  6659 : 0
  6656	  6663 : 0
  6660	  6667 : 0
  6664	  6675 : 0
  6672	  6679 : 0
  6676	  6703 : 0
  6700	  6715 : 0
  6712	  6807 : 0
  6804	  6819 : 1
  6816	  6823 : 0
  6820	  6831 : 0
  6828	  6843 : 0
  6840	  6863 : 0
  6860	  6867 : 0
  6864	  6879 : 0
  6876	  6883 : 0
  6880	  6935 : 0
  6932	  6943 : 0
  6940	  6947 : 0
  6944	  6955 : 0
  6952	  6963 : 0
  6960	  6967 : 0
  6964	  6971 : 0
  6968	  7015 : 0
  7012	  7035 : 1
  7032	  7063 : 0
  7060	  7123 : 1
  7120	  7191 : 0
  7188	  7195 : 0
  7192	  7199 : 0
  7196	  7203 : 0
  7200	  7207 : 0
  7204	  7259 : 0
  7256	  7267 : 0
  7264	  7287 : 0
  7284	  7291 : 0
  7288	  7347 : 1
  7344	  7375 : 0
  7372	  7407 : 0
  7404	  7427 : 0
  7424	  7431 : 0
  7428	  7447 : 0
  7444	  7451 : 0
  7448	  7475 : 0
  7472	  7483 : 0
  7480	  7487 : 0
  7484	  7495 : 0
  7492	  7503 : 0
  7500	  7507 : 0
  7504	  7527 : 0
  7524	  7531 : 0
  7528	  7655 : 0
  7652	  7663 : 1
  7660	  7775 : 0
  7772	  7779 : 0
  7776	  7803 : 0
  7800	  7807 : 0
  7804	  7823 : 0
  7820	  7839 : 0
  7836	  7847 : 0
  7844	  7851 : 0
  7848	  7855 : 0
  7852	  7859 : 0
  7856	  7867 : 0
  7864	  7895 : 0
  7892	  7927 : 0
  7924	  7947 : 0
  7944	  7955 : 0
  7952	  7979 : 0
  7976	  8003 : 0
  8000	  8007 : 0
  8004	  8019 : 0
  8016	  8035 : 0
  8032	  8047 : 0
  8044	  8059 : 0
  8056	  8131 : 0
  8128	  8135 : 1
  8132	  8163 : 0
  8160	  8199 : 0
  8196	  8207 : 0
  8204	  8211 : 0
  8208	  8215 : 0
  8212	  8243 : 0
  8240	  8315 : 0
  8312	  8319 : 1
  8316	  8395 : 0
  8392	  8403 : 0
  8400	  8423 : 0
  8420	  8427 : 1
  8424	  8443 : 0
  8440	  8451 : 0
  8448	  8455 : 0
  8452	  8491 : 0
  8488	  8495 : 0
  8492	  8503 : 0
  8500	  8515 : 0
  8512	  8539 : 0
  8536	  8551 : 0
  8548	  8615 : 0
  8612	  8619 : 0
  8616	  8627 : 0
  8624	  8643 : 0
  8640	  8647 : 0
  8644	  8651 : 0
  8648	  8655 : 0
  8652	  8659 : 0
  8656	  8663 : 0
  8660	  8683 : 0
  8680	  8695 : 0
  8692	  8699 : 0
  8696	  8787 : 1
  8784	  8791 : 0
  8788	  8799 : 0
  8796	  8807 : 0
  8804	  8811 : 0
  8808	  8835 : 0
  8832	  8839 : 0
  8836	  8851 : 0
  8848	  8859 : 0
  8856	  8863 : 0
  8860	  8939 : 0
  8936	  8951 : 0
  8948	  8955 : 0
  8952	  8959 : 0
  8956	  8983 : 0
  8980	  8991 : 0
  8988	  8999 : 0
  8996	  9007 : 0
  9004	  9027 : 0
  9024	  9035 : 0
  9032	  9039 : 0
  9036	  9043 : 0
  9040	  9055 : 0
  9052	  9071 : 0
  9068	  9075 : 0
  9072	  9083 : 0
  9080	  9087 : 0
  9084	  9111 : 0
  9108	  9119 : 0
  9116	  9123 : 0
  9120	  9127 : 0
  9124	  9131 : 0
  9128	  9139 : 0
  9136	  9143 : 0
  9140	  9155 : 0
  9152	  9175 : 0
  9172	  9191 : 1
  9188	  9203 : 0
  9200	  9227 : 0
  9224	  9243 : 0
  9240	  9247 : 0
  9244	  9271 : 0
  9268	  9291 : 0
  9288	  9299 : 0
  9296	  9331 : 0
  9328	  9335 : 0
  9332	  9371 : 0
  9368	  9375 : 0
  9372	  9383 : 0
  9380	  9395 : 0
  9392	  9411 : 0
  9408	  9419 : 0
  9416	  9451 : 0
  9448	  9459 : 0
  9456	  9467 : 0
  9464	  9515 : 0
  9512	  9519 : 1
  9516	  9539 : 0
  9536	  9547 : 0
  9544	  9567 : 0
  9564	  9579 : 0
  9576	  9595 : 0
  9592	  9603 : 0
  9600	  9635 : 0
  9632	  9643 : 0
  9640	  9647 : 0
  9644	  9651 : 1
  9648	  9755 : 0
  9752	  9759 : 1
  9756	  9779 : 0
  9776	  9823 : 0
  9820	  9887 : 0
  9884	  9899 : 1
  9896	  9911 : 0
  9908	  9915 : 0
  9912	  9919 : 0
  9916	  9955 : 0
  9952	  9971 : 0
  9968	  9975 : 0
  9972	  9979 : 0
  9976	 10027 : 0
 10024	 10039 : 0
 10036	 10043 : 0
 10040	 10047 : 0
 10044	 10055 : 0
 10052	 10063 : 0
 10060	 10071 : 0
 10068	 10079 : 0
 10076	 10179 : 0
 10176	 10195 : 0
 10192	 10207 : 0
 10204	 10215 : 0
 10212	 10219 : 0
 10216	 10231 : 0
 10228	 10235 : 0
 10232	 10255 : 0
 10252	 10259 : 0
 10256	 10279 : 0
 10276	 10283 : 0
 10280	 10331 : 0
 10328	 10335 : 0
 10332	 10367 : 0
 10364	 10375 : 1
 10372	 10423 : 0
 10420	 10435 : 0
 10432	 10443 : 0
 10440	 10455 : 0
 10452	 10463 : 0
 10460	 10471 : 0
 10468	 10495 : 0
 10492	 10499 : 0
 10496	 10607 : 0
 10604	 10615 : 1
 10612	 10703 : 0
 10700	 10719 : 1
 10716	 10731 : 0
 10728	 10735 : 0
 10732	 10747 : 0
 10744	 10751 : 0
 10748	 10755 : 0
 10752	 10763 : 0
 10760	 10779 : 0
 10776	 10847 : 0
 10844	 10867 : 0
 10864	 10871 : 0
 10868	 10879 : 0
 10876	 10891 : 0
 10888	 10911 : 0
 10908	 10939 : 0
 10936	 10943 : 0
 10940	 10975 : 0
 10972	 10979 : 0
 10976	 10991 : 0
 10988	 10995 : 0
 10992	 11003 : 0
 11000	 11011 : 0
 11008	 11047 : 0
 11044	 11051 : 0
 11048	 11055 : 0
 11052	 11091 : 0
 11088	 11099 : 0
 11096	 11107 : 0
 11104	 11111 : 0
 11108	 11119 : 0
 11116	 11127 : 0
 11124	 11195 : 0
 11192	 11223 : 0
 11220	 11235 : 0
 11232	 11247 : 0
 11244	 11255 : 0
 11252	 11279 : 0
 11276	 11287 : 0
 11284	 11291 : 0
 11288	 11319 : 0
 11316	 11347 : 0
 11344	 11379 : 0
 11376	 11387 : 0
 11384	 11403 : 0
 11400	 11407 : 0
 11404	 11427 : 0
 11424	 11431 : 0
 11428	 11443 : 0
 11440	 11451 : 0
 11448	 11455 : 0
 11452	 11463 : 0
 11460	 11467 : 0
 11464	 11471 : 0
 11468	 11483 : 0
 11480	 11491 : 0
 11488	 11503 : 0
 11500	 11515 : 0
 11512	 11519 : 0
 11516	 11523 : 0
 11520	 11547 : 0
 11544	 11579 : 0
 11576	 11583 : 0
 11580	 11663 : 0
 11660	 11667 : 0
 11664	 11671 : 0
 11668	 11675 : 0
 11672	 11743 : 0
 11740	 11747 : 0
 11744	 11751 : 0
 11748	 11767 : 0
 11764	 11775 : 0
 11772	 11783 : 0
 11780	 11787 : 0
 11784	 11815 : 0
 11812	 11819 : 1
 11816	 11823 : 0
 11820	 11827 : 0
 11824	 11847 : 0
 11844	 11855 : 0
 11852	 11859 : 0
 11856	 11863 : 1
 11860	 11875 : 0
 11872	 11879 : 0
 11876	 11891 : 0
 11888	 11931 : 0
 11928	 11935 : 0
 11932	 11939 : 0
 11936	 11943 : 0
 11940	 11963 : 0
 11960	 11967 : 0
 11964	 11983 : 0
 11980	 11987 : 0
 11984	 11999 : 0
 11996	 12003 : 0
 12000	 12007 : 1
 12004	 12023 : 0
 12020	 12059 : 0
 12056	 12075 : 0
 12072	 12079 : 0
 12076	 12087 : 0
 12084	 12107 : 0
 12104	 12115 : 0
 12112	 12135 : 0
 12132	 12155 : 0
 12152	 12163 : 0
 12160	 12171 : 0
 12168	 12175 : 0
 12172	 12191 : 0
 12188	 12199 : 0
 12196	 12227 : 0
 12224	 12243 : 0
 12240	 12247 : 0
 12244	 12251 : 0
 12248	 12259 : 0
 12256	 12263 : 0
 12260	 12299 : 0
 12296	 12319 : 0
 12316	 12323 : 0
 12320	 12375 : 0
 12372	 12419 : 0
 12416	 12431 : 0
 12428	 12435 : 0
 12432	 12439 : 0
 12436	 12451 : 0
 12448	 12455 : 0
 12452	 12467 : 0
 12464	 12471 : 0
 12468	 12475 : 0
 12472	 12479 : 0
 12476	 12483 : 0
 12480	 12519 : 0
 12516	 12547 : 0
 12544	 12551 : 1
 12548	 12567 : 0
 12564	 12571 : 1
 12568	 12603 : 0
 12600	 12607 : 1
 12604	 12631 : 0
 12628	 12635 : 0
 12632	 12667 : 0
 12664	 12711 : 0
 12708	 12715 : 0
 12712	 12731 : 0
 12728	 12739 : 0
 12736	 12743 : 0
 12740	 12751 : 0
 12748	 12755 : 0
 12752	 12775 : 0
 12772	 12787 : 0
 12784	 12803 : 0
 12800	 12815 : 0
 12812	 12835 : 0
 12832	 12843 : 0
 12840	 12855 : 0
 12852	 12859 : 0
 12856	 12871 : 0
 12868	 12879 : 0
 12876	 12883 : 0
 12880	 12887 : 0
 12884	 12899 : 0
 12896	 12903 : 0
 12900	 12907 : 0
 12904	 12927 : 0
 12924	 12931 : 0
 12928	 13343 : 0
 13340	 13359 : 0
 13356	 13363 : 0
 13360	 13383 : 0
 13380	 13407 : 0
 13404	 13411 : 0
 13408	 13555 : 0
 13552	 13563 : 0
 13560	 13579 : 0
 13576	 13587 : 0
 13584	 13591 : 0
 13588	 13607 : 0
 13604	 13611 : 0
 13608	 13619 : 0
 13616	 13623 : 0
 13620	 13635 : 0
 13632	 13651 : 0
 13648	 13663 : 0
 13660	 13667 : 0
 13664	 13823 : 0
 13820	 13851 : 1
 13848	 13855 : 0
 13852	 13879 : 0
 13876	 13883 : 0
 13880	 13903 : 0
 13900	 13911 : 0
 13908	 13915 : 0
 13912	 13919 : 0
 13916	 13923 : 0
 13920	 13943 : 0
 13940	 13951 : 0
 13948	 13963 : 0
 13960	 13971 : 0
 13968	 13975 : 0
 13972	 13987 : 0
 13984	 13991 : 0
 13988	 13995 : 0
 13992	 14007 : 0
 14004	 14035 : 1
 14032	 14043 : 0
 14040	 14055 : 0
 14052	 14083 : 0
 14080	 14179 : 0
 14176	 14183 : 0
 14180	 14191 : 1
 14188	 14227 : 0
 14224	 14303 : 0
 14300	 14315 : 0
 14312	 14455 : 0
 14452	 14491 : 0
 14488	 14503 : 0
 14500	 14511 : 0
 14508	 14515 : 1
 14512	 14563 : 0
 14560	 14599 : 0
 14596	 14607 : 0
 14604	 14611 : 0
 14608	 14615 : 0
 14612	 14639 : 0
 14636	 14647 : 0
 14644	 14663 : 0
 14660	 14667 : 0
 14664	 14715 : 0
 14712	 14719 : 0
 14716	 14839 : 0
 14836	 14843 : 0
 14840	 14943 : 0
 14940	 14947 : 0
 14944	 14987 : 0
 14984	 14991 : 0
 14988	 15011 : 0
 15008	 15035 : 0
 15032	 15051 : 0
 15048	 15099 : 0
 15096	 15107 : 0
 15104	 15143 : 0
 15140	 15155 : 0
 15152	 15163 : 0
 15160	 15199 : 0
 15196	 15207 : 0
 15204	 15227 : 0
 15224	 15235 : 0
 15232	 15239 : 0
 15236	 15243 : 0
 15240	 15263 : 0
 15260	 15267 : 0
 15264	 15295 : 1
 15292	 15299 : 0
 15296	 15311 : 0
 15308	 15319 : 0
 15316	 15327 : 1
 15324	 15331 : 0
 15328	 15339 : 0
 15336	 15343 : 0
 15340	 15347 : 0
 15344	 15359 : 0
 15356	 15399 : 0
 15396	 15403 : 0
 15400	 15411 : 1
 15408	 15431 : 0
 15428	 15451 : 0
 15448	 15467 : 0
 15464	 15475 : 1
 15472	 15479 : 0
 15476	 15495 : 1
 15492	 15499 : 0
 15496	 15507 : 0
 15504	 15519 : 0
 15516	 15543 : 1
 15540	 15563 : 0
 15560	 15583 : 0
 15580	 15591 : 0
 15588	 15599 : 0
 15596	 15623 : 0
 15620	 15667 : 0
 15664	 15679 : 0
 15676	 15683 : 0
 15680	 15703 : 0
 15700	 15707 : 1
 15704	 15715 : 0
 15712	 15755 : 0
 15752	 15803 : 0
 15800	 15807 : 1
 15804	 15815 : 0
 15812	 15835 : 0
 15832	 15843 : 0
 15840	 15847 : 0
 15844	 15851 : 0
 15848	 15871 : 0
 15868	 15879 : 0
 15876	 15891 : 1
 15888	 15903 : 0
 15900	 15911 : 0
 15908	 15919 : 0
 15916	 15955 : 1
 15952	 15963 : 0
 15960	 15987 : 0
 15984	 15999 : 0
 15996	 16003 : 0
 16000	 16007 : 0
 16004	 16043 : 1
 16040	 16051 : 0
 16048	 16059 : 1
 16056	 16063 : 0
 16060	 16079 : 1
 16076	 16107 : 0
 16104	 16167 : 1
 16164	 16171 : 0
 16168	 16215 : 0
 16212	 16243 : 0
 16240	 16267 : 1
 16264	 16283 : 0
 16280	 16287 : 0
 16284	 16291 : 0
 16288	 16299 : 0
 16296	 16327 : 0
 16324	 16335 : 0
 16332	 16339 : 0
 16336	 16343 : 0
 16340	 16387 : 0
 16384	 16395 : 0
 16392	 16407 : 0
 16404	 16415 : 0
 16412	 16423 : 0
 16420	 16427 : 0
 16424	 16455 : 0
 16452	 16463 : 0
 16460	 16559 : 0
 16556	 16627 : 1
 16624	 16639 : 0
 16636	 16643 : 0
 16640	 16651 : 0
 16648	 16659 : 0
 16656	 16663 : 0
 16660	 16683 : 0
 16680	 16687 : 0
 16684	 16703 : 0
 16700	 16723 : 0
 16720	 16743 : 0
 16740	 16747 : 0
 16744	 16755 : 0
 16752	 16759 : 0
 16756	 16771 : 0
 16768	 16791 : 0
 16788	 16795 : 0
 16792	 16851 : 0
 16848	 16855 : 1
 16852	 16891 : 0
 16888	 16915 : 0
 16912	 16919 : 0
 16916	 16935 : 1
 16932	 16939 : 0
 16936	 16983 : 0
 16980	 16987 : 0
 16984	 16991 : 0
 16988	 16995 : 0
 16992	 17003 : 1
 17000	 17063 : 0
 17060	 17087 : 0
 17084	 17095 : 0
 17092	 17175 : 0
 17172	 17187 : 0
 17184	 17231 : 0
 17228	 17255 : 0
 17252	 17259 : 0
 17256	 17283 : 0
 17280	 17287 : 0
 17284	 17299 : 0
 17296	 17303 : 0
 17300	 17311 : 0
 17308	 17339 : 0
 17336	 17347 : 0
 17344	 17367 : 0
 17364	 17383 : 0
 17380	 17423 : 0
 17420	 17447 : 0
 17444	 17471 : 0
 17468	 17475 : 0
 17472	 17479 : 0
 17476	 17487 : 0
 17484	 17495 : 1
 17492	 17507 : 0
 17504	 17515 : 0
 17512	 17523 : 0
 17520	 17531 : 0
 17528	 17539 : 0
 17536	 17567 : 0
 17564	 17627 : 0
 17624	 17651 : 0
 17648	 17667 : 0
 17664	 17675 : 0
 17672	 17691 : 0
 17688	 17727 : 0
 17724	 17731 : 0
 17728	 17747 : 0
 17744	 17751 : 0
 17748	 17759 : 0
 17756	 17783 : 0
 17780	 17795 : 0
 17792	 17799 : 0
 17796	 17819 : 0
 17816	 17843 : 0
 17840	 17907 : 0
 17904	 17911 : 0
 17908	 17955 : 0
 17952	 17967 : 0
 17964	 18023 : 0
 18020	 18091 : 0
 18088	 18103 : 0
 18100	 18115 : 0
 18112	 18119 : 0
 18116	 18123 : 0
 18120	 18127 : 0
 18124	 18135 : 0
 18132	 18143 : 1
 18140	 18147 : 0
 18144	 18155 : 0
 18152	 18159 : 0
 18156	 18167 : 0
 18164	 18191 : 0
 18188	 18195 : 0
 18192	 18231 : 0
 18228	 18239 : 0
 18236	 18243 : 0
 18240	 18267 : 1
 18264	 18271 : 0
 18268	 18307 : 0
 18304	 18311 : 0
 18308	 18315 : 0
 18312	 18327 : 0
 18324	 18427 : 0
 18424	 18435 : 0
 18432	 18459 : 0
 18456	 18483 : 0
 18480	 18487 : 0
 18484	 18499 : 0
 18496	 18555 : 0
 18552	 18587 : 0
 18584	 18607 : 0
 18604	 18611 : 0
 18608	 18623 : 0
 18620	 18643 : 0
 18640	 18695 : 1
 18692	 18699 : 0
 18696	 18707 : 0
 18704	 18727 : 0
 18724	 18731 : 0
 18728	 18743 : 0
 18740	 18755 : 0
 18752	 18759 : 0
 18756	 18771 : 0
 18768	 18775 : 0
 18772	 18783 : 0
 18780	 18791 : 0
 18788	 18807 : 0
 18804	 18811 : 0
 18808	 18835 : 0
 18832	 18839 : 0
 18836	 18899 : 0
 18896	 18935 : 0
 18932	 18987 : 0
 18984	 18995 : 0
 18992	 19003 : 0
 19000	 19055 : 0
 19052	 19143 : 0
 19140	 19151 : 0
 19148	 19155 : 0
 19152	 19159 : 0
 19156	 19163 : 0
 19160	 19179 : 0
 19176	 19183 : 0
 19180	 19187 : 0
 19184	 19239 : 0
 19236	 19243 : 0
 19240	 19247 : 0
 19244	 19323 : 0
 19320	 19327 : 0
 19324	 19415 : 0
 19412	 19419 : 0
 19416	 19423 : 0
 19420	 19467 : 0
 19464	 19503 : 0
 19500	 19507 : 0
 19504	 19511 : 0
 19508	 19575 : 0
 19572	 19599 : 0
 19596	 19603 : 0
 19600	 19631 : 0
 19628	 19723 : 0
 19720	 19731 : 0
 19728	 19755 : 0
 19752	 19759 : 0
 19756	 19767 : 0
 19764	 19771 : 0
 19768	 19811 : 0
 19808	 19867 : 0
 19864	 19871 : 0
 19868	 19879 : 0
 19876	 19883 : 0
 19880	 19891 : 0
 19888	 19899 : 0
 19896	 19907 : 0
 19904	 19911 : 0
 19908	 19919 : 0
 19916	 19923 : 1
 19920	 19951 : 0
 19948	 19963 : 1
 19960	 19975 : 0
 19972	 19999 : 0
 19996	 20007 : 0
 20004	 20035 : 0
 20032	 20087 : 0
 20084	 20095 : 1
 20092	 20107 : 0
 20104	 20111 : 0
 20108	 20115 : 0
 20112	 20119 : 0
 20116	 20123 : 0
 20120	 20127 : 0
 20124	 20147 : 0
 20144	 20191 : 1
 20188	 20195 : 0
 20192	 20199 : 0
 20196	 20207 : 0
 20204	 20211 : 0
 20208	 20219 : 0
 20216	 20283 : 0
 20280	 20287 : 0
 20284	 20295 : 0
 20292	 20335 : 0
 20332	 20359 : 0
 20356	 20387 : 0
 20384	 20447 : 1
 20444	 20483 : 0
 20480	 20487 : 0
 20484	 20503 : 0
 20500	 20567 : 0
 20564	 20571 : 0
 20568	 20623 : 0
 20620	 20679 : 0
 20676	 20687 : 0
 20684	 20703 : 0
 20700	 20747 : 0
 20744	 20751 : 0
 20748	 20763 : 0
 20760	 20775 : 0
 20772	 20779 : 0
 20776	 20783 : 0
 20780	 20803 : 0
 20800	 20859 : 0
 20856	 20863 : 0
 20860	 20887 : 0
 20884	 20895 : 0
 20892	 20899 : 0
 20896	 20903 : 1
 20900	 20923 : 0
 20920	 20927 : 0
 20924	 20939 : 0
 20936	 20975 : 1
 20972	 21015 : 0
 21012	 21023 : 0
 21020	 21043 : 0
 21040	 21051 : 0
 21048	 21095 : 0
 21092	 21163 : 0
 21160	 21171 : 0
 21168	 21175 : 0
 21172	 21223 : 0
 21220	 21231 : 0
 21228	 21275 : 0
 21272	 21279 : 0
 21276	 21283 : 0
 21280	 21287 : 0
 21284	 21295 : 0
 21292	 21299 : 1
 21296	 21303 : 0
 21300	 21311 : 0
 21308	 21327 : 0
 21324	 21391 : 1
 21388	 21399 : 0
 21396	 21467 : 0
 21464	 21515 : 0
 21512	 21519 : 1
 21516	 21527 : 0
 21524	 21547 : 0
 21544	 21563 : 0
 21560	 21571 : 0
 21568	 21575 : 0
 21572	 21587 : 0
 21584	 21603 : 0
 21600	 21623 : 0
 21620	 21627 : 0
 21624	 21699 : 0
 21696	 21719 : 0
 21716	 21723 : 0
 21720	 21747 : 0
 21744	 21755 : 1
 21752	 21763 : 0
 21760	 21767 : 0
 21764	 21807 : 0
 21804	 21811 : 0
 21808	 21819 : 0
 21816	 21831 : 0
 21828	 21835 : 0
 21832	 21843 : 0
 21840	 21879 : 0
 21876	 21903 : 1
 21900	 21915 : 0
 21912	 21927 : 0
 21924	 21991 : 0
 21988	 22007 : 0
 22004	 22019 : 0
 22016	 22027 : 0
 22024	 22035 : 0
 22032	 22039 : 0
 22036	 22047 : 0
 22044	 22151 : 1
 22148	 22155 : 0
 22152	 22179 : 0
 22176	 22187 : 0
 22184	 22207 : 1
 22204	 22211 : 0
 22208	 22219 : 0
 22216	 22223 : 0
 22220	 22235 : 1
 22232	 22243 : 0
 22240	 22247 : 0
 22244	 22255 : 0
 22252	 22267 : 0
 22264	 22271 : 0
 22268	 22279 : 0
 22276	 22287 : 0
 22284	 22339 : 0
 22336	 22347 : 0
 22344	 22371 : 0
 22368	 22383 : 0
 22380	 22407 : 0
 22404	 22411 : 0
 22408	 22423 : 1
 22420	 22427 : 0
 22424	 22451 : 1
 22448	 22467 : 0
 22464	 22487 : 0
 22484	 22495 : 0
 22492	 22499 : 0
 22496	 22511 : 0
 22508	 22611 : 0
 22608	 22659 : 0
 22656	 22715 : 0
 22712	 22719 : 0
 22716	 22759 : 0
 22756	 22763 : 0
 22760	 22767 : 0
 22764	 22835 : 0
 22832	 22839 : 0
 22836	 22851 : 0
 22848	 22915 : 0
 22912	 22919 : 0
 22916	 22995 : 0
 22992	 22999 : 0
 22996	 23015 : 0
 23012	 23027 : 0
 23024	 23055 : 0
 23052	 23059 : 0
 23056	 23067 : 0
 23064	 23079 : 0
 23076	 23087 : 0
 23084	 23139 : 0
 23136	 23147 : 0
 23144	 23151 : 0
 23148	 23247 : 0
 23244	 23255 : 0
 23252	 23259 : 0
 23256	 23263 : 0
 23260	 23271 : 0
 23268	 23275 : 0
 23272	 23303 : 0
 23300	 23307 : 0
 23304	 23315 : 0
 23312	 23323 : 0
 23320	 23367 : 0
 23364	 23375 : 0
 23372	 23403 : 0
 23400	 23423 : 0
 23420	 23507 : 0
 23504	 23523 : 0
 23520	 23619 : 0
 23616	 23635 : 0
 23632	 23643 : 0
 23640	 23663 : 0
 23660	 23687 : 0
 23684	 23691 : 0
 23688	 23727 : 0
 23724	 23731 : 0
 23728	 23735 : 0
 23732	 23847 : 0
 23844	 23851 : 1
 23848	 23867 : 0
 23864	 23871 : 0
 23868	 23875 : 0
 23872	 23915 : 0
 23912	 23919 : 0
 23916	 23927 : 0
 23924	 23967 : 0
 23964	 24047 : 0
 24044	 24055 : 0
 24052	 24123 : 0
 24120	 24127 : 0
 24124	 24163 : 0
 24160	 24167 : 0
 24164	 24243 : 0
 24240	 24251 : 0
 24248	 24267 : 0
 24264	 24291 : 0
 24288	 24303 : 0
 24300	 24315 : 0
 24312	 24323 : 0
 24320	 24327 : 0
 24324	 24343 : 0
 24340	 24347 : 0
 24344	 24359 : 0
 24356	 24367 : 0
 24364	 24511 : 0
 24508	 24719 : 0
 24716	 24739 : 0
 24736	 24747 : 0
 24744	 24791 : 0
 24788	 24823 : 0
 24820	 24895 : 0
 24892	 24899 : 0
 24896	 24911 : 0
 24908	 24947 : 0
 24944	 25015 : 1
 25012	 25051 : 0
 25048	 25063 : 1
 25060	 25127 : 0
 25124	 25143 : 0
 25140	 25151 : 0
 25148	 25179 : 0
 25176	 25211 : 0
 25208	 25227 : 1
 25224	 25239 : 0
 25236	 25299 : 0
 25296	 25311 : 0
 25308	 25331 : 0
 25328	 25359 : 0
 25356	 25371 : 0
 25368	 25435 : 0
 25432	 25451 : 0
 25448	 25479 : 0
 25476	 25483 : 0
 25480	 25487 : 0
 25484	 25491 : 0
 25488	 25495 : 0
 25492	 25527 : 0
 25524	 25539 : 0
 25536	 25551 : 0
 25548	 25559 : 0
 25556	 25563 : 0
 25560	 25571 : 0
 25568	 25575 : 0
 25572	 25579 : 0
 25576	 25595 : 0
 25592	 25599 : 0
 25596	 25611 : 1
 25608	 25615 : 0
 25612	 25619 : 0
 25616	 25623 : 0
 25620	 25627 : 0
 25624	 25639 : 0
 25636	 25647 : 0
 25644	 25651 : 0
 25648	 25667 : 0
 25664	 25675 : 0
 25672	 25751 : 0
 25748	 25779 : 0
 25776	 25879 : 1
 25876	 25883 : 0
 25880	 25887 : 0
 25884	 25891 : 0
 25888	 25899 : 0
 25896	 25915 : 0
 25912	 25923 : 0
 25920	 25983 : 0
 25980	 25991 : 0
 25988	 26051 : 0
 26048	 26195 : 0
 26192	 26359 : 0
 26356	 26367 : 0
 26364	 26371 : 0
 26368	 26395 : 0
 26392	 26399 : 0
 26396	 26515 : 0
 26512	 26571 : 0
 26568	 26643 : 1
 26640	 26651 : 0
 26648	 26659 : 0
 26656	 26667 : 0
 26664	 26671 : 0
 26668	 26687 : 0
 26684	 26703 : 0
 26700	 26723 : 0
 26720	 26935 : 0
 26932	 26951 : 0
 26948	 26955 : 0
 26952	 26963 : 0
 26960	 26983 : 0
 26980	 26995 : 0
 26992	 26999 : 0
 26996	 27003 : 0
 27000	 27023 : 0
 27020	 27027 : 0
 27024	 27035 : 0
 27032	 27067 : 0
 27064	 27075 : 0
 27072	 27079 : 0
 27076	 27091 : 0
 27088	 27095 : 0
 27092	 27103 : 0
 27100	 27203 : 0
 27200	 27207 : 0
 27204	 27215 : 0
 27212	 27219 : 0
 27216	 27247 : 0
 27244	 27255 : 0
 27252	 27263 : 0
 27260	 27267 : 0
 27264	 27275 : 0
 27272	 27279 : 0
 27276	 27287 : 0
 27284	 27307 : 0
 27304	 27315 : 0
 27312	 27495 : 0
 27492	 27503 : 0
 27500	 27539 : 0
 27536	 27623 : 0
 27620	 27679 : 0
 27676	 27683 : 0
 27680	 27695 : 0
 27692	 27699 : 0
 27696	 27727 : 0
 27724	 27735 : 0
 27732	 27787 : 0
 27784	 27823 : 0
 27820	 27875 : 0
 27872	 27879 : 0
 27876	 27895 : 0
 27892	 27915 : 0
 27912	 27951 : 0
 27948	 27963 : 0
 27960	 27991 : 0
 27988	 27995 : 0
 27992	 28015 : 0
 28012	 28047 : 0
 28044	 28055 : 0
 28052	 28087 : 0
 28084	 28091 : 0
 28088	 28111 : 0
 28108	 28123 : 0
 28120	 28131 : 0
 28128	 28183 : 0
 28180	 28187 : 0
 28184	 28211 : 0
 28208	 28215 : 0
 28212	 28239 : 0
 28236	 28247 : 0
 28244	 28251 : 0
 28248	 28267 : 0
 28264	 28287 : 0
 28284	 28291 : 0
 28288	 28355 : 0
 28352	 28367 : 0
 28364	 28387 : 0
 28384	 28395 : 0
 28392	 28407 : 0
 28404	 28415 : 0
 28412	 28455 : 0
 28452	 28459 : 0
 28456	 28723 : 0
 28720	 28727 : 0
 28724	 28739 : 0
 28736	 28743 : 0
 28740	 28759 : 0
 28756	 28771 : 0
 28768	 28799 : 0
 28796	 28819 : 0
 28816	 28827 : 0
 28824	 28843 : 0
 28840	 28899 : 0
 28896	 28907 : 0
 28904	 28923 : 0
 28920	 28927 : 0
 28924	 28935 : 0
 28932	 28943 : 0
 28940	 28947 : 0
 28944	 28951 : 0
 28948	 28955 : 0
 28952	 28971 : 0
 28968	 28975 : 0
 28972	 28987 : 0
 28984	 29039 : 0
 29036	 29047 : 0
 29044	 29119 : 0
 29116	 29123 : 0
 29120	 29155 : 0
 29152	 29171 : 0
 29168	 29183 : 0
 29180	 29187 : 0
 29184	 29195 : 0
 29192	 29203 : 0
 29200	 29207 : 0
 29204	 29215 : 0
 29212	 29267 : 0
 29264	 29279 : 0
 29276	 29299 : 0
 29296	 29303 : 0
 29300	 29371 : 1
 29368	 29375 : 0
 29372	 29379 : 0
 29376	 29427 : 0
 29424	 29431 : 0
 29428	 29439 : 0
 29436	 29451 : 0
 29448	 29455 : 0
 29452	 29459 : 0
 29456	 29463 : 0
 29460	 29467 : 0
 29464	 29471 : 0
 29468	 29507 : 0
 29504	 29515 : 0
 29512	 29523 : 0
 29520	 29531 : 0
 29528	 29535 : 1
 29532	 29539 : 0
 29536	 29547 : 0
 29544	 29555 : 0
 29552	 29623 : 0
 29620	 29683 : 0
 29680	 29799 : 1
 29796	 29815 : 0
 29812	 29823 : 0
 29820	 29883 : 0
 29880	 29895 : 1
 29892	 29899 : 0
 29896	 29923 : 0
 29920	 29931 : 0
 29928	 29939 : 0
 29936	 29943 : 0
 29940	 29987 : 0
 29984	 29991 : 0
 29988	 29999 : 0
 29996	 30011 : 0
 30008	 30039 : 0
 30036	 30047 : 0
 30044	 30059 : 0
 30056	 30063 : 0
 30060	 30067 : 0
 30064	 30075 : 0
 30072	 30123 : 0
 30120	 30131 : 0
 30128	 30151 : 1
 30148	 30163 : 0
 30160	 30171 : 0
 30168	 30187 : 0
 30184	 30199 : 0
 30196	 30219 : 0
 30216	 30271 : 0
 30268	 30275 : 0
 30272	 30295 : 0
 30292	 30299 : 0
 30296	 30335 : 0
 30332	 30343 : 0
 30340	 30359 : 0
 30356	 30363 : 0
 30360	 30379 : 0
 30376	 30383 : 0
 30380	 30399 : 0
 30396	 30403 : 0
 30400	 30423 : 0
 30420	 30431 : 0
 30428	 30439 : 0
 30436	 30451 : 0
 30448	 30463 : 0
 30460	 30467 : 0
 30464	 30471 : 0
 30468	 30475 : 0
 30472	 30503 : 0
 30500	 30507 : 0
 30504	 30531 : 0
 30528	 30543 : 0
 30540	 30559 : 0
 30556	 30607 : 0
 30604	 30619 : 0
 30616	 30623 : 0
 30620	 30651 : 1
 30648	 30679 : 0
 30676	 30683 : 1
 30680	 30687 : 0
 30684	 30691 : 0
 30688	 30695 : 0
 30692	 30767 : 0
 30764	 30783 : 0
 30780	 30819 : 0
 30816	 30823 : 0
 30820	 30827 : 0
 30824	 30871 : 0
 30868	 30879 : 0
 30876	 30887 : 0
 30884	 30899 : 0
 30896	 30903 : 0
 30900	 30911 : 0
 30908	 30923 : 0
 30920	 30927 : 0
 30924	 30931 : 0
 30928	 30939 : 0
 30936	 30959 : 0
 30956	 31027 : 1
 31024	 31035 : 0
 31032	 31055 : 0
 31052	 31127 : 0
 31124	 31183 : 1
 31180	 31191 : 0
 31188	 31199 : 0
 31196	 31295 : 0
 31292	 31299 : 0
 31296	 31339 : 0
 31336	 31347 : 0
 31344	 31371 : 0
 31368	 31375 : 0
 31372	 31379 : 0
 31376	 31423 : 0
 31420	 31463 : 0
 31460	 31471 : 0
 31468	 31479 : 0
 31476	 31503 : 0
 31500	 31511 : 0
 31508	 31579 : 0
 31576	 31587 : 0
 31584	 31651 : 0
 31648	 31707 : 0
 31704	 31711 : 0
 31708	 31715 : 0
 31712	 31719 : 0
 31716	 31723 : 0
 31720	 31727 : 0
 31724	 31731 : 0
 31728	 31743 : 0
 31740	 31791 : 0
 31788	 31815 : 0
 31812	 31823 : 0
 31820	 31831 : 0
 31828	 31875 : 0
 31872	 31887 : 0
 31884	 31891 : 0
 31888	 31959 : 0
 31956	 31967 : 0
 31964	 32019 : 0
 32016	 32023 : 0
 32020	 32063 : 0
 32060	 32075 : 0
 32072	 32091 : 0
 32088	 32107 : 0
 32104	 32115 : 0
 32112	 32123 : 0
 32120	 32159 : 0
 32156	 32163 : 0
 32160	 32191 : 0
 32188	 32195 : 0
 32192	 32507 : 0
 32504	 32515 : 0
 32512	 32531 : 0
 32528	 32535 : 0
 32532	 32551 : 0
 32548	 32555 : 0
 32552	 32735 : 0
 32732	 32751 : 0
 32748	 32763 : 0
 32760	 32767 : 0
 32764	 32783 : 0
 32780	 32787 : 0
 32784	 32807 : 0
 32804	 32815 : 0
 32812	 32823 : 0
 32820	 32827 : 0
 32824	 32855 : 0
 32852	 32867 : 0
 32864	 32891 : 0
 32888	 32899 : 0
 32896	 32903 : 0
 32900	 32927 : 0
 32924	 32931 : 1
 32928	 32947 : 0
 32944	 32983 : 0
 32980	 32987 : 0
 32984	 33003 : 0
 33000	 33007 : 0
 33004	 33023 : 0
 33020	 33031 : 0
 33028	 33135 : 0
 33132	 33203 : 0
 33200	 33231 : 0
 33228	 33235 : 0
 33232	 33255 : 0
 33252	 33259 : 0
 33256	 33263 : 0
 33260	 33271 : 0
 33268	 33291 : 0
 33288	 33295 : 0
 33292	 33303 : 0
 33300	 33307 : 0
 33304	 33319 : 0
 33316	 33335 : 0
 33332	 33343 : 0
 33340	 33347 : 0
 33344	 33355 : 0
 33352	 33371 : 0
 33368	 33379 : 0
 33376	 33383 : 0
 33380	 33387 : 0
 33384	 33399 : 0
 33396	 33403 : 0
 33400	 33419 : 0
 33416	 33427 : 1
 33424	 33447 : 0
 33444	 33451 : 0
 33448	 33487 : 0
 33484	 33495 : 0
 33492	 33515 : 0
 33512	 33519 : 0
 33516	 33535 : 0
 33532	 33551 : 0
 33548	 33559 : 0
 33556	 33575 : 0
 33572	 33603 : 0
 33600	 33611 : 0
 33608	 33619 : 0
 33616	 33639 : 0
 33636	 33679 : 0
 33676	 33687 : 0
 33684	 33703 : 0
 33700	 33715 : 0
 33712	 33719 : 0
 33716	 33739 : 0
 33736	 33755 : 0
 33752	 33779 : 0
 33776	 33783 : 0
 33780	 33787 : 0
 33784	 33807 : 0
 33804	 33815 : 0
 33812	 33819 : 0
 33816	 33823 : 0
 33820	 33835 : 0
 33832	 33839 : 0
 33836	 33843 : 0
 33840	 33871 : 0
 33868	 33875 : 0
 33872	 33911 : 0
 33908	 33935 : 0
 33932	 33943 : 0
 33940	 33951 : 0
 33948	 33955 : 0
 33952	 33963 : 0
 33960	 33975 : 0
 33972	 33979 : 0
 33976	 34011 : 0
 34008	 34031 : 0
 34028	 34035 : 0
 34032	 34043 : 0
 34040	 34051 : 0
 34048	 34059 : 0
 34056	 34063 : 0
 34060	 34071 : 0
 34068	 34075 : 0
 34072	 34103 : 0
 34100	 34107 : 0
 34104	 34111 : 0
 34108	 34191 : 0
 34188	 34199 : 0
 34196	 34207 : 0
 34204	 34283 : 0
 34280	 34303 : 0
 34300	 34319 : 0
 34316	 34323 : 0
 34320	 34327 : 0
 34324	 34339 : 0
 34336	 34347 : 0
 34344	 34387 : 0
 34384	 34395 : 0
 34392	 34447 : 0
 34444	 34451 : 0
 34448	 34499 : 0
 34496	 34519 : 0
 34516	 34523 : 0
 34520	 34535 : 0
 34532	 34539 : 0
 34536	 34543 : 0
 34540	 34547 : 0
 34544	 34555 : 0
 34552	 34679 : 0
 34676	 34707 : 0
 34704	 34843 : 0
 34840	 34847 : 0
 34844	 34931 : 0
 34928	 34939 : 0
 34936	 35035 : 0
 35032	 35039 : 0
 35036	 35095 : 0
 35092	 35099 : 0
 35096	 35115 : 0
 35112	 35119 : 0
 35116	 35143 : 0
 35140	 35155 : 0
 35152	 35191 : 0
 35188	 35195 : 0
 35192	 35235 : 0
 35232	 35239 : 0
 35236	 35275 : 0
 35272	 35319 : 0
 35316	 35327 : 0
 35324	 35331 : 0
 35328	 35347 : 0
 35344	 35363 : 0
 35360	 35367 : 0
 35364	 35379 : 0
 35376	 35403 : 0
 35400	 35443 : 0
 35440	 35447 : 0
 35444	 35467 : 0
 35464	 35475 : 0
 35472	 35479 : 0
 35476	 35615 : 0
 35612	 35619 : 0
 35616	 35663 : 0
 35660	 35775 : 0
 35772	 35783 : 0
 35780	 35799 : 0
 35796	 35871 : 0
 35868	 35875 : 0
 35872	 35915 : 0
 35912	 35947 : 0
 35944	 35971 : 0
 35968	 35983 : 0
 35980	 35987 : 1
 35984	 36011 : 0
 36008	 36031 : 0
 36028	 36035 : 0
 36032	 36083 : 0
 36080	 36103 : 0
 36100	 36111 : 0
 36108	 36135 : 0
 36132	 36139 : 0
 36136	 36151 : 0
 36148	 36263 : 0
 36260	 36267 : 0
 36264	 36279 : 0
 36276	 36291 : 0
 36288	 36295 : 1
 36292	 36347 : 0
 36344	 36355 : 0
 36352	 36367 : 0
 36364	 36423 : 0
 36420	 36439 : 0
 36436	 36523 : 0
 36520	 36547 : 0
 36544	 36555 : 0
 36552	 36579 : 0
 36576	 36591 : 0
 36588	 36623 : 0
 36620	 36651 : 0
 36648	 36679 : 0
 36676	 36707 : 0
 36704	 36719 : 0
 36716	 36907 : 0
 36904	 37019 : 0
 37016	 37027 : 0
 37024	 37103 : 0
 37100	 37107 : 0
 37104	 37115 : 0
 37112	 37119 : 0
 37116	 37123 : 0
 37120	 37135 : 0
 37132	 37143 : 0
 37140	 37159 : 0
 37156	 37179 : 0
 37176	 37199 : 0
 37196	 37207 : 0
 37204	 37251 : 0
 37248	 37263 : 0
 37260	 37267 : 0
 37264	 37275 : 0
 37272	 37307 : 0
 37304	 37311 : 0
 37308	 37319 : 0
 37316	 37347 : 0
 37344	 37351 : 0
 37348	 37355 : 0
 37352	 37371 : 0
 37368	 37375 : 0
 37372	 37391 : 0
 37388	 37395 : 0
 37392	 37499 : 0
 37496	 37523 : 0
 37520	 37615 : 0
 37612	 37711 : 0
 37708	 37727 : 0
 37724	 37731 : 0
 37728	 37763 : 0
 37760	 37767 : 0
 37764	 37787 : 0
 37784	 37791 : 0
 37788	 37811 : 0
 37808	 37819 : 0
 37816	 37859 : 0
 37856	 37863 : 0
 37860	 37871 : 0
 37868	 37883 : 0
 37880	 37999 : 0
 37996	 38015 : 0
 38012	 38019 : 0
 38016	 38023 : 0
 38020	 38031 : 0
 38028	 38035 : 0
 38032	 38047 : 0
 38044	 38071 : 0
 38068	 38147 : 0
 38144	 38151 : 0
 38148	 38171 : 0
 38168	 38199 : 0
 38196	 38203 : 0
 38200	 38211 : 0
 38208	 38215 : 0
 38212	 38219 : 0
 38216	 38247 : 0
 38244	 38275 : 0
 38272	 38279 : 0
 38276	 38303 : 0
 38300	 38307 : 0
 38304	 38323 : 0
 38320	 38423 : 0
 38420	 38427 : 0
 38424	 38471 : 0
 38468	 38543 : 0
 38540	 38547 : 0
 38544	 38555 : 0
 38552	 38767 : 0
 38764	 38771 : 0
 38768	 38831 : 0
 38828	 38839 : 0
 38836	 39035 : 0
 39032	 39047 : 0
 39044	 39071 : 0
 39068	 39075 : 0
 39072	 39111 : 0
 39108	 39119 : 0
 39116	 39363 : 0
 39360	 39367 : 0
 39364	 39415 : 0
 39412	 39419 : 0
 39416	 39447 : 0
 39444	 39467 : 0
 39464	 39479 : 0
 39476	 39483 : 0
 39480	 39495 : 0
 39492	 39503 : 0
 39500	 39555 : 0
 39552	 39563 : 0
 39560	 39583 : 0
 39580	 39603 : 0
 39600	 39811 : 0
 39808	 39815 : 0
 39812	 39819 : 1
 39816	 39827 : 0
 39824	 39835 : 0
 39832	 39843 : 0
 39840	 39883 : 0
 39880	 39899 : 0
 39896	 39903 : 0
 39900	 39911 : 0
 39908	 39935 : 0
 39932	 39939 : 0
 39936	 39971 : 0
 39968	 39979 : 0
 39976	 40007 : 1
 40004	 40011 : 0
 40008	 40039 : 0
 40036	 40043 : 0
 40040	 40055 : 0
 40052	 40059 : 0
 40056	 40071 : 0
 40068	 40075 : 0
 40072	 40083 : 0
 40080	 40087 : 0
 40084	 40103 : 0
 40100	 40159 : 0
 40156	 40167 : 1
 40164	 40171 : 0
 40168	 40179 : 1
 40176	 40203 : 0
 40200	 40231 : 0
 40228	 40235 : 0
 40232	 40247 : 0
 40244	 40279 : 0
 40276	 40283 : 0
 40280	 40287 : 0
 40284	 40295 : 0
 40292	 40303 : 0
 40300	 40311 : 0
 40308	 40319 : 0
 40316	 40323 : 1
 40320	 40327 : 0
 40324	 40331 : 0
 40328	 40335 : 0
 40332	 40339 : 1
 40336	 40347 : 0
 40344	 40355 : 0
 40352	 40359 : 0
 40356	 40427 : 1
 40424	 40455 : 0
 40452	 40459 : 1
 40456	 40463 : 0
 40460	 40499 : 1
 40496	 40507 : 0
 40504	 40523 : 1
 40520	 40535 : 0
 40532	 40539 : 1
 40536	 40543 : 0
 40540	 40551 : 0
 40548	 40591 : 0
 40588	 40611 : 0
 40608	 40619 : 0
 40616	 40631 : 1
 40628	 40643 : 0
 40640	 40683 : 1
 40680	 40687 : 0
 40684	 40703 : 0
 40700	 40719 : 0
 40716	 40739 : 0
 40736	 40811 : 0
 40808	 40815 : 1
 40812	 40823 : 0
 40820	 40827 : 0
 40824	 40863 : 0
 40860	 40867 : 1
 40864	 40903 : 0
 40900	 40907 : 0
 40904	 40935 : 0
 40932	 40959 : 0
 40956	 40971 : 0
 40968	 40999 : 0
 40996	 41003 : 0
 41000	 41043 : 0
 41040	 41051 : 0
 41048	 41087 : 0
 41084	 41091 : 0
 41088	 41167 : 0
 41164	 41171 : 0
 41168	 41179 : 0
 41176	 41183 : 0
 41180	 41219 : 0
 41216	 41223 : 0
 41220	 41243 : 1
 41240	 41263 : 0
 41260	 41303 : 0
 41300	 41307 : 0
 41304	 41343 : 0
 41340	 41351 : 0
 41348	 41399 : 0
 41396	 41403 : 0
 41400	 41435 : 0
 41432	 41443 : 0
 41440	 41447 : 0
 41444	 41467 : 0
 41464	 41475 : 0
 41472	 41487 : 0
 41484	 41503 : 0
 41500	 41507 : 0
 41504	 41515 : 0
 41512	 41519 : 0
 41516	 41595 : 0
 41592	 41603 : 0
 41600	 41635 : 1
 41632	 41643 : 0
 41640	 41647 : 0
 41644	 41651 : 0
 41648	 41663 : 0
 41660	 41667 : 0
 41664	 41675 : 1
 41672	 41699 : 0
 41696	 41707 : 0
 41704	 41711 : 0
 41708	 41723 : 0
 41720	 41803 : 0
 41800	 41895 : 1
 41892	 41911 : 0
 41908	 41915 : 0
 41912	 41927 : 0
 41924	 41939 : 0
 41936	 41995 : 0
 41992	 42059 : 0
 42056	 42063 : 0
 42060	 42103 : 0
 42100	 42107 : 0
 42104	 42111 : 0
 42108	 42179 : 0
 42176	 42183 : 0
 42180	 42195 : 0
 42192	 42203 : 0
 42200	 42207 : 0
 42204	 42423 : 0
 42420	 42427 : 0
 42424	 42511 : 0
 42508	 42535 : 0
 42532	 42539 : 0
 42536	 42547 : 0
 42544	 42611 : 0
 42608	 42667 : 0
 42664	 42671 : 0
 42668	 42679 : 0
 42676	 42739 : 0
 42736	 42775 : 0
 42772	 42783 : 0
 42780	 42819 : 0
 42816	 42823 : 0
 42820	 42831 : 0
 42828	 42843 : 0
 42840	 42859 : 0
 42856	 42971 : 0
 42968	 43039 : 0
 43036	 43067 : 0
 43064	 43091 : 0
 43088	 43095 : 0
 43092	 43099 : 0
 43096	 43115 : 0
 43112	 43123 : 0
 43120	 43135 : 0
 43132	 43143 : 0
 43140	 43147 : 0
 43144	 43163 : 0
 43160	 43187 : 0
 43184	 43191 : 0
 43188	 43219 : 0
 43216	 43267 : 0
 43264	 43307 : 0
 43304	 43347 : 0
 43344	 43367 : 0
 43364	 43371 : 0
 43368	 43407 : 0
 43404	 43419 : 0
 43416	 43439 : 0
 43436	 43455 : 0
 43452	 43463 : 0
 43460	 43475 : 0
 43472	 43483 : 1
 43480	 43611 : 0
 43608	 43639 : 0
 43636	 43643 : 0
 43640	 43655 : 0
 43652	 43679 : 0
 43676	 43703 : 0
 43700	 43707 : 0
 43704	 43711 : 0
 43708	 43719 : 0
 43716	 43791 : 0
 43788	 43827 : 0
 43824	 43831 : 1
 43828	 43843 : 0
 43840	 43863 : 0
 43860	 43867 : 0
 43864	 43871 : 0
 43868	 43895 : 0
 43892	 43899 : 0
 43896	 43907 : 0
 43904	 43915 : 0
 43912	 43919 : 0
 43916	 43955 : 0
 43952	 43959 : 0
 43956	 43975 : 1
 43972	 43987 : 0
 43984	 43991 : 0
 43988	 43995 : 0
 43992	 44023 : 0
 44020	 44027 : 0
 44024	 44051 : 0
 44048	 44059 : 0
 44056	 44063 : 0
 44060	 44067 : 0
 44064	 44115 : 0
 44112	 44119 : 0
 44116	 44127 : 0
 44124	 44135 : 0
 44132	 44175 : 0
 44172	 44267 : 0
 44264	 44275 : 0
 44272	 44279 : 0
 44276	 44347 : 0
 44344	 44363 : 0
 44360	 44391 : 0
 44388	 44415 : 0
 44412	 44551 : 0
 44548	 44555 : 0
 44552	 44579 : 0
 44576	 44631 : 0
 44628	 44663 : 1
 44660	 44667 : 0
 44664	 44671 : 0
 44668	 44683 : 0
 44680	 44703 : 0
 44700	 44711 : 0
 44708	 44715 : 0
 44712	 44719 : 0
 44716	 44743 : 0
 44740	 44751 : 0
 44748	 44763 : 0
 44760	 44771 : 0
 44768	 44791 : 0
 44788	 44803 : 0
 44800	 44807 : 1
 44804	 44819 : 0
 44816	 44823 : 0
 44820	 44831 : 0
 44828	 44839 : 0
 44836	 44843 : 0
 44840	 44855 : 0
 44852	 44863 : 0
 44860	 44883 : 0
 44880	 44887 : 0
 44884	 44903 : 0
 44900	 44911 : 0
 44908	 44923 : 0
 44920	 44927 : 0
 44924	 44931 : 0
 44928	 44947 : 0
 44944	 44951 : 0
 44948	 44959 : 0
 44956	 44967 : 0
 44964	 44975 : 0
 44972	 44983 : 0
 44980	 44987 : 0
 44984	 45107 : 0
 45104	 45139 : 0
 45136	 45159 : 0
 45156	 45191 : 0
 45188	 45207 : 0
 45204	 45263 : 0
 45260	 45275 : 0
 45272	 45279 : 0
 45276	 45291 : 0
 45288	 45295 : 0
 45292	 45339 : 0
 45336	 45343 : 0
 45340	 45359 : 0
 45356	 45379 : 0
 45376	 45571 : 0
 45568	 45811 : 0
 45808	 45815 : 0
 45812	 45831 : 0
 45828	 45923 : 0
 45920	 46035 : 0
 46032	 46087 : 0
 46084	 46095 : 0
 46092	 46131 : 0
 46128	 46175 : 0
 46172	 46239 : 0
 46236	 46351 : 0
 46348	 46363 : 1
 46360	 46371 : 0
 46368	 46375 : 0
 46372	 46407 : 0
 46404	 46411 : 0
 46408	 46415 : 0
 46412	 46423 : 1
 46420	 46427 : 0
 46424	 46431 : 0
 46428	 46883 : 0
 46880	 46903 : 0
 46900	 46919 : 0
 46916	 46923 : 0
 46920	 46971 : 0
 46968	 46979 : 0
 46976	 47007 : 0
 47004	 47015 : 0
 47012	 47039 : 0
 47036	 47059 : 0
 47056	 47171 : 0
 47168	 47347 : 1
