     0	     7 : 1
     4	    15 : 0
    12	    19 : 0
    16	   203 : 0
   200	   211 : 0
   208	   367 : 0
   364	   371 : 0
   368	   399 : 0
   396	   403 : 0
   400	   423 : 0
   420	   427 : 0
   424	   459 : 0
   456	   463 : 0
   460	   527 : 0
   524	   615 : 0
   612	   623 : 0
   620	   627 : 0
   624	   767 : 0
   764	   771 : 1
   768	  1039 : 0
  1036	  1171 : 0
  1168	  1671 : 0
  1668	  1811 : 0
  1808	  1859 : 0
  1856	  1867 : 0
  1864	  1927 : 0
  1924	  1935 : 1
  1932	  1979 : 0
  1976	  1983 : 0
  1980	  2039 : 0
  2036	  2059 : 0
  2056	  2359 : 0
  2356	  2387 : 0
  2384	  2451 : 0
  2448	  2455 : 1
  2452	  2459 : 0
  2456	  2651 : 0
  2648	  2655 : 0
  2652	  2671 : 0
  2668	  2675 : 0
  2672	  2799 : 0
  2796	  2819 : 0
  2816	  2831 : 0
  2828	  2839 : 0
  2836	  2851 : 0
  2848	  2875 : 0
  2872	  2879 : 0
  2876	  2895 : 0
  2892	  2899 : 0
  2896	  2907 : 0
  2904	  2967 : 0
  2964	  2975 : 0
  2972	  3047 : 0
  3044	  3067 : 0
  3064	  3107 : 0
  3104	  3115 : 0
  3112	  3119 : 0
  3116	  3127 : 0
  3124	  3219 : 1
  3216	  3287 : 0
  3284	  3895 : 0
  3892	  3919 : 0
  3916	  4011 : 0
  4008	  4019 : 0
  4016	  4027 : 0
  4024	  4223 : 0
  4220	  4655 : 1
  4652	  4823 : 0
  4820	  4835 : 0
  4832	  4851 : 0
  4848	  4879 : 0
  4876	  4883 : 0
  4880	  4987 : 0
  4984	  5155 : 0
  5152	  5199 : 0
  5196	  5771 : 0
  5768	  5775 : 1
  5772	  5899 : 0
  5896	  5983 : 0
  5980	  6331 : 0
  6328	  6731 : 0
  6728	  6735 : 0
  6732	  6763 : 0
  6760	  6771 : 0
  6768	  6779 : 1
  6776	  6791 : 0
  6788	  6795 : 0
  6792	  6811 : 0
  6808	  6819 : 0
  6816	  6827 : 0
  6824	  7331 : 0
  7328	  7347 : 0
  7344	  7551 : 0
  7548	  7555 : 0
  7552	  7567 : 0
