     0	    15 : 0
    12	    75 : 0
    72	   119 : 1
   116	   123 : 0
   120	   143 : 0
   140	   175 : 0
   172	   183 : 0
   180	   187 : 0
   184	   191 : 1
   188	   195 : 0
   192	   235 : 0
   232	   267 : 0
   264	   275 : 1
   272	   303 : 0
   300	   307 : 1
   304	   331 : 0
   328	   371 : 1
   368	   375 : 0
   372	   379 : 0
   376	   383 : 0
   380	   387 : 0
   384	   395 : 0
   392	   399 : 0
   396	   403 : 0
   400	   411 : 0
   408	   459 : 0
   456	   463 : 1
   460	   503 : 0
   500	   507 : 1
   504	   511 : 0
   508	   515 : 1
   512	   523 : 0
   520	   527 : 1
   524	   535 : 0
   532	   547 : 0
   544	   555 : 0
   552	   575 : 0
   572	   579 : 0
   576	   595 : 1
   592	   599 : 0
   596	   607 : 0
   604	   611 : 0
   608	   639 : 0
   636	   647 : 0
   644	   671 : 0
   668	   675 : 0
   672	   727 : 1
   724	   735 : 0
   732	   743 : 1
   740	   747 : 0
   744	   759 : 0
   756	   779 : 0
   776	   799 : 0
   796	   803 : 2
   800	   823 : 0
   820	   827 : 0
   824	   859 : 0
   856	   867 : 0
   864	   875 : 1
   872	   879 : 0
   876	   899 : 1
   896	   903 : 0
   900	  1083 : 1
  1080	  1119 : 0
  1116	  1123 : 1
  1120	  1187 : 0
  1184	  1207 : 1
  1204	  1279 : 0
  1276	  1283 : 1
  1280	  1415 : 0
  1412	  1419 : 1
  1416	  1459 : 0
  1456	  1463 : 0
  1460	  1487 : 0
  1484	  1491 : 1
  1488	  1515 : 0
  1512	  1519 : 1
  1516	  1547 : 0
  1544	  1575 : 1
  1572	  1599 : 0
  1596	  1611 : 1
  1608	  1619 : 0
  1616	  1651 : 0
  1648	  1655 : 0
  1652	  1659 : 1
  1656	  1671 : 0
  1668	  1687 : 0
  1684	  1695 : 0
  1692	  1707 : 0
  1704	  1731 : 0
  1728	  1735 : 1
  1732	  1755 : 0
  1752	  1803 : 0
  1800	  1815 : 0
  1812	  1823 : 1
  1820	  1835 : 0
  1832	  1847 : 0
  1844	  1867 : 0
  1864	  1875 : 1
  1872	  1887 : 0
  1884	  1891 : 0
  1888	  1903 : 0
  1900	  1919 : 1
  1916	  1927 : 0
  1924	  1935 : 1
  1932	  1951 : 0
  1948	  1979 : 0
  1976	  2015 : 0
  2012	  2019 : 1
  2016	  2035 : 0
  2032	  2039 : 1
  2036	  2043 : 0
  2040	  2095 : 0
  2092	  2103 : 0
  2100	  2107 : 0
  2104	  2111 : 0
  2108	  2119 : 1
  2116	  2131 : 0
  2128	  2175 : 1
  2172	  2195 : 0
  2192	  2211 : 1
  2208	  2219 : 0
  2216	  2223 : 0
  2220	  2235 : 0
  2232	  2247 : 1
  2244	  2259 : 0
  2256	  2283 : 1
  2280	  2295 : 0
  2292	  2299 : 1
  2296	  2303 : 0
  2300	  2327 : 1
  2324	  2331 : 0
  2328	  2375 : 1
  2372	  2383 : 0
  2380	  2395 : 1
  2392	  2399 : 0
  2396	  2427 : 1
  2424	  2435 : 0
  2432	  2451 : 0
  2448	  2463 : 0
  2460	  2475 : 1
  2472	  2483 : 0
  2480	  2487 : 0
  2484	  2491 : 0
  2488	  2495 : 1
  2492	  2523 : 0
  2520	  2531 : 0
  2528	  2579 : 0
  2576	  2591 : 0
  2588	  2603 : 0
  2600	  2607 : 1
  2604	  2679 : 0
  2676	  2683 : 1
  2680	  2707 : 0
  2704	  2711 : 2
  2708	  2727 : 0
  2724	  2751 : 0
  2748	  2755 : 0
  2752	  2767 : 0
  2764	  2779 : 1
  2776	  2787 : 0
  2784	  2803 : 0
  2800	  2811 : 0
  2808	  2827 : 0
  2824	  2875 : 0
  2872	  2907 : 1
  2904	  2927 : 0
  2924	  2935 : 0
  2932	  2943 : 0
  2940	  2947 : 1
  2944	  2963 : 0
  2960	  2967 : 0
  2964	  2983 : 0
  2980	  2991 : 0
  2988	  3035 : 0
  3032	  3043 : 0
  3040	  3055 : 0
  3052	  3131 : 1
  3128	  3135 : 0
  3132	  3139 : 1
  3136	  3199 : 0
  3196	  3203 : 1
  3200	  3223 : 0
  3220	  3243 : 1
  3240	  3251 : 0
  3248	  3255 : 1
  3252	  3283 : 0
  3280	  3291 : 1
  3288	  3303 : 0
  3300	  3319 : 0
  3316	  3347 : 0
  3344	  3363 : 0
  3360	  3367 : 0
  3364	  3371 : 1
  3368	  3379 : 0
  3376	  3387 : 1
  3384	  3435 : 0
  3432	  3439 : 1
  3436	  3447 : 0
  3444	  3451 : 0
  3448	  3467 : 0
  3464	  3471 : 1
  3468	  3503 : 0
  3500	  3507 : 0
  3504	  3539 : 0
  3536	  3543 : 1
  3540	  3579 : 0
  3576	  3587 : 1
  3584	  3607 : 0
  3604	  3615 : 1
  3612	  3631 : 0
  3628	  3643 : 0
  3640	  3663 : 0
  3660	  3667 : 0
  3664	  3683 : 0
  3680	  3687 : 0
  3684	  3703 : 0
  3700	  3707 : 1
  3704	  3719 : 0
  3716	  3723 : 0
  3720	  3751 : 0
  3748	  3767 : 0
  3764	  3791 : 0
  3788	  3803 : 0
  3800	  3819 : 0
  3816	  3823 : 0
  3820	  3827 : 0
  3824	  3847 : 0
  3844	  3891 : 0
  3888	  3899 : 1
  3896	  3919 : 0
  3916	  3923 : 0
  3920	  3939 : 0
  3936	  3963 : 1
  3960	  3991 : 0
  3988	  3995 : 1
  3992	  4011 : 0
  4008	  4015 : 0
  4012	  4043 : 0
  4040	  4051 : 1
  4048	  4063 : 0
  4060	  4067 : 0
  4064	  4071 : 0
  4068	  4075 : 1
  4072	  4103 : 0
  4100	  4107 : 0
  4104	  4115 : 0
  4112	  4127 : 0
  4124	  4139 : 0
  4136	  4143 : 0
  4140	  4147 : 0
  4144	  4151 : 1
  4148	  4171 : 0
  4168	  4179 : 1
  4176	  4199 : 0
  4196	  4207 : 0
  4204	  4215 : 0
  4212	  4223 : 1
  4220	  4243 : 0
  4240	  4251 : 0
  4248	  4267 : 0
  4264	  4275 : 1
  4272	  4279 : 0
  4276	  4283 : 0
  4280	  4311 : 0
  4308	  4319 : 1
  4316	  4335 : 0
  4332	  4343 : 0
  4340	  4347 : 0
  4344	  4371 : 0
  4368	  4383 : 0
  4380	  4391 : 0
  4388	  4399 : 0
  4396	  4479 : 0
  4476	  4503 : 0
  4500	  4507 : 0
  4504	  4515 : 0
  4512	  4531 : 0
  4528	  4559 : 0
  4556	  4579 : 0
  4576	  4583 : 0
  4580	  4599 : 0
  4596	  4627 : 0
  4624	  4643 : 0
  4640	  4679 : 0
  4676	  4687 : 1
  4684	  4711 : 0
  4708	  4719 : 1
  4716	  4735 : 0
  4732	  4743 : 1
  4740	  4755 : 0
  4752	  4763 : 1
  4760	  4791 : 0
  4788	  4795 : 1
  4792	  4799 : 0
  4796	  4807 : 0
  4804	  4811 : 0
  4808	  4823 : 0
  4820	  4831 : 0
  4828	  4851 : 0
  4848	  4867 : 0
  4864	  4871 : 1
  4868	  4895 : 0
  4892	  4899 : 0
  4896	  4911 : 0
  4908	  4927 : 1
  4924	  4931 : 0
  4928	  4935 : 1
  4932	  4951 : 0
  4948	  4955 : 1
  4952	  4975 : 0
  4972	  4979 : 1
  4976	  5007 : 0
  5004	  5015 : 1
  5012	  5023 : 0
  5020	  5031 : 0
  5028	  5091 : 0
  5088	  5095 : 1
  5092	  5099 : 0
  5096	  5107 : 0
  5104	  5123 : 0
  5120	  5127 : 1
  5124	  5147 : 0
  5144	  5207 : 1
  5204	  5243 : 0
  5240	  5251 : 1
  5248	  5283 : 0
  5280	  5287 : 1
  5284	  5323 : 0
  5320	  5327 : 1
  5324	  5351 : 0
  5348	  5363 : 1
  5360	  5391 : 0
  5388	  5395 : 1
  5392	  5415 : 0
  5412	  5439 : 0
  5436	  5479 : 0
  5476	  5483 : 1
  5480	  5559 : 0
  5556	  5563 : 1
  5560	  5579 : 0
  5576	  5583 : 1
  5580	  5587 : 0
  5584	  5603 : 0
  5600	  5619 : 0
  5616	  5647 : 0
  5644	  5691 : 0
  5688	  5699 : 0
  5696	  5707 : 0
  5704	  5735 : 0
  5732	  5739 : 0
  5736	  5755 : 0
  5752	  5767 : 0
  5764	  5775 : 1
  5772	  5783 : 0
  5780	  5791 : 0
  5788	  5795 : 0
  5792	  5799 : 1
  5796	  5831 : 0
  5828	  5847 : 1
  5844	  5855 : 0
  5852	  5859 : 0
  5856	  5875 : 0
  5872	  5911 : 1
  5908	  5931 : 0
  5928	  5935 : 1
  5932	  5951 : 0
  5948	  5995 : 0
  5992	  6031 : 0
  6028	  6035 : 0
  6032	  6055 : 0
  6052	  6059 : 0
  6056	  6075 : 0
  6072	  6079 : 0
  6076	  6091 : 0
  6088	  6119 : 0
  6116	  6123 : 0
  6120	  6127 : 1
  6124	  6131 : 0
  6128	  6143 : 0
  6140	  6155 : 0
  6152	  6187 : 0
  6184	  6199 : 0
  6196	  6211 : 0
  6208	  6215 : 0
  6212	  6223 : 0
  6220	  6235 : 0
  6232	  6239 : 0
  6236	  6243 : 0
  6240	  6251 : 1
  6248	  6263 : 0
  6260	  6283 : 1
  6280	  6291 : 0
  6288	  6295 : 1
  6292	  6299 : 0
  6296	  6307 : 0
  6304	  6319 : 0
  6316	  6323 : 1
  6320	  6335 : 0
  6332	  6343 : 1
  6340	  6347 : 0
  6344	  6367 : 1
  6364	  6379 : 0
  6376	  6383 : 1
  6380	  6391 : 0
  6388	  6399 : 1
  6396	  6411 : 0
  6408	  6419 : 1
  6416	  6435 : 0
  6432	  6443 : 1
  6440	  6487 : 0
  6484	  6491 : 0
  6488	  6559 : 0
  6556	  6591 : 1
