     0	    75 : 0
    72	    79 : 1
    76	   147 : 0
   144	   151 : 0
   148	   275 : 0
   272	   303 : 0
   300	   323 : 0
   320	   331 : 0
   328	   351 : 0
   348	   363 : 0
   360	   367 : 0
   364	   399 : 0
   396	   407 : 0
   404	   415 : 0
   412	   431 : 0
   428	   451 : 0
   448	   487 : 0
   484	   511 : 0
   508	   527 : 0
   524	   547 : 0
   544	   643 : 0
   640	   675 : 0
   672	   807 : 0
   804	   815 : 1
   812	   827 : 0
   824	   855 : 0
   852	   863 : 0
   860	   883 : 0
   880	   891 : 0
   888	   899 : 0
   896	   959 : 0
   956	   983 : 0
   980	   999 : 0
   996	  1015 : 0
  1012	  1019 : 0
  1016	  1027 : 1
  1024	  1043 : 0
  1040	  1047 : 0
  1044	  1087 : 0
  1084	  1095 : 0
  1092	  1155 : 0
  1152	  1187 : 0
  1184	  1239 : 0
  1236	  1247 : 1
  1244	  1347 : 0
  1344	  1551 : 1
  1548	  1619 : 0
  1616	  1639 : 0
  1636	  1659 : 0
  1656	  1663 : 1
  1660	  1675 : 0
  1672	  1683 : 0
  1680	  1691 : 0
  1688	  1723 : 0
  1720	  1735 : 0
  1732	  1743 : 0
  1740	  1835 : 0
  1832	  2019 : 1
  2016	  2127 : 0
  2124	  2135 : 0
  2132	  2159 : 0
  2156	  2163 : 0
  2160	  2291 : 0
  2288	  2295 : 0
  2292	  2379 : 0
  2376	  2403 : 1
  2400	  2455 : 0
  2452	  2543 : 0
  2540	  2547 : 0
  2544	  2555 : 0
  2552	  2579 : 0
  2576	  2583 : 1
  2580	  2655 : 0
  2652	  2659 : 0
  2656	  2667 : 0
  2664	  2671 : 0
  2668	  2723 : 0
  2720	  2775 : 0
  2772	  2783 : 0
  2780	  2839 : 1
  2836	  2843 : 0
  2840	  2903 : 0
  2900	  2907 : 0
  2904	  2971 : 0
  2968	  2983 : 0
  2980	  2991 : 0
  2988	  2995 : 0
  2992	  3015 : 0
  3012	  3019 : 0
  3016	  3027 : 1
  3024	  3031 : 0
  3028	  3043 : 0
  3040	  3051 : 0
  3048	  3055 : 0
  3052	  3107 : 0
  3104	  3195 : 0
  3192	  3223 : 0
  3220	  3407 : 1
  3404	  3471 : 0
  3468	  3499 : 0
  3496	  3503 : 0
  3500	  3515 : 0
  3512	  3519 : 0
  3516	  3559 : 0
  3556	  3615 : 0
  3612	  3619 : 0
  3616	  3647 : 0
  3644	  3963 : 0
  3960	  4087 : 0
  4084	  4107 : 1
  4104	  4159 : 0
  4156	  4163 : 1
  4160	  4183 : 0
  4180	  4219 : 1
  4216	  4255 : 0
  4252	  4271 : 0
  4268	  4335 : 0
  4332	  4527 : 1
