     0	   211 : 0
   208	   219 : 0
   216	   851 : 0
   848	   855 : 0
   852	   863 : 0
   860	   867 : 0
   864	   947 : 0
   944	   959 : 0
   956	   979 : 0
   976	   987 : 0
   984	  1011 : 0
  1008	  1015 : 0
  1012	  1051 : 0
  1048	  1071 : 0
  1068	  1219 : 0
  1216	  1231 : 0
  1228	  1455 : 0
  1452	  1499 : 0
  1496	  1519 : 0
  1516	  1531 : 0
  1528	  1547 : 0
  1544	  1551 : 0
  1548	  1675 : 0
  1672	  1683 : 0
  1680	  1687 : 0
  1684	  1707 : 0
  1704	  1747 : 0
  1744	  1751 : 0
  1748	  1911 : 0
  1908	  1919 : 0
  1916	  1923 : 0
  1920	  1927 : 0
  1924	  2355 : 0
  2352	  2415 : 0
  2412	  2527 : 0
  2524	  2655 : 0
  2652	  2663 : 1
  2660	  2695 : 0
  2692	  2719 : 0
  2716	  2767 : 0
  2764	  2771 : 0
  2768	  2899 : 0
  2896	  2903 : 0
  2900	  2907 : 0
  2904	  2915 : 0
  2912	  2955 : 0
  2952	  2963 : 0
  2960	  2967 : 0
  2964	  2975 : 0
  2972	  3015 : 0
  3012	  3019 : 0
  3016	  3023 : 0
  3020	  3075 : 0
  3072	  3083 : 0
  3080	  3115 : 0
  3112	  3119 : 0
  3116	  3123 : 0
  3120	  3143 : 0
  3140	  3211 : 0
  3208	  3215 : 0
  3212	  3219 : 0
  3216	  3227 : 0
  3224	  3231 : 0
  3228	  3247 : 0
  3244	  3251 : 1
  3248	  3339 : 0
  3336	  3343 : 0
  3340	  3355 : 0
  3352	  3367 : 0
  3364	  3443 : 0
  3440	  3447 : 0
  3444	  3455 : 0
  3452	  3483 : 0
  3480	  3487 : 0
  3484	  3499 : 0
  3496	  3515 : 0
  3512	  3519 : 0
  3516	  3571 : 0
  3568	  3583 : 0
  3580	  3639 : 0
  3636	  3791 : 0
  3788	  3811 : 0
  3808	  3819 : 0
  3816	  3879 : 0
  3876	  3883 : 0
  3880	  3927 : 0
  3924	  4199 : 0
  4196	  4691 : 0
  4688	  5019 : 0
  5016	  5095 : 0
  5092	  5167 : 0
  5164	  5171 : 0
  5168	  5243 : 0
  5240	  5247 : 0
  5244	  5395 : 0
  5392	  5399 : 0
  5396	  5503 : 0
