     0	    59 : 0
    56	    63 : 1
    60	    83 : 0
    80	   247 : 0
   244	   255 : 0
   252	   263 : 0
   260	   275 : 0
   272	   279 : 0
   276	   287 : 0
   284	   291 : 0
   288	   307 : 0
   304	   315 : 0
   312	   327 : 0
   324	   439 : 1
   436	   443 : 0
   440	   463 : 0
   460	   467 : 0
   464	   471 : 0
   468	   475 : 0
   472	   487 : 0
   484	   491 : 0
   488	   499 : 0
   496	   507 : 0
   504	   511 : 0
   508	   519 : 0
   516	   527 : 0
   524	   551 : 0
   548	   563 : 0
   560	   595 : 0
   592	   599 : 0
   596	   611 : 0
   608	   627 : 0
   624	   631 : 0
   628	   663 : 0
   660	   675 : 0
   672	   695 : 0
   692	   703 : 0
   700	   711 : 0
   708	   715 : 0
   712	   731 : 0
   728	   739 : 0
   736	   747 : 0
   744	   763 : 0
   760	   771 : 0
   768	   783 : 0
   780	   807 : 0
   804	   843 : 0
   840	   851 : 0
   848	   863 : 0
   860	   875 : 0
   872	   891 : 0
   888	   895 : 0
   892	   899 : 0
   896	   991 : 0
   988	   995 : 0
   992	  1007 : 0
  1004	  1031 : 0
  1028	  1035 : 0
  1032	  1083 : 0
  1080	  1099 : 0
  1096	  1119 : 0
  1116	  1135 : 0
  1132	  1207 : 0
  1204	  1263 : 0
  1260	  1275 : 0
  1272	  1287 : 0
  1284	  1295 : 0
  1292	  1299 : 0
  1296	  1315 : 0
  1312	  1319 : 0
  1316	  1415 : 0
  1412	  1419 : 0
  1416	  1423 : 0
  1420	  1467 : 1
  1464	  1471 : 0
  1468	  1523 : 0
  1520	  1571 : 0
  1568	  1595 : 0
  1592	  1627 : 0
  1624	  1631 : 0
  1628	  1659 : 0
  1656	  1663 : 0
  1660	  1679 : 0
  1676	  1683 : 0
  1680	  1711 : 0
  1708	  1723 : 0
  1720	  1839 : 0
  1836	  1843 : 0
  1840	  1847 : 0
  1844	  1859 : 0
  1856	  1875 : 0
  1872	  1883 : 0
  1880	  1907 : 0
  1904	  1967 : 1
  1964	  1995 : 0
  1992	  2011 : 0
  2008	  2043 : 0
  2040	  2099 : 0
  2096	  2103 : 0
  2100	  2115 : 0
  2112	  2131 : 0
  2128	  2139 : 0
  2136	  2143 : 0
  2140	  2151 : 0
  2148	  2199 : 0
  2196	  2203 : 0
  2200	  2239 : 0
  2236	  2271 : 0
  2268	  2279 : 0
  2276	  2283 : 0
  2280	  2355 : 0
  2352	  2367 : 1
  2364	  2403 : 0
  2400	  2463 : 0
  2460	  2471 : 0
  2468	  2479 : 0
  2476	  2487 : 0
  2484	  2495 : 0
  2492	  2503 : 0
  2500	  2539 : 0
  2536	  2687 : 0
  2684	  2735 : 0
  2732	  2739 : 0
  2736	  2743 : 0
  2740	  2751 : 0
  2748	  2767 : 0
  2764	  2771 : 0
  2768	  2799 : 0
  2796	  2879 : 0
  2876	  2887 : 0
  2884	  2935 : 0
  2932	  2947 : 0
  2944	  2951 : 0
  2948	  2991 : 0
  2988	  3015 : 0
  3012	  3027 : 0
  3024	  3031 : 0
  3028	  3039 : 0
  3036	  3043 : 0
  3040	  3123 : 0
  3120	  3127 : 0
  3124	  3147 : 0
  3144	  3155 : 0
  3152	  3171 : 0
  3168	  3187 : 0
  3184	  3191 : 0
  3188	  3199 : 0
  3196	  3219 : 0
  3216	  3231 : 0
  3228	  3283 : 0
  3280	  3303 : 0
  3300	  3311 : 0
  3308	  3343 : 0
  3340	  3355 : 0
  3352	  3411 : 0
  3408	  3419 : 0
  3416	  3435 : 0
  3432	  3443 : 0
  3440	  3447 : 0
  3444	  3467 : 0
  3464	  3471 : 0
  3468	  3475 : 0
  3472	  3487 : 0
  3484	  3491 : 0
  3488	  3499 : 0
  3496	  3527 : 0
  3524	  3539 : 0
  3536	  3583 : 0
  3580	  3587 : 0
  3584	  3635 : 0
  3632	  3675 : 0
  3672	  3687 : 0
  3684	  3715 : 0
  3712	  3719 : 0
  3716	  3723 : 0
  3720	  3731 : 0
  3728	  3735 : 0
  3732	  3739 : 0
  3736	  3759 : 0
  3756	  3779 : 0
  3776	  3783 : 0
  3780	  3787 : 0
  3784	  3815 : 0
  3812	  3835 : 1
  3832	  3839 : 0
  3836	  3899 : 0
  3896	  3903 : 0
  3900	  3907 : 0
  3904	  3911 : 0
  3908	  3915 : 0
  3912	  3923 : 0
  3920	  3927 : 0
  3924	  3943 : 0
  3940	  3947 : 0
  3944	  3951 : 0
  3948	  3995 : 0
  3992	  3999 : 0
  3996	  4023 : 0
  4020	  4039 : 0
  4036	  4043 : 0
  4040	  4071 : 0
  4068	  4075 : 0
  4072	  4103 : 0
  4100	  4107 : 0
  4104	  4115 : 0
  4112	  4119 : 0
  4116	  4123 : 0
  4120	  4171 : 0
  4168	  4175 : 0
  4172	  4203 : 0
  4200	  4239 : 0
  4236	  4243 : 0
  4240	  4247 : 0
  4244	  4251 : 1
  4248	  4255 : 0
  4252	  4279 : 0
  4276	  4283 : 0
  4280	  4327 : 1
  4324	  4331 : 0
  4328	  4347 : 1
  4344	  4399 : 0
  4396	  4407 : 1
  4404	  4487 : 0
  4484	  4491 : 0
  4488	  4543 : 0
  4540	  4563 : 0
  4560	  4579 : 0
  4576	  4611 : 0
  4608	  4619 : 0
  4616	  4623 : 0
  4620	  4627 : 0
  4624	  4643 : 0
  4640	  4787 : 0
  4784	  4851 : 0
  4848	  4879 : 0
  4876	  4887 : 0
  4884	  4895 : 0
  4892	  4943 : 0
  4940	  5015 : 0
  5012	  5031 : 0
  5028	  5075 : 0
  5072	  5079 : 0
  5076	  5087 : 0
  5084	  5111 : 0
  5108	  5135 : 0
  5132	  5143 : 1
  5140	  5359 : 0
