     0	    47 : 1
    44	    79 : 0
    76	   111 : 0
   108	   115 : 0
   112	   119 : 0
   116	   127 : 0
   124	   143 : 0
   140	   211 : 0
   208	   219 : 1
   216	   303 : 0
   300	   311 : 1
   308	   355 : 0
   352	   359 : 0
   356	   371 : 0
   368	   375 : 0
   372	   383 : 0
   380	   391 : 0
   388	   543 : 0
   540	   551 : 1
   548	   671 : 0
   668	   679 : 1
   676	   691 : 0
   688	   695 : 0
   692	   959 : 0
   956	  1063 : 1
  1060	  1203 : 0
  1200	  1211 : 1
  1208	  1379 : 0
  1376	  1391 : 1
  1388	  1419 : 0
  1416	  1479 : 0
  1476	  1487 : 0
  1484	  1491 : 0
  1488	  1503 : 0
  1500	  1539 : 0
  1536	  1663 : 0
  1660	  1667 : 1
  1664	  1675 : 0
  1672	  1683 : 0
  1680	  1695 : 0
  1692	  1699 : 0
  1696	  1727 : 0
  1724	  1739 : 0
  1736	  1755 : 0
  1752	  1763 : 1
  1760	  1839 : 0
  1836	  1843 : 1
  1840	  1979 : 0
  1976	  1987 : 1
  1984	  2095 : 0
  2092	  2103 : 1
  2100	  2183 : 0
  2180	  2191 : 1
  2188	  2343 : 0
  2340	  2351 : 0
  2348	  2355 : 0
  2352	  2367 : 0
  2364	  2383 : 0
  2380	  2395 : 0
  2392	  2575 : 0
  2572	  2579 : 1
  2576	  3103 : 0
  3100	  3111 : 1
  3108	  3203 : 0
  3200	  3211 : 1
  3208	  3383 : 0
  3380	  3391 : 1
  3388	  3511 : 0
  3508	  3515 : 1
  3512	  4035 : 0
  4032	  4039 : 1
  4036	  4071 : 0
  4068	  4079 : 0
  4076	  4163 : 0
  4160	  4179 : 0
  4176	  4183 : 0
  4180	  4231 : 0
  4228	  4247 : 0
  4244	  4251 : 0
  4248	  4299 : 0
  4296	  4323 : 0
  4320	  4371 : 0
  4368	  4379 : 0
  4376	  4671 : 0
  4668	  4707 : 0
  4704	  4715 : 0
  4712	  4719 : 0
  4716	  4763 : 0
  4760	  4771 : 0
  4768	  4991 : 0
  4988	  5059 : 0
  5056	  5123 : 0
  5120	  6067 : 1
