     0	    39 : 0
    36	    51 : 0
    48	    55 : 0
    52	    59 : 0
    56	    67 : 0
    64	    79 : 0
    76	   103 : 0
   100	   199 : 0
   196	   203 : 0
   200	   207 : 0
   204	   231 : 1
   228	   243 : 0
   240	   251 : 0
   248	   255 : 0
   252	   263 : 0
   260	   267 : 0
   264	   279 : 1
   276	   287 : 0
   284	   295 : 0
   292	   299 : 0
   296	   307 : 0
   304	   371 : 0
   368	   415 : 0
   412	   419 : 0
   416	   459 : 0
   456	   527 : 0
   524	   531 : 0
   528	   535 : 0
   532	   595 : 0
   592	   599 : 0
   596	   799 : 0
   796	   815 : 0
   812	   819 : 0
   816	   823 : 0
   820	   827 : 0
   824	   831 : 0
   828	   839 : 0
   836	   847 : 0
   844	   871 : 0
   868	   955 : 0
   952	   967 : 0
   964	   971 : 0
   968	   983 : 0
   980	   987 : 0
   984	  1015 : 0
  1012	  1031 : 0
  1028	  1035 : 0
  1032	  1039 : 0
  1036	  1047 : 0
  1044	  1147 : 0
  1144	  1151 : 0
  1148	  1183 : 0
  1180	  1187 : 0
  1184	  1191 : 0
  1188	  1207 : 0
  1204	  1223 : 0
  1220	  1227 : 0
  1224	  1231 : 0
  1228	  1235 : 0
  1232	  1243 : 0
  1240	  1251 : 0
  1248	  1283 : 0
  1280	  1291 : 0
  1288	  1303 : 0
  1300	  1307 : 0
  1304	  1335 : 0
  1332	  1367 : 0
  1364	  1463 : 0
  1460	  1583 : 0
  1580	  1595 : 0
  1592	  1659 : 0
  1656	  1671 : 0
  1668	  1695 : 0
  1692	  1719 : 0
  1716	  1723 : 0
  1720	  1739 : 0
  1736	  1783 : 0
  1780	  1787 : 0
  1784	  1795 : 0
  1792	  1819 : 0
  1816	  1951 : 0
  1948	  1971 : 0
  1968	  2307 : 0
  2304	  2335 : 0
  2332	  2343 : 0
  2340	  2383 : 0
  2380	  2463 : 0
  2460	  2479 : 0
  2476	  2487 : 0
  2484	  2503 : 0
  2500	  2511 : 0
  2508	  2535 : 0
  2532	  2567 : 0
  2564	  2571 : 0
  2568	  2635 : 0
  2632	  2667 : 0
  2664	  2679 : 0
  2676	  2751 : 0
  2748	  2779 : 0
  2776	  2787 : 0
  2784	  2807 : 0
  2804	  2815 : 0
  2812	  2827 : 0
  2824	  2843 : 0
  2840	  2863 : 0
  2860	  2879 : 0
  2876	  2887 : 0
  2884	  2915 : 0
  2912	  2923 : 0
  2920	  2935 : 0
  2932	  2939 : 0
  2936	  2959 : 0
  2956	  2963 : 0
  2960	  2971 : 0
  2968	  2975 : 0
  2972	  2991 : 0
  2988	  2999 : 0
  2996	  3043 : 0
  3040	  3047 : 0
  3044	  3051 : 0
  3048	  3075 : 0
  3072	  3115 : 0
  3112	  3119 : 0
  3116	  3139 : 0
  3136	  3159 : 0
  3156	  3163 : 0
  3160	  3171 : 0
  3168	  3179 : 0
  3176	  3183 : 0
  3180	  3319 : 0
  3316	  3323 : 0
  3320	  3379 : 0
  3376	  3387 : 0
  3384	  3435 : 0
  3432	  3439 : 0
  3436	  3443 : 0
  3440	  3447 : 0
  3444	  3503 : 0
  3500	  3511 : 0
  3508	  3543 : 0
  3540	  3547 : 0
  3544	  3551 : 0
  3548	  3595 : 0
  3592	  3603 : 0
  3600	  3611 : 0
  3608	  3651 : 0
  3648	  3659 : 0
  3656	  3667 : 0
  3664	  3711 : 0
  3708	  3739 : 0
  3736	  3751 : 0
  3748	  3755 : 0
  3752	  3763 : 0
  3760	  3943 : 0
  3940	  3951 : 0
  3948	  3955 : 0
  3952	  3959 : 0
  3956	  4023 : 0
  4020	  4027 : 0
  4024	  4051 : 0
  4048	  4055 : 0
  4052	  4091 : 0
  4088	  4095 : 0
  4092	  4147 : 0
  4144	  4151 : 0
  4148	  4211 : 0
  4208	  4219 : 0
  4216	  4223 : 0
  4220	  4247 : 0
  4244	  4335 : 0
  4332	  4343 : 0
  4340	  4363 : 0
  4360	  4367 : 0
  4364	  4387 : 0
  4384	  4399 : 0
  4396	  4411 : 0
  4408	  4419 : 0
  4416	  4563 : 0
  4560	  4571 : 0
  4568	  4595 : 0
  4592	  4615 : 0
  4612	  4655 : 0
  4652	  4695 : 0
  4692	  4699 : 0
  4696	  4707 : 0
  4704	  4743 : 0
  4740	  4787 : 0
  4784	  5007 : 0
  5004	  5015 : 0
  5012	  5071 : 0
  5068	  5075 : 0
  5072	  5119 : 0
  5116	  5139 : 0
  5136	  5151 : 0
  5148	  5159 : 0
  5156	  5167 : 0
  5164	  5171 : 0
  5168	  5179 : 0
  5176	  5183 : 0
  5180	  5195 : 0
  5192	  5199 : 0
  5196	  5203 : 0
  5200	  5223 : 0
  5220	  5255 : 0
  5252	  5307 : 0
  5304	  5319 : 0
  5316	  5399 : 0
  5396	  5403 : 0
  5400	  5411 : 0
  5408	  5439 : 0
  5436	  5451 : 0
  5448	  5459 : 0
  5456	  5487 : 0
  5484	  5491 : 0
  5488	  5503 : 0
  5500	  5555 : 0
  5552	  5563 : 0
  5560	  5579 : 0
  5576	  5599 : 0
  5596	  5619 : 0
  5616	  5635 : 0
  5632	  5667 : 0
  5664	  5759 : 0
  5756	  5771 : 0
  5768	  5783 : 0
  5780	  5787 : 0
  5784	  5791 : 0
  5788	  5795 : 0
  5792	  5811 : 0
  5808	  5815 : 0
  5812	  5951 : 0
  5948	  5959 : 0
  5956	  6031 : 0
  6028	  6043 : 0
  6040	  6359 : 0
  6356	  6371 : 0
  6368	  6379 : 0
  6376	  6395 : 0
  6392	  6407 : 0
  6404	  6431 : 0
  6428	  6459 : 0
  6456	  6475 : 0
  6472	  6491 : 0
  6488	  6543 : 0
  6540	  6563 : 0
  6560	  6571 : 0
  6568	  6583 : 0
  6580	  6599 : 0
  6596	  6603 : 0
  6600	  6623 : 0
  6620	  6643 : 0
  6640	  6651 : 0
  6648	  6659 : 0
  6656	  6663 : 0
  6660	  6675 : 0
  6672	  6703 : 0
  6700	  6719 : 0
  6716	  6731 : 0
  6728	  6739 : 0
  6736	  6795 : 0
  6792	  6799 : 0
  6796	  6827 : 0
  6824	  6831 : 0
  6828	  6855 : 0
  6852	  6863 : 0
  6860	  6875 : 0
  6872	  6999 : 0
  6996	  7003 : 0
  7000	  7023 : 0
  7020	  7055 : 0
  7052	  7063 : 0
  7060	  7071 : 0
  7068	  7079 : 0
  7076	  7091 : 0
  7088	  7095 : 0
  7092	  7363 : 0
  7360	  7391 : 0
  7388	  7423 : 0
  7420	  7447 : 0
  7444	  7451 : 0
  7448	  7459 : 0
  7456	  7463 : 0
  7460	  7539 : 0
  7536	  7543 : 0
  7540	  7771 : 0
  7768	  7787 : 0
  7784	  7791 : 0
  7788	  7795 : 0
  7792	  7811 : 0
  7808	  7815 : 0
  7812	  7823 : 0
  7820	  7827 : 0
  7824	  7843 : 0
  7840	  7879 : 0
  7876	  7891 : 0
  7888	  7895 : 0
  7892	  7911 : 0
  7908	  7915 : 0
  7912	  7919 : 0
  7916	  7923 : 0
  7920	  7967 : 0
  7964	  8019 : 0
  8016	  8023 : 0
  8020	  8031 : 0
  8028	  8035 : 0
  8032	  8059 : 0
  8056	  8075 : 0
  8072	  8079 : 0
  8076	  8111 : 0
  8108	  8127 : 0
  8124	  8131 : 0
  8128	  8187 : 0
  8184	  8191 : 0
  8188	  8207 : 0
  8204	  8215 : 0
  8212	  8227 : 0
  8224	  8231 : 0
  8228	  8243 : 0
  8240	  8251 : 0
  8248	  8255 : 0
  8252	  8283 : 0
  8280	  8291 : 0
  8288	  8303 : 0
  8300	  8311 : 0
  8308	  8327 : 0
  8324	  8331 : 0
  8328	  8343 : 0
  8340	  8347 : 0
  8344	  8391 : 0
  8388	  8395 : 0
  8392	  8399 : 0
  8396	  8415 : 0
  8412	  8447 : 0
  8444	  8491 : 0
  8488	  8503 : 0
  8500	  8519 : 0
  8516	  8531 : 0
  8528	  8555 : 0
  8552	  8563 : 0
  8560	  8583 : 0
  8580	  8587 : 0
  8584	  8619 : 0
  8616	  8631 : 0
  8628	  8643 : 0
  8640	  8651 : 0
  8648	  8739 : 0
  8736	  8775 : 0
  8772	  8799 : 0
  8796	  8819 : 0
  8816	  8891 : 0
  8888	  8903 : 0
  8900	  8907 : 0
  8904	  8935 : 0
  8932	  8999 : 0
  8996	  9011 : 0
  9008	  9091 : 0
  9088	  9095 : 0
  9092	  9119 : 0
  9116	  9123 : 0
  9120	  9139 : 0
  9136	  9191 : 0
