     0	   143 : 0
   140	   175 : 0
   172	   215 : 0
   212	   231 : 0
   228	   239 : 0
   236	   243 : 0
   240	   247 : 1
   244	   279 : 0
   276	   287 : 1
   284	   299 : 0
   296	   303 : 0
   300	   307 : 0
   304	   311 : 0
   308	   323 : 0
   320	   331 : 0
   328	   363 : 0
   360	   395 : 1
   392	   415 : 0
   412	   419 : 0
   416	   439 : 0
   436	   447 : 1
   444	   487 : 0
   484	   635 : 0
   632	   639 : 0
   636	   651 : 0
   648	   687 : 0
   684	   699 : 0
   696	   703 : 0
   700	   711 : 1
   708	   715 : 0
   712	   747 : 0
   744	   767 : 0
   764	   779 : 1
   776	   807 : 0
   804	   811 : 1
   808	   815 : 0
   812	   819 : 0
   816	   827 : 0
   824	   835 : 0
   832	   839 : 0
   836	   843 : 0
   840	   847 : 0
   844	   867 : 0
   864	   871 : 0
   868	   879 : 0
   876	   887 : 0
   884	   971 : 0
   968	  1003 : 0
  1000	  1011 : 0
  1008	  1015 : 0
  1012	  1023 : 0
  1020	  1047 : 0
  1044	  1059 : 0
  1056	  1067 : 0
  1064	  1091 : 0
  1088	  1095 : 0
  1092	  1099 : 0
  1096	  1107 : 0
  1104	  1115 : 0
  1112	  1127 : 0
  1124	  1139 : 0
  1136	  1171 : 0
  1168	  1179 : 1
  1176	  1183 : 0
  1180	  1195 : 0
  1192	  1227 : 0
  1224	  1231 : 1
  1228	  1243 : 0
  1240	  1247 : 0
  1244	  1259 : 0
  1256	  1267 : 1
  1264	  1271 : 0
  1268	  1279 : 0
  1276	  1283 : 0
  1280	  1291 : 0
  1288	  1295 : 0
  1292	  1299 : 0
  1296	  1303 : 0
  1300	  1311 : 0
  1308	  1315 : 0
  1312	  1335 : 0
  1332	  1347 : 0
  1344	  1351 : 0
  1348	  1355 : 0
  1352	  1387 : 0
  1384	  1399 : 0
  1396	  1455 : 1
  1452	  1459 : 0
  1456	  1471 : 0
  1468	  1495 : 0
  1492	  1507 : 1
  1504	  1515 : 0
  1512	  1643 : 0
  1640	  1647 : 2
  1644	  1651 : 0
  1648	  1663 : 0
  1660	  1683 : 0
  1680	  1707 : 1
  1704	  1715 : 0
  1712	  1719 : 0
  1716	  1735 : 0
  1732	  1739 : 1
  1736	  1775 : 0
  1772	  1783 : 1
  1780	  1827 : 0
  1824	  1831 : 1
  1828	  1883 : 0
  1880	  1891 : 1
  1888	  1895 : 0
  1892	  1947 : 0
  1944	  1955 : 0
  1952	  1959 : 0
  1956	  1967 : 0
  1964	  1995 : 0
  1992	  1999 : 0
  1996	  2019 : 0
  2016	  2035 : 0
  2032	  2075 : 0
  2072	  2083 : 0
  2080	  2095 : 0
  2092	  2099 : 0
  2096	  2119 : 0
  2116	  2175 : 0
  2172	  2191 : 1
  2188	  2215 : 0
  2212	  2239 : 0
  2236	  2255 : 0
  2252	  2267 : 1
  2264	  2307 : 0
  2304	  2311 : 1
  2308	  2327 : 0
  2324	  2331 : 0
  2328	  2335 : 0
  2332	  2371 : 1
  2368	  2403 : 0
  2400	  2407 : 1
  2404	  2439 : 0
  2436	  2443 : 0
  2440	  2487 : 0
  2484	  2495 : 1
  2492	  2527 : 0
  2524	  2531 : 1
  2528	  2563 : 0
  2560	  2575 : 1
  2572	  2591 : 0
  2588	  2595 : 1
  2592	  2599 : 2
  2596	  2623 : 0
  2620	  2627 : 1
  2624	  2651 : 0
  2648	  2655 : 0
  2652	  2659 : 0
  2656	  2699 : 0
  2696	  2719 : 0
  2716	  2727 : 1
  2724	  2747 : 0
  2744	  2819 : 0
  2816	  2823 : 0
  2820	  2831 : 0
  2828	  2835 : 0
  2832	  2855 : 0
  2852	  2859 : 0
  2856	  2863 : 0
  2860	  2867 : 0
  2864	  2887 : 0
  2884	  2891 : 0
  2888	  2899 : 0
  2896	  2919 : 0
  2916	  2927 : 0
  2924	  3019 : 0
  3016	  3027 : 0
  3024	  3083 : 0
  3080	  3111 : 0
  3108	  3151 : 0
  3148	  3215 : 0
  3212	  3219 : 0
  3216	  3275 : 0
  3272	  3311 : 0
  3308	  3315 : 1
  3312	  3343 : 0
  3340	  3351 : 0
  3348	  3371 : 0
  3368	  3375 : 1
  3372	  3395 : 0
  3392	  3403 : 0
  3400	  3431 : 0
  3428	  3475 : 1
  3472	  3507 : 0
  3504	  3571 : 0
  3568	  3595 : 0
  3592	  3603 : 0
  3600	  3607 : 0
  3604	  3619 : 1
  3616	  3623 : 0
  3620	  3639 : 0
  3636	  3647 : 0
  3644	  3663 : 0
  3660	  3679 : 0
  3676	  3715 : 1
  3712	  3719 : 0
  3716	  3723 : 0
  3720	  3731 : 0
  3728	  3739 : 0
  3736	  3751 : 0
  3748	  3763 : 0
  3760	  3771 : 0
  3768	  3783 : 0
  3780	  3811 : 0
  3808	  3815 : 1
  3812	  3819 : 0
  3816	  3843 : 0
  3840	  3879 : 0
  3876	  3927 : 1
  3924	  3935 : 0
  3932	  3947 : 0
  3944	  3959 : 0
  3956	  3963 : 0
  3960	  3979 : 0
  3976	  4015 : 0
  4012	  4027 : 0
  4024	  4043 : 1
  4040	  4051 : 0
  4048	  4147 : 0
  4144	  4179 : 0
  4176	  4207 : 0
  4204	  4211 : 0
  4208	  4215 : 0
  4212	  4235 : 0
  4232	  4243 : 1
  4240	  4291 : 0
  4288	  4299 : 1
  4296	  4383 : 0
  4380	  4391 : 0
  4388	  4423 : 0
  4420	  4427 : 1
  4424	  4495 : 0
  4492	  4499 : 1
  4496	  4503 : 0
  4500	  4531 : 0
  4528	  4551 : 0
  4548	  4555 : 1
  4552	  4563 : 0
  4560	  4575 : 0
  4572	  4579 : 0
  4576	  4603 : 1
  4600	  4607 : 0
  4604	  4615 : 0
  4612	  4627 : 0
  4624	  4635 : 1
  4632	  4643 : 0
  4640	  4695 : 0
  4692	  4755 : 0
  4752	  4759 : 2
  4756	  4779 : 1
  4776	  4795 : 0
  4792	  4799 : 0
  4796	  4807 : 0
  4804	  4855 : 0
  4852	  4879 : 0
  4876	  4883 : 1
  4880	  4915 : 0
  4912	  4923 : 0
  4920	  4927 : 0
  4924	  4931 : 1
  4928	  4979 : 0
  4976	  5003 : 0
  5000	  5039 : 0
  5036	  5047 : 1
  5044	  5219 : 0
  5216	  5227 : 1
  5224	  5231 : 0
  5228	  5235 : 0
  5232	  5243 : 0
  5240	  5287 : 0
  5284	  5291 : 0
  5288	  5327 : 0
  5324	  5335 : 0
  5332	  5443 : 0
  5440	  5491 : 0
  5488	  5499 : 0
  5496	  5571 : 0
  5568	  5599 : 0
  5596	  5603 : 0
  5600	  5615 : 0
  5612	  5623 : 0
  5620	  5647 : 0
  5644	  5651 : 0
  5648	  5659 : 0
  5656	  5663 : 0
  5660	  5699 : 0
  5696	  5755 : 0
  5752	  5771 : 0
  5768	  5783 : 0
  5780	  5791 : 0
  5788	  5799 : 0
  5796	  5807 : 0
  5804	  5811 : 0
  5808	  5831 : 0
  5828	  5903 : 0
  5900	  5951 : 1
  5948	  5999 : 0
  5996	  6027 : 0
  6024	  6043 : 0
  6040	  6051 : 0
  6048	  6067 : 0
  6064	  6075 : 0
  6072	  6079 : 0
  6076	  6083 : 0
  6080	  6087 : 0
  6084	  6103 : 0
  6100	  6107 : 0
  6104	  6211 : 1
  6208	  6235 : 0
  6232	  6255 : 1
  6252	  6259 : 0
  6256	  6263 : 0
  6260	  6267 : 0
  6264	  6307 : 0
  6304	  6311 : 0
  6308	  6375 : 0
  6372	  6395 : 0
  6392	  6459 : 1
  6456	  6463 : 0
  6460	  6483 : 0
  6480	  6495 : 0
  6492	  6503 : 0
  6500	  6511 : 0
  6508	  6523 : 0
  6520	  6527 : 0
  6524	  6535 : 0
  6532	  6543 : 0
  6540	  6559 : 0
  6556	  6563 : 0
  6560	  6575 : 0
  6572	  6579 : 0
  6576	  6599 : 0
  6596	  6647 : 0
  6644	  6655 : 0
  6652	  6659 : 0
  6656	  6663 : 1
  6660	  6667 : 0
  6664	  6687 : 0
  6684	  6703 : 0
  6700	  6751 : 1
  6748	  6755 : 0
  6752	  6779 : 0
  6776	  6799 : 0
  6796	  6815 : 1
  6812	  6835 : 0
  6832	  6839 : 1
  6836	  6899 : 0
  6896	  6903 : 1
  6900	  7003 : 0
  7000	  7039 : 0
  7036	  7043 : 0
  7040	  7083 : 1
  7080	  7087 : 0
  7084	  7107 : 0
  7104	  7127 : 0
  7124	  7163 : 1
  7160	  7171 : 0
  7168	  7183 : 0
  7180	  7199 : 0
  7196	  7211 : 1
  7208	  7215 : 0
  7212	  7219 : 0
  7216	  7231 : 0
  7228	  7251 : 0
  7248	  7255 : 0
  7252	  7395 : 1
  7392	  7399 : 0
  7396	  7403 : 1
  7400	  7411 : 0
  7408	  7455 : 0
  7452	  7459 : 0
  7456	  7463 : 1
  7460	  7467 : 0
  7464	  7471 : 0
  7468	  7491 : 0
  7488	  7495 : 1
  7492	  7535 : 0
  7532	  7547 : 1
  7544	  7579 : 0
  7576	  7595 : 1
  7592	  7615 : 0
  7612	  7679 : 0
  7676	  7687 : 0
  7684	  7691 : 1
  7688	  7699 : 0
  7696	  7719 : 0
  7716	  7751 : 0
  7748	  7755 : 2
  7752	  7791 : 0
  7788	  7799 : 0
  7796	  7807 : 0
  7804	  7811 : 0
  7808	  7839 : 0
  7836	  7851 : 0
  7848	  7875 : 0
  7872	  7879 : 0
  7876	  7943 : 0
  7940	  7947 : 0
  7944	  7955 : 0
  7952	  7967 : 0
  7964	  7971 : 0
  7968	  7987 : 0
  7984	  7999 : 0
  7996	  8003 : 0
  8000	  8019 : 0
  8016	  8031 : 0
  8028	  8035 : 0
  8032	  8043 : 0
  8040	  8051 : 0
  8048	  8079 : 0
  8076	  8095 : 0
  8092	  8099 : 0
  8096	  8107 : 0
  8104	  8111 : 0
  8108	  8123 : 0
  8120	  8223 : 0
  8220	  8235 : 1
  8232	  8239 : 0
  8236	  8251 : 0
  8248	  8279 : 0
  8276	  8283 : 1
  8280	  8295 : 0
  8292	  8299 : 0
  8296	  8315 : 0
  8312	  8323 : 0
  8320	  8335 : 0
  8332	  8395 : 0
  8392	  8399 : 0
  8396	  8419 : 0
  8416	  8427 : 0
  8424	  8467 : 0
  8464	  8475 : 0
  8472	  8487 : 0
  8484	  8523 : 0
  8520	  8527 : 0
  8524	  8535 : 0
  8532	  8559 : 0
  8556	  8587 : 0
  8584	  8591 : 1
  8588	  8595 : 0
  8592	  8627 : 0
  8624	  8651 : 0
  8648	  8655 : 0
  8652	  8687 : 0
  8684	  8691 : 1
  8688	  8695 : 0
  8692	  8731 : 0
  8728	  8799 : 0
  8796	  8811 : 0
  8808	  8815 : 0
  8812	  8875 : 0
  8872	  8899 : 0
  8896	  8907 : 0
  8904	  8911 : 0
  8908	  8915 : 0
  8912	  8931 : 0
  8928	  8951 : 0
  8948	  8999 : 0
  8996	  9003 : 1
  9000	  9007 : 0
  9004	  9035 : 0
  9032	  9039 : 0
  9036	  9043 : 0
  9040	  9055 : 0
  9052	  9067 : 0
  9064	  9079 : 0
  9076	  9135 : 1
  9132	  9139 : 0
  9136	  9203 : 1
  9200	  9207 : 0
  9204	  9251 : 1
  9248	  9267 : 0
  9264	  9291 : 0
  9288	  9351 : 0
  9348	  9387 : 1
  9384	  9391 : 0
  9388	  9419 : 0
  9416	  9443 : 0
  9440	  9451 : 0
  9448	  9487 : 0
  9484	  9495 : 0
  9492	  9503 : 0
  9500	  9511 : 1
  9508	  9535 : 0
  9532	  9551 : 1
  9548	  9575 : 0
  9572	  9583 : 0
  9580	  9587 : 0
  9584	  9599 : 0
  9596	  9619 : 0
  9616	  9627 : 1
  9624	  9663 : 0
  9660	  9671 : 1
  9668	  9675 : 0
  9672	  9699 : 0
  9696	  9727 : 0
  9724	  9731 : 1
  9728	  9787 : 0
  9784	  9795 : 1
  9792	  9799 : 0
  9796	  9819 : 0
  9816	  9835 : 0
  9832	  9863 : 0
  9860	  9867 : 0
  9864	  9883 : 0
  9880	  9907 : 0
  9904	  9959 : 1
  9956	  9963 : 0
  9960	  9967 : 1
  9964	  9971 : 0
  9968	  9983 : 0
  9980	  9991 : 0
  9988	 10051 : 0
 10048	 10055 : 0
 10052	 10091 : 0
 10088	 10099 : 0
 10096	 10107 : 1
 10104	 10163 : 0
 10160	 10167 : 0
 10164	 10183 : 0
 10180	 10195 : 0
 10192	 10199 : 0
 10196	 10207 : 1
 10204	 10251 : 0
 10248	 10263 : 0
 10260	 10279 : 0
 10276	 10295 : 0
 10292	 10299 : 0
 10296	 10339 : 0
 10336	 10343 : 0
 10340	 10359 : 1
 10356	 10367 : 0
 10364	 10411 : 0
 10408	 10435 : 0
 10432	 10439 : 0
 10436	 10459 : 0
 10456	 10479 : 0
 10476	 10483 : 0
 10480	 10487 : 1
 10484	 10555 : 0
 10552	 10563 : 1
 10560	 10611 : 0
 10608	 10643 : 1
 10640	 10651 : 0
 10648	 10659 : 0
 10656	 10679 : 0
 10676	 10687 : 0
 10684	 10695 : 0
 10692	 10703 : 0
 10700	 10711 : 0
 10708	 10715 : 1
 10712	 10723 : 0
 10720	 10735 : 0
 10732	 10879 : 0
 10876	 10939 : 0
 10936	 10983 : 0
 10980	 10987 : 0
 10984	 10995 : 0
 10992	 11019 : 0
 11016	 11083 : 0
 11080	 11087 : 1
 11084	 11131 : 0
 11128	 11139 : 1
 11136	 11207 : 0
 11204	 11215 : 1
 11212	 11239 : 0
 11236	 11243 : 0
 11240	 11247 : 0
 11244	 11251 : 0
 11248	 11263 : 0
 11260	 11287 : 0
 11284	 11291 : 0
 11288	 11311 : 0
 11308	 11447 : 0
 11444	 11455 : 1
 11452	 11463 : 0
 11460	 11467 : 0
 11464	 11491 : 0
 11488	 11499 : 1
 11496	 11531 : 0
 11528	 11539 : 1
 11536	 11547 : 0
 11544	 11563 : 0
 11560	 11575 : 0
 11572	 11587 : 0
 11584	 11663 : 0
 11660	 11695 : 1
 11692	 11715 : 0
 11712	 11723 : 1
 11720	 11755 : 0
 11752	 11763 : 1
 11760	 11799 : 0
 11796	 11807 : 1
 11804	 11823 : 0
 11820	 11831 : 1
 11828	 11855 : 0
 11852	 11867 : 1
 11864	 11871 : 0
 11868	 11883 : 0
 11880	 11943 : 0
 11940	 11951 : 0
 11948	 12015 : 0
 12012	 12023 : 1
 12020	 12087 : 0
 12084	 12095 : 1
 12092	 12171 : 0
 12168	 12179 : 1
 12176	 12195 : 0
 12192	 12207 : 0
 12204	 12211 : 0
 12208	 12227 : 0
 12224	 12259 : 0
 12256	 12267 : 1
 12264	 12307 : 0
 12304	 12311 : 0
 12308	 12319 : 0
 12316	 12323 : 0
 12320	 12391 : 0
 12388	 12403 : 1
 12400	 12411 : 0
 12408	 12423 : 0
 12420	 12427 : 0
 12424	 12447 : 0
 12444	 12451 : 0
 12448	 12455 : 0
 12452	 12467 : 0
 12464	 12471 : 1
 12468	 12555 : 0
 12552	 12579 : 0
 12576	 12587 : 0
 12584	 12591 : 1
 12588	 12603 : 0
 12600	 12627 : 0
 12624	 12683 : 0
 12680	 12687 : 0
 12684	 12703 : 0
 12700	 12711 : 0
 12708	 12767 : 0
 12764	 12779 : 0
 12776	 12819 : 0
 12816	 12823 : 1
 12820	 12851 : 0
 12848	 12855 : 0
 12852	 12879 : 0
 12876	 12887 : 1
 12884	 12899 : 0
 12896	 12911 : 0
 12908	 12931 : 0
 12928	 12939 : 1
 12936	 12999 : 0
 12996	 13043 : 0
 13040	 13047 : 0
 13044	 13055 : 1
 13052	 13075 : 0
 13072	 13083 : 0
 13080	 13099 : 0
 13096	 13107 : 0
 13104	 13111 : 0
 13108	 13115 : 1
 13112	 13119 : 0
 13116	 13135 : 0
 13132	 13151 : 0
 13148	 13167 : 0
 13164	 13251 : 0
 13248	 13267 : 0
 13264	 13275 : 0
 13272	 13291 : 0
 13288	 13303 : 0
 13300	 13327 : 0
 13324	 13335 : 0
 13332	 13339 : 1
 13336	 13387 : 0
 13384	 13507 : 1
 13504	 13511 : 0
 13508	 13531 : 0
 13528	 13567 : 0
 13564	 13583 : 0
 13580	 13587 : 0
 13584	 13599 : 0
 13596	 13607 : 0
 13604	 13687 : 1
 13684	 13727 : 0
 13724	 13755 : 0
 13752	 13767 : 0
 13764	 13771 : 1
 13768	 13779 : 0
 13776	 13787 : 0
 13784	 13795 : 0
 13792	 13819 : 0
 13816	 13831 : 0
 13828	 13879 : 0
 13876	 13935 : 0
 13932	 13947 : 0
 13944	 13955 : 0
 13952	 13963 : 0
 13960	 13983 : 0
 13980	 13991 : 0
 13988	 13999 : 0
 13996	 14003 : 0
 14000	 14027 : 0
 14024	 14031 : 0
 14028	 14099 : 0
 14096	 14107 : 0
 14104	 14179 : 0
 14176	 14187 : 1
 14184	 14207 : 0
 14204	 14227 : 0
 14224	 14251 : 0
 14248	 14259 : 0
 14256	 14279 : 0
 14276	 14283 : 0
 14280	 14307 : 0
 14304	 14311 : 1
 14308	 14363 : 0
 14360	 14367 : 1
 14364	 14391 : 0
 14388	 14435 : 0
 14432	 14447 : 0
 14444	 14463 : 0
 14460	 14535 : 0
 14532	 14539 : 1
 14536	 14567 : 0
 14564	 14575 : 0
 14572	 14591 : 0
 14588	 14619 : 0
 14616	 14627 : 0
 14624	 14643 : 0
 14640	 14655 : 0
 14652	 14663 : 0
 14660	 14683 : 0
 14680	 14699 : 0
 14696	 14707 : 0
 14704	 14715 : 1
 14712	 14783 : 0
 14780	 14787 : 0
 14784	 14855 : 0
 14852	 14859 : 0
 14856	 14875 : 0
 14872	 14879 : 0
 14876	 14891 : 0
 14888	 14895 : 0
 14892	 14899 : 0
 14896	 14911 : 0
 14908	 14915 : 0
 14912	 14919 : 0
 14916	 14923 : 0
 14920	 14947 : 0
 14944	 14983 : 0
 14980	 14987 : 1
 14984	 15187 : 0
 15184	 15191 : 0
 15188	 15203 : 0
 15200	 15207 : 0
 15204	 15231 : 0
 15228	 15235 : 0
 15232	 15343 : 0
 15340	 15347 : 0
 15344	 15367 : 0
 15364	 15375 : 0
 15372	 15395 : 0
 15392	 15427 : 0
 15424	 15483 : 0
 15480	 15495 : 0
 15492	 15499 : 0
 15496	 15511 : 0
 15508	 15515 : 0
 15512	 15519 : 0
 15516	 15527 : 0
 15524	 15531 : 0
 15528	 15543 : 0
 15540	 15547 : 0
 15544	 15575 : 0
 15572	 15579 : 1
 15576	 15583 : 0
 15580	 15603 : 0
 15600	 15631 : 0
 15628	 15639 : 0
 15636	 15655 : 0
 15652	 15663 : 0
 15660	 15675 : 0
 15672	 15679 : 1
 15676	 15707 : 0
 15704	 15711 : 1
 15708	 15739 : 0
 15736	 15747 : 1
 15744	 15787 : 0
 15784	 15795 : 0
 15792	 15799 : 0
 15796	 15815 : 0
 15812	 15859 : 0
 15856	 15883 : 0
 15880	 15887 : 0
 15884	 15895 : 0
 15892	 15903 : 0
 15900	 15907 : 0
 15904	 15955 : 0
 15952	 16015 : 0
 16012	 16019 : 0
 16016	 16047 : 0
 16044	 16051 : 0
 16048	 16063 : 0
 16060	 16071 : 0
 16068	 16111 : 0
 16108	 16115 : 0
 16112	 16127 : 1
 16124	 16131 : 0
 16128	 16139 : 0
 16136	 16147 : 0
 16144	 16155 : 0
 16152	 16163 : 0
 16160	 16171 : 0
 16168	 16179 : 0
 16176	 16183 : 1
 16180	 16219 : 0
 16216	 16247 : 1
 16244	 16251 : 0
 16248	 16271 : 0
 16268	 16275 : 0
 16272	 16279 : 0
 16276	 16283 : 0
 16280	 16287 : 0
 16284	 16331 : 0
 16328	 16347 : 0
 16344	 16395 : 0
 16392	 16403 : 1
 16400	 16423 : 0
 16420	 16435 : 0
 16432	 16459 : 0
 16456	 16467 : 1
 16464	 16487 : 0
 16484	 16531 : 1
 16528	 16555 : 0
 16552	 16563 : 0
 16560	 16567 : 0
 16564	 16583 : 0
 16580	 16611 : 0
 16608	 16683 : 1
 16680	 16695 : 0
 16692	 16707 : 1
 16704	 16731 : 0
 16728	 16775 : 0
 16772	 16811 : 0
 16808	 16819 : 2
 16816	 16915 : 0
 16912	 16919 : 1
 16916	 16983 : 0
 16980	 16987 : 1
 16984	 17019 : 0
 17016	 17023 : 0
 17020	 17059 : 0
 17056	 17063 : 0
 17060	 17067 : 0
 17064	 17087 : 1
 17084	 17135 : 0
 17132	 17143 : 1
 17140	 17175 : 0
 17172	 17179 : 0
 17176	 17183 : 0
 17180	 17187 : 0
 17184	 17231 : 0
 17228	 17239 : 1
 17236	 17279 : 0
 17276	 17283 : 1
 17280	 17327 : 0
 17324	 17335 : 1
 17332	 17379 : 0
 17376	 17383 : 0
 17380	 17395 : 0
 17392	 17403 : 0
 17400	 17415 : 0
 17412	 17419 : 1
 17416	 17479 : 0
 17476	 17491 : 0
 17488	 17515 : 0
 17512	 17519 : 1
 17516	 17527 : 0
 17524	 17535 : 0
 17532	 17543 : 0
 17540	 17551 : 1
 17548	 17587 : 0
 17584	 17595 : 0
 17592	 17611 : 0
 17608	 17615 : 1
 17612	 17643 : 0
 17640	 17647 : 1
 17644	 17655 : 0
 17652	 17667 : 0
 17664	 17671 : 0
 17668	 17679 : 0
 17676	 17683 : 0
 17680	 17699 : 0
 17696	 17703 : 0
 17700	 17727 : 1
 17724	 17759 : 0
 17756	 17763 : 1
 17760	 17787 : 0
 17784	 17799 : 0
 17796	 17839 : 0
 17836	 17855 : 0
 17852	 17863 : 0
 17860	 17867 : 0
 17864	 17891 : 0
 17888	 17895 : 0
 17892	 17915 : 0
 17912	 17927 : 1
 17924	 17947 : 0
 17944	 17951 : 0
 17948	 17955 : 0
 17952	 17959 : 1
 17956	 17963 : 0
 17960	 17987 : 0
 17984	 17999 : 0
 17996	 18027 : 0
 18024	 18063 : 0
 18060	 18095 : 0
 18092	 18099 : 0
 18096	 18119 : 0
 18116	 18135 : 0
 18132	 18143 : 0
 18140	 18147 : 0
 18144	 18151 : 0
 18148	 18179 : 0
 18176	 18207 : 0
 18204	 18231 : 0
 18228	 18247 : 0
 18244	 18255 : 0
 18252	 18263 : 0
 18260	 18267 : 0
 18264	 18299 : 1
 18296	 18327 : 0
 18324	 18331 : 1
 18328	 18395 : 0
 18392	 18403 : 0
 18400	 18411 : 0
 18408	 18415 : 0
 18412	 18463 : 0
 18460	 18475 : 0
 18472	 18555 : 0
 18552	 18559 : 1
 18556	 18595 : 0
 18592	 18623 : 1
 18620	 18627 : 0
 18624	 18631 : 0
 18628	 18635 : 0
 18632	 18639 : 1
 18636	 18679 : 0
 18676	 18687 : 1
 18684	 18699 : 0
 18696	 18719 : 0
 18716	 18727 : 0
 18724	 18735 : 1
 18732	 18747 : 0
 18744	 18755 : 1
 18752	 18795 : 0
 18792	 18803 : 1
 18800	 18819 : 0
 18816	 18823 : 1
 18820	 18831 : 0
 18828	 18851 : 0
 18848	 18863 : 0
 18860	 18867 : 1
 18864	 18939 : 0
 18936	 18955 : 1
 18952	 18959 : 0
 18956	 18967 : 1
 18964	 19003 : 0
 19000	 19007 : 0
 19004	 19019 : 0
 19016	 19031 : 1
 19028	 19039 : 0
 19036	 19047 : 0
 19044	 19055 : 0
 19052	 19099 : 0
 19096	 19127 : 0
 19124	 19135 : 0
 19132	 19139 : 0
 19136	 19159 : 0
 19156	 19167 : 0
 19164	 19203 : 1
 19200	 19211 : 0
 19208	 19223 : 0
 19220	 19251 : 0
 19248	 19263 : 0
 19260	 19279 : 0
 19276	 19287 : 1
 19284	 19303 : 0
 19300	 19307 : 0
 19304	 19323 : 0
 19320	 19347 : 1
 19344	 19355 : 0
 19352	 19363 : 1
 19360	 19367 : 0
 19364	 19439 : 0
 19436	 19463 : 0
 19460	 19471 : 1
 19468	 19499 : 0
 19496	 19567 : 0
 19564	 19587 : 0
 19584	 19591 : 1
 19588	 19639 : 0
 19636	 19647 : 1
 19644	 19667 : 0
 19664	 19727 : 0
 19724	 19735 : 0
 19732	 19743 : 0
 19740	 19747 : 0
 19744	 19775 : 1
 19772	 19779 : 0
 19776	 19783 : 1
 19780	 19787 : 2
 19784	 19831 : 0
 19828	 19847 : 1
 19844	 19859 : 0
 19856	 19867 : 0
 19864	 19895 : 0
 19892	 19907 : 1
 19904	 19911 : 0
 19908	 19955 : 0
 19952	 19975 : 0
 19972	 19979 : 1
 19976	 20019 : 0
 20016	 20027 : 1
 20024	 20031 : 0
 20028	 20039 : 0
 20036	 20047 : 0
 20044	 20115 : 0
 20112	 20151 : 0
 20148	 20159 : 1
 20156	 20179 : 0
 20176	 20187 : 0
 20184	 20195 : 0
 20192	 20207 : 0
 20204	 20211 : 0
 20208	 20227 : 0
 20224	 20235 : 0
 20232	 20259 : 0
 20256	 20263 : 0
 20260	 20367 : 0
 20364	 20371 : 0
 20368	 20439 : 0
 20436	 20443 : 0
 20440	 20455 : 0
 20452	 20467 : 0
 20464	 20483 : 0
 20480	 20495 : 0
 20492	 20507 : 0
 20504	 20519 : 0
 20516	 20527 : 0
 20524	 20535 : 0
 20532	 20591 : 0
 20588	 20611 : 0
 20608	 20651 : 0
 20648	 20683 : 0
 20680	 20711 : 1
 20708	 20719 : 0
 20716	 20723 : 1
 20720	 20727 : 0
 20724	 20731 : 0
 20728	 20755 : 0
 20752	 20759 : 1
 20756	 20783 : 0
 20780	 20795 : 0
 20792	 20815 : 0
 20812	 20835 : 1
 20832	 20855 : 0
 20852	 20871 : 1
 20868	 20887 : 0
 20884	 20899 : 0
 20896	 20915 : 0
 20912	 20923 : 0
 20920	 20943 : 0
 20940	 20947 : 0
 20944	 20951 : 0
 20948	 20955 : 0
 20952	 20959 : 0
 20956	 20979 : 1
 20976	 20983 : 0
 20980	 20995 : 0
 20992	 21007 : 0
 21004	 21019 : 0
 21016	 21055 : 0
 21052	 21071 : 1
 21068	 21075 : 0
 21072	 21083 : 1
 21080	 21099 : 0
 21096	 21111 : 0
 21108	 21119 : 0
 21116	 21127 : 0
 21124	 21155 : 0
 21152	 21203 : 1
 21200	 21211 : 0
 21208	 21219 : 0
 21216	 21223 : 0
 21220	 21255 : 0
 21252	 21323 : 0
 21320	 21355 : 1
 21352	 21367 : 0
 21364	 21371 : 1
 21368	 21379 : 0
 21376	 21383 : 0
 21380	 21395 : 0
 21392	 21407 : 0
 21404	 21415 : 0
 21412	 21435 : 0
 21432	 21443 : 0
 21440	 21499 : 0
 21496	 21507 : 0
 21504	 21519 : 0
 21516	 21527 : 0
 21524	 21535 : 0
 21532	 21551 : 0
 21548	 21555 : 1
 21552	 21559 : 0
 21556	 21567 : 0
 21564	 21595 : 0
 21592	 21663 : 1
 21660	 21667 : 0
 21664	 21671 : 0
 21668	 21683 : 0
 21680	 21703 : 0
 21700	 21715 : 0
 21712	 21743 : 1
 21740	 21787 : 0
 21784	 21795 : 1
 21792	 21803 : 0
 21800	 21815 : 0
 21812	 21823 : 0
 21820	 21827 : 1
 21824	 21831 : 0
 21828	 21855 : 0
 21852	 21867 : 0
 21864	 21875 : 1
 21872	 21907 : 0
 21904	 21975 : 1
 21972	 21979 : 0
 21976	 22055 : 1
 22052	 22123 : 0
 22120	 22135 : 0
 22132	 22163 : 0
 22160	 22167 : 0
 22164	 22227 : 0
 22224	 22235 : 1
 22232	 22243 : 0
 22240	 22251 : 0
 22248	 22259 : 0
 22256	 22263 : 0
 22260	 22275 : 0
 22272	 22283 : 0
 22280	 22287 : 0
 22284	 22295 : 0
 22292	 22311 : 0
 22308	 22319 : 0
 22316	 22327 : 0
 22324	 22351 : 1
 22348	 22359 : 0
 22356	 22363 : 0
 22360	 22395 : 0
 22392	 22427 : 1
 22424	 22443 : 0
 22440	 22451 : 0
 22448	 22463 : 0
 22460	 22479 : 0
 22476	 22483 : 0
 22480	 22487 : 1
 22484	 22491 : 0
 22488	 22499 : 0
 22496	 22503 : 0
 22500	 22511 : 0
 22508	 22515 : 0
 22512	 22523 : 0
 22520	 22527 : 0
 22524	 22539 : 0
 22536	 22543 : 0
 22540	 22547 : 0
 22544	 22591 : 0
 22588	 22599 : 0
 22596	 22603 : 0
 22600	 22607 : 0
 22604	 22611 : 0
 22608	 22623 : 1
 22620	 22667 : 0
 22664	 22683 : 0
 22680	 22711 : 0
 22708	 22723 : 0
 22720	 22735 : 0
 22732	 22755 : 0
 22752	 22759 : 0
 22756	 22767 : 1
 22764	 22835 : 0
 22832	 22859 : 1
 22856	 22879 : 0
 22876	 22887 : 0
 22884	 22903 : 0
 22900	 22935 : 0
 22932	 22939 : 0
 22936	 22955 : 1
 22952	 22963 : 0
 22960	 22967 : 0
 22964	 22971 : 0
 22968	 22979 : 1
 22976	 23027 : 0
 23024	 23059 : 0
 23056	 23067 : 0
 23064	 23071 : 0
 23068	 23091 : 0
 23088	 23103 : 0
 23100	 23131 : 0
 23128	 23139 : 1
 23136	 23283 : 0
 23280	 23287 : 1
 23284	 23335 : 0
 23332	 23339 : 1
 23336	 23359 : 0
 23356	 23379 : 0
 23376	 23387 : 0
 23384	 23399 : 0
 23396	 23431 : 0
 23428	 23435 : 0
 23432	 23451 : 0
 23448	 23459 : 0
 23456	 23475 : 0
 23472	 23571 : 1
 23568	 23599 : 0
 23596	 23607 : 0
 23604	 23623 : 0
 23620	 23655 : 0
 23652	 23699 : 0
 23696	 23703 : 1
 23700	 23719 : 0
 23716	 23739 : 0
 23736	 23751 : 0
 23748	 23759 : 0
 23756	 23767 : 0
 23764	 23771 : 0
 23768	 23799 : 0
 23796	 23811 : 1
 23808	 23819 : 0
 23816	 23823 : 0
 23820	 23827 : 0
 23824	 23835 : 0
 23832	 23839 : 0
 23836	 23847 : 1
 23844	 23859 : 0
 23856	 23867 : 0
 23864	 23879 : 0
 23876	 23895 : 1
 23892	 23899 : 0
 23896	 23911 : 0
 23908	 23935 : 0
 23932	 23939 : 0
 23936	 23943 : 0
 23940	 24015 : 0
 24012	 24055 : 0
 24052	 24063 : 0
 24060	 24107 : 0
 24104	 24123 : 0
 24120	 24135 : 0
 24132	 24163 : 0
 24160	 24171 : 0
 24168	 24179 : 0
 24176	 24211 : 0
 24208	 24223 : 0
 24220	 24227 : 0
 24224	 24259 : 1
 24256	 24359 : 0
 24356	 24367 : 1
 24364	 24399 : 0
 24396	 24411 : 0
 24408	 24443 : 0
 24440	 24451 : 1
 24448	 24471 : 0
 24468	 24511 : 0
 24508	 24519 : 0
 24516	 24527 : 0
 24524	 24531 : 0
 24528	 24535 : 1
 24532	 24563 : 0
 24560	 24567 : 0
 24564	 24611 : 0
 24608	 24623 : 1
 24620	 24627 : 0
 24624	 24691 : 0
 24688	 24743 : 0
 24740	 24799 : 0
 24796	 24803 : 0
 24800	 24851 : 1
 24848	 24895 : 0
 24892	 24939 : 0
 24936	 24955 : 0
 24952	 24963 : 1
 24960	 25011 : 0
 25008	 25019 : 1
 25016	 25051 : 0
 25048	 25055 : 0
 25052	 25071 : 0
 25068	 25075 : 1
 25072	 25147 : 0
 25144	 25151 : 1
 25148	 25311 : 0
 25308	 25315 : 1
 25312	 25379 : 0
 25376	 25395 : 0
 25392	 25511 : 0
 25508	 25551 : 0
 25548	 25567 : 0
 25564	 25595 : 0
 25592	 25599 : 0
 25596	 25659 : 1
 25656	 25743 : 0
 25740	 25751 : 1
 25748	 25759 : 0
 25756	 25775 : 0
 25772	 25799 : 0
 25796	 25807 : 1
 25804	 25835 : 0
 25832	 25839 : 0
 25836	 25843 : 0
 25840	 25867 : 1
 25864	 25875 : 0
 25872	 25987 : 0
 25984	 25995 : 0
 25992	 26019 : 0
 26016	 26027 : 0
 26024	 26059 : 0
 26056	 26063 : 0
 26060	 26071 : 0
 26068	 26095 : 0
 26092	 26111 : 0
 26108	 26139 : 0
 26136	 26143 : 1
 26140	 26255 : 0
 26252	 26259 : 0
 26256	 26447 : 0
 26444	 26451 : 1
 26448	 26491 : 0
 26488	 26511 : 1
 26508	 26519 : 0
 26516	 26539 : 0
 26536	 26543 : 0
 26540	 26567 : 0
 26564	 26571 : 0
 26568	 26579 : 1
 26576	 26599 : 0
 26596	 26619 : 0
 26616	 26623 : 0
 26620	 26643 : 0
 26640	 26651 : 0
 26648	 26671 : 0
 26668	 26679 : 0
 26676	 26731 : 0
 26728	 26735 : 0
 26732	 26743 : 1
 26740	 26751 : 0
 26748	 26839 : 0
