     0	     7 : 1
     4	    11 : 0
     8	    31 : 0
    28	   135 : 0
   132	   203 : 0
   200	   235 : 0
   232	   279 : 0
   276	   295 : 0
   292	   359 : 0
   356	   463 : 0
   460	   475 : 0
   472	   555 : 0
   552	   563 : 1
   560	   603 : 0
   600	   607 : 0
   604	   687 : 0
   684	   739 : 0
   736	   755 : 0
   752	   767 : 0
   764	   791 : 0
   788	   799 : 0
   796	   819 : 0
   816	   823 : 0
   820	   879 : 0
   876	   887 : 0
   884	   899 : 0
   896	   959 : 0
   956	   975 : 0
   972	   991 : 0
   988	  1027 : 0
  1024	  1047 : 0
  1044	  1087 : 0
  1084	  1091 : 0
  1088	  1135 : 0
  1132	  1143 : 0
  1140	  1155 : 0
  1152	  1175 : 0
  1172	  1195 : 0
  1192	  1227 : 0
  1224	  1367 : 0
  1364	  1375 : 1
  1372	  1475 : 0
  1472	  1483 : 0
  1480	  1527 : 0
  1524	  1543 : 0
  1540	  1567 : 0
  1564	  1571 : 0
  1568	  1575 : 0
  1572	  1587 : 0
  1584	  1591 : 0
  1588	  1595 : 0
  1592	  1599 : 0
  1596	  1607 : 0
  1604	  1619 : 0
  1616	  1623 : 0
  1620	  1655 : 0
  1652	  1671 : 0
  1668	  1695 : 0
  1692	  1739 : 0
  1736	  1747 : 0
  1744	  1751 : 1
  1748	  2115 : 0
  2112	  2127 : 0
  2124	  2187 : 0
  2184	  2251 : 0
  2248	  2255 : 0
  2252	  2299 : 0
  2296	  2343 : 0
  2340	  2347 : 0
  2344	  2351 : 2
  2348	  2355 : 1
  2352	  2387 : 0
  2384	  2391 : 0
  2388	  2403 : 0
  2400	  2427 : 1
  2424	  2435 : 0
  2432	  2439 : 0
  2436	  2463 : 0
  2460	  2479 : 0
  2476	  2499 : 0
  2496	  2507 : 0
  2504	  2523 : 0
  2520	  2527 : 0
  2524	  2547 : 0
  2544	  2555 : 0
  2552	  2559 : 0
  2556	  2567 : 0
  2564	  2571 : 0
  2568	  2603 : 0
  2600	  2627 : 0
  2624	  2755 : 0
  2752	  2767 : 0
  2764	  2775 : 0
  2772	  2783 : 0
  2780	  2787 : 0
  2784	  2815 : 0
  2812	  2819 : 0
  2816	  2847 : 0
  2844	  2851 : 0
  2848	  2995 : 0
  2992	  3015 : 0
  3012	  3019 : 0
  3016	  3031 : 0
  3028	  3159 : 0
  3156	  3191 : 0
  3188	  3199 : 0
  3196	  3211 : 0
  3208	  3219 : 0
  3216	  3235 : 0
  3232	  3251 : 0
  3248	  3263 : 0
  3260	  3287 : 0
  3284	  3295 : 0
  3292	  3315 : 0
  3312	  3327 : 0
  3324	  3371 : 0
  3368	  3395 : 0
  3392	  3431 : 0
  3428	  3435 : 0
  3432	  3483 : 0
  3480	  3487 : 1
  3484	  3523 : 0
  3520	  3531 : 0
  3528	  3535 : 0
  3532	  3547 : 0
  3544	  3607 : 0
  3604	  3611 : 0
  3608	  3663 : 0
  3660	  3671 : 0
  3668	  3703 : 0
  3700	  3711 : 0
  3708	  3731 : 0
  3728	  3739 : 1
  3736	  3759 : 0
  3756	  3807 : 0
  3804	  3815 : 0
  3812	  3871 : 0
  3868	  4139 : 0
  4136	  4159 : 0
  4156	  4191 : 0
  4188	  4231 : 0
  4228	  4251 : 0
  4248	  4263 : 0
  4260	  4391 : 0
  4388	  4399 : 0
  4396	  4491 : 0
  4488	  4495 : 0
  4492	  4511 : 0
  4508	  4531 : 0
  4528	  4555 : 0
  4552	  4559 : 0
  4556	  4567 : 0
  4564	  4571 : 0
  4568	  4583 : 0
  4580	  4587 : 0
  4584	  4595 : 0
  4592	  4599 : 0
  4596	  4635 : 0
  4632	  4643 : 0
  4640	  4655 : 0
  4652	  4659 : 0
  4656	  4663 : 0
  4660	  4671 : 0
  4668	  4703 : 0
  4700	  4707 : 0
  4704	  4711 : 0
  4708	  4739 : 0
  4736	  4799 : 0
  4796	  4839 : 0
  4836	  4859 : 0
  4856	  4919 : 0
