2784 2799
2916 2923
2948 2959
6204 6223
6632 6639
6656 6667
6724 6731
6780 6791
7160 7171
7224 7231
7276 7287
7348 7359
7408 7415
7492 7503
7692 7703
7756 7771
7828 7843
7904 7923
8056 8067
8220 8227
9192 9203
9992 10003
10232 10247
10564 10571
10700 10711
10752 10763
10840 10847
10956 10967
11032 11043
11188 11199
11252 11263
13604 13623
15556 15567
19328 19343
19484 19499
19780 19787
19832 19843
20356 20367
20592 20599
20596 20603
20740 20751
21324 21335
24448 24463
26580 26587
42880 42895
43344 43351
51068 51095
55636 55643
55684 55695
55980 55991
60324 60339
61696 61707
62408 62415
62492 62511
62620 62635
62728 62755
63256 63279
65496 65503
65548 65559
65744 65759
65820 65839
66556 66583