636 943
1252 1259
1860 1871
2448 2455
2800 2811
3092 3103
3340 3355
4888 4895
5068 5075
5380 5411
5528 5539
6640 6651
7056 7063
7464 7471
8256 8303
9056 9071
9528 9539
9752 9763
9916 9923
10060 10095
10840 10851
10912 10923
11152 11159
11240 11263
11448 11471
11892 11899
12388 12395
13644 13659
14460 14479
14568 14575
14592 14599
14612 14667
14836 14855
14956 14963
15100 15151
15236 15247
15368 15383
15636 15647
15784 15791
15900 15907
16012 16023
16240 16247
16488 16495
16532 16547
16872 16895
17144 17155
17336 17343
17504 17511
17892 17899
18068 18075
18120 18183
18236 18251
18532 18543
19116 19127
19336 19347
20060 20079
20216 20271
20440 20523
20568 20595
20684 20707
21284 21295
21704 21751
22276 22287
22584 22595
22660 22671
22776 22783
23060 23083
23244 23255
23404 23415
24204 24215
24476 24495
24940 24947
25716 25807
26320 26335
26564 26583
26880 26891
27328 27419
27960 28043
28144 28219
29088 29167
29716 30067
30192 30203
30288 30299
31876 31963
32788 32803
33544 33555
35192 35223
36272 36335
36552 36563
36792 36803
37920 37931
38180 38199
38412 38419
38648 38667
38836 38859
39028 39035
39352 39475
39620 39835
40204 40211
40804 40815
41004 41011
42004 42011
42092 42099
42184 42191
42300 42307
42508 42543
42696 42703
42744 42751
42804 42811
42900 42907
43796 43811
43980 43991
44132 44139
44428 44439
44600 44631
44988 44999
45064 45091
45320 45459
45804 45815
46032 46091
46404 46415
47104 47115
47332 47343
47492 47499
47712 47719
47764 47771
47900 47951
48132 48159
48212 48243
48244 48251
48456 48463
48516 48535
48560 48571
48680 48691
49068 49079
49580 49587
49864 49895
50128 50147
50336 50343
50540 50571
50704 50715
50888 50911
51072 51079
51108 51115
51532 51539
51704 51711
52212 52223
52288 52343
52696 52703
52800 52811
52912 52939
52940 52995
53092 53103
53132 53139
53140 53167
53200 53211
53268 53279
53316 53323
53356 53363
53436 53447
53484 53543
53896 53903
53996 54003
54000 54007
55768 55775
55980 55991
57404 57411
58700 58711
59068 59083
59208 59339
59348 59359
59756 59911
60096 60107
60384 60391
60520 60531
60852 60863
61080 61091
62072 62079
62176 62183
62568 62583
62808 62815
63416 63447
64548 64559
64592 64599
64776 64783
64860 64871
64948 64955
65308 65315
65588 65599
66016 66027
66472 66479
66824 66831
67336 67347
67824 67839
68192 68199
69488 69519
69520 69539
70176 70295
71904 71943