1516 1523
1588 1595
2272 2303
2596 2623
3952 3959
3968 3991
4728 4735
4768 4779
4936 4955
5284 5299
5452 5467
5628 5635
5820 5839
6404 6423
6504 6515
6552 6563
6612 6623
6788 6803
6964 6975
7036 7047
7504 7527
10776 10783
11324 11335
11616 11631
12228 12251
16428 16443
17168 17175
17600 17611
18712 18739
18832 18843
18888 18899
19056 19063
19104 19111
19116 19123
19140 19159
19168 19175
19204 19215
19264 19275
19448 19463
19712 19723
19732 19743
19784 19799
19944 19951
20276 20307
20384 20407
20528 20539
21844 21855
21992 22003
22048 22055
22104 22111
22428 22439
27180 27203
27276 27299
27484 27491
27500 27511
27600 27607
27656 27663
27780 27791
28112 28123
28124 28131
28180 28199
29276 29303
29936 29947
30468 30475
30512 30523
31584 31615
31676 31699
32216 32251
32448 32455
32492 32503
33128 33135
33900 33911
39936 39959
40472 40491
40884 40899
41596 41607
41660 41671
42264 42279
42808 42819
42900 42919
43324 43331
44268 44279
45556 45567
45644 45659
46300 46307
46372 46383
46388 46399
46440 46451
46508 46519
46556 46567
46588 46599
46612 46619
46620 46627
46672 46683
46704 46715
47056 47067
47268 47279
47288 47295
47316 47327
47580 47591
47612 47619
47804 47815
48456 48467
49492 49503
49572 49579
49704 49715
49764 49783
49848 49855
49880 49891
49936 49947
52376 52387
54900 54915
54996 55023
57380 57387
59552 59571
59676 59683
59956 59987
60656 60683
61052 61071
61276 61287
61740 61751
61920 61943
62084 62099
62968 62983
63140 63163
64768 64783
65200 65211
65240 65251
65340 65359
65408 65423
66192 66199
66576 66591
66840 66847
67472 67491
67696 67703
67720 67727
67796 67803
67868 67887
67936 67955
68304 68311
68512 68535
68628 68635
68992 68999
69500 69507
69616 69631
69976 69991
70312 70319