0	1
112	184
217	218
349	350
368	369
501	502
520	521
652	653
671	672
804	805
974	975
1107	1108
1126	1127
1182	1183
1195	1202
1258	1259
1277	1278
1381	1382
1414	1415
1439	1440
1494	1495
1512	1513
1567	1568
1585	1586
1640	1641
1657	1658
1735	1736
1875	1876
1939	1940
1947	1948
1977	1978
1988	1989
2014	2015
2024	2025
2061	2062
2312	2313
2359	2360
2473	2474
2569	2570
2606	2607
2625	2626
2757	2758
2776	2777
2915	2916
2994	2995
3069	3070
3107	3108
3193	3194
3230	3231
3362	3363
3533	3534
3637	3638
3713	3714
3770	3771
3851	3852
4021	4022
4122	4123
4149	4150
4215	4216
4290	4291
4366	4367
4744	4745
4821	4822
4901	4902
5047	5048
5123	5124
5199	5200
5350	5351
5483	5484
5501	5502
5577	5578
5634	5635
5671	5672
5785	5786
5804	5805
5839	5840
5867	5868
5955	5956
6054	6055
6066	6073
6083	6084
6097	6106
6135	6136
