0	7
70	72
95	96
157	177
193	194
252	253
359	360
422	423
485	486
572	573
684	685
698	699
835	836
916	917
1098	1099
1249	1250
1282	1283
1340	1341
1455	1456
1630	1631
1771	1772
1892	1893
1904	1905
2010	2011
2108	2109
2120	2121
2226	2227
2334	2335
2450	2451
2562	2563
2617	2618
2669	2670
2789	2790
2877	2878
2951	2952
3011	3012
3081	3082
3171	3172
3251	3252
3372	3373
3473	3474
3520	3534
3549	3562
3573	3574
3693	3694
3737	3738
3837	3838
3950	3951
4021	4022
4109	4110
4164	4165
4227	4228
4324	4325
4438	4439
4571	4572
4611	4612
4676	4677
4744	4745
4826	4827
4946	4947
5120	5121
5221	5222
5282	5283
5372	5373
5462	5463
5538	5539
5657	5658
5717	5718
5783	5784
5890	5891
5978	5979
6216	6217
6278	6279
6352	6353
6369	6372
6380	6422
6466	6482
6557	6558
6646	6647
6712	6713
6767	6768
6846	6847
7106	7107
7139	7140
7158	7159
7181	7184
7201	7202
7271	7272
7353	7354
7459	7460
7571	7572
7639	7640
7732	7733
7772	7773
7843	7844
7892	7893
7940	7941
8061	8062
8194	8195
8286	8287
8374	8375
8486	8487
8563	8564
8677	8681
8764	8765
8857	8858
8988	8989
9087	9088
9185	9186
9316	9317
9359	9360
9436	9437
9554	9555
9668	9669
9762	9765
9902	9903
9998	9999
10054	10055
10143	10144
10207	10208
10298	10299
10415	10416
10490	10506
10608	10609
10726	10729
