0	1
7	8
173	174
504	505
548	549
575	576
641	642
697	698
751	752
793	794
918	919
960	961
1008	1009
1039	1040
1085	1086
1124	1125
1157	1158
1184	1185
1218	1219
1277	1278
1315	1316
1333	1334
1363	1364
1396	1397
1443	1444
1468	1469
1482	1486
1506	1507
1556	1557
1567	1568
1656	1657
1708	1709
1737	1741
1796	1797
1876	1877
1938	1939
2006	2007
2086	2087
2154	2155
2189	2190
2301	2302
2431	2432
2465	2528
2542	2543
2574	2575
2603	2604
2635	2636
2667	2668
2699	2700
2730	2731
2762	2763
2794	2795
2858	2859
2887	2888
3001	3034
3046	3047
3078	3079
3108	3109
3140	3141
3171	3172
3204	3205
3235	3236
3267	3268
3298	3299
3362	3363
3394	3395
3456	3457
3501	3502
3616	3617
3681	3682
3706	3707
3743	3744
3806	3807
3870	3871
3933	3934
3965	3966
3995	3996
4014	4047
4067	4068
4091	4092
4123	4124
4186	4187
4305	4306
4376	4377
4440	4441
4469	4470
4503	4504
4521	4554
4597	4598
4682	4683
4722	4723
4754	4755
4798	4799
4850	4851
4892	4893
4911	4912
4935	4936
4975	4976
5007	5008
5039	5040
5103	5104
5135	5136
5182	5183
5199	5200
5222	5223
5245	5246
5323	5324
5378	5379
5420	5421
5462	5463
5513	5514
5532	5562
5609	5610
5642	5643
5672	5673
5701	5702
5737	5738
5823	5824
5862	5863
5957	5958
6021	6022
6068	6069
6115	6116
6192	6193
6241	6242
6301	6302
6365	6366
6400	6401
6446	6447
6543	6572
6615	6616
6673	6674
