0	1
58	59
106	107
126	127
138	139
220	221
258	259
266	273
448	449
482	483
552	553
1545	1546
1685	1686
1709	1710
1731	1732
2413	2422
2443	2451
2517	2518
2868	2869
2922	2923
2946	2947
2984	2989
2997	2998
3019	3023
3045	3051
3087	3094
3308	3309
3343	3349
3369	3370
3399	3410
3673	3674
4165	4166
4195	4196
4215	4216
4235	4236
4255	4256
4271	4278
4289	4290
4297	4298
4305	4310
4341	4342
4363	4368
4385	4390
4399	4400
4473	4474
4497	4502
4533	4534
4559	4560
4575	4576
4607	4608
4634	4639
4660	4661
4668	4669
4688	4689
4742	4747
4762	4763
4774	4777
4795	4796
4826	4838
4852	4996
5030	5034
5041	5042
5054	5072
5079	5098
5107	5122
5129	5146
5161	5176
5185	5186
5193	5194
5205	5209
5235	5238
5269	5270
5283	5284
5291	5294
5323	5346
5355	5406
5413	5484
5509	5524
5533	5538
5547	5558
5565	5576
5585	5610
5617	5628
5639	5656
5667	5688
5695	5698
5705	5706
5896	5901
5910	5913
6039	6040
6157	6178
6267	6268
6275	6276
6327	6370
6377	6378
6439	6440
6539	6540
6549	6552
6561	6564
6571	6584
6779	6784
6803	6806
6831	6836
6847	6848
6877	6896
6945	6950
7069	7070
7085	7086
7127	7136
7145	7146
7153	7154
7210	7211
7320	7341
7362	7373
7394	7403
7414	7419
7426	7431
7460	7483
7494	7509
7528	7531
7546	7547
7558	7563
7578	7589
7596	7597
7638	7639
7648	7649
7664	7672
7679	7682
7689	7740
7749	7756
7789	7792
7805	7808
7819	7832
7847	7912
7953	7978
7991	7994
8402	8403
8526	8541
8548	8555
8570	8599
8606	8619
8658	8659
8763	8764
8850	8857
8870	8873
8886	8975
8988	8999
9008	9037
9044	9063
9070	9071
9078	9109
9118	9189
9196	9279
9290	9291
9298	9317
9326	9373
9380	9393
9400	9401
9412	9413
9420	9427
9438	9447
9458	9601
9616	9853
9862	9863
9872	9873
9892	9979
9990	9991
10008	10009
10018	10033
10040	10103
10111	10137
10144	10145
10151	10152
10230	10241
10295	10300
10365	10370
10378	10380
10427	10452
10458	10468
10477	10523
10529	10540
10546	10561
10571	10579
10589	10610
10616	10620
10676	10679
10707	10715
10726	10751
10766	10773
10780	10781
10807	10812
10818	10819
10832	10837
10846	10910
10916	10946
10953	10954
10966	11001
11018	11041
11049	11081
11090	11091
11104	11105
11133	11138
11159	11160
11171	11182
11189	11216
11223	11242
11263	11266
11273	11276
11285	11289
11296	11322
11329	11336
11343	11344
11367	11400
11407	11412
11431	11438
11461	11462
11492	11493
11516	11517
11535	11536
11642	11643
11654	11655
11686	11687
11722	11723
11757	11762
11769	11780
11787	11792
11799	11808
11817	11822
11831	11858
11887	11890
11899	11900
11911	11915
11993	11996
12013	12035
12046	12047
12060	12073
12092	12095
12120	12121
12133	12135
12142	12143
12154	12155
12162	12163
12170	12173
12182	12183
12194	12195
12204	12211
12224	12231
12254	12259
12292	12293
12312	12315
12334	12341
12352	12389
12398	12419
12426	12473
12494	12615
12626	12631
12642	12651
12670	12672
12678	12689
12696	12743
12758	12759
12765	12766
12772	12810
12818	12831
12842	12876
12886	12906
12912	12934
12952	12963
12971	12976
12989	13036
13042	13048
13055	13066
13075	13080
13086	13104
13119	13124
13135	13143
13150	13152
13189	13190
13196	13210
13216	13217
13223	13226
13235	13304
13313	13330
13339	13480
13487	13546
13559	13578
13585	13590
13597	13602
13615	13622
13631	13632
13643	13646
13733	13734
13751	13754
13809	13812
13821	13824
13851	13870
13885	13890
13899	13902
13909	13912
13921	13932
13975	13984
13997	14008
14021	14038
14053	14054
14063	14072
14079	14108
14119	14128
14135	14138
14193	14196
14331	14332
