0	1
105	106
361	365
375	376
1342	1343
1365	1366
2427	2428
2756	2761
3469	3470
4735	4741
4785	4786
4800	4801
5072	5073
5085	5086
5987	5988
6000	6001
6045	6050
6060	6066
6075	6084
6317	6318
6330	6331
6345	6346
8111	8116
8130	8131
8145	8146
8419	8420
8659	8660
8878	8882
9132	9136
9150	9151
10468	10469
10485	10486
10567	10568
10805	10806
10815	10816
10830	10831
13200	13201
14132	14133
14179	14180
14203	14225
14253	14254
14283	14291
14299	14316
14613	14614
14740	14746
14760	14761
14775	14776
14790	14791
15450	15453
15890	15891
15900	15901
20465	20466
20475	20476
20490	20491
20808	20809
20820	20821
21577	21578
21600	21601
21615	21616
21675	21676
21936	21937
21957	21958
21992	21993
22034	22035
22068	22072
22082	22083
22134	22135
22231	22232
22247	22248
22270	22271
22315	22316
22323	22324
22339	22340
22354	22355
22382	22383
22423	22424
22460	22464
22484	22485
22537	22538
22577	22578
22592	22593
22617	22618
22651	22652
22681	22682
22718	22719
22766	22776
22785	22790
22804	22805
22814	22820
22832	22833
22840	22841
22861	22862
22875	22876
22890	22891
22905	22906
24631	24632
24645	24646
25115	25116
25125	25126
25140	25141
26260	26274
26503	26504
26515	26521
26567	26568
26704	26713
26869	26870
26924	26926
27129	27130
27142	27150
27159	27160
27292	27293
27325	27326
27350	27351
27420	27421
27500	27501
27515	27516
27579	27580
27621	27622
27677	27678
27709	27710
27889	27890
28097	28098
28310	28311
28611	28612
28744	28745
29297	29301
29416	29417
29579	29597
29659	29662
29842	29846
30039	30047
30097	30109
30120	30121
30135	30136
30150	30154
30180	30181
30194	30195
30331	30335
30411	30421
30435	30436
30450	30451
30528	30529
30540	30541
30555	30556
30567	30568
30673	30676
30690	30691
30733	30736
30750	30751
30883	30886
30895	30896
30971	30978
31068	31069
31080	31081
31095	31096
31178	31179
31200	31201
31215	31216
31234	31235
31369	31370
31380	31381
31395	31396
31460	31461
31470	31471
31585	31591
31605	31606
31620	31621
31635	31636
31648	31662
31798	31819
31908	31909
32118	32119
33191	33210
33369	33386
33715	33726
33750	33751
34920	34921
35146	35147
37246	37247
37260	37261
37376	37377
38123	38141
38154	38155
38409	38420
38968	38980
39081	39094
39269	39282
39450	39464
39539	39572
39586	39587
39600	39601
39615	39616
41325	41326
42375	42376
42390	42391
42652	42653
42660	42661
43041	43044
45135	45136
47116	47117
47131	47132
47145	47146
47160	47161
48327	48331
48345	48346
48991	48992
50948	50949
51078	51081
51283	51284
51458	51459
51542	51543
51752	51753
51859	51867
52118	52119
52550	52551
52580	52581
52652	52653
52773	52774
52963	52966
52980	52981
52995	52996
53696	53701
54204	54205
54225	54226
54661	54662
54706	54707
54722	54723
54766	54767
54781	54782
54796	54797
54812	54813
54826	54827
54856	54857
54886	54889
54896	54897
54950	54951
55044	55045
55202	55203
55366	55367
55777	55778
55953	55954
55973	55978
55999	56001
56010	56013
56281	56282
56296	56297
56371	56372
56401	56402
56477	56478
56521	56522
56626	56627
56633	56638
56656	56657
56686	56687
56701	56702
56716	56717
56731	56732
56761	56762
56822	56823
56837	56838
56892	56897
56926	56927
56941	56945
56986	56987
56995	56996
57046	57047
57062	57064
57091	57092
57106	57110
57151	57152
57173	57174
57181	57182
57196	57197
57226	57230
57241	57242
57270	57274
57285	57309
57315	57396
57402	57414
57420	57425
57431	57436
57450	57451
57927	57931
57945	57946
57960	57961
58800	58801
59479	59480
59836	59837
60332	60333
60346	60351
60376	60377
60406	60407
60413	60414
60421	60422
60466	60467
60518	60519
60526	60527
60541	60542
60586	60595
60607	60608
60616	60617
60631	60632
60661	60662
60706	60711
60721	60722
60737	60738
60766	60767
60795	60802
60810	60886
60900	60901
64425	64426
64711	64712
64726	64732
64751	64752
64916	64924
65081	65082
65136	65137
65145	65146
65341	65342
65354	65362
65371	65372
65385	65390
65503	65504
65560	65561
65631	65632
65640	65641
65655	65656
65726	65727
65791	65792
65833	65834
65888	65889
65921	65922
66101	66102
66309	66310
66520	66521
66823	66824
66956	66957
67508	67511
67791	67809
67871	67874
68053	68056
68156	68170
68181	68190
68231	68235
68306	68326
68340	68341
68355	68356
68363	68366
68385	68386
68405	68406
68543	68551
68623	68627
68640	68641
68655	68656
68670	68671
68685	68686
68700	68701
68741	68746
68775	68776
68886	68887
68910	68911
68925	68926
68940	68947
68955	68956
68970	68971
68985	68986
69096	69097
69105	69106
69184	69185
69195	69196
69205	69206
69281	69286
69300	69301
69315	69316
69390	69391
69445	69451
69465	69466
69495	69496
69580	69581
69673	69678
69690	69691
69705	69706
69720	69721
69798	69802
69810	69811
69855	69874
70011	70032
70121	70122
70330	70331
71403	71421
71580	71600
71925	71926
72020	72021
72030	72031
72045	72046
72060	72061
72075	72076
72090	72091
72300	72301
72890	72892
73788	73789
74052	74053
74340	74341
74718	74719
74977	74978
75181	75182
75265	75273
75306	75307
75439	75440
75467	75468
75754	75755
75849	75850
76073	76074
76426	76427
76444	76456
76586	76590
76602	76603
76731	76737
76815	76821
76830	76831
76845	76846
76890	76891
77087	77088
77100	77101
77115	77116
80435	80436
80445	80446
80460	80461
81294	81295
81583	81586
81615	81616
86340	86341
86488	86491
86568	86577
86754	86763
86987	86989
87000	87001
87055	87057
87506	87507
87526	87533
88516	88517
88570	88571
88590	88591
89443	89446
89456	89461
89482	89483
89490	89491
90076	90077
90373	90376
90390	90391
90420	90421
91929	91930
91950	91951
91965	91966
91980	91981
93857	93858
93872	93873
93900	93901
94641	94642
94650	94651
94665	94666
99512	99557
99697	99706
100010	100011
100726	100729
100778	100779
100916	100924
101081	101082
101136	101137
101145	101146
101341	101342
101353	101361
101370	101371
101503	101504
101535	101536
101560	101561
101631	101632
101640	101641
101655	101656
101711	101712
101726	101727
101791	101792
101833	101834
101888	101889
101921	101922
102101	102102
102309	102310
102520	102521
102823	102824
102956	102957
103508	103511
103791	103809
103871	103874
104053	104056
104156	104170
104181	104190
104231	104235
104305	104326
104336	104338
104363	104366
104405	104406
104543	104551
104623	104627
104640	104641
104655	104656
104670	104671
104685	104686
104700	104701
104741	104746
104756	104757
104775	104776
104886	104887
104895	104896
104910	104911
104940	104947
104955	104956
104970	104971
105096	105097
105105	105106
105120	105121
105184	105185
105195	105196
105205	105206
105280	105281
105390	105391
105445	105451
105465	105466
105480	105481
105580	105581
105600	105601
105612	105613
105673	105676
105705	105706
105798	105802
105810	105811
105825	105826
105840	105841
105855	105874
106011	106032
106121	106122
106330	106331
107403	107421
107485	107486
107580	107599
107610	107611
107925	107926
107938	107946
