0	17
25	30
553	577
801	823
1263	1280
1681	1705
2160	2161
2250	2251
2351	2374
2995	3014
3632	3641
3649	3652
3660	3661
3681	3688
3701	3719
3733	3738
3780	3781
3835	3842
3949	3961
4135	4136
4307	4309
4318	4320
4343	4344
4419	4421
4634	4635
4671	4673
4720	4721
4813	4814
4842	4843
5148	5149
5389	5396
5531	5545
5551	5552
5665	5666
5719	5720
5772	5805
6198	6211
6220	6221
6478	6500
6511	6520
6536	6538
6588	6589
6605	6606
6755	6756
6893	6894
6957	6958
6965	6966
6972	6973
6979	6980
6996	6997
7009	7010
7020	7021
7138	7146
7154	7158
7200	7201
7212	7213
7235	7257
7637	7651
8194	8215
8713	8737
9457	9458
9759	9760
9824	9828
10519	10520
10529	10530
10539	10540
10549	10550
11197	11210
11293	11314
