2886 2932
2939 2969
3146 3173
3398 3399
3411 3459
3833 3850
3873 3890
4031 4067
4075 4081
4083 4094
4111 4130
4183 4215
4219 4226
4229 4254
4330 4362
4365 4394
4495 4528
4534 4539
4547 4551
4565 4585
4616 4644
4648 4656
4658 4691
4803 4847
4854 4858
4869 4871
4916 4920
4925 4927
5059 5108
5128 5135
5201 5203
5204 5217
5257 5275
5295 5329
5335 5341
5350 5376
5429 5461
5467 5471
5475 5496
5634 5670
5901 5929
5934 5941
5948 5988
6019 6058
6062 6094
6174 6207
6213 6218
6228 6252
6418 6435
6447 6452
6453 6454
6464 6491
6497 6517
6600 6628
6675 6677
6891 6894
6898 6904
6912 6915
6950 6953
6956 6959
7029 7071
7321 7349
7361 7386
7504 7540
7546 7551
7568 7572
7575 7576
7668 7669
7685 7687
7698 7700
7713 7729
7807 7809
7820 7832
7840 7878
7928 7959
7964 7969
7980 7996
8000 8004
8024 8054
8059 8087
8133 8162
8365 8383
8391 8396
8398 8402
8408 8438
8442 8469
8474 8507
8517 8545
8549 8580
8616 8671
8677 8678
8683 8685
8688 8717
8811 8840
8846 8882
8925 8975
8979 9019
9083 9117
9122 9156
9179 9215
9323 9352
9389 9440
9516 9555
9582 9629
9633 9640
9641 9660
9670 9690
9714 9730
9749 9772
9777 9824
9881 9937
9941 9974
9985 10017
10022 10048
10072 10100
10105 10111
10114 10118
10119 10120
10121 10122
10150 10169
10211 10258
10273 10289
10315 10348
10361 10377
10385 10388
10419 10441
10525 10532
10537 10569
10589 10618
10622 10623
10680 10681
10694 10697
10699 10720
10739 10759
10760 10761
10765 10766
10807 10808
10814 10819
10821 10843
10877 10905
10909 10910
10964 10965
10971 11002
11030 11059
11065 11069
11099 11124
11130 11134
11141 11153
11180 11184
11188 11189
11264 11265
11319 11320
11663 11700
11707 11744
11759 11790
12001 12003
12109 12120
12147 12171
12220 12236
12277 12309
12314 12364
12410 12457
12461 12496
13503 13520
13550 13558
13559 13564
13615 13662
13667 13700
13725 13755
13822 13828
13830 13836
13892 13920
13971 13981
14034 14045
14062 14084
14100 14117
14142 14165
14219 14234
14262 14278
14372 14387
14449 14450
14451 14461
14588 14609
14771 14786
14975 14984
14993 14995
15002 15008
15063 15066
15210 15223
17444 17445
17499 17500
17506 17530
17561 17589
17594 17624
17675 17702
17719 17737
17776 17780
17781 17782
17786 17787
17827 17828
17882 17883
17925 17926
17966 17968
18004 18035
18129 18163
18168 18196
18226 18263
18476 18477
18516 18522
18524 18530
18560 18579
18603 18654
18660 18666
18671 18694
18720 18747
18752 18759
18761 18783
18796 18820
18824 18825
18870 18871
18916 18917
18954 18955
18961 18962
18968 18971
18976 18985
18987 18993
19079 19111
19118 19121
19128 19132
19133 19134
19136 19155
19173 19206
19211 19239
19251 19276
19280 19281
19340 19341
19467 19502
19507 19513
19518 19543
19556 19581
19585 19586
19637 19638
19644 19648
19651 19654
19656 19658
19678 19702
19707 19714
19718 19742
19756 19781
19785 19786
19834 19835
19921 19956
19961 19987
19995 20020
20060 20061
20224 20263
20270 20297
20308 20331
20336 20366
20417 20466
20576 20610
21047 21050
21069 21074
21078 21082
21083 21084
21094 21098
21104 21106
21126 21155
21296 21323
21487 21520
21683 21687
21690 21694
21698 21699
21757 21758
21886 21917
22022 22042
22048 22074
22087 22112
22130 22144
22163 22187
22350 22380
22389 22415
22420 22424
22485 22513
22519 22520
22587 22589
22591 22592
22593 22595
22596 22597
22601 22602
22653 22654
22737 22758
22762 22795
22809 22838
22925 22955
22961 22993
23009 23036
23041 23073
23085 23117
23123 23128
23144 23149
23155 23158
23176 23210
23217 23223
23230 23235
23287 23317
23574 23609
23929 23944
24176 24180
24332 24375
24380 24387
24390 24415
24747 24791
24797 24825
24976 24994
25216 25245
25292 25318
25323 25350
25377 25403
25408 25436
25466 25487
25493 25515
25525 25526
25527 25528
25529 25531
25535 25547
25588 25619
25713 25742
25746 25774
25788 25819
25824 25859
25908 25938
25944 25982
26013 26063
26069 26075
26079 26107
26292 26325
26332 26361
26391 26423
26430 26448
26450 26469
26491 26523
26739 26740
27303 27305
27307 27308
27791 27792
27851 27852
28845 28846
28902 28903
29032 29033
29079 29080
29296 29297
29322 29323
29387 29388
29424 29425
29692 29693
29944 29945
29993 29994
30027 30028
30075 30076
30089 30090
31331 31372
31430 31476
31485 31487
31493 31500
31604 31641
31945 31977
32000 32006
32099 32100
32101 32118
32127 32150
32162 32183
32269 32296
32309 32338
32344 32357
32359 32361
32368 32377
32416 32444
32449 32473
32475 32481
32491 32519
32524 32531
32532 32549
32570 32573
32574 32575
32576 32591
32596 32628
32637 32669
32674 32703
32715 32740
32809 32825
32831 32866
32877 32904
33207 33227
33236 33263
33336 33358
33454 33462
33633 33675
33681 33716
33791 33828
33856 33871
33905 33931
33972 33985
34043 34074
34100 34108
34133 34159
34164 34194
34222 34264
34295 34311
34418 34422
34426 34427
34507 34508
34515 34541
34595 34600
34607 34608
34613 34616
34621 34623
34624 34625
34629 34630
34683 34684
34732 34733
34746 34747
34827 34829
34830 34831
34835 34836
34935 34936
35043 35061
35068 35098
35106 35132
35137 35162
35175 35198
35203 35231
35244 35274
35280 35309
35334 35368
35374 35399
35411 35436
35441 35476
35489 35514
35519 35524
35536 35554
35582 35611
35650 35653
35725 35761
35858 35869
35872 35879
35897 35923
35953 35982
35989 35995
35998 36020
36034 36059
36065 36069
36078 36083
36102 36125
36215 36226
36228 36236
36334 36366
36371 36378
36383 36395
36407 36431
36514 36544
36549 36576
36597 36620
36623 36624
36679 36680
36686 36712
36727 36756
36761 36786
36964 36965
37024 37059
37299 37300
37313 37314
37315 37349
37368 37386
37561 37573
37970 37994
38016 38032
38057 38066
38067 38068
38070 38071
38095 38113
38140 38147
38148 38149
38187 38205
38576 38577
38632 38633
39454 39455
39510 39511
39708 39718
39924 39925
40416 40455
40459 40460
40513 40514
40520 40546
40569 40600
40604 40605
40663 40664
40671 40673
40674 40676
40677 40681
40682 40691
40695 40699
40738 40760
40764 40765
40791 40792
40842 40843
40857 40859
40909 40911
40912 40913
40917 40918
40962 40963
41117 41118
41138 41139
41177 41178
41221 41222
41278 41279
41285 41291
41292 41316
41328 41355
41360 41364
41373 41382
41409 41427
41431 41432
41479 41480
41681 41712
41740 41769
41773 41799
41807 41831
41833 41834
41889 41890
41896 41901
41903 41918
41931 41932
41934 41949
41953 41954
41976 41977
42024 42025
42060 42061
42109 42110
42115 42133
42147 42168
42172 42173
42197 42198
42234 42235
42240 42267
42282 42308
42314 42320
42324 42347
42367 42399
42406 42429
42440 42462
42466 42494
42506 42533
42702 42728
42848 42883
42934 42967
42969 42973
42974 42975
42979 42980
43025 43026
43031 43056
43120 43155
43162 43166
43186 43203
43253 43292
43299 43305
43306 43331
43364 43399
43486 43499
43518 43553
43594 43630
43635 43665
43676 43701
43833 43862
43867 43899
43953 43984
43988 44016
44032 44059
44175 44176
44190 44193
44200 44202
44203 44204
44248 44250
44254 44265
44268 44270
44900 44928
44990 45015
45020 45031
45032 45044
45075 45101
45245 45273
45297 45318
45391 45394
45514 45542
45689 45708
45717 45720
45727 45731
45758 45759
45762 45773
45777 45778
45826 45827
46122 46139
46173 46178
46188 46193
46274 46292
46399 46428
46497 46499
46504 46506
46507 46508
46512 46513
46571 46572
46608 46609
46706 46707
46714 46730
46735 46737
46908 46929
47378 47399
47622 47650
47667 47698
47903 47905
47906 47908
47914 47920
47923 47925
47932 47971
48047 48060
48123 48127
48142 48158
48174 48200
48261 48270
48276 48277
48318 48319
48475 48476
48479 48498
48557 48585
48589 48590
48683 48684
48822 48824
48900 48913
49021 49033
49038 49042
49049 49078
49111 49128
49135 49136
49140 49141
49166 49167
49233 49250
49362 49368
49374 49376
49411 49441
49469 49474
49479 49516
49790 49824
49850 49881
50140 50181
50348 50350
50353 50355
50357 50369
50402 50428
50453 50484
50490 50493
50506 50512
50544 50573
50761 50786
50815 50838
50845 50875
51320 51336
51406 51436
51529 51561
51765 51798
51826 51834
51877 51912
52096 52110
52140 52169
52192 52213
52242 52249
52441 52475
52635 52636
52679 52708
52832 52834
53108 53131
53139 53168
53197 53225
53230 53262
53283 53315
53320 53327
53330 53337
53342 53363
53412 53447
53452 53479
53495 53529
53848 53874
53879 53884
53891 53908
53941 53965
54181 54206
54395 54428
54733 54757
54906 54915
55119 55128
55227 55237
55468 55485
55884 55911
56063 56078
56079 56083
56132 56161
56242 56246
56247 56253
56278 56281
56300 56304
56421 56442
56452 56480
56484 56488
56507 56534
56733 56734
57157 57186
57387 57414
57608 57639
57666 57676
57700 57714
57853 57854
57857 57858
57859 57862
57893 57898
57905 57935
57961 57989
57995 57998
58006 58011
58016 58022
58055 58076
58230 58235
58640 58669
58674 58709
58761 58789
58808 58818
58877 58895
58926 58932
58961 58990
58999 59004
59008 59028
59050 59077
59082 59118
59145 59172
59175 59176
59236 59237
59250 59253
59292 59314
59334 59353
59442 59470
59475 59480
59483 59501
59588 59618
59623 59659
59698 59732
59917 59918
59921 59952
59958 59980
59982 59993
59994 60000
60026 60053
60058 60064
60067 60083
60112 60114
60116 60136
60140 60141
60198 60199
60321 60329
60590 60628
60666 60694
60925 60926
60968 60969
61017 61018
61063 61064
61140 61167
61211 61250
61257 61287
61506 61536
61572 61606
61614 61641
61645 61649
61661 61693
61697 61729
61805 61833
61841 61844
61849 61859
61878 61879
63114 63126
64112 64131
65026 65050
65161 65169
65170 65177
65222 65243
65362 65365
65399 65415
65509 65530
65669 65696
65757 65785
66019 66041
66042 66043
66047 66048
66097 66098
66171 66172
66200 66217
66579 66599
66704 66708
66709 66713
66719 66720
66752 66753
66796 66797
66912 66913
66914 66917
66918 66919
66969 66970
67003 67004
67059 67060
67110 67111
67150 67151
67184 67185
68282 68310
68348 68371
68469 68484
68802 68805
68811 68823
68950 68970
68993 68998
69019 69034
69035 69036
69037 69038
69063 69081
69141 69143
69151 69155
69292 69293
69319 69320
69469 69474
69480 69481
70415 70446
70491 70520
70527 70530
70542 70561
70576 70604
70613 70645
70724 70754
70796 70811
70843 70872
70876 70877
70900 70901
70906 70923
70927 70932
70941 70965
70969 70970
71002 71003
71064 71074
71109 71160
71414 71449