644 649
1925 1931
1938 1939
2170 2173
2197 2198
2200 2225
2348 2350
2507 2527
2743 2764
2774 2796
2856 2898
2904 2909
2910 2928
2932 2952
3057 3058
3062 3063
3102 3103
3109 3111
3112 3113
3117 3119
3127 3129
3137 3160
3223 3254
3554 3555
3611 3613
3614 3628
3629 3630
3631 3632
3665 3669
3769 3774
3783 3790
3791 3812
3856 3858
3869 3870
3967 3994
4542 4548
4628 4638
4647 4676
4707 4734
4749 4764
4783 4794
4798 4799
4842 4843
4849 4872
4884 4909
5100 5123
5143 5161
5169 5184
5214 5224
5228 5229
5278 5279
5292 5295
5297 5306
5396 5421
5613 5629
5649 5678
5689 5713
6096 6100
6160 6186
6323 6342
7266 7267
7459 7467
7470 7476
7500 7506
7588 7611
7743 7744
7773 7774
7827 7828
7893 7894
7900 7901
7902 7903
7908 7910
7935 7939
8791 8822
8889 8929
9715 9742
11306 11330
11896 11900
12021 12036
12217 12244
12387 12390
12393 12399
12411 12414
12419 12424
12847 12860
12872 12874
13517 13531
14915 14917
15907 15948
16216 16245
16301 16320
16325 16331
16336 16353
16406 16430
16539 16571
16576 16605
16832 16869
16967 16968
17012 17013
17046 17047
17150 17156
17157 17161
17162 17163
17167 17168
17203 17204
17260 17261
17363 17387
17399 17402
17474 17500
17508 17510
17525 17534
17535 17541
17597 17627
17711 17738
17742 17743
17802 17803
17809 17810
17816 17834
17877 17905
17911 17938
17962 17988
17992 17993
18032 18033
18076 18077
18125 18126
18132 18156
18172 18193
18198 18204
18228 18240
18276 18316
18320 18321
18355 18356
18425 18444
18507 18530
18532 18533
18591 18592
18596 18625
18632 18661
18662 18663
18723 18724
18754 18755
18776 18779
18781 18784
18789 18793
18807 18833
18837 18838
18887 18888
18908 18909
18922 18923
18951 18956
18985 19020
19025 19052
19060 19083
19088 19116
19143 19178
19198 19200
19295 19337
19421 19448
19454 19486
19503 19530
19534 19562
19595 19623
19629 19652
19672 19694
19866 19894
19897 19898
19946 19947
19953 19954
20094 20095
20097 20123
20129 20135
20138 20164
20210 20241
20247 20252
20259 20262
20266 20286
20303 20333
20338 20341
20350 20351
20352 20353
20386 20404
20409 20435
20442 20467
20471 20499
20525 20557
20983 20995
20996 20997
21091 21121
21130 21164
21300 21333
21367 21399
21420 21421
21479 21480
21526 21527
21657 21695
21733 21737
21752 21753
21757 21758
21799 21800
21804 21830
21840 21867
21872 21894
21952 21980
22005 22031
22047 22065
22085 22108
22112 22148
22157 22190
22195 22203
22209 22233
22253 22290
22294 22295
22352 22353
22394 22395
22401 22427
22434 22463
23646 23650
23816 23830
24192 24200
24203 24206
24223 24249
24273 24292
24316 24332
24411 24430
24734 24735
24788 24789
24891 24906
24914 24920
24992 24996
25032 25034
25065 25074
25104 25110
25192 25199
25200 25212
25234 25247
25392 25424
25509 25513
25571 25572
25583 25587
25841 25842
25889 25890
26133 26151
26206 26207
26259 26260
26351 26352
26461 26462
26491 26492
26544 26545
26581 26582
26611 26612
26654 26655
26684 26685
26709 26710
26758 26759
26765 26782
26837 26850
27225 27226
27252 27253
27744 27745
28792 28793
28997 28998
29044 29045
29081 29082
29189 29190
29371 29378
29379 29381
29384 29388
29394 29395
29725 29726
29765 29766
29880 29900
29919 29932
30057 30058
30113 30114
30166 30167
30449 30450
30644 30650
30651 30658
30838 30853
31130 31131
31132 31134
31167 31180
31200 31214
31266 31272
31441 31442
31501 31502
32018 32022
32025 32029
32998 33036
33786 33816
33981 33984
34211 34234
34458 34459
34464 34467
34477 34484
34486 34491
34522 34535
34859 34881
34901 34916
34971 34989
35012 35017
35168 35189
35281 35296
35479 35508
35583 35584
35586 35605
35613 35640
35652 35675
35682 35685
35692 35711
35725 35753
35871 35898
35904 35910
36060 36090
36124 36132
36277 36279
37461 37462
37627 37644
37946 37975
38077 38103
38771 38772
38773 38785
38794 38808
38813 38820
39633 39667
39719 39746
39751 39778
39812 39843
39873 39877
39939 39964
39974 39976
39984 39987
39988 39989
39990 40011
40028 40060
40067 40090
40106 40129
40291 40294
40301 40302
40303 40309
40455 40483
40578 40579
40637 40638
40644 40667
40678 40703
40889 40898
40953 40954
40992 41019
41021 41022
41062 41063
41069 41070
41071 41075
41076 41077
41083 41090
41091 41092
41240 41270
41299 41325
41330 41337
41340 41341
41342 41365
41392 41419
41425 41453
41470 41481
41482 41483
41487 41488
41543 41544
41550 41575
41588 41610
41612 41613
41647 41648
41668 41670
41676 41683
41708 41731
41737 41764
41814 41842
41903 41906
41913 41919
41926 41932
41946 41964
42028 42065
43106 43117
43125 43134
43139 43140
43163 43191
43198 43203
43210 43222
43225 43230
43247 43271
43279 43282
43283 43309
43335 43363
44626 44637
45432 45433
45466 45467
45502 45503
46388 46389
46513 46514
46532 46533
46568 46569
48834 48856
48866 48896
48913 48938
49045 49073
49080 49095
49104 49112
49115 49120
49145 49175
49179 49207
49286 49311
49315 49316
49366 49367
49440 49441
49446 49471
49508 49534
49535 49539
49540 49541
49545 49546
49591 49592
49605 49608
49620 49636
49728 49753
49758 49765
49767 49782
49851 49875
49881 49919
49948 49976
49980 50010
50021 50054
50101 50104
50119 50159
50165 50171
50174 50195
50198 50203
50218 50252
50256 50257
50307 50308
50350 50352
50358 50359
50386 50428
50599 50634
50642 50653
50757 50791
50795 50825
50832 50858
50863 50873
50874 50893
50903 50905
50960 50985
50989 50990
51049 51050
51056 51057
51058 51087
51106 51133
51137 51165
51173 51201
51379 51386
51417 51449
51458 51487
51493 51503
51506 51507
51516 51535
51579 51609
51613 51646
51666 51700
51706 51711
51721 51722
51723 51724
51726 51727
51728 51735
51738 51743
51823 51852
52074 52107
52111 52112
52154 52155
52475 52509
52512 52514
52515 52516
52520 52521
52581 52582
52595 52598
52600 52601
52603 52620
52649 52677
52682 52694
52699 52704
52745 52776
52782 52785
52800 52816
52835 52861
52865 52892
52969 53004
53689 53710
53969 53983
54867 54879
55427 55430
55468 55481
55562 55605
55611 55649
55712 55743
56131 56150
56274 56306
56530 56562
56732 56737
56750 56771
56917 56927
56943 56947
56956 56962
56964 56972
56989 56995
57000 57003
57048 57084
57387 57410
57731 57742
57745 57771
57911 57947
57955 57988
58021 58050
58118 58140
58244 58254
58272 58277
58313 58316
58321 58324
58366 58396
58901 58939
58997 59032
59346 59381
59388 59392
59397 59425
59479 59519
59526 59559
59588 59608
59612 59613
59660 59661
59708 59709
59750 59751
59798 59799
59805 59811
59812 59833
59845 59872
59876 59877
59937 59938
59970 59988
60478 60494
60676 60716
60722 60727
60754 60768
60872 60905
61103 61107
61248 61275
61466 61499
61703 61704
62146 62177
62349 62376
62686 62694
63144 63179
63267 63289
63977 64008
64016 64042
64076 64099
64104 64107
64116 64137
64158 64201
64206 64232
64272 64300
64306 64332
64386 64413
64541 64542
64562 64563
64572 64598
64773 64801
64906 64936
65235 65263
65320 65328
65366 65389
65418 65444
65470 65487
65628 65639
65686 65719
65726 65756
65807 65835
66107 66137
66293 66325
66659 66668
66727 66753
66830 66860
66868 66897
66907 66931
66936 66965
66978 67003
67004 67005
67054 67055
67068 67069
67123 67124
67125 67136
67140 67141
67190 67191
67246 67247
67287 67288
67340 67341
67362 67363
67684 67721
67735 67763
67764 67765
67812 67813
67857 67858
67912 67913
67924 67925
67926 67929
67950 67953
67986 68014
68019 68047
68065 68085
68089 68090
68142 68143
68149 68160
68161 68180
68226 68261
68266 68295
68316 68345
68349 68350
68464 68465
68471 68472
68537 68539
68540 68541
68545 68546
68608 68609
68686 68687
68765 68766
68779 68782
68787 68792
68798 68801
68820 68847
68850 68851
68892 68893
68924 68925
69016 69017
69081 69083
69084 69085
69089 69090
69113 69114
69127 69128
69315 69343
69348 69377
69387 69408
69409 69410
69468 69469
69601 69627
69706 69728
69751 69770
69829 69839
69848 69850
69856 69863
69877 69879
69939 69961
70197 70223
70315 70346
70354 70358
70362 70367
70370 70378
70520 70524
70527 70552
70579 70613
70620 70653
70675 70709
70714 70748
70861 70885
70895 70931
71005 71036
71042 71064
71079 71101
71119 71121
71124 71127
71417 71445
71473 71490
71633 71666