641 659
709 726
2050 2051
2052 2060
2706 2740
2804 2810
2842 2875
2882 2885
2894 2900
2946 2960
3115 3168
3382 3409
3415 3421
3474 3486
3607 3659
3868 3914
3918 3947
3966 4000
4003 4032
4041 4067
4071 4112
4145 4174
4179 4206
4215 4236
4241 4276
4288 4317
4326 4327
4367 4385
4452 4482
4490 4493
4500 4505
4528 4546
4587 4640
4644 4682
4689 4721
4725 4759
4775 4803
4807 4814
4815 4848
4860 4897
4901 4930
4973 4978
4980 5000
5002 5009
5196 5200
5203 5252
5316 5327
5474 5536
5542 5558
5588 5604
5669 5702
5707 5712
5717 5739
5760 5802
5991 6034
6039 6048
6049 6063
6114 6136
6158 6159
6167 6170
6193 6194
6195 6199
6207 6213
6217 6218
6254 6255
6260 6267
6268 6296
6324 6361
6485 6518
6615 6654
6776 6813
7180 7183
7344 7374
7379 7387
7388 7429
7585 7616
7722 7765
7772 7776
7793 7799
7800 7817
7854 7897
7902 7930
8034 8041
8046 8081
8135 8167
8289 8310
8333 8363
8406 8443
8450 8473
8513 8532
8658 8684
8688 8689
8733 8734
8791 8792
8799 8804
8867 8868
8988 8995
9144 9187
9315 9345
9473 9512
9567 9581
9616 9669
9675 9704
9812 9821
9825 9826
9880 9881
9952 9974
10076 10078
10245 10249
10250 10256
10260 10261
10295 10296
10301 10313
10319 10348
10379 10407
10411 10442
10448 10476
10485 10486
10499 10501
10528 10549
10576 10630
10650 10660
10709 10722
10841 10845
10847 10849
10870 10907
10914 10916
10985 11017
11401 11415
11460 11475
11525 11565
11569 11575
11580 11610
11822 11863
12348 12349
12350 12359
12534 12572
13185 13223
13315 13342
13413 13446
13452 13478
13727 13757
13763 13769
13782 13785
13815 13839
13986 14016
14219 14236
14260 14273
14296 14322
14490 14528
14569 14620
14644 14648
14680 14705
14710 14715
14720 14740
14748 14774
14777 14778
14822 14823
15111 15136
15140 15168
15170 15175
15184 15191
15192 15216
15227 15257
15264 15266
15298 15309
15357 15387
15584 15615
15779 15807
15812 15818
15822 15823
15824 15858
15914 15941
15945 15946
15998 15999
16078 16080
16213 16228
16234 16246
16557 16569
16571 16574
16601 16633
16671 16706
16710 16739
16767 16806
16810 16843
16872 16909
17024 17032
17044 17088
17094 17109
17110 17144
17161 17215
17220 17225
17243 17249
17250 17253
17254 17274
17346 17378
17383 17388
17396 17424
17499 17532
17602 17603
17679 17716
17723 17756
17820 17878
18258 18259
18263 18264
18268 18277
18343 18359
18364 18394
18409 18440
18444 18479
18493 18521
18524 18557
18649 18650
18653 18677
18684 18718
18726 18758
18762 18789
18794 18820
18824 18853
18868 18897
18902 18930
18941 18967
19071 19099
19105 19111
19119 19144
19244 19294
19311 19335
19466 19469
19702 19715
19745 19784
19849 19880
20053 20063
20064 20065
20077 20083
20085 20088
20095 20133
20140 20179
20571 20608
20614 20650
20656 20661
20682 20701
20719 20765
20769 20776
20794 20817
20841 20904
20909 20916
20926 20928
20932 20957
21008 21072
21223 21268
21315 21318
21431 21450
21558 21606
21612 21617
21621 21630
21648 21663
21687 21723
21728 21733
21750 21773
21808 21843
21851 21854
21858 21859
21862 21863
21916 21939
22187 22188
22189 22194
22195 22200
22223 22245
22338 22376
22398 22426
22431 22459
22489 22522
22616 22634
22643 22660
22668 22689
22708 22737
22872 22879
22885 22888
22984 23011
23034 23048
23056 23088
23104 23129
23136 23140
23144 23152
23173 23190
23234 23263
23614 23627
23739 23746
23748 23749
23750 23753
24038 24046
24599 24600
24602 24612
24618 24619
24671 24672
24896 24900
25193 25200
25250 25253
25349 25396
25403 25406
25448 25462
25518 25533
25549 25580
25587 25627
25646 25680
25685 25722
25752 25802
25806 25813
25815 25827
25837 25854
25895 25925
25933 25934
25984 25996
26101 26136
26143 26146
26150 26151
26156 26166
26245 26271
26276 26282
26309 26327
26380 26445
26451 26494
26531 26576
26579 26608
26615 26645
26650 26673
26693 26717
26776 26788
26814 26867
26868 26870
26871 26872
26876 26877
26900 26901
26940 26941
26946 26972
26977 27003
27004 27005
27055 27056
27086 27087
27146 27147
27633 27649
27686 27693
27845 27851
27890 27914
27983 27992
27996 27997
28045 28046
28069 28070
28084 28085
28091 28092
28121 28139
28146 28151
28157 28174
28207 28208
28209 28213
28215 28230
28249 28253
28296 28300
28305 28324
28393 28394
28396 28415
28419 28423
28429 28460
28561 28622
28628 28675
28751 28800
28806 28835
28851 28879
28988 29006
29012 29054
29111 29150
29154 29185
29219 29249
29253 29290
29337 29366
29370 29404
29418 29445
29449 29456
29458 29484
29492 29526
29531 29562
29577 29604
29608 29644
29689 29748
29752 29783
29793 29826
29830 29836
29843 29846
29847 29869
29918 29955
29959 29989
30001 30036
30040 30075
30084 30121
30126 30177
30264 30294
30413 30451
30455 30490
30516 30559
30563 30564
30622 30623
30629 30631
30650 30671
30698 30752
30757 30779
30793 30813
30925 30931
30951 30991
30997 31032
31049 31091
31170 31173
31273 31333
31338 31389
31417 31456
31460 31466
31475 31506
31514 31561
31700 31701
31944 31946
31952 31953
32004 32005
32009 32038
32043 32073
32100 32105
32169 32170
32174 32175
32196 32197
32252 32253
32259 32261
32266 32295
32359 32397
32413 32429
32447 32450
32455 32456
32459 32461
32468 32469
32473 32474
32523 32524
32550 32551
32559 32585
32616 32646
32651 32656
32666 32695
32720 32758
32763 32769
32795 32797
32800 32822
32856 32890
32956 32964
32971 32999
33000 33024
33060 33089
33094 33100
33125 33126
33127 33155
33232 33279
33284 33289
33298 33302
33317 33318
33319 33343
33393 33448
33614 33650
33658 33660
33700 33710
33839 33876
33882 33887
33891 33903
33933 33952
34048 34089
34098 34120
34158 34173
34293 34323
34328 34335
34340 34379
34462 34492
34496 34528
34540 34574
34579 34585
34590 34596
34608 34629
34657 34699
34703 34711
34713 34715
34717 34721
34731 34753
34808 34840
34844 34873
34983 35024
35029 35036
35039 35048
35062 35080
35316 35362
35371 35394
35418 35434
35661 35683
35696 35705
35713 35745
35920 35964
36456 36500
36506 36538
36556 36597
36602 36608
36617 36618
36631 36650
36668 36712
36717 36725
36726 36736
36740 36772
36789 36844
36848 36895
37157 37185
37215 37231
37318 37346
37350 37379
37396 37426
37433 37437
37442 37464
37476 37504
37509 37550
37562 37600
37604 37611
37617 37640
37670 37699
37704 37708
37719 37739
37783 37813
37817 37818
37878 37879
37884 37909
37924 37952
37956 37989
38006 38036
38161 38206
38504 38524
38540 38559
38827 38870
38874 38904
39023 39058
39448 39449
39480 39538
39700 39738
39744 39750
39755 39757
39794 39797
39800 39807
39930 39973
39977 40006
40196 40200
40230 40263
40264 40265
40269 40270
40274 40275
40318 40319
40350 40371
40423 40486
40681 40682
40690 40721
40748 40780
40786 40790
40812 40813
40815 40834
40852 40910
40914 40948
40972 40999
41037 41038
41041 41047
41050 41054
41094 41122
41126 41154
41205 41231
41237 41269
41285 41314
41319 41354
41392 41427
41431 41454
41504 41509
41515 41546
41595 41643
41663 41667
41668 41688
41806 41821
41892 41897
42051 42055
42080 42108
42117 42139
42142 42143
42189 42190
42234 42235
42294 42295
42301 42307
42308 42325
42352 42378
42381 42382
42423 42424
42429 42455
42467 42488
42492 42526
42551 42598
42985 43018
43292 43298
43300 43330
43457 43490
43519 43520
43714 43726
43733 43773
43778 43798
43804 43810
43814 43815
43869 43870
43874 43902
43947 43992
43997 44035
44120 44152
44153 44154
44155 44156
44158 44159
44163 44164
44207 44208
44214 44220
44221 44238
44245 44272
44328 44334
44338 44340
44452 44480
44513 44514
44768 44799
45027 45030
45080 45113
45121 45149
45154 45189
48694 48714
48757 48772
48832 48834
48857 48903
49096 49097
49098 49100
49129 49141
49148 49154
49180 49197
49290 49291
49292 49300
49322 49356
49716 49747
49767 49788
49911 49943
49947 49979
50036 50088
50094 50101
50102 50110
50140 50158
50189 50242
50443 50450
50451 50489
50495 50507
50521 50539
50606 50644
50650 50656
50659 50686
50889 50926
50932 50937
50943 50950
50977 50995
51060 51105
51324 51374
51483 51506
51743 51786
51792 51841
51862 51914
51919 51948
51993 52045
52052 52055
52066 52070
52102 52107
52109 52116
52139 52187
52350 52356
52392 52431
52733 52766
52935 52938
52944 52945
52947 52983
53251 53281
53307 53312
53313 53349
53908 53940
54002 54005
54090 54115
54122 54152
54195 54200
54204 54239
54245 54289
54773 54781
54785 54816
54823 54862
54884 54918
54923 54952
54967 54985
55022 55023
55055 55056
55061 55085
55098 55114
55117 55118
55156 55157
55656 55682
55708 55722
55739 55768
55812 55843
55847 55891
55920 55952
56450 56454
56639 56657
57245 57265
58124 58143
58267 58309
59136 59138
59203 59206
60007 60012
60015 60016
60040 60069
60237 60260
60285 60311
60319 60353
60399 60434
60553 60572
60612 60613
60614 60615
60808 60813
60989 60994
61031 61068
61084 61115
61121 61157
61193 61220
61367 61403
61773 61798
61968 61981
61996 62010
62082 62113
62198 62235
62243 62280
62314 62354
62456 62504
62720 62765
62796 62808
62844 62872
62956 63001
63009 63048
63179 63201
63423 63456
63515 63552
63557 63596
63624 63658
63663 63693
63723 63751
64183 64203
64210 64231
64368 64380
64403 64434
64446 64476
64826 64830
64831 64834
64845 64852
64873 64884
64956 64967
64975 65006
65068 65087
65092 65122
65143 65171
65179 65180
65223 65235
65264 65313
65320 65346
65354 65380
65385 65414
65439 65474
65479 65484
65493 65514
65530 65557
65619 65624
65670 65705
65709 65745
65825 65871
66118 66121
66164 66197
66894 66922
66940 66964
66968 66998
67076 67107
67114 67117
67161 67170
67208 67209
67211 67213
67220 67223
67249 67251
67262 67272
67275 67277
67288 67293
67334 67365
67371 67377
67400 67415
67435 67467
67472 67478
67485 67517
67530 67564
67568 67600
67839 67846
67865 67866
67867 67869
67938 67939
67943 67956
67962 67968
67971 67980
68004 68019
68041 68086
68153 68155
68157 68158
68205 68246
68250 68261
68262 68275
68283 68297
68384 68429
68434 68466
68553 68598
68602 68631
68663 68709
68713 68747
68765 68793
68798 68805
68818 68838
68879 68910
68915 68947
68997 69025
69030 69066
69076 69104
69111 69115
69156 69174
69309 69351
69630 69674
69680 69724
69914 69945
70247 70293
70299 70354
70970 70991
71042 71058
71628 71629
71630 71631
71634 71639
71688 71729