4915 17622
17623 32249
32250 47035
56068 61821
61822 69934
69935 87757
87758 94111
94112 106100
106101 113773
113774 142426
142427 166324
166325 194818
194819 206167
206168 235140
240297 255402
255403 267071
267072 272346
272347 294765
294766 302918
302919 374172
374173 384802
384803 401067
401068 427282
427283 434955
434956 458853
458854 470962
476598 493501
493502 500734
500735 507928
507929 538739
538740 543535
543536 550408
550409 561158
561159 601601
601602 640844
640845 649876
649877 664063
664064 675932
675933 690199
690200 696193
696194 718772
718773 722608
722609 725486
725487 730201
730202 734837
734838 749743
749744 761413
761414 765449
765450 786909
786910 795221
795222 814923
825194 846693
850331 857124
857125 879343
879344 903561
903562 920665
