0 62060
62061 79702
79703 102976
102977 114487
114488 161826
161827 204034
204035 242447
242448 255627
255628 261674
261675 265345
265346 289577
289578 292121
292122 294582
294583 301089
301090 305176
305177 310932
310933 334622
334623 339210
339211 379083
379084 381126
381127 384046
384047 387216
387217 393722
393723 416661
416662 422292
422293 436181
436182 449360
449361 452030
452031 456409
456410 458620
458621 515176
515177 534820
534821 544246
544247 546916
546917 570230
570231 572900
572901 580365
580366 582659
582660 591168
591169 603513
603514 606183
606184 610270
610271 621114
621115 630332
630333 632751
632752 634836
634837 657483
657484 724175
724176 741233
741234 747072
747073 749116
749117 776435
776436 778645
778646 801918
801919 804129
804130 806506
806507 825984
825985 828069
828070 829946
829947 833658
833659 838621
838622 888170
888171 912403
912404 967999
968000 988478
988479 1002617
1002618 1007622
1007623 1009457
1009458 1015338
1015339 1043783
1043784 1063219
1063220 1089578
1089579 1093874
1093875 1097753
1097754 1103592
1103593 1119650
1119651 1134957
1134958 1138043
1138044 1145467
1145468 1148595
1148596 1151598
1151599 1153767
1153768 1164152
1164153 1195892
1195893 1246984
1246985 1261207
1261208 1264460
1264461 1279808
1279809 1285522
1285523 1297159
1297160 1299745
1299746 1313509
1313510 1338158
1338159 1340452
1340453 1346708
1346709 1372442
1372443 1386915
1386916 1399469
1399470 1406225
1406226 1410355
1410356 1413191
1413192 1418821
1418822 1440509
1440510 1452855
1452856 1456942
1456943 1464158
1464159 1476170
1476171 1503405
1503406 1533810
1533811 1542986
1542987 1549910
1549911 1558626
1558627 1564591
1564592 1583276
1583277 1601169
1601170 1604005
1604006 1615725
1615726 1629113
1629114 1641250
1641251 1646046
1646047 1652887
1652888 1681165
1681166 1691425
1691426 1693969
1693970 1697264
1697265 1716408
1716409 1742809
1742810 1758074
1758075 1760702
1760703 1766499
1766500 1770837
1770838 1781347
1781348 1786811
1786812 1788813
1788814 1790940
1790941 1793234
1793235 1795319
1795320 1799282
1799283 1807707
1807708 1827810
1827811 1845661
1845662 1850207
1850208 1853168
1853169 1865764
1865765 1877526
1877527 1890580
1890581 1909307
1909308 1912060
1912061 1920360
1920361 1949138
1949139 1954811
1954812 1970618
1970619 1972578
1972579 1981254
1981255 1997937
1997938 2002441
2002442 2008948
2008949 2017123
2017124 2019750
2019751 2022962
2022963 2025464
2025465 2030344
2030345 2032012
2032013 2033597
2033598 2044191
2044192 2051031
2051032 2053492
2053493 2055786
2055787 2058330
2058331 2060290
2060291 2069800
2069801 2075555
2075556 2079810
2079811 2084314
2084315 2096493
2096494 2100080
2100081 2119891
2119892 2125438
2125439 2144332
2144333 2160181
2160182 2184956
2184957 2187041
2187042 2189168
2189169 2192713
2192714 2195508
2195509 2222952
2222953 2249144
2249145 2260739
2260740 2283053
2283054 2298193
2298194 2303823
2303824 2306618
2306619 2316419
2316420 2322300
2322301 2333061
2333062 2336189
2336190 2338775
2338776 2358169
2358170 2362548
2362549 2378272
2378273 2381817
2381818 2388449
2388450 2409928
2409929 2427571
2427572 2429573
2429574 2446882
2446883 2467152
2467153 2480540
2480541 2486755
2486756 2524834
2524835 2535762
2535763 2540808
2540809 2547190
2547191 2549650
2549651 2553738
2553739 2556991
2556992 2559827
2559828 2562663
2562664 2580848
2580849 2587563
2587564 2591567
2591568 2593152
2593153 2605080
2605081 2665932
2665933 2689122
2689123 2714814
2714815 2762695
2762696 2766699
2766700 2816248
2816249 2826133
2826134 2861292
2861293 2865338
2865339 2908172
2908173 2934448
2934449 2939078
2939079 2946252
2946253 2954677
2954678 2982079
2982080 2984915
2984916 2986875
2986876 2990838
2990839 2994383
2994384 2997636
2997637 3032671
3032672 3051481
3051482 3088559
3088560 3092396
3092397 3098778
3098779 3114001
3114002 3144240
3144241 3157044
3157045 3242754
3242755 3257018
3257019 3265568
3265569 3280291
3280292 3312490
3312491 3317536
3317537 3319830
3319831 3326545
3326546 3329131
3329132 3339141
3339142 3377137
3377138 3390066
3390067 3419095
3419096 3420847
3420848 3456299
3456300 3460762
3460763 3480031
3480032 3482450
3482451 3491584
3491585 3530539
3530540 3538672
3538673 3557816
3557817 3579254
3579255 3596271
3596272 3623006
3623007 3629637
3629638 3637645
3637646 3641733
3641734 3655079
3655080 3659750
3659751 3662670
3662671 3687653
3687654 3709717
3709718 3721019
3721020 3752926
3752927 3764229
3764230 3776199
3776200 3779411
3779412 3797429
3797430 3804727
3804728 3808773
3808774 3823746
3823747 3826374
3826375 3832255
3832256 3834757
3834758 3857571
3857572 3879301
3879302 3895317
3895318 3897569
3897570 3901073
3901074 3905035
3905036 3923136
3923137 3928934
3928935 3933271
3933272 3935399
3935400 3939069
3939070 3947786
3947787 3969349
3969350 3971893
3971894 3989702
3989703 3993248
3993249 3995625
3995626 4003258
4003259 4007428
4007429 4013935
4013936 4017397
4017398 4020108
4020109 4022735
4022736 4025780
4025781 4034539
4034540 4041379
4041380 4054642
4054643 4056811
4056812 4074578
4074579 4096350
4096351 4121041
4121042 4151112
4151113 4154282
4154283 4165710
4165711 4169214
4169215 4175053
4175054 4189901
4189902 4193071
4193072 4202080
4202081 4215218
4215219 4221891
4221892 4228356
4228357 4243120
4243121 4256091
4256092 4257885
4257886 4260012
4260013 4263098
4263099 4264892
4264893 4266518
4266519 4268687
4268688 4270606
4270607 4278697
4278698 4296715
4296716 4299593
4299594 4333501
4333502 4364115
4364116 4383092
4383093 4401027
4401028 4405907
4405908 4421130
4421131 4448198
4448199 4450743
4450744 4474266
4474267 4480439
4480440 4490157
4490158 4496788
4496789 4509426
4509427 4531823
4531824 4536494
4536495 4550675
4550676 4571029
4571030 4593175
4593176 4600474
4600475 4627376
4627377 4635342
4635343 4646603
4646604 4648188
4648189 4652651
4652652 4658407
4658408 4661201
4661202 4675340
4675341 4685642
4685643 4690397
4690398 4738778
4738779 4785950
4785951 4796669
4796670 4801257
4801258 4803217
4803218 4820234
4820235 4826865
4826866 4837876
4837877 4841880
4841881 4849054
4849055 4852558
4852559 4855936
4855937 4866321
4866322 4921000
4921001 4930843
4930844 4933513
4933514 5016428
5016429 5068563
5068564 5086665
5086666 5114110
