0 33665
33666 35498
35499 38915
38916 41914
41915 42914
42915 44289
44290 47248
47249 50373
50374 53081
53082 56123
56124 74039
74040 81414
81415 107038
107039 123538
123539 135121
135122 141205
141206 143205
143206 147413
147414 149954
149955 152954
152955 156204
156205 159829
159830 164413
164414 170912
170913 174496
174497 177079
177080 179829
179830 186496
186497 188620
188621 192370
192371 196287
196288 197412
197413 203245
203246 207704
207705 209287
209288 216787
216788 220037
220038 222537
222538 223995
223996 225620
225621 226537
226538 228995
228996 232745
232746 238286
238287 243745
243746 252036
252037 255411
255412 261161
261162 264286
264287 268869
268870 275202
275203 284411
284412 289702
289703 294244
294245 297202
297203 300285
300286 301660
301661 313077
313078 317743
317744 320618
320619 323868
323869 329035
329036 333243
333244 342785
342786 347285
347286 348618
348619 350035
350036 353243
353244 356826
356827 362076
362077 367201
367202 374576
374577 377992
377993 382367
382368 385534
385535 389242
389243 391284
391285 392367
392368 395367
395368 397909
397910 400409
400410 404159
404160 408700
408701 416367
416368 421367
421368 428033
428034 432242
432243 435033
435034 438283
438284 441366
441367 442616
442617 444325
444326 452450
452451 453658
453659 455408
455409 458991
458992 463283
463284 466158
466159 470324
470325 473574
473575 480366
480367 483157
483158 489574
489575 492449
492450 497657
497658 506074
506075 508699
508700 512449
512450 515824
515825 519949
519950 523448
523449 529073
529074 537823
537824 540323
540324 548865
548866 551823
551824 557948
557949 561365
561366 563739
563740 570281
570282 590447
590448 601739
601740 614572
614573 623322
623323 626447
626448 637572
637573 641363
641364 645363
645364 649405
649406 651946
651947 654905
654906 661488
661489 668071
668072 673821
673822 678779
678780 681654
681655 687488
687489 694362
694363 699612
699613 703279
703280 721904
721905 724029
724030 727570
727571 729654
729655 741445
741446 756820
756821 759820
759821 769736
769737 782278
782279 787444
787445 791194
791195 793861
793862 804236
804237 808652
808653 810236
810237 815777
815778 818277
818278 824402
824403 831027
831028 833694
833695 840402
840403 854568
854569 867651
867652 887943
887944 902359
902360 909984
909985 925150
925151 930109
930110 939983
939984 943358
943359 946692
946693 954817
954818 958150
958151 980441
980442 987899
987900 995233
995234 1002774
1002775 1008649
1008650 1014774
1014775 1017107
1017108 1023815
1023816 1028065
1028066 1030357
1030358 1033024
1033025 1034899
1034900 1041149
1041150 1046940
1046941 1062690
1062691 1066773
1066774 1068856
1068857 1076648
1076649 1079773
1079774 1085189
1085190 1088023
1088024 1090398
1090399 1096148
1096149 1101356
1101357 1105939
1105940 1112564
1112565 1118314
1118315 1123522
1123523 1127439
1127440 1131355
1131356 1135730
1135731 1141355
1141356 1147480
1147481 1156438
1156439 1159438
1159439 1162105
1162106 1165022
1165023 1168022
1168023 1171563
1171564 1173896
1173897 1195438
1195439 1201063
1201064 1207438
1207439 1212104
1212105 1216062
1216063 1221396
1221397 1231312
1231313 1243270
1243271 1245687
1245688 1261978
1261979 1271228
1271229 1273270
1273271 1274311
1274312 1285520
1285521 1294394
1294395 1304186
1304187 1318686
1318687 1323436
1323437 1332644
1332645 1334811
1334812 1337727
1337728 1343102
1343103 1344644
1344645 1349435
1349436 1354519
1354520 1358852
1358853 1363143
1363144 1370143
1370144 1381476
1381477 1386310
1386311 1394893
1394894 1402726
1402727 1410226
1410227 1423476
1423477 1427976
1427977 1430642
1430643 1437392
1437393 1450225
1450226 1467350
1467351 1474642
1474643 1478767
1478768 1486766
1486767 1498891
1498892 1501058
1501059 1511099
1511100 1515724
1515725 1524141
1524142 1529141
1529142 1533516
1533517 1536682
1536683 1539682
1539683 1545515
1545516 1553765
1553766 1558599
1558600 1563807
1563808 1567057
1567058 1574598
1574599 1579473
1579474 1598473
1598474 1604223
1604224 1607973
1607974 1613973
1613974 1623681
1623682 1627514
1627515 1634431
1634432 1638181
1638182 1644014
1644015 1649764
1649765 1654555
1654556 1688805
1688806 1699625
