0 19999
20000 24457
24458 26457
26458 30457
30458 41040
41041 72832
72833 153165
153166 209290
209291 223249
223250 227832
227833 343790
343791 401540
401541 421499
421500 444540
444541 449332
449333 457665
457666 463040
463041 479915
479916 514748
514749 541790
541791 560790
560791 579915
579916 582874
582875 602332
602333 614540
614541 634582
634583 640332
640333 690124
690125 764457
764458 781999
782000 837665
837666 845499
845500 864249
864250 899374
899375 909124
909125 917415
917416 939374
939375 982415
982416 983915
983916 989749
989750 994540
994541 1000749
1000750 1027582
1027583 1051665
1051666 1075332
1075333 1099665
1099666 1217207
1217208 1227624
1227625 1242207
1242208 1275790
1275791 1285499
1285500 1293290
1293291 1331582
1331583 1348040
1348041 1353332
1353333 1389790
1389791 1439124
1439125 1447499
1447500 1450040
1450041 1490874
1490875 1550332
1550333 1616707
1616708 1673457
1673458 1719082
1719083 1753915
1753916 1767374
1767375 1788124
1788125 1798457
1798458 1802457
1802458 1808207
1808208 1827249
1827250 1838749
1838750 1850499
1850500 1872665
1872666 1901415
1901416 1904082
1904083 1934665
1934666 1941374
1941375 1942999
1943000 1959665
1959666 1963915
1963916 1967290
1967291 1983624
1983625 1999165
1999166 2029332
2029333 2089415
2089416 2105832
2105833 2149707
2149708 2178540
2178541 2185124
2185125 2205499
2205500 2212707
2212708 2238415
2238416 2247457
2247458 2261790
2261791 2281124
2281125 2291499
2291500 2301999
2302000 2313665
2313666 2315457
2315458 2319874
2319875 2329874
2329875 2335249
2335250 2395499
2395500 2403165
2403166 2468082
2468083 2488249
2488250 2592582
2592583 2632332
2632333 2670832
2670833 2693624
2693625 2698207
2698208 2731999
2732000 2734874
2734875 2782332
2782333 2796957
2796958 2803040
2803041 2807999
2808000 2812499
2812500 2817874
2817875 3014790
3014791 3030082
3030083 3041957
3041958 3050374
3050375 3101499
3101500 3115707
3115708 3118124
3118125 3127707
3127708 3130499
3130500 3137957
3137958 3143665
3143666 3156957
3156958 3176207
3176208 3185499
3185500 3226624
3226625 3245582
3245583 3299540
3299541 3340374
3340375 3346374
3346375 3367457
3367458 3399707
3399708 3437415
3437416 3448040
3448041 3455124
3455125 3459499
3459500 3474249
3474250 3522874
3522875 3600790
3600791 3607540
3607541 3609374
3609375 3612415
3612416 3618832
3618833 3680749
3680750 3683290
3683291 3685540
3685541 3704290
3704291 3711707
3711708 3715165
3715166 3719540
3719541 3723207
3723208 3725874
3725875 3790832
3790833 3809915
3809916 3828499
3828500 3836915
3836916 3839207
3839208 3872082
3872083 3874082
3874083 3879124
3879125 3890582
3890583 3900457
3900458 3903457
3903458 3907582
3907583 3909499
3909500 3912499
3912500 3917915
3917916 3923374
3923375 3926165
3926166 3930374
3930375 3932332
3932333 3934832
3934833 3943540
3943541 3957707
3957708 4022457
4022458 4044374
4044375 4095999
4096000 4116707
4116708 4132623
4132624 4145498
4145499 4149165
4149166 4156498
4156499 4315499
4315500 4365499
4365500 4368665
4368666 4418540
4418541 4446707
4446708 4454749
4454750 4462957
4462958 4489665
4489666 4521082
4521083 4529999
4530000 4531707
4531708 4533374
4533375 4535040
4535041 4536832
4536833 4549290
4549291 4562249
4562250 4571374
4571375 4652457
4652458 4659624
4659625 4670457
4670458 4684165
4684166 4691874
4691875 4697207
4697208 4703624
4703625 4705665
4705666 4711207
4711208 4717915
4717916 4722374
4722375 4730165
4730166 4744624
4744625 4763082
4763083 4771540
4771541 4776040
4776041 4792832
4792833 4797790
4797791 4829749
4829750 4841249
4841250 4868749
4868750 4873999
4874000 4886207
4886208 4893874
4893875 4896624
4896625 4911040
4911041 4915707
4915708 4921749
4921750 4922790
4922791 4923832
4923833 4924874
4924875 4929665
4929666 4947040
4947041 4951540
4951541 4955207
4955208 4957124
4957125 4960249
4960250 4962624
4962625 4964582
4964583 4966957
4966958 4969207
4969208 4971249
4971250 4973624
4973625 4991374
4991375 4997290
4997291 5002415
5002416 5009915
5009916 5011915
5011916 5014874
5014875 5072332
5072333 5140540
5140541 5245499
5245500 5265874
5265875 5305915
5305916 5342207
5342208 5368207
5368208 5390957
5390958 5513082
5513083 5560957
5560958 5563040
5563041 5582749
5582750 5659624
5659625 5668665
5668666 5673832
5673833 5676624
5676625 5682290
5682291 5689124
5689125 5695790
5695791 5699624
5699625 5701999
5702000 5705790
5705791 5716040
5716041 5744374
5744375 5762082
5762083 5797415
5797416 5815832
5815833 5822124
5822125 5823582
5823583 5826874
5826875 5833249
5833250 5880874
5880875 5904832
5904833 5910874
5910875 5920499
5920500 5937457
5937458 5972165
5972166 6017290
6017291 6038582
6038583 6060582
6060583 6082582
6082583 6096749
6096750 6118415
6118416 6164207
6164208 6180540
6180541 6182582
6182583 6200499
6200500 6234082
6234083 6271665
6271666 6327249
6327250 6369332
6369333 6373415
6373416 6385749
6385750 6405790
6405791 6411665
6411666 6420582
6420583 6438457
6438458 6479165
6479166 6510457
6510458 6514457
6514458 6521249
6521250 6597207
6597208 6602290
6602291 6606499
6606500 6626582
6626583 6631832
6631833 6638540
6638541 6656790
6656791 6672082
6672083 6729874
6729875 6741915
6741916 6766832
6766833 6772415
6772416 6786499
6786500 6804249
6804250 6810707
6810708 6812915
6812916 6816915
6816916 6822334
