0 54970
54971 59015
59016 60225
60226 61268
61269 62435
62436 97595
97596 106938
106939 111776
111777 113277
113278 118908
118909 126082
126083 127959
127960 131671
131672 143849
143850 149855
149856 169458
169459 177841
177842 189186
189187 199613
199614 206370
206371 211833
211834 224429
224430 262467
262468 285281
285282 294916
294917 296501
296502 304675
304676 330660
330661 334038
334039 342004
342005 347259
347260 367321
367322 370824
370825 372368
372369 388467
388468 392221
392222 394389
394390 396683
396684 408153
408154 416286
416287 430342
430343 443980
443981 467462
467463 510046
510047 522516
522517 540910
540911 543996
543997 546123
546124 550002
550003 551378
551379 583368
583369 631291
631292 640383
640384 644971
644972 653521
653522 654814
654815 656190
656191 657942
657943 662113
662114 690057
690058 692143
692144 697148
697149 702570
702571 703904
703905 729513
729514 733100
733101 738814
738815 762713
762714 771722
771723 773598
773599 777602
777603 787112
787113 789739
789740 794119
794120 795620
795621 800542
800543 817642
817643 832157
832158 833908
833909 835451
835452 891799
891800 894969
894970 896554
896555 908774
908775 927960
927961 965956
965957 969668
969669 979970
979971 987227
987228 1017549
1017550 1040988
1040989 1056212
1056213 1062635
1062636 1084740
1084741 1142631
1142632 1217664
1217665 1221959
1221960 1266170
1266171 1377030
1377031 1542903
1542904 1564716
1564717 1574142
1574143 1660436
1660437 1675868
1675869 1703979
1703980 1712279
1712280 1721455
1721456 1727127
1727128 1730922
1730923 1738513
1738514 1755905
1755906 1778720
1778721 1795319
1795320 1802910
1802911 1813754
1813755 1821929
1821930 1826058
1826059 1830020
1830021 1840072
1840073 1844493
1844494 1849915
1849916 1853127
1853128 1857673
1857674 1865055
1865056 1873105
1873106 1877192
1877193 1888161
1888162 1900340
1900341 1901383
1901384 1911393
1911394 1912143
1912144 1915647
1915648 1919025
1919026 1923989
1923990 1925448
1925449 1927158
1927159 1928743
1928744 1932372
1932373 1934499
1934500 1936543
1936544 1938545
1938546 1940630
1940631 1944425
1944426 1946719
1946720 1949097
1949098 1952475
1952476 1956771
1956772 1960525
1960526 1981129
1981130 1995434
1995435 2008406
2008407 2017206
2017207 2045192
2045193 2048695
2048696 2052199
2052200 2055702
2055703 2059039
2059040 2080185
2080186 2085190
2085191 2092239
2092240 2094241
2094242 2114010
2114011 2128274
2128275 2129818
2129819 2132987
2132988 2134614
2134615 2135865
2135866 2140453
2140454 2144332
2144333 2145375
2145376 2146417
2146418 2150838
2150839 2151589
2151590 2153257
2153258 2155718
2155719 2161224
2161225 2163267
2163268 2165186
2165187 2176739
2176740 2192755
2192756 2194131
2194132 2196175
2196176 2200429
2200430 2200888
2200889 2201305
2201306 2201680
2201681 2205017
2205018 2215819
2215820 2262574
2262575 2295565
2295566 2299110
2299111 2323176
2323177 2326137
2326138 2345239
2345240 2351954
2351955 2360504
2360505 2387364
2387365 2399668
2399669 2409053
2409054 2433827
2433828 2452471
2452472 2459311
2459312 2490425
2490426 2499726
2499727 2514032
2514033 2552903
2552904 2582057
2582058 2598032
2598033 2599575
2599576 2623223
2623224 2625475
2625476 2627936
2627937 2634234
2634235 2642033
2642034 2647038
2647039 2649958
2649959 2659801
2659802 2727994
2727995 2800566
2800567 2826007
2826008 2859582
2859583 2861167
2861168 2866172
2866173 2901332
2901333 2960933
2960934 3026331
3026332 3034798
3034799 3056236
3056237 3058530
3058531 3068289
3068290 3078967
3078968 3085390
3085391 3109705
3109706 3117254
3117255 3127389
3127390 3152915
3152916 3157336
3157337 3159713
3159714 3162466
3162467 3166095
3166096 3171558
3171559 3180776
3180777 3183862
3183863 3186615
3186616 3191912
3191913 3203131
3203132 3204674
3204675 3212974
3212975 3214851
3214852 3217103
3217104 3220232
3220233 3221608
3221609 3225612
3225613 3227781
3227782 3229908
3229909 3235830
3235831 3243213
3243214 3245590
3245591 3251554
3251555 3256351
3256352 3258645
3258646 3262065
3262066 3263483
3263484 3267653
3267654 3271074
3271075 3282293
3282294 3288382
3288383 3303481
3303482 3312114
3312115 3360787
3360788 3375302
3375303 3388815
3388816 3401286
3401287 3403121
3403122 3417927
3417928 3419179
3419180 3420597
3420598 3421723
3421724 3423141
3423142 3424517
3424518 3432859
3432860 3436321
3436322 3454255
3454256 3456632
3456633 3460386
3460387 3462096
3462097 3463890
3463891 3465558
3465559 3466684
3466685 3468352
3468353 3470021
3470022 3471731
3471732 3475526
3475527 3477612
3477613 3489415
3489416 3492251
3492252 3496797
3496798 3498883
3498884 3500384
3500385 3503512
3503513 3506682
3506683 3507683
3507684 3515232
3515233 3517276
3517277 3519403
3519404 3522865
3522866 3524783
3524784 3526201
3526202 3531415
3531416 3534042
3534043 3537588
3537589 3539548
3539549 3542593
3542594 3550767
3550768 3554146
3554147 3561153
3561154 3569411
3569412 3571830
3571831 3581840
3581841 3584176
3584177 3587178
3587179 3588972
3588973 3592309
3592310 3600984
3600985 3603987
3603988 3614664
3614665 3617584
3617585 3652910
3652911 3653911
3653912 3662003
3662004 3672805
3672806 3678894
3678895 3689613
3689614 3700082
3700083 3720978
3720979 3728110
3728111 3744042
3744043 3762352
3762353 3764729
3764730 3769234
3769235 3774239
3774240 3790880
3790881 3798596
3798597 3801808
3801809 3804519
3804520 3810149
3810150 3815238
3815239 3823913
3823914 3829460
3829461 3835675
3835676 3845351
3845352 3860241
3860242 3896610
3896611 3902825
3902826 3907871
3907872 3911834
3911835 3917005
3917006 3919258
3919259 3921718
3921719 3923053
3923054 3927975
3927976 3929309
3929310 3932813
3932814 3937526
3937527 3938944
3938945 3971518
3971519 3999170
3999171 4011391
4011392 4035498
4035499 4055684
4055685 4142395
4142396 4168463
4168464 4220348
4220349 4229774
4229775 4267519
4267520 4442151
4442152 4451452
4451453 4487487
4487488 4489448
4489449 4527861
4527862 4530447
4530448 4543960
4543961 4557682
4557683 4561894
4561895 4565732
4565733 4578703
4578704 4582707
4582708 4594760
4594761 4602268
4602269 4614405
4614406 4621078
4621079 4623205
4623206 4625499
4625500 4632381
4632382 4635134
4635135 4646520
4646521 4652776
4652777 4655571
4655572 4658157
4658158 4670460
4670461 4688478
4688479 4692607
4692608 4702117
4702118 4707956
4707957 4710083
4710084 4716631
4716632 4720760
4720761 4737902
4737903 4751165
4751166 4762009
4762010 4771143
4771144 4787743
4787744 4934305
4934306 4937183
4937184 4945691
4945692 4958120
4958121 4959872
4959873 4962458
4962459 4963501
4963502 4965253
4965254 4969757
4969758 5012549
5012550 5019890
5019891 5067187
5067188 5086331
5086332 5099094
5099095 5101221
5101222 5103348
5103349 5115193
5115194 5117278
5117279 5121074
5121075 5122575
5122576 5140802
5140803 5152897
5152898 5160905
5160906 5173834
5173835 5191810
5191811 5208202
5208203 5225844
5225845 5238148
5238149 5274809
5274810 5277312
5277313 5279731
5279732 5282692
5282693 5288239
5288240 5290450
5290451 5292785
5292786 5298791
5298792 5341417
5341418 5372281
5372282 5379997
5379998 5392801
5392802 5402311
5402312 5432841
5432842 5441600
5441601 5444686
5444687 5458325
5458326 5464539
5464540 5470920
5470921 5474090
5474091 5476134
5476135 5477677
5477678 5486728
5486729 5492066
5492067 5502618
5502619 5510334
5510335 5515631
5515632 5521137
5521138 5532315
5532316 5535568
5535569 5540823
5540824 5549373
5549374 5554795
5554796 5560759
5560760 5569393
5569394 5582072
5582073 5591790
5591791 5602718
5602719 5612102
5612103 5613019
5613020 5616398
5616399 5623280
5623281 5637711
5637712 5643675
5643676 5659941
5659942 5668616
5668617 5670451
5670452 5674914
5674915 5676666
5676667 5678459
5678460 5682088
5682089 5683464
5683465 5687260
5687261 5691431
5691432 5696727
5696728 5699856
5699857 5711701
5711702 5715413
5715414 5717456
5717457 5735266
5735267 5738894
5738895 5754076
5754077 5761875
5761876 5764378
5764379 5767089
5767090 5769800
5769801 5773971
5773972 5787901
5787902 5836458
