88160 91079
91080 95479
95480 97079
97080 100279
100280 103559
103560 109399
109400 114119
114120 127399
127400 136879
136880 139399
139400 141079
141080 142719
142720 145239
145240 148079
148080 152359
152360 161199
161200 203959
203960 223839
223840 231839
231840 242879
242880 271639
271640 277719
277720 304879
304880 325159
325160 327959
327960 334879
334880 353599
353600 360719
360720 381279
381280 391079
391080 394679
394680 403599
403600 426199
426200 445519
445520 456519
456520 465439
465440 472679
472680 473879
473880 481879
481880 483759
483760 488679
488680 505479
505480 509159
509160 525239
525240 529159
529160 546479
546480 551879
551880 579839
579840 582999
583000 596439
596440 610599
610600 617679
617680 620759
620760 622359
622360 624719
624720 627919
627920 631679
631680 632719
632720 649159
649160 657319
657320 664679
664680 669479
669480 689279
689280 712759
712760 722759
722760 735799
735800 747759
747760 772199
772200 793719
793720 799199
799200 801839
801840 805079
805080 818839
818840 838879
838880 850559
850560 856199
856200 859119
859120 862199
862200 865559
865560 895679
895680 923799
923800 931359
931360 934239
934240 937959
937960 942319
942320 955359
955360 968719
968720 982399
982400 990799
990800 1013319
1013320 1021639
1021640 1034239
1034240 1060239
1060240 1066759
1066760 1070199
1070200 1082559
1082560 1088239
1088240 1095599
1095600 1105999
1106000 1114319
1114320 1119959
1119960 1125999
1126000 1152439
1152440 1179999
1180000 1190079
1190080 1203599
1203600 1216679
1216680 1222679
1222680 1249199
1249200 1270279
1270280 1287639
1287640 1354376
