0 220969
220970 228101
228102 280862
280863 290122
290123 293291
293292 296503
296504 301508
301509 307222
307223 312894
312895 321445
321446 324823
324824 329369
329370 333331
333332 340380
340381 348722
348723 351391
351392 374956
374957 379377
379378 390639
390640 394184
394185 396186
396187 398438
398439 400857
400858 410826
410827 416706
416707 419543
419544 424422
424423 428927
428928 430178
430179 431596
431597 437394
437395 441064
441065 446319
446320 455704
455705 470594
470595 477184
477185 479978
479979 482063
482064 484608
484609 489821
489822 494868
494869 505545
505546 516681
516682 530403
530404 535533
535534 543541
543542 575907
575908 578910
578911 580912
580913 587168
587169 589963
589964 597095
597096 599389
599390 600890
600891 603768
603769 606021
606022 617699
617700 625915
625916 643224
643225 652984
652985 656571
656572 658365
658366 659991
659992 662202
662203 665372
665373 681721
681722 691106
691107 713920
713921 742949
742950 747745
747746 756546
756547 758882
758883 763803
763804 769267
769268 773938
773939 775398
775399 785783
785784 793374
793375 795001
795002 798046
798047 799631
799632 802425
802426 804302
804303 806095
806096 813937
813938 817273
817274 827659
827660 830620
830621 837377
837378 850098
850099 862652
862653 883756
883757 885717
885718 890221
890222 898646
898647 902275
902276 906654
906655 909949
909950 914203
914204 918833
918834 923588
923589 925131
925132 926799
926800 928676
928677 933473
933474 936184
936185 941105
941106 945360
945361 948946
948947 951157
951158 955953
955954 958456
958457 961292
961293 964796
964797 968341
968342 971803
971804 978476
978477 981312
981313 983439
983440 986651
986652 988152
988153 995284
995285 997787
997788 1002250
1002251 1006671
1006672 1013177
1013178 1020017
1020018 1024397
1024398 1033197
1033198 1035700
1035701 1040997
1040998 1052967
1052968 1061476
1061477 1065062
1065063 1066522
1066523 1068065
1068066 1069233
1069234 1073196
1073197 1076908
1076909 1081287
1081288 1083289
1083290 1088878
1088879 1094008
1094009 1095092
1095093 1096469
1096470 1100598
1100599 1107104
1107105 1112360
1112361 1117573
1117574 1122453
1122454 1128584
1128585 1133214
1133215 1138636
1138637 1148104
1148105 1151607
1151608 1153109
1153110 1154360
1154361 1155736
1155737 1156779
1156780 1158322
1158323 1160366
1160367 1161325
1161326 1162994
1162995 1164537
1164538 1166205
1166206 1170543
1170544 1171794
1171795 1177884
1177885 1182179
1182180 1189061
1189062 1192440
1192441 1194233
1194234 1197361
1197362 1200907
1200908 1203242
1203243 1207288
1207289 1209248
1209249 1214003
1214004 1217506
1217507 1222553
1222554 1227016
1227017 1230686
1230687 1235483
1235484 1237568
1237569 1238277
1238278 1243240
1243241 1246077
1246078 1249705
1249706 1252500
1252501 1256337
1256338 1260257
1260258 1263219
1263220 1265554
1265555 1268516
1268517 1272019
1272020 1275106
1275107 1279402
1279403 1282947
1282948 1285616
1285617 1288619
1288620 1295668
1295669 1298295
1298296 1302091
1302092 1314186
1314187 1315813
1315814 1317356
1317357 1318774
1318775 1321235
1321236 1322778
1322779 1323863
1323864 1326949
1326950 1329118
1329119 1334749
1334750 1337626
1337627 1339879
1339880 1342465
1342466 1344800
1344801 1346052
1346053 1347094
1347095 1349221
1349222 1353392
1353393 1354685
1354686 1355728
1355729 1357354
1357355 1358022
1358023 1359565
1359566 1361108
1361109 1362860
1362861 1366030
1366031 1373829
1373830 1376040
1376041 1378209
1378210 1380336
1380337 1381837
1381838 1385800
1385801 1387343
1387344 1388177
1388178 1390179
1390180 1391388
1391389 1393849
1393850 1395810
1395811 1397978
1397979 1400147
1400148 1402441
1402442 1404235
1404236 1406904
1406905 1407655
1407656 1408531
1408532 1409532
1409533 1410616
1410617 1414578
1414579 1416288
1416289 1417373
1417374 1418415
1418416 1420459
1420460 1421377
1421378 1423087
1423088 1425756
1425757 1426799
1426800 1431262
1431263 1433722
1433723 1437268
1437269 1439145
1439146 1440938
1440939 1442773
1442774 1445985
1445986 1447027
1447028 1449155
1449156 1450072
1450073 1451657
1451658 1453742
1453743 1456162
1456163 1458330
1458331 1459415
1459416 1466422
1466423 1467631
1467632 1474346
1474347 1476265
1476266 1477308
1477309 1482813
1482814 1484023
1484024 1486358
1486359 1487568
1487569 1489695
1489696 1490571
1490572 1496702
1496703 1498078
1498079 1501081
1501082 1504293
1504294 1507254
1507255 1509256
1509257 1510257
1510258 1513093
1513094 1513969
1513970 1515221
1515222 1516305
1516306 1517431
1517432 1518599
1518600 1519516
1519517 1520601
1520602 1521352
1521353 1523229
1523230 1524605
1524606 1525606
1525607 1526440
1526441 1528651
1528652 1549046
1549047 1552132
1552133 1553717
1553718 1570484
1570485 1577116
1577117 1586417
1586418 1641180
1641181 1807179
1807180 1847886
1847887 1873745
1873746 1881837
1881838 1892139
1892140 1894391
1894392 1900689
1900690 1905777
1905778 1909031
1909032 1910365
1910366 1915203
1915204 1917539
1917540 1930218
1930219 1934389
1934390 1936850
1936851 1943440
1943441 1945400
1945401 1948028
1948029 1950030
1950031 1958997
1958998 1961625
1961626 1963710
1963711 1966963
1966964 1968465
1968466 1971927
1971928 1985816
1985817 1995492
1995493 1997536
1997537 2005836
2005837 2009840
2009841 2014886
2014887 2017389
2017390 2020100
2020101 2026189
2026190 2039536
2039537 2045041
2045042 2059097
2059098 2069232
2069233 2077866
2077867 2098553
2098554 2106728
2106729 2148937
2148938 2160073
2160074 2163660
2163661 2171918
2171919 2176923
2176924 2196568
2196569 2211541
2211542 2214044
2214045 2244449
2244450 2252749
2252750 2256086
2256087 2260382
2260383 2262550
2262551 2269265
2269266 2274187
2274188 2280235
2280236 2282821
2282822 2287909
2287910 2305552
2305553 2319733
2319734 2323153
2323154 2351973
2351974 2357854
2357855 2360982
2360983 2369199
2369200 2371910
2371911 2376498
2376499 2378666
2378667 2383379
2383380 2387592
2387593 2393932
2393933 2397393
2397394 2399646
2399647 2403149
2403150 2405109
2405110 2406653
2406654 2414869
2414870 2418957
2418958 2420083
2420084 2421835
2421836 2422669
2422670 2423920
2423921 2424504
2424505 2425755
2425756 2427090
2427091 2430844
2430845 2432095
2432096 2433471
2433472 2434597
2434598 2435557
2435558 2437517
2437518 2438476
2438477 2439477
2439478 2440395
2440396 2441145
2441146 2446109
2446110 2447235
2447236 2452740
2452741 2456870
2456871 2465587
2465588 2469799
2469800 2474178
2474179 2492488
2492489 2498995
2498996 2517847
2517848 2525521
2525522 2530735
2530736 2533071
2533072 2536074
2536075 2537575
2537576 2539327
2539328 2540620
2540621 2543039
2543040 2548127
2548128 2557011
2557012 2562141
2562142 2569732
2569733 2574028
2574029 2578449
2578450 2583496
2583497 2594716
2594717 2598386
2598387 2602807
2602808 2604642
2604643 2607895
2607896 2611399
2611400 2622326
2622327 2630668
2630669 2634297
2634298 2657528
2657529 2660364
2660365 2662241
2662242 2681302
2681303 2687266
2687267 2697151
2697152 2701447
2701448 2707870
2707871 2710248
2710249 2712416
2712417 2713459
2713460 2717171
2717172 2718881
2718882 2721676
2721677 2723136
2723137 2726681
2726682 2728975
2728976 2730977
2730978 2732603
2732604 2734355
2734356 2736023
2736024 2737608
2737609 2738359
2738360 2739485
2739486 2740862
2740863 2743406
2743407 2744198
2744199 2745032
2745033 2746033
2746034 2747118
2747119 2748244
2748245 2749078
2749079 2750580
2750581 2751372
2751373 2752748
2752749 2753499
2753500 2754584
2754585 2755960
2755961 2758212
2758213 2759755
2759756 2761382
2761383 2763718
2763719 2766596
2766597 2770349
2770350 2771934
2771935 2772977
2772978 2775646
2775647 2777231
2777232 2780985
2780986 2786407
2786408 2788618
2788619 2790077
2790078 2791245
2791246 2792079
2792080 2794207
2794208 2801339
2801340 2838876
2838877 2840378
2840379 2841837
2841838 2842797
2842798 2844840
2844841 2846884
2846885 2859355
2859356 2861023
2861024 2862566
2862567 2864777
2864778 2874287
2874288 2875705
2875706 2878124
2878125 2886340
2886341 2891637
2891638 2893514
2893515 2901397
2901398 2904191
2904192 2906861
2906862 2908362
2908363 2909363
2909364 2918164
2918165 2923836
2923837 2930343
2930344 2935639
2935640 2939727
2939728 2941145
2941146 2952656
2952657 2954533
2954534 2955659
2955660 2964210
2964211 2967296
2967297 2969006
2969007 2971926
2971927 2972468
2972469 2974678
2974679 2976347
2976348 2977681
2977682 2979058
2979059 2981227
2981228 2983020
2983021 2985272
2985273 2989777
2989778 2991570
2991571 2993739
2993740 3002081
3002082 3008587
3008588 3013843
3013844 3065352
3065353 3069815
3069816 3078532
3078533 3080075
3080076 3082453
3082454 3085664
3085665 3089418
3089419 3092379
3092380 3094465
3094466 3098969
3098970 3100221
3100222 3102223
3102224 3105559
3105560 3106852
3106853 3108395
3108396 3110231
3110232 3114693
3114694 3116987
3116988 3118322
3118323 3119114
3119115 3119865
3119866 3120449
3120450 3121033
3121034 3123244
3123245 3123911
3123912 3124787
3124788 3125663
3125664 3126455
3126456 3127289
3127290 3127998
3127999 3129208
3129209 3130000
3130001 3131210
3131211 3132127
3132128 3133212
3133213 3134004
3134005 3134755
3134756 3135714
3135715 3136632
3136633 3137716
3137717 3138259
3138260 3138759
3138760 3139468
3139469 3140761
3140762 3143472
3143473 3147643
3147644 3149228
3149229 3154692
3154693 3156443
3156444 3165202
3165203 3172584
3172585 3176672
3176673 3180634
3180635 3211540
3211541 3232770
3232771 3264843
3264844 3269598
3269599 3278023
3278024 3283487
3283488 3292579
3292580 3296667
3296668 3304216
3304217 3307469
3307470 3322025
3322026 3326321
3326322 3329533
3329534 3333370
3333371 3335914
3335915 3343922
3343923 3352139
3352140 3355267
3355268 3388800
3388801 3393055
3393056 3395015
3395016 3412950
3412951 3415869
3415870 3433262
3433263 3436014
3436015 3438308
3438309 3440894
3440895 3442771
3442772 3443897
3443898 3446525
3446526 3447609
3447610 3451572
3451573 3457536
3457537 3460205
3460206 3469965
3469966 3470632
3470633 3471675
3471676 3473093
3473094 3475596
3475597 3477973
3477974 3480642
3480643 3485272
3485273 3486773
3486774 3488692
3488693 3493572
3493573 3495157
3495158 3497117
3497118 3501663
3501664 3504958
3504959 3509796
3509797 3510797
3510798 3511923
3511924 3513300
3513301 3520140
3520141 3521016
3521017 3522684
3522685 3527731
3527732 3528774
3528775 3537282
3537283 3539910
3539911 3546750
3546751 3549836
3549837 3551838
3551839 3554424
3554425 3556343
3556344 3558512
3558513 3561640
3561641 3562557
3562558 3564893
3564894 3565644
3565645 3568855
3568856 3571191
3571192 3574069
3574070 3576196
3576197 3577614
3577615 3580367
3580368 3586456
3586457 3590502
3590503 3593255
3593256 3611273
3611274 3614818
3614819 3618155
3618156 3677547
3677548 3689392
3689393 3690310
3690311 3691937
3691938 3693522
3693523 3696858
3696859 3705408
3705409 3728348
3728349 3731434
3731435 3740777
3740778 3743280
3743281 3750954
3750955 3760589
3760590 3786323
3786324 3792913
3792914 3804925
3804926 3810889
3810890 3813224
3813225 3815518
3815519 3822525
3822526 3823985
3823986 3827864
3827865 3830075
3830076 3835205
3835206 3838416
3838417 3841878
3841879 3855100
3855101 3857644
3857645 3872951
3872952 3876329
3876330 3878915
3878916 3880750
3880751 3884629
3884630 3886506
3886507 3890427
3890428 3892971
3892972 3895181
3895182 3898601
3898602 3900228
3900229 3901187
3901188 3901855
3901856 3902814
3902815 3903940
3903941 3907318
3907319 3913992
3913993 3916745
3916746 3920582
3920583 3922709
3922710 3925837
3925838 3930967
3930968 3938433
3938434 3940810
3940811 3956117
3956118 3958536
3958537 3961915
3961916 3970423
3970424 3973093
3973094 3976554
3976555 3981643
3981644 3985897
3985898 3988024
3988025 3989275
3989276 3993113
3993114 3995615
3995616 3998535
3998536 4001746
4001747 4004582
4004583 4008253
4008254 4013174
4013175 4019430
4019431 4028022
4028023 4031776
4031777 4047000
4047001 4049419
4049420 4055800
4055801 4058553
4058554 4064309
4064310 4068521
4068522 4080617
4080618 4083244
4083245 4089918
4089919 4096299
4096300 4098218
4098219 4099385
4099386 4100678
4100679 4103514
4103515 4105225
4105226 4108061
4108062 4109896
4109897 4111231
4111232 4113024
4113025 4117320
4117321 4118947
4118948 4122450
4122451 4124953
4124954 4127288
4127289 4130792
4130793 4137423
4137424 4146182
4146183 4148893
4148894 4150812
4150813 4152146
4152147 4155149
4155150 4157151
4157152 4165702
4165703 4171416
4171417 4176879
4176880 4184053
4184054 4191060
4191061 4192520
4192521 4194314
4194315 4199068
4199069 4199694
4199695 4208244
4208245 4214000
4214001 4217462
4217463 4218880
4218881 4221174
4221175 4231059
4231060 4232477
4232478 4235521
4235522 4243988
4243989 4248576
4248577 4250912
4250913 4258252
4258253 4261798
4261799 4265218
4265219 4270807
4270808 4274894
4274895 4282652
4282653 4292829
4292830 4296416
4296417 4301254
4301255 4303214
4303215 4304340
4304341 4311889
4311890 4312682
4312683 4313307
4313308 4313933
4313934 4315643
4315644 4316269
4316270 4318688
4318689 4320648
4320649 4323901
4323902 4336330
4336331 4343379
4343380 4345882
4345883 4350344
4350345 4354807
4354808 4357435
4357436 4358644
4358645 4360855
4360856 4361731
4361732 4364734
4364735 4366944
4366945 4371616
4371617 4372742
4372743 4374035
4374036 4376370
4376371 4381334
4381335 4384045
4384046 4390551
4390552 4396057
4396058 4405274
4405275 4412740
4412741 4419205
4419206 4421374
4421375 4424794
4424795 4431384
4431385 4435263
4435264 4439517
4439518 4443062
4443063 4446023
4446024 4447858
4447859 4450903
4450904 4455324
4455325 4459537
4459538 4461289
4461290 4463165
4463166 4464584
4464585 4466085
4466086 4468671
4468672 4473050
4473051 4476470
4476471 4481100
4481101 4484687
4484688 4488024
4488025 4489984
4489985 4493195
4493196 4495281
4495282 4500745
4500746 4506042
4506043 4508461
4508462 4513674
4513675 4518304
4518305 4520681
4520682 4523476
4523477 4528314
4528315 4530858
4530859 4534236
4534237 4535946
4535947 4541952
4541953 4544747
4544748 4549460
4549461 4561138
4561139 4562848
4562849 4569397
4569398 4570773
4570774 4573734
4573735 4577196
4577197 4577738
4577739 4578739
4578740 4580366
4580367 4582827
4582828 4585037
4585038 4588916
4588917 4592044
4592045 4594588
4594589 4598175
4598176 4599677
4599678 4603097
4603098 4606183
4606184 4609478
4609479 4613649
4613650 4617361
4617362 4622533
4622534 4627204
4627205 4632209
4632210 4634879
4634880 4637590
4637591 4643971
4643972 4650603
4650604 4656317
4656318 4659487
4659488 4663866
4663867 4668662
4668663 4671790
4671791 4676921
4676922 4680090
4680091 4682343
4682344 4684261
4684262 4687223
4687224 4690351
4690352 4693687
4693688 4695189
4695190 4697024
4697025 4698108
4698109 4702279
4702280 4704990
4704991 4706742
4706743 4709995
4709996 4714250
4714251 4717336
4717337 4719547
4719548 4720839
4720840 4723342
4723343 4724510
4724511 4727846
4727847 4731767
4731768 4734395
4734396 4738566
4738567 4741235
4741236 4744029
4744030 4746699
4746700 4750869
4750870 4756292
4756293 4761714
4761715 4763966
4763967 4767011
4767012 4769888
4769889 4774268
4774269 4775352
4775353 4778689
4778690 4783068
4783069 4785613
4785614 4787573
4787574 4789325
4789326 4790951
4790952 4794038
4794039 4795080
4795081 4797374
4797375 4799627
4799628 4802755
4802756 4804673
4804674 4806383
4806384 4807426
4807427 4808927
4808928 4810346
4810347 4811388
4811389 4813432
4813433 4814266
4814267 4818354
4818355 4821482
4821483 4822524
4822525 4822775
4822776 4823442
4823443 4823692
4823693 4824401
4824402 4825319
4825320 4825903
4825904 4826445
4826446 4826987
4826988 4827571
4827572 4828989
4828990 4829573
4829574 4831784
4831785 4836080
4836081 4838832
4838833 4844922
4844923 4853847
4853848 4856517
4856518 4858686
4858687 4859603
4859604 4861689
4861690 4863774
4863775 4865734
4865735 4867444
4867445 4870197
4870198 4873242
4873243 4877496
4877497 4880791
4880792 4888132
4888133 4890843
4890844 4893595
4893596 4895431
4895432 4897182
4897183 4899226
4899227 4900352
4900353 4902271
4902272 4903772
4903773 4906316
4906317 4910988
4910989 4913157
4913158 4918162
4918163 4924460
4924461 4927629
4927630 4931133
4931134 4933343
4933344 4934970
4934971 4938640
4938641 4946148
4946149 4952029
4952030 4953739
4953740 4956241
4956242 4957451
4957452 4959912
4959913 4960746
4960747 4963499
4963500 4965417
4965418 4972341
4972342 4974802
4974803 4977763
4977764 4980599
4980600 4981725
4981726 4984478
4984479 4986939
4986940 4988482
4988483 4989900
4989901 4991109
4991110 4993487
4993488 4994238
4994239 4995864
4995865 4998200
4998201 5001537
5001538 5012422
5012423 5031149
5031150 5033527
5033528 5052087
5052088 5061388
5061389 5063056
5063057 5066810
5066811 5069229
5069230 5069771
5069772 5070063
5070064 5071064
5071065 5075903
5075904 5079573
5079574 5081658
5081659 5083619
5083620 5084661
5084662 5086455
5086456 5090083
5090084 5091418
5091419 5095589
5095590 5096256
5096257 5096965
5096966 5098508
5098509 5099259
5099260 5099968
5099969 5101011
5101012 5102346
5102347 5103138
5103139 5105098
5105099 5107225
5107226 5108185
5108186 5109269
5109270 5110979
5110980 5112189
5112190 5112981
5112982 5172457
5172458 5177337
5177338 5180340
5180341 5187973
5187974 5190684
5190685 5197899
5197900 5200944
5200945 5204156
5204157 5205657
5205658 5211913
5211914 5214791
5214792 5217544
5217545 5220297
5220298 5223050
5223051 5225802
5225803 5230348
5230349 5239274
5239275 5242152
5242153 5246656
5246657 5258960
5258961 5289366
5289367 5351803
5351804 5354303
