0 45419
45420 49590
49591 50132
50133 51592
51593 53427
53428 55304
55305 56930
56931 64813
64814 65689
65690 101099
101100 118200
118201 128043
128044 146645
146646 151149
151150 153443
153444 156405
156406 162744
162745 164997
164998 166957
166958 169167
169168 170836
170837 175716
175717 181430
181431 183348
183349 185142
185143 189062
189063 193650
193651 195652
195653 202826
202827 206538
206539 211126
211127 218008
218009 237069
237070 241698
241699 245452
245453 248664
248665 261885
261886 266932
266933 275899
275900 278986
278987 284491
284492 289788
289789 293166
293167 297045
297046 305220
305221 309516
309517 313353
313354 314771
314772 322029
322030 327451
327452 331329
331330 334041
334042 338045
338046 341673
341674 348513
348514 353101
353102 355729
355730 364071
364072 366698
366699 376166
376167 380295
380296 400524
400525 401775
401776 403902
403903 405654
405655 408323
408324 412911
412912 414287
414288 416289
416290 417124
417125 418083
418084 419584
419585 436351
436352 442440
442441 445652
445653 482981
482982 491448
491449 494409
494410 499164
499165 506213
506214 512052
512053 515222
515223 519142
519143 523939
523940 528193
528194 529986
529987 531821
531822 532948
532949 535742
535743 542624
542625 550298
550299 557597
557598 566231
566232 570151
570152 575573
575574 580954
580955 586042
586043 591923
591924 595176
595177 600890
600891 610984
610985 615030
615031 617657
617658 621453
621454 625999
626000 635300
635301 640889
640890 644476
644477 647312
647313 655445
655446 662160
662161 665997
665998 671544
671545 674506
674507 680845
680846 683598
683599 686643
686644 691523
691524 694150
694151 696820
696821 700573
700574 708957
708958 714087
714088 720427
720428 726558
726559 729018
729019 731563
731564 736818
736819 740738
740739 745034
745035 756004
756005 761426
761427 767474
767475 771478
771479 775231
775232 783239
783240 788453
788454 792957
792958 795043
795044 796878
796879 799380
799381 803009
803010 825990
825991 829702
829703 833081
833082 841548
841549 844842
844843 851391
851392 855979
855980 859107
859108 862735
862736 870785
870786 877959
877960 894392
894393 896644
896645 901733
901734 914621
914622 921210
921211 931262
931263 935933
935934 940563
940564 946736
946737 949614
949615 953993
953994 956204
956205 961125
961126 964796
964797 970760
970761 974180
974181 977016
977017 980645
980646 983356
983357 990530
990531 999288
999289 1004627
1004628 1010675
1010676 1015930
1015931 1023229
1023230 1036409
1036410 1047795
1047796 1049922
1049923 1060475
1060476 1069233
1069234 1071277
1071278 1079368
1079369 1092924
1092925 1105937
1105938 1112235
1112236 1118157
1118158 1130211
1130212 1135091
1135092 1151399
1151400 1165580
1165581 1168457
1168458 1173754
1173755 1180720
1180721 1185099
1185100 1191022
1191023 1194859
1194860 1202992
1202993 1211667
1211668 1217006
1217007 1224513
1224514 1248037
1248038 1254210
1254211 1264011
1264012 1268182
1268183 1275481
1275482 1279694
1279695 1288035
1288036 1291664
1291665 1309390
1309391 1312810
1312811 1317523
1317524 1325906
1325907 1338502
1338503 1345384
1345385 1350806
1350807 1352516
1352517 1359982
1359983 1361317
1361318 1363277
1363278 1374538
1374539 1379293
1379294 1384673
1384674 1388302
1388303 1391013
1391014 1397520
1397521 1399105
1399106 1400731
1400732 1401482
1401483 1402149
1402150 1403025
1403026 1406862
1406863 1411659
1411660 1436976
1436977 1444233
1444234 1448821
1448822 1450322
1450323 1451657
1451658 1455369
1455370 1457872
1457873 1468674
1468675 1476265
1476266 1492573
1492574 1499788
1499789 1507421
1507422 1512760
1512761 1525439
1525440 1528484
1528485 1530945
1530946 1533072
1533073 1542498
1542499 1558389
1558390 1565437
1565438 1573487
1573488 1583539
1583540 1588919
1588920 1596301
1596302 1603100
1603101 1606854
1606855 1610858
1610859 1617489
1617490 1620284
1620285 1624204
1624205 1630711
1630712 1635215
1635216 1638802
1638803 1643182
1643183 1647728
1647729 1655027
1655028 1670542
1670543 1677591
1677592 1685099
1685100 1692189
1692190 1700322
1700323 1709123
1709124 1714002
1714003 1717756
1717757 1719550
1719551 1722010
1722011 1724721
1724722 1728517
1728518 1735315
1735316 1739236
1739237 1742573
1742574 1744783
1744784 1753584
1753585 1756628
1756629 1760757
1760758 1763886
1763887 1769266
1769267 1776732
1776733 1783572
1783573 1791288
1791289 1793790
1793791 1796668
1796669 1800672
1800673 1803800
1803801 1805302
1805303 1816480
1816481 1826281
1826282 1837918
1837919 1843173
1843174 1861358
1861359 1881878
1881879 1898437
1898438 1906028
1906029 1918874
1918875 1930635
1930636 1947527
1947528 1953158
1953159 1954576
1954577 1956203
1956204 1957537
1957538 1962167
1962168 1966171
1966172 1968340
1968341 1973678
1973679 1976890
1976891 1991363
1991364 1994324
1994325 1998829
1998830 2006962
2006963 2011800
2011801 2017347
2017348 2020642
2020643 2028275
2028276 2032404
2032405 2038452
2038453 2050505
2050506 2076615
2076616 2077491
2077492 2080494
2080495 2082662
2082663 2089085
2089086 2093381
2093382 2099596
2099597 2107103
2107104 2114152
2114153 2124162
2124163 2131044
2131045 2135882
2135883 2142305
2142306 2149521
2149522 2160031
2160032 2165161
2165162 2180010
2180011 2183388
2183389 2190270
2190271 2201072
2201073 2206161
2206162 2217839
2217840 2226181
2226182 2231853
2231854 2237359
2237360 2248828
2248829 2254793
2254794 2259923
2259924 2265053
2265054 2269391
2269392 2272852
2272853 2279359
2279360 2281444
2281445 2284531
2284532 2286866
2286867 2291996
2291997 2303842
2303843 2308763
2308764 2315145
2315146 2319983
2319984 2325196
2325197 2331786
2331787 2341629
2341630 2342088
2342089 2354893
2354894 2356770
2356771 2358271
2358272 2359647
2359648 2367906
2367907 2375580
2375581 2384839
2384840 2388176
2388177 2390136
2390137 2393598
2393599 2410156
2410157 2417288
2417289 2422877
2422878 2433054
2433055 2438017
2438018 2442272
2442273 2453616
2453617 2458413
2458414 2461332
2461333 2461791
2461792 2485356
2485357 2492405
2492406 2497118
2497119 2499662
2499663 2501414
2501415 2505126
2505127 2506169
2506170 2513843
2513844 2516137
2516138 2518765
2518766 2520892
2520893 2525146
2525147 2531444
2531445 2542914
2542915 2551631
2551632 2560473
2560474 2571317
2571318 2574862
2574863 2584080
2584081 2589210
2589211 2594007
2594008 2599971
2599972 2605101
2605102 2611024
2611025 2613860
2613861 2616654
2616655 2625705
2625706 2630960
2630961 2634756
2634757 2642805
2642806 2646434
2646435 2650021
2650022 2655985
2655986 2658196
2658197 2662992
2662993 2668790
2668791 2676798
2676799 2685807
2685808 2691354
2691355 2694690
2694691 2699153
2699154 2704200
2704201 2710665
2710666 2714127
2714128 2716796
2716797 2722802
2722803 2729308
2729309 2734564
2734565 2739819
2739820 2743239
2743240 2743823
2743824 2744365
2744366 2744907
2744908 2751205
2751206 2755209
2755210 2760715
2760716 2763885
2763886 2766012
2766013 2768764
2768765 2771851
2771852 2775688
2775689 2776480
2776481 2778149
2778150 2779025
2779026 2779775
2779776 2781485
2781486 2784947
2784948 2787700
2787701 2791037
2791038 2796125
2796126 2800713
2800714 2803633
2803634 2810223
2810224 2813309
2813310 2818522
2818523 2824570
2824571 2831410
2831411 2832912
2832913 2842296
2842297 2848094
2848095 2852765
2852766 2859397
2859398 2863567
2863568 2867280
2867281 2872201
2872202 2873661
2873662 2877832
2877833 2880543
2880544 2883254
2883255 2888759
2888760 2894473
2894474 2899020
2899021 2901856
2901857 2904483
2904484 2910281
2910282 2916871
2916872 2924712
2924713 2941228
2941229 2944231
2944232 2951906
2951907 2952531
2952532 2953532
2953533 2956410
2956411 2967963
2967964 2976263
2976264 2986899
2986900 2989652
2989653 2996283
2996284 2998369
2998370 3000788
3000789 3002790
3002791 3005876
3005877 3009296
3009297 3013342
3013343 3016387
3016388 3020724
3020725 3023144
3023145 3027398
3027399 3032319
3032320 3034530
3034531 3036240
3036241 3038117
3038118 3041370
3041371 3055342
3055343 3065019
3065020 3069064
3069065 3077406
3077407 3079867
3079868 3088125
3088126 3092630
3092631 3096592
3096593 3099220
3099221 3102473
3102474 3105392
3105393 3110397
3110398 3116445
3116446 3121533
3121534 3128707
3128708 3132670
3132671 3135756
3135757 3139426
3139427 3141303
3141304 3143097
3143098 3148143
3148144 3152856
3152857 3154024
3154025 3156485
3156486 3159488
3159489 3169748
3169749 3178132
3178133 3183971
3183972 3190311
3190312 3193522
3193523 3200321
3200322 3205951
3205952 3210080
3210081 3218172
3218173 3223844
3223845 3228432
3228433 3235189
3235190 3235564
3235565 3237024
3237025 3238984
3238985 3239818
3239819 3241111
3241112 3255084
3255085 3268055
3268056 3277314
3277315 3283737
3283738 3288951
3288952 3298627
3298628 3307803
3307804 3310681
3310682 3313934
3313935 3319648
3319649 3326029
3326030 3338500
3338501 3347759
3347760 3358937
3358938 3368530
3368531 3391553
3391554 3396058
3396059 3405734
3405735 3417371
3417372 3424086
3424087 3431343
3431344 3437349
3437350 3442604
3442605 3453407
3453408 3461582
3461583 3464668
3464669 3475470
3475471 3476722
3476723 3480017
3480018 3483937
3483938 3488275
3488276 3490402
3490403 3492404
3492405 3496033
3496034 3499786
3499787 3503123
3503124 3507586
3507587 3509963
3509964 3510464
3510465 3515344
3515345 3522017
3522018 3528482
3528483 3541620
3541621 3545874
3545875 3555050
3555051 3559513
3559514 3571316
3571317 3576780
3576781 3579658
3579659 3587290
3587291 3594047
3594048 3602055
3602056 3605642
3605643 3610856
3610857 3618363
3618364 3633170
3633171 3652939
3652940 3689810
3689811 3702405
3702406 3722092
3722093 3726763
3726764 3734521
3734522 3758336
3758337 3774269
3774270 3778273
3778274 3780567
3780568 3783153
3783154 3786907
3786908 3795373
3795374 3822442
3822443 3850929
3850930 3862232
3862233 3874285
3874286 3892512
3892513 3909362
3909363 3918705
3918706 3923501
3923502 3928131
3928132 3931843
3931844 3936014
3936015 3938183
3938184 3941686
3941687 3944939
3944940 3960580
3960581 3964209
3964210 3967629
3967630 3974552
3974553 3979182
3979183 3982435
3982436 3986815
3986816 3995657
3995658 3997826
3997827 3999119
3999120 4000954
4000955 4006918
4006919 4008628
4008629 4011422
4011423 4012757
4012758 4014217
4014218 4016928
4016929 4017428
4017429 4018012
4018013 4019472
4019473 4021558
4021559 4023560
4023561 4028565
4028566 4032652
4032653 4035155
4035156 4041494
4041495 4043079
4043080 4047375
4047376 4051838
4051839 4053590
4053591 4054841
4054842 4059345
4059346 4060346
4060347 4062682
4062683 4064726
4064727 4072233
4072234 4079240
4079241 4082452
4082453 4084954
4084955 4087248
4087249 4089584
4089585 4091169
4091170 4093171
4093172 4094839
4094840 4101221
4101222 4112649
4112650 4118154
4118155 4120615
4120616 4123993
4123994 4126788
4126789 4129916
4129917 4132252
4132253 4135213
4135214 4136965
4136966 4138216
4138217 4140677
4140678 4148893
4148894 4150728
4150729 4156192
4156193 4158194
4158195 4162115
4162116 4164617
4164618 4167328
4167329 4168329
4168330 4169831
4169832 4171249
4171250 4174544
4174545 4177547
4177548 4185680
4185681 4189934
4189935 4195481
4195482 4221132
4221133 4224469
4224470 4226721
4226722 4228973
4228974 4230975
4230976 4232810
4232811 4235730
4235731 4237065
4237066 4239275
4239276 4243446
4243447 4246657
4246658 4250745
4250746 4252580
4252581 4256084
4256085 4266010
4266011 4279982
4279983 4292370
4292371 4299168
4299169 4303548
4303549 4305550
4305551 4306217
4306218 4306634
4306635 4307635
4307636 4309178
4309179 4309804
4309805 4311055
4311056 4313641
4313642 4315935
4315936 4317854
4317855 4320189
4320190 4325403
4325404 4334996
4334997 4340668
4340669 4349969
4349970 4362231
4362232 4367487
4367488 4370573
4370574 4377538
4377539 4382627
4382628 4388049
4388050 4391636
4391637 4394805
4394806 4397183
4397184 4407109
4407110 4409529
4409530 4411113
4411114 4412406
4412407 4413824
4413825 4415409
4415410 4417995
4417996 4424961
4424962 4433261
4433262 4437682
4437683 4441352
4441353 4449443
4449444 4452613
4452614 4456450
4456451 4461205
4461206 4468838
4468839 4474051
4474052 4479390
4479391 4484937
4484938 4487648
4487649 4492695
4492696 4495031
4495032 4501495
4501496 4505916
4505917 4512173
4512174 4527480
4527481 4536405
4536406 4553130
4553131 4564767
4564768 4584829
4584830 4592169
4592170 4598300
4598301 4604890
4604891 4611313
4611314 4621407
4621408 4624118
4624119 4627455
4627456 4630207
4630208 4632126
4632127 4636297
4636298 4650060
4650061 4656734
4656735 4661947
4661948 4664492
4664493 4667036
4667037 4671832
4671833 4676712
4676713 4688015
4688016 4689058
4689059 4690809
4690810 4697233
4697234 4700110
4700111 4707785
4707786 4716085
4716086 4720589
4720590 4724510
4724511 4729515
4729516 4732726
4732727 4738857
4738858 4747116
4747117 4751287
4751288 4755457
4755458 4757793
4757794 4762214
4762215 4766635
4766636 4777354
4777355 4793078
4793079 4802838
4802839 4815267
4815268 4822274
4822275 4829698
4829699 4840292
4840293 4848384
4848385 4852721
4852722 4860396
4860397 4863524
4863525 4866360
4866361 4872032
4872033 4884878
4884879 4888048
4888049 4891844
4891845 4897182
4897183 4903397
4903398 4907818
4907819 4934553
4934554 4944021
4944022 4954490
4954491 4964625
4964626 4985813
4985814 4999368
4999369 5004581
5004582 5007918
5007919 5014883
5014884 5047708
5047709 5066560
5066561 5070689
5070690 5076528
5076529 5091627
5091628 5102471
5102472 5104348
5104349 5106975
5106976 5110354
5110355 5116568
5116569 5118320
5118321 5124618
5124619 5129456
5129457 5132167
5132168 5141635
5141636 5150185
5150186 5154272
5154273 5161863
5161864 5167995
5167996 5171665
5171666 5178213
5178214 5210787
5210788 5232809
5232810 5239566
5239567 5252746
5252747 5258418
5258419 5261797
5261798 5270180
5270181 5284903
5284904 5291827
5291828 5297249
5297250 5299376
5299377 5301586
5301587 5307676
5307677 5312097
5312098 5317394
5317395 5320939
5320940 5324151
5324152 5324776
5324777 5332576
5332577 5336079
5336080 5337664
5337665 5344796
5344797 5345297
5345298 5348842
5348843 5351052
5351053 5352554
5352555 5354890
5354891 5355599
5355600 5361313
5361314 5362731
5362732 5373783
5373784 5375911
5375912 5381583
5381584 5387464
5387465 5391426
5391427 5399601
5399602 5404022
5404023 5421498
5421499 5445188
5445189 5450527
5450528 5458451
5458452 5463248
5463249 5467377
5467378 5472340
5472341 5482017
5482018 5513757
5513758 5519137
5519138 5525018
5525019 5530357
5530358 5545497
5545498 5559636
5559637 5570980
5570981 5572732
5572733 5574818
5574819 5577737
5577738 5583827
5583828 5593962
5593963 5601761
5601762 5604764
5604765 5606683
5606684 5609310
5609311 5611396
5611397 5613356
5613357 5615525
5615526 5619279
5619280 5622115
5622116 5625076
5625077 5625201
5625202 5631458
5631459 5635462
5635463 5635837
5635838 5637630
5637631 5642594
5642595 5646556
5646557 5650768
5650769 5661613
5661614 5670830
5670831 5678171
5678172 5702028
5702029 5705990
5705991 5709244
5709245 5710537
5710538 5712205
5712206 5715166
5715167 5717835
5717836 5719546
5719547 5720046
5720047 5724884
5724885 5737647
5737648 5745613
5745614 5748449
5748450 5756124
5756125 5767385
5767386 5770388
5770389 5775018
5775019 5781733
5781734 5784319
5784320 5786988
5786989 5794245
5794246 5807216
5807217 5817560
5817561 5825276
5825277 5833159
5833160 5839165
5839166 5846839
5846840 5852720
5852721 5870154
5870155 5875201
5875202 5882125
5882126 5888005
5888006 5892927
5892928 5898474
5898475 5903771
5903772 5906232
5906233 5909569
5909570 5912238
5912239 5915199
5915200 5918578
5918579 5920830
5920831 5925877
5925878 5932759
5932760 5937013
5937014 5942310
5942311 5944187
5944188 5945229
5945230 5949108
5949109 5954572
5954573 5961078
5961079 5963539
5963540 5966542
5966543 5970713
5970714 5973925
5973926 5981599
5981600 5984727
5984728 5987772
5987773 6006624
6006625 6015174
6015175 6023474
6023475 6035069
6035070 6046247
6046248 6058092
6058093 6069228
6069229 6090249
6090250 6096547
6096548 6103471
6103472 6107767
6107768 6120363
6120364 6123407
6123408 6128371
6128372 6146514
6146515 6155439
6155440 6169578
