52510 193358
193359 344676
344677 400023
400024 408240
408241 460542
460543 468091
468092 565730
565731 599180
599181 650482
650483 964087
964088 1153359
1153360 1177341
1177342 1380252
1380253 1408572
1408573 1489195
1489196 1537910
1537911 1577658
1577659 1636884
1636885 1762593
1762594 1901148
1901149 1958997
1958998 1989986
1989987 2015679
2015680 2371034
2371035 2769932
2769933 3054800
3054801 3073652
3073653 3141428
3141429 3163826
3163827 3176171
3176172 3195357
3195358 3212082
3212083 3218756
3218757 3233437
3233438 3317438
3317439 3525812
3525813 3699361
3699362 3890635
3890636 4161239
4161240 4330992
4330993 4345965
4345966 4350845
4350846 4366444
4366445 4378122
4378123 4406651
4406652 4424710
4424711 4552338
4552339 4603097
4603098 4617486
4617487 4643053
4643054 5100218
5100219 5534486
5534487 5559594
5559595 5578988
5578989 5630999
5631000 5690558
5690559 5705573
5705574 5713498
5713499 5761588
5761589 5781816
5781817 5853137
5853138 5940892
5940893 5972882
5972883 5983184
5983185 6025268
6025269 6033776
6033777 6081282
6081283 6130873
6130874 6316600
6316601 6341417
6341418 6427920
6427921 6446897
6446898 6610269
