53178 72237
72238 74364
74365 80662
80663 92633
92634 95219
95220 96178
96179 99223
99224 103811
103812 105062
105063 110943
110944 118575
118576 124039
124040 130254
130255 134299
134300 135926
135927 138136
138137 146144
146145 147855
147856 149314
149315 151984
151985 153402
153403 154736
154737 157030
157031 158699
158700 165414
165415 166498
166499 169001
169002 173171
173172 176508
176509 178468
178469 182598
182599 186602
186603 188687
188688 195736
195737 197905
197906 202284
202285 205412
205413 207164
207165 208123
208124 210334
210335 212044
212045 213754
213755 216465
216466 217633
217634 218467
218468 219718
219719 222387
222388 226058
226059 229645
229646 230479
230480 231438
231439 232981
232982 233774
233775 235817
235818 240155
240156 242491
242492 244326
244327 247329
247330 248705
248706 251917
251918 257339
257340 259424
259425 261343
261344 262094
262095 265681
265682 268350
268351 271603
271604 273438
273439 279069
279070 282489
282490 284408
284409 285951
285952 289121
289122 290956
290957 293000
293001 293959
293960 294668
294669 296086
296087 298296
298297 301633
301634 303135
303136 305512
305513 315397
315398 317816
317817 321069
321070 322821
322822 329202
329203 332539
332540 336501
336502 340672
340673 344259
344260 344926
344927 345802
345803 350140
350141 357439
357440 359316
359317 360734
360735 368366
368367 383965
383966 389304
389305 392474
392475 394267
394268 403235
403236 407155
407156 411076
411077 413078
413079 416998
416999 420127
420128 422754
422755 425799
425800 428552
428553 430637
430638 432180
432181 436518
436519 438019
438020 442232
442233 457998
457999 460500
460501 464337
464338 468633
468634 479978
479979 481813
481814 488737
488738 489196
489197 490614
490615 491698
491699 496369
496370 498121
498122 501917
501918 502959
502960 504544
504545 505462
505463 506546
506547 507505
507506 508506
508507 510550
510551 511509
511510 513553
513554 514429
514430 515722
515723 517057
517058 517933
517934 518475
518476 519643
519644 520518
520519 521186
521187 521603
521604 524731
524732 525941
525942 526775
526776 530195
530196 531404
531405 532739
532740 533448
533449 535200
535201 536034
536035 539746
539747 542749
542750 545001
545002 546378
546379 547087
547088 547504
547505 548505
548506 549172
549173 550215
550216 552050
552051 554010
554011 555220
555221 558139
558140 558807
558808 560183
560184 561643
561644 562477
562478 562936
562937 565146
565147 566064
566065 567482
567483 568775
568776 570026
570027 570777
570778 573154
573155 574572
574573 576074
576075 577617
577618 578868
578869 580161
580162 581705
581706 582622
582623 583456
583457 584291
584292 585333
585334 588420
588421 589629
589630 590839
590840 592090
592091 592674
592675 593717
593718 596094
596095 602100
602101 604144
604145 606980
606981 608898
608899 610108
610109 612319
612320 614904
614905 616781
616782 618658
618659 619868
619869 623371
623372 624748
624749 626249
626250 628585
628586 633340
633341 636343
636344 641056
641057 644517
644518 650398
650399 652567
652568 655695
655696 657030
657031 659074
659075 660658
660659 662869
662870 664287
664288 665455
665456 667248
667249 668416
668417 670543
670544 675507
675508 678259
678260 680678
680679 682222
682223 684265
684266 687352
687353 689020
689021 692565
692566 696194
696195 697779
697780 703159
703160 704661
704662 706287
706288 708957
708958 716423
716424 721177
721178 727016
727017 735650
735651 745577
745578 747328
747329 752041
752042 760717
760718 765805
765806 767348
767349 768892
768893 770018
770019 770602
770603 776733
776734 778818
778819 783740
783741 787494
787495 790705
790706 793625
793626 797086
797087 799130
799131 802050
802051 805345
805346 808264
808265 811643
811644 814771
814772 818650
818651 820276
820277 822362
822363 824489
824490 826658
826659 832580
832581 836960
836961 839254
839255 842215
842216 847178
847179 850348
850349 853518
853519 857021
857022 860567
860568 862485
862486 864946
864947 865989
865990 867323
867324 868658
868659 870577
870578 875707
875708 879627
879628 885675
885676 887594
887595 889345
889346 890847
890848 892765
892766 893516
893517 894934
894935 896644
896645 898855
898856 905528
905529 908573
908574 910325
910326 911826
911827 915455
915456 917707
917708 918249
918250 919208
919209 924797
924798 926507
926508 929677
929678 932430
932431 935975
935976 963461
963462 989112
989113 995243
995244 997370
997371 999288
999289 1003042
1003043 1005378
1005379 1010591
1010592 1020351
1020352 1023229
1023230 1026649
1026650 1030570
1030571 1032989
1032990 1034198
1034199 1036075
1036076 1040496
1040497 1043166
1043167 1045752
1045753 1055136
1055137 1058765
1058766 1063561
1063562 1067565
1067566 1072278
1072279 1074197
1074198 1080119
1080120 1090213
1090214 1092298
1092299 1093966
1093967 1095426
1095427 1097929
1097930 1103476
1103477 1110399
1110400 1112360
1112361 1117281
1117282 1119325
1119326 1124747
1124748 1126666
1126667 1130545
1130546 1134715
1134716 1136551
1136552 1139053
1139054 1142265
1142266 1144433
1144434 1145852
1145853 1149146
1149147 1150648
1150649 1152441
1152442 1153943
1153944 1156320
1156321 1157446
1157447 1159448
1159449 1162827
1162828 1164579
1164580 1166163
1166164 1168916
1168917 1171294
1171295 1172545
1172546 1173671
1173672 1174922
1174923 1176340
1176341 1178843
1178844 1181137
1181138 1184432
1184433 1185850
1185851 1187894
1187895 1189270
1189271 1190396
1190397 1194066
1194067 1195860
1195861 1196903
1196904 1198070
1198071 1199530
1199531 1203034
1203035 1210708
1210709 1214587
1214588 1221636
1221637 1230311
1230312 1233356
1233357 1236108
1236109 1239779
1239780 1244533
1244534 1247912
1247913 1251082
1251083 1260883
1260884 1264887
1264888 1268224
1268225 1271602
1271603 1273354
1273355 1275064
1275065 1276565
1276566 1280027
1280028 1281988
1281989 1283698
1283699 1288494
1288495 1291539
1291540 1299338
1299339 1309557
1309558 1317314
1317315 1324155
1324156 1326907
1326908 1328868
1328869 1336876
1336877 1342214
1342215 1344633
1344634 1346218
1346219 1350097
1350098 1352433
1352434 1354018
1354019 1355102
1355103 1357104
1357105 1358522
1358523 1359982
1359983 1361859
1361860 1366614
1366615 1367740
1367741 1371160
1371161 1372745
1372746 1376040
1376041 1377458
1377459 1379668
1379669 1382421
1382422 1384840
1384841 1386801
1386802 1389220
1389221 1391347
1391348 1398896
1398897 1401816
1401817 1404568
1404569 1406028
1406029 1406987
1406988 1410116
1410117 1411700
1411701 1419458
1419459 1421961
1421962 1423420
1423421 1424964
1424965 1426966
1426967 1429093
1429094 1431554
1431555 1434348
1434349 1449780
1449781 1452283
1452284 1464003
1464004 1467298
1467299 1471177
1471178 1474972
1474973 1477516
1477517 1485608
1485609 1487943
1487944 1490696
1490697 1493866
1493867 1496285
1496286 1497953
1497954 1500581
1500582 1501707
1501708 1503167
1503168 1504835
1504836 1507713
1507714 1509673
1509674 1512426
1512427 1514220
1514221 1520559
1520560 1522811
1522812 1531570
1531571 1533906
1533907 1534615
1534616 1535741
1535742 1536825
1536826 1537910
1537911 1539536
1539537 1542206
1542207 1543958
1543959 1546377
1546378 1547753
1547754 1549588
1549589 1551799
1551800 1554093
1554094 1557388
1557389 1559431
1559432 1565688
1565689 1567314
1567315 1570025
1570026 1574321
1574322 1621118
1621119 1622619
1622620 1628375
1628376 1630794
1630795 1632504
1632505 1634089
1634090 1636550
1636551 1640220
1640221 1642848
1642849 1649980
1649981 1657071
1657072 1662534
1662535 1665287
1665288 1673378
1673379 1676048
1676049 1684598
1684599 1689978
1689979 1691063
1691064 1692231
1692232 1693148
1693149 1694108
1694109 1694817
1694818 1697402
1697403 1700531
1700532 1701949
1701950 1705619
1705620 1707830
1707831 1708705
1708706 1710124
1710125 1713210
1713211 1714128
1714129 1716922
1716923 1731854
1731855 1736150
1736151 1740737
1740738 1745033
1745034 1751790
1751791 1753292
1753293 1754501
1754502 1756545
1756546 1758797
1758798 1761800
1761801 1766138
1766139 1766972
1766973 1768098
1768099 1770642
1770643 1772019
1772020 1776273
1776274 1779359
1779360 1781111
1781112 1784907
1784908 1789578
1789579 1791663
1791664 1795918
1795919 1800547
1800548 1802049
1802050 1803008
1803009 1803467
1803468 1804384
1804385 1805928
1805929 1806929
1806930 1808805
1808806 1820108
1820109 1821652
1821653 1825155
1825156 1827491
1827492 1850097
1850098 1852641
1852642 1863068
1863069 1864569
1864570 1866405
1866406 1867656
1867657 1869366
1869367 1870617
1870618 1872828
1872829 1876498
1876499 1878333
1878334 1883755
1883756 1885716
1885717 1887509
1887510 1892139
1892140 1895392
1895393 1896685
1896686 1902482
1902483 1911825
1911826 1919041
1919042 1926173
1926174 1932512
1932513 1935057
1935058 1958121
1958122 1960123
1960124 1961333
1961334 1967798
1967799 1970842
1970843 1974554
1974555 1981395
1981396 1984606
1984607 1986733
1986734 1990445
1990446 1991905
1991906 1993990
1993991 1997119
1997120 2005419
2005420 2012926
2012927 2016221
2016222 2020267
2020268 2021560
2021561 2022310
2022311 2027149
2027150 2032612
2032613 2034948
2034949 2036867
2036868 2037826
2037827 2039411
2039412 2058096
2058097 2066980
2066981 2069900
2069901 2070609
2070610 2072611
2072612 2075864
2075865 2080577
2080578 2081203
2081204 2083079
2083080 2084915
2084916 2087834
2087835 2091254
2091255 2098178
2098179 2101223
2101224 2103099
2103100 2103934
2103935 2104851
2104852 2106311
2106312 2109940
2109941 2112734
2112735 2116446
2116447 2119991
2119992 2123995
2123996 2125330
2125331 2126706
2126707 2131503
2131504 2135298
2135299 2138134
2138135 2144432
2144433 2154442
2154443 2157696
2157697 2162742
2162743 2163285
2163286 2166955
2166956 2167956
2167957 2168832
2168833 2169499
2169500 2172877
2172878 2175255
2175256 2177841
2177842 2180093
2180094 2182679
2182680 2184639
2184640 2187475
2187476 2190228
2190229 2196943
2196944 2203825
2203826 2207996
2207997 2210957
2210958 2213376
2213377 2215420
2215421 2216463
2216464 2218214
2218215 2219883
2219884 2220675
2220676 2222135
2222136 2223011
2223012 2223637
2223638 2224346
2224347 2225138
2225139 2227349
2227350 2228683
2228684 2230852
2230853 2236608
2236609 2237192
2237193 2237942
2237943 2240028
2240029 2241488
2241489 2242322
2242323 2248119
2248120 2250705
2250706 2259881
2259882 2262801
2262802 2265095
2265096 2269057
2269058 2273019
2273020 2275980
2275981 2280276
2280277 2281778
2281779 2289828
2289829 2292497
2292498 2299671
2299672 2305009
2305010 2310223
2310224 2317272
2317273 2319983
2319984 2322902
2322903 2323903
2323904 2324738
2324739 2327741
2327742 2329033
2329034 2334247
2334248 2336040
2336041 2343131
2343132 2346593
2346594 2351055
2351056 2356936
2356937 2361775
2361776 2369407
2369408 2372660
2372661 2379042
2379043 2380335
2380336 2382587
2382588 2384047
2384048 2386925
2386926 2388551
2388552 2389886
2389887 2392972
2392973 2394891
2394892 2397018
2397019 2400313
2400314 2407445
2407446 2409823
2409824 2410865
2410866 2413535
2413536 2416371
2416372 2418164
2418165 2420083
2420084 2423127
2423128 2424337
2424338 2427173
2427174 2428925
2428926 2432220
2432221 2434597
2434598 2435682
2435683 2437225
2437226 2439811
2439812 2442480
2442481 2447277
2447278 2452740
2452741 2459122
2459123 2462292
2462293 2465461
2465462 2470133
2470134 2481603
2481604 2485315
2485316 2492530
2492531 2498036
2498037 2506169
2506170 2511090
2511091 2513092
2513093 2514928
2514929 2517972
2517973 2521392
2521393 2523186
2523187 2524854
2524855 2527607
2527608 2533196
2533197 2537367
2537368 2541746
2541747 2545917
2545918 2547919
2547920 2549629
2549630 2550755
2550756 2555927
2555928 2560056
2560057 2567897
2567898 2572151
2572152 2579826
2579827 2582870
2582871 2596759
2596760 2599637
2599638 2614068
2614069 2621451
2621452 2626664
2626665 2635339
2635340 2639135
2639136 2640094
2640095 2640928
2640929 2642680
2642681 2645224
2645225 2650396
2650397 2652774
2652775 2655693
2655694 2660865
2660866 2663201
2663202 2666954
2666955 2669123
2669124 2671584
2671585 2675671
2675672 2680343
2680344 2682136
2682137 2683638
2683639 2690228
2690229 2692855
2692856 2695274
2695275 2697985
2697986 2699946
2699947 2711415
2711416 2715169
2715170 2719006
2719007 2721425
2721426 2724804
2724805 2727098
2727099 2729016
2729017 2732019
2732020 2735189
2735190 2740695
2740696 2743072
2743073 2744282
2744283 2745908
2745909 2749412
2749413 2761465
2761466 2766345
2766346 2768055
2768056 2769432
2769433 2775229
2775230 2779483
2779484 2799545
2799546 2806177
2806178 2809096
2809097 2811641
2811642 2813184
2813185 2815561
2815562 2817605
2817606 2818356
2818357 2820399
2820400 2823903
2823904 2829492
2829493 2830993
2830994 2832203
2832204 2833162
2833163 2835248
2835249 2838501
2838502 2840586
2840587 2841796
2841797 2847385
2847386 2852306
2852307 2854392
2854393 2856769
2856770 2860022
2860023 2864944
2864945 2866529
2866530 2868114
2868115 2870950
2870951 2872368
2872369 2878499
2878500 2880501
2880502 2882003
2882004 2883129
2883130 2884463
2884464 2887675
2887676 2889510
2889511 2890886
2890887 2898561
2898562 2900563
2900564 2902732
2902733 2906902
2906903 2911032
2911033 2912283
2912284 2915661
2915662 2917580
2917581 2918956
2918957 2923127
2923128 2923836
2923837 2924837
2924838 2926380
2926381 2927882
2927883 2928758
2928759 2929842
2929843 2931761
2931762 2933971
2933972 2935806
2935807 2937767
2937768 2940019
2940020 2940853
2940854 2942271
2942272 2943022
2943023 2944565
2944566 2948569
2948570 2952448
2952449 2954408
2954409 2958245
2958246 2979475
2979476 2981727
2981728 2984271
2984272 2987525
2987526 2994073
2994074 2995199
2995200 2996200
2996201 2996992
2996993 3000246
3000247 3001747
3001748 3003082
3003083 3005459
3005460 3020015
3020016 3021016
3021017 3023477
3023478 3025271
3025272 3031902
3031903 3035948
3035949 3055009
3055010 3060973
3060974 3079867
3079868 3088500
3088501 3091712
3091713 3099887
3099888 3106977
3106978 3110147
3110148 3113651
3113652 3120574
3120575 3120991
3120992 3123619
3123620 3125162
3125163 3126830
3126831 3129333
3129334 3131126
3131127 3132878
3132879 3134630
3134631 3135631
3135632 3136298
3136299 3137508
3137509 3138175
3138176 3139093
3139094 3140052
3140053 3142054
3142055 3142888
3142889 3143847
3143848 3146517
3146518 3148227
3148228 3148811
3148812 3150187
3150188 3154066
3154067 3155401
3155402 3161073
3161074 3162241
3162242 3165828
3165829 3166412
3166413 3168122
3168123 3169248
3169249 3170666
3170667 3171792
3171793 3172668
3172669 3173669
3173670 3174169
3174170 3175671
3175672 3176797
3176798 3178507
3178508 3179008
3179009 3180259
3180260 3181927
3181928 3183554
3183555 3184430
3184431 3185139
3185140 3194857
3194858 3196525
3196526 3199445
3199446 3203532
3203533 3205242
3205243 3211498
3211499 3212833
3212834 3215169
3215170 3216337
3216338 3220132
3220133 3221508
3221509 3223677
3223678 3229016
3229017 3231060
3231061 3233604
3233605 3238108
3238109 3257336
3257337 3260798
3260799 3265969
3265970 3271141
3271142 3274895
3274896 3283904
3283905 3288534
3288535 3295332
3295333 3297084
3297085 3300671
3300672 3302631
3302632 3308262
3308263 3309888
3309889 3312516
3312517 3316228
3316229 3318939
3318940 3337458
3337459 3340461
3340462 3348385
3348386 3350762
3350763 3351805
3351806 3354933
3354934 3359062
3359063 3360147
3360148 3362065
3362066 3363442
3363443 3364776
3364777 3367905
3367906 3370365
3370366 3372075
3372076 3375287
3375288 3377080
3377081 3379124
3379125 3381126
3381127 3382127
3382128 3384171
3384172 3387174
3387175 3389968
3389969 3393514
3393515 3394306
3394307 3395390
3395391 3396725
3396726 3398268
3398269 3400437
3400438 3403607
3403608 3404900
3404901 3407778
3407779 3409488
3409489 3410656
3410657 3412366
3412367 3414409
3414410 3414952
3414953 3415494
3415495 3416495
3416496 3418080
3418081 3418705
3418706 3419831
3419832 3422251
3422252 3425796
3425797 3428257
3428258 3430592
3430593 3435639
3435640 3438058
3438059 3445023
3445024 3448443
3448444 3451363
3451364 3457244
3457245 3460372
3460373 3463125
3463126 3467963
3467964 3473927
3473928 3477180
3477181 3482019
3482020 3494865
3494866 3497200
3497201 3501496
3501497 3504458
3504459 3506376
3506377 3511965
3511966 3515135
3515136 3522351
3522352 3527648
3527649 3532235
3532236 3535322
3535323 3543205
3543206 3546333
3546334 3547918
3547919 3550087
3550088 3556760
3556761 3558970
3558971 3562224
3562225 3566353
3566354 3572984
3572985 3575070
3575071 3576571
3576572 3578031
3578032 3581993
3581994 3588041
3588042 3589960
3589961 3592337
3592338 3594089
3594090 3596508
3596509 3600971
3600972 3606393
3606394 3609896
3609897 3612441
3612442 3615360
3615361 3618405
3618406 3619948
3619949 3622659
3622660 3627080
3627081 3629499
3629500 3632627
3632628 3637090
3637091 3639926
3639927 3641595
3641596 3642929
3642930 3645891
3645892 3647893
3647894 3650520
3650521 3652439
3652440 3653732
3653733 3657110
3657111 3660405
3660406 3662532
3662533 3665076
3665077 3670499
3670500 3674044
3674045 3677380
3677381 3680675
3680676 3684888
3684889 3688850
3688851 3690435
3690436 3691561
3691562 3696399
3696400 3700278
3700279 3701655
3701656 3705742
3705743 3710747
3710748 3716378
3716379 3719381
3719382 3720882
3720883 3721967
3721968 3724302
3724303 3724719
3724720 3725053
3725054 3725428
3725429 3725804
3725805 3726137
3726138 3726930
3726931 3727264
3727265 3727722
3727723 3728640
3728641 3730559
3730560 3730892
3730893 3731184
3731185 3731685
3731686 3732018
3732019 3732352
3732353 3733103
3733104 3734980
3734981 3735689
3735690 3737023
3737024 3738233
3738234 3740360
3740361 3741945
3741946 3743822
3743823 3745699
3745700 3749661
3749662 3751997
3751998 3754708
3754709 3755834
3755835 3758336
3758337 3761965
3761966 3763884
3763885 3768763
3768764 3770265
3770266 3774561
3774562 3777355
3777356 3778815
3778816 3780108
3780109 3782152
3782153 3783862
3783863 3785780
3785781 3787240
3787241 3791036
3791037 3792245
3792246 3795874
3795875 3798460
3798461 3803048
3803049 3806968
3806969 3808637
3808638 3810096
3810097 3818605
3818606 3822108
3822109 3824736
3824737 3829074
3829075 3830533
3830534 3836373
3836374 3839584
3839585 3848593
3848594 3851888
3851889 3853139
3853140 3853515
3853516 3855141
3855142 3855809
3855810 3858103
3858104 3860271
3860272 3861398
3861399 3862440
3862441 3864109
3864110 3864943
3864944 3869447
3869448 3872701
3872702 3873535
3873536 3875078
3875079 3876162
3876163 3877497
3877498 3884504
3884505 3887215
3887216 3892178
3892179 3895140
3895141 3900520
3900521 3903106
3903107 3920081
3920082 3934220
3934221 3935805
3935806 3937223
3937224 3940143
3940144 3942812
3942813 3945565
3945566 3946900
3946901 3947525
3947526 3948860
3948861 3949903
3949904 3950487
3950488 3952113
3952114 3953406
3953407 3955116
3955117 3956117
3956118 3957869
3957870 3959287
3959288 3961915
3961916 3963666
3963667 3967879
3967880 3975595
3975596 3980809
3980810 3983436
3983437 3986731
3986732 3989067
3989068 3992487
3992488 3993196
3993197 3993655
3993656 3994989
3994990 3995740
3995741 3997158
3997159 3998743
3998744 3999702
3999703 4001538
4001539 4002831
4002832 4005416
4005417 4006876
4006877 4008378
4008379 4011548
4011549 4016594
4016595 4019222
4019223 4023226
4023227 4029274
4029275 4035321
4035322 4038324
4038325 4042036
4042037 4043746
4043747 4049002
4049003 4050628
4050629 4053381
4053382 4058928
4058929 4060138
4060139 4066102
4066103 4067812
4067813 4072525
4072526 4077363
4077364 4083661
4083662 4087123
4087124 4088958
4088959 4090460
4090461 4092295
4092296 4095882
4095883 4098218
4098219 4103556
4103557 4109354
4109355 4117695
4117696 4122158
4122159 4126162
4126163 4134379
4134380 4138383
4138384 4141886
4141887 4144472
4144473 4147350
4147351 4151646
4151647 4157026
4157027 4170540
4170541 4175837
4175838 4181843
4181844 4183886
4183887 4186889
4186890 4189225
4189226 4194105
4194106 4198776
4198777 4200445
4200446 4209579
4209580 4211497
4211498 4215418
4215419 4220381
4220382 4227930
4227931 4248326
4248327 4250578
4250579 4253331
4253332 4256167
4256168 4258127
4258128 4261506
4261507 4263216
4263217 4265927
4265928 4267845
4267846 4272433
4272434 4274477
4274478 4276813
4276814 4282110
4282111 4285405
4285406 4289534
4289535 4304757
4304758 4306509
4306510 4309470
4309471 4312265
4312266 4313933
4313934 4315393
4315394 4316686
4316687 4318771
4318772 4321649
4321650 4326696
4326697 4327822
4327823 4329115
4329116 4330908
4330909 4334370
4334371 4335746
4335747 4336873
4336874 4339667
4339668 4343087
4343088 4347633
4347634 4349552
4349553 4353055
4353056 4358728
4358729 4360897
4360898 4363191
4363192 4365234
4365235 4366986
4366987 4372450
4372451 4373993
4373994 4376704
4376705 4378164
4378165 4380249
4380250 4381209
4381210 4383211
4383212 4384587
4384588 4387298
4387299 4388925
4388926 4391886
4391887 4394555
4394556 4402939
4402940 4404649
4404650 4406067
4406068 4407568
4407569 4408444
4408445 4417078
4417079 4420790
4420791 4426254
4426255 4429048
4429049 4430758
4430759 4445690
4445691 4448442
4448443 4449944
4449945 4450736
4450737 4452405
4452406 4454824
4454825 4456367
4456368 4459078
4459079 4464917
4464918 4467587
4467588 4468629
4468630 4470214
4470215 4472466
4472467 4481058
4481059 4482935
4482936 4484270
4484271 4485354
4485355 4486272
4486273 4493446
4493447 4498868
4498869 4501662
4501663 4505750
4505751 4510796
4510797 4513090
4513091 4515635
4515636 4520473
4520474 4522683
4522684 4523976
4523977 4525102
4525103 4527229
4527230 4529732
4529733 4530399
4530400 4531067
4531068 4533110
4533111 4535196
4535197 4536197
4536198 4537156
4537157 4540743
4540744 4542787
4542788 4544038
4544039 4546999
4547000 4550044
4550045 4551295
4551296 4552630
4552631 4553047
4553048 4554131
4554132 4556467
4556468 4558427
4558428 4560179
4560180 4560721
4560722 4562056
4562057 4563724
4563725 4568020
4568021 4571148
4571149 4572149
4572150 4572775
4572776 4573859
4573860 4574610
4574611 4576112
4576113 4576821
4576822 4577488
4577489 4580908
4580909 4582118
4582119 4582660
4582661 4583285
4583286 4583994
4583995 4584829
4584830 4585996
4585997 4589375
4589376 4591001
4591002 4592002
4592003 4593754
4593755 4594797
4594798 4596382
4596383 4597091
4597092 4599051
4599052 4600219
4600220 4602972
4602973 4603722
4603723 4605015
4605016 4606767
4606768 4608185
4608186 4608811
4608812 4609687
4609688 4613774
4613775 4614859
4614860 4615985
4615986 4617778
4617779 4619280
4619281 4621782
4621783 4622700
4622701 4624076
4624077 4624368
4624369 4625202
4625203 4625453
4625454 4630040
4630041 4630875
4630876 4632918
4632919 4634587
4634588 4638382
4638383 4641469
4641470 4642052
4642053 4644513
4644514 4647558
4647559 4648642
4648643 4650394
4650395 4652188
4652189 4654023
4654024 4656775
4656776 4657776
4657777 4658777
4658778 4661071
4661072 4661989
4661990 4663491
4663492 4666118
4666119 4666911
4666912 4667786
4667787 4668370
4668371 4669079
4669080 4669497
4669498 4670164
4670165 4670831
4670832 4671582
4671583 4672333
4672334 4673375
4673376 4674585
4674586 4676420
4676421 4677505
4677506 4678214
4678215 4681217
4681218 4684970
4684971 4685638
4685639 4687348
4687349 4690267
4690268 4693395
4693396 4695189
4695190 4700486
4700487 4702404
4702405 4705241
4705242 4706867
4706868 4708118
4708119 4710162
4710163 4710955
4710956 4713415
4713416 4714250
4714251 4716460
4716461 4718629
4718630 4724051
4724052 4726178
4726179 4728055
4728056 4728889
4728890 4729640
4729641 4730849
4730850 4731892
4731893 4734562
4734563 4735896
4735897 4737982
4737983 4740150
4740151 4742361
4742362 4744613
4744614 4745281
4745282 4747950
4747951 4748784
4748785 4749660
4749661 4751078
4751079 4753664
4753665 4756125
4756126 4761046
4761047 4764133
4764134 4767428
4767429 4770264
4770265 4772474
4772475 4773851
4773852 4774977
4774978 4776520
4776521 4778022
4778023 4780524
4780525 4782735
4782736 4786280
4786281 4787281
4787282 4790326
4790327 4792202
4792203 4793704
4793705 4794872
4794873 4796498
4796499 4798250
4798251 4799251
4799252 4799543
4799544 4800586
4800587 4801086
4801087 4801545
4801546 4804214
4804215 4804798
4804799 4806383
4806384 4807301
4807302 4808844
4808845 4810679
4810680 4811555
4811556 4814099
4814100 4815601
4815602 4817019
4817020 4818312
4818313 4820272
4820273 4820814
4820815 4821690
4821691 4822232
4822233 4822775
4822776 4823317
4823318 4824234
4824235 4826487
4826488 4827988
4827989 4829531
4829532 4830908
4830909 4832743
4832744 4835245
4835246 4837456
4837457 4839375
4839376 4840876
4840877 4842002
4842003 4843754
4843755 4845631
4845632 4847800
4847801 4849301
4849302 4852304
4852305 4853263
4853264 4854932
4854933 4855766
4855767 4856850
4856851 4858602
4858603 4859812
4859813 4862064
4862065 4863565
4863566 4864900
4864901 4866443
4866444 4867861
4867862 4869405
4869406 4870322
4870323 4871031
4871032 4872408
4872409 4872991
4872992 4873367
4873368 4873742
4873743 4874952
4874953 4875953
4875954 4876620
4876621 4877121
4877122 4879748
4879749 4880499
4880500 4881625
4881626 4882751
4882752 4883669
4883670 4885295
4885296 4890092
4890093 4891719
4891720 4892970
4892971 4895597
4895598 4897766
4897767 4898851
4898852 4913490
4913491 4914658
4914659 4916493
4916494 4918954
4918955 4923250
4923251 4924334
4924335 4926420
4926421 4927504
4927505 4931008
4931009 4932760
4932761 4934094
4934095 4934720
4934721 4935512
4935513 4936472
4936473 4938432
4938433 4939516
4939517 4940267
4940268 4942436
4942437 4949234
4949235 4951153
4951154 4953280
4953281 4954031
4954032 4954656
4954657 4955783
4955784 4956700
4956701 4958869
4958870 4966585
4966586 4970506
4970507 4971840
4971841 4974259
4974260 4975552
4975553 4977763
4977764 4981099
4981100 5010462
5010463 5017636
5017637 5020722
5020723 5027062
5027063 5035487
5035488 5040868
5040869 5042578
5042579 5047207
5047208 5053881
5053882 5071857
5071858 5074943
5074944 5077070
5077071 5078989
5078990 5083785
5083786 5085996
5085997 5088582
5088583 5093879
5093880 5098383
5098384 5100677
5100678 5106308
5106309 5116318
5116319 5123909
5123910 5126370
5126371 5132000
5132001 5134294
5134295 5136088
5136089 5138465
5138466 5144346
5144347 5149351
5149352 5160070
5160071 5180132
5180133 5184636
5184637 5190017
5190018 5197941
5197942 5199735
5199736 5201737
5201738 5208076
5208077 5210454
5210455 5216835
5216836 5218170
5218171 5223633
5223634 5226178
5226179 5229431
5229432 5232684
5232685 5236813
5236814 5238023
5238024 5241359
5241360 5242444
5242445 5243862
5243863 5246740
5246741 5249242
5249243 5252412
5252413 5265217
5265218 5267427
5267428 5277145
5277146 5278772
5278773 5283193
5283194 5286404
5286405 5293328
5293329 5295664
5295665 5303547
5303548 5306883
5306884 5312848
5312849 5315934
5315935 5327320
5327321 5329239
5329240 5337247
5337248 5338957
5338958 5343086
5343087 5343461
5343462 5344045
5344046 5345088
5345089 5348925
5348926 5350010
5350011 5350552
5350553 5353471
5353472 5354931
5354932 5358143
5358144 5362105
5362106 5364900
5364901 5373450
5373451 5380207
5380208 5381082
5381083 5382125
5382126 5382459
5382460 5383877
5383878 5385295
5385296 5386338
5386339 5387589
5387590 5388215
5388216 5390258
5390259 5391885
5391886 5393553
5393554 5394471
5394472 5398183
5398184 5400101
5400102 5402270
5402271 5403396
5403397 5404522
5404523 5405899
5405900 5416952
5416953 5418828
5418829 5422958
5422959 5424918
5424919 5429547
5429548 5431132
5431133 5436888
5436889 5437389
5437390 5437889
5437890 5440725
5440726 5442269
5442270 5443311
5443312 5445397
5445398 5448441
5448442 5458702
5458703 5462038
5462039 5466334
5466335 5469462
5469463 5475677
5475678 5477929
5477930 5480265
5480266 5484477
5484478 5487063
5487064 5492902
5492903 5496740
5496741 5506583
5506584 5513256
5513257 5515508
5515509 5517761
5517762 5533610
5533611 5534444
5534445 5535820
5535821 5537739
5537740 5545914
5545915 5555548
5555549 5560762
5560763 5564474
5564475 5569145
5569146 5571564
5571565 5572023
5572024 5573274
5573275 5575235
5575236 5581658
5581659 5583201
5583202 5587038
5587039 5591501
5591502 5595088
5595089 5611396
5611397 5614983
5614984 5625452
5625453 5627203
5627204 5629956
5629957 5633501
5633502 5636880
5636881 5639174
5639175 5640300
5640301 5644971
5644972 5647515
5647516 5649225
5649226 5651019
5651020 5651644
5651645 5653438
5653439 5654814
5654815 5656024
5656025 5657150
5657151 5657734
5657735 5658735
5658736 5661404
5661405 5662322
5662323 5666201
5666202 5668536
5668537 5673374
5673375 5675752
5675753 5676794
5676795 5678004
5678005 5679923
5679924 5680673
5680674 5685762
5685763 5687722
5687723 5689057
5689058 5691309
5691310 5693728
5693729 5695647
5695648 5696564
5696565 5698775
5698776 5703279
5703280 5704864
5704865 5706699
5706700 5708826
5708827 5710578
5710579 5712330
5712331 5721172
5721173 5723466
5723467 5725426
5725427 5731849
5731850 5732392
5732393 5735353
5735354 5736062
5736063 5737355
5737356 5741359
5741360 5743069
5743070 5744612
5744613 5748366
5748367 5749617
5749618 5756958
5756959 5759168
5759169 5762213
5762214 5764465
5764466 5770847
5770848 5773933
5773934 5777437
5777438 5779063
5779064 5782734
5782735 5784235
5784236 5786988
5786989 5802670
5802671 5811929
5811930 5818227
5818228 5822607
5822608 5828655
5828656 5829489
5829490 5834035
5834036 5837330
5837331 5842293
5842294 5849676
5849677 5853846
5853847 5857517
5857518 5861104
5861105 5864774
5864775 5873616
5873617 5876911
5876912 5885545
5885546 5888214
5888215 5890883
5890884 5901853
5901854 5905106
5905107 5907358
5907359 5909986
5909987 5913030
5913031 5916325
5916326 5917785
5917786 5919412
5919413 5927545
5927546 5932759
5932760 5936846
5936847 5938222
5938223 5942310
5942311 5943561
5943562 5944604
5944605 5949525
5949526 5955782
5955783 5958826
5958827 5963748
5963749 5967502
5967503 5970463
5970464 5975426
5975427 5979514
5979515 5981766
5981767 5985019
5985020 5988231
5988232 5997782
5997783 6006499
6006500 6009043
6009044 6023349
6023350 6027687
6027688 6031232
6031233 6040157
6040158 6052712
6052713 6056424
6056425 6058175
6058176 6067977
6067978 6070521
6070522 6078946
6078947 6081032
6081033 6084327
6084328 6086037
6086038 6088998
6088999 6090958
6090959 6092835
6092836 6095296
6095297 6098090
6098091 6107308
6107309 6113606
6113607 6115316
6115317 6119362
6119363 6125493
6125494 6130581
6130582 6135795
6135796 6136962
6136963 6141258
6141259 6144178
6144179 6151102
6151103 6151560
6151561 6154146
6154147 6156357
6156358 6164782
6164783 6165658
6165659 6168786
6168787 6169995
6169996 6174834
6174835 6176293
6176294 6177837
6177838 6181674
6181675 6183843
6183844 6188305
6188306 6190266
6190267 6193853
6193854 6199483
6199484 6201861
6201862 6208784
6208785 6212037
6212038 6221380
6221381 6229805
6229806 6234393
6234394 6238105
6238106 6244028
6244029 6249283
6249284 6255539
6255540 6262338
6262339 6265257
6265258 6267510
6267511 6272515
6272516 6281899
6281900 6293077
6293078 6296038
6296039 6299917
6299918 6304338
6304339 6305714
6305715 6307508
6307509 6311095
6311096 6313305
6313306 6316684
6316685 6320145
6320146 6322648
6322649 6326944
6326945 6330281
6330282 6334451
6334452 6336829
6336830 6339081
6339082 6340875
6340876 6342167
6342168 6344378
6344379 6345588
6345589 6347047
6347048 6348215
6348216 6348924
6348925 6350009
6350010 6352553
6352554 6353846
6353847 6356265
6356266 6358475
6358476 6360436
6360437 6361854
6361855 6363981
6363982 6368068
6368069 6369862
6369863 6373240
6373241 6375284
6375285 6377494
6377495 6381373
6381374 6384293
6384294 6385878
6385879 6393010
6393011 6397014
6397015 6402603
6402604 6407358
6407359 6411570
6411571 6413238
6413239 6416408
6416409 6418953
6418954 6420871
6420872 6432591
6432592 6435844
6435845 6438097
6438098 6440599
6440600 6442851
6442852 6446146
6446147 6448732
6448733 6450901
6450902 6455406
6455407 6457825
6457826 6462204
6462205 6468335
6468336 6471005
6471006 6478595
6478596 6482683
6482684 6489773
6489774 6492484
6492485 6495112
6495113 6498323
6498324 6504747
6504748 6508792
6508793 6519887
6519888 6522097
6522098 6527144
6527145 6529104
6529105 6531148
6531149 6532524
6532525 6535194
6535195 6538947
6538948 6542659
6542660 6544286
6544287 6545788
6545789 6547331
6547332 6549833
6549834 6552127
6552128 6554004
6554005 6561095
6561096 6562513
6562514 6563222
6563223 6563597
6563598 6566517
6566518 6569019
6569020 6571063
6571064 6572981
6572982 6574650
6574651 6576777
6576778 6577986
6577987 6584451
6584452 6590874
6590875 6594628
6594629 6599007
6599008 6609685
6609686 6613438
6613439 6618610
6618611 6620612
6620613 6622114
6622115 6624449
6624450 6627786
6627787 6630956
6630957 6642384
6642385 6644303
6644304 6646638
6646639 6652186
6652187 6655314
6655315 6656815
6656816 6659359
6659360 6661153
6661154 6663363
6663364 6666116
6666117 6667784
6667785 6669912
6669913 6671914
6671915 6672539
6672540 6673123
6673124 6673749
6673750 6674249
6674250 6675167
6675168 6676168
6676169 6678045
6678046 6679630
6679631 6681506
6681507 6681882
6681883 6683258
6683259 6685302
6685303 6690891
6690892 6694603
6694604 6696355
6696356 6697731
6697732 6699608
6699609 6700943
6700944 6702527
6702528 6704363
6704364 6707282
6707283 6708492
6708493 6711119
6711120 6718043
6718044 6722005
6722006 6726343
6726344 6727928
6727929 6728762
6728763 6766675
6766676 6774516
6774517 6775976
6775977 6777102
6777103 6783900
6783901 6790157
6790158 6796038
6796039 6810844
6810845 6814348
6814349 6817434
6817435 6819561
6819562 6820896
6820897 6824649
6824650 6828028
6828029 6830030
6830031 6832324
6832325 6835410
6835411 6838914
6838915 6842751
6842752 6844753
6844754 6847798
6847799 6851635
6851636 6854638
6854639 6862604
6862605 6872989
6872990 6877202
6877203 6879079
6879080 6883417
6883418 6886837
6886838 6890215
6890216 6903353
6903354 6910277
6910278 6918410
6918411 6919536
6919537 6921329
6921330 6922622
6922623 6923457
6923458 6926376
6926377 6930881
6930882 6933758
6933759 6937387
6937388 6939556
6939557 6941141
6941142 6942017
6942018 6943727
6943728 6944686
6944687 6947939
6947940 6951693
6951694 6954404
6954405 6958074
6958075 6962579
6962580 6965916
6965917 6968335
6968336 6973965
6973966 6976218
6976219 6979471
6979472 6984809
6984810 6990941
6990942 6992317
6992318 6996279
6996280 6999074
6999075 7002202
7002203 7003995
7003996 7009793
7009794 7012671
7012672 7014589
7014590 7019010
7019011 7024015
7024016 7032148
7032149 7034067
7034068 7035277
7035278 7044119
7044120 7048206
7048207 7051876
7051877 7056840
7056841 7058466
7058467 7066516
7066517 7068476
7068477 7080447
7080448 7083283
7083284 7087912
7087913 7092334
7092335 7095545
7095546 7102427
7102428 7107599
7107600 7109184
7109185 7110352
7110353 7113563
7113564 7115440
7115441 7119986
7119987 7122072
7122073 7126534
7126535 7131331
7131332 7132332
7132333 7137962
7137963 7140924
7140925 7142676
7142677 7143760
7143761 7145178
7145179 7146096
7146097 7150433
7150434 7152185
7152186 7153520
7153521 7154521
7154522 7159025
7159026 7162946
7162947 7164739
7164740 7169953
7169954 7174499
7174500 7184092
7184093 7186970
7186971 7188930
7188931 7191349
7191350 7193017
7193018 7197856
7197857 7204320
7204321 7205655
7205656 7207031
7207032 7209075
7209076 7214247
7214248 7217500
7217501 7221337
7221338 7224007
7224008 7227177
7227178 7230972
7230973 7232265
7232266 7235810
7235811 7238855
7238856 7240023
7240024 7241733
7241734 7243860
7243861 7245361
7245362 7247781
7247782 7248865
7248866 7257916
7257917 7259292
7259293 7260084
7260085 7262212
7262213 7264172
7264173 7269385
7269386 7271846
7271847 7276059
7276060 7280814
7280815 7282023
7282024 7284526
7284527 7285693
7285694 7287278
7287279 7292033
7292034 7296871
7296872 7299624
7299625 7300834
7300835 7305421
7305422 7309050
7309051 7314764
7314765 7317809
7317810 7319727
7319728 7321813
7321814 7324399
7324400 7326276
7326277 7328152
7328153 7330154
7330155 7331656
7331657 7334367
7334368 7336452
7336453 7339247
7339248 7340957
7340958 7342667
7342668 7346713
7346714 7348214
7348215 7350300
7350301 7353344
7353345 7354929
7354930 7357307
7357308 7360268
7360269 7361728
7361729 7362645
7362646 7364480
7364481 7365607
7365608 7366983
7366984 7369569
7369570 7370695
7370696 7374824
7374825 7378036
7378037 7381664
7381665 7391966
7391967 7394510
7394511 7397722
7397723 7401351
7401352 7403603
7403604 7408900
7408901 7411361
7411362 7412779
7412780 7414530
7414531 7415531
7415532 7417575
7417576 7420495
7420496 7422205
7422206 7425208
7425209 7429170
7429171 7432548
7432549 7436719
7436720 7441182
7441183 7442976
7442977 7444686
7444687 7448773
7448774 7449691
7449692 7451526
7451527 7459784
7459785 7461494
7461495 7463871
7463872 7467542
7467543 7471170
7471171 7475550
7475551 7477760
7477761 7479762
7479763 7481931
7481932 7483599
7483600 7484559
7484560 7486436
7486437 7487562
7487563 7489188
7489189 7490064
7490065 7492233
7492234 7495611
7495612 7498239
7498240 7499282
7499283 7499949
7499950 7500783
7500784 7501451
7501452 7502452
7502453 7504871
7504872 7507957
7507958 7510084
7510085 7511502
7511503 7522889
7522890 7525099
7525100 7525850
7525851 7529228
7529229 7530646
7530647 7532190
7532191 7538488
7538489 7539989
7539990 7545244
7545245 7547205
7547206 7548331
7548332 7552460
7552461 7553127
7553128 7556631
7556632 7558091
7558092 7563387
7563388 7563930
7563931 7566724
7566725 7567308
7567309 7570978
7570979 7572480
7572481 7573648
7573649 7574857
7574858 7577026
7577027 7578611
7578612 7580071
7580072 7582281
7582282 7582949
7582950 7583616
7583617 7584117
7584118 7586077
7586078 7587453
7587454 7588121
7588122 7588538
7588539 7589122
7589123 7589789
7589790 7590289
7590290 7591415
7591416 7592416
7592417 7593543
7593544 7593960
7593961 7595128
7595129 7595962
7595963 7598214
7598215 7599132
7599133 7600675
7600676 7601551
7601552 7602468
7602469 7603511
7603512 7604178
7604179 7605179
7605180 7607473
7607474 7608057
7608058 7608558
7608559 7608766
7608767 7609767
7609768 7611811
7611812 7613646
7613647 7614021
7614022 7615565
7615566 7617859
7617860 7618526
7618527 7621404
7621405 7623531
7623532 7623990
7623991 7626325
7626326 7626993
7626994 7627535
7627536 7629245
7629246 7631956
7631957 7634458
7634459 7635001
7635002 7642133
7642134 7643634
7643635 7645136
7645137 7646637
7646638 7647096
7647097 7649015
7649016 7650016
7650017 7651767
7651768 7654645
7654646 7656564
7656565 7658065
7658066 7659233
7659234 7664488
7664489 7666073
7666074 7671370
7671371 7673539
7673540 7674790
7674791 7677126
7677127 7678711
7678712 7681255
7681256 7682882
7682883 7688095
7688096 7689555
7689556 7690306
7690307 7692183
7692184 7693225
7693226 7694852
7694853 7695686
7695687 7696520
7696521 7697438
7697439 7698898
7698899 7699231
7699232 7699649
7699650 7700232
7700233 7701400
7701401 7703235
7703236 7704487
7704488 7705988
7705989 7707406
7707407 7708908
7708909 7709742
7709743 7711744
7711745 7713454
7713455 7716082
7716083 7718793
7718794 7719835
7719836 7721045
7721046 7721837
7721838 7722546
7722547 7723255
7723256 7723798
7723799 7723965
7723966 7724548
7724549 7725383
7725384 7726550
7726551 7727134
7727135 7729178
7729179 7733933
7733934 7735518
7735519 7737895
7737896 7741565
7741566 7742650
7742651 7745653
7745654 7747613
7747614 7751826
7751827 7753160
7753161 7754662
7754663 7759375
7759376 7760626
7760627 7761836
7761837 7762169
7762170 7763045
7763046 7764588
7764589 7765715
7765716 7766799
7766800 7768718
7768719 7770261
7770262 7771387
7771388 7773639
7773640 7776017
7776018 7777143
7777144 7777977
7777978 7779186
7779187 7779687
7779688 7780563
7780564 7781605
7781606 7782314
7782315 7782690
7782691 7785109
7785110 7786736
7786737 7788779
7788780 7790197
7790198 7790990
7790991 7791699
7791700 7799206
7799207 7800583
7800584 7802793
7802794 7806964
7806965 7809133
7809134 7814221
7814222 7818851
7818852 7821103
7821104 7838412
7838413 7842541
7842542 7846170
7846171 7847379
7847380 7848672
7848673 7850216
7850217 7851050
7851051 7852927
7852928 7853469
7853470 7854220
7854221 7855679
7855680 7857556
7857557 7858682
7858683 7859225
7859226 7859934
7859935 7861435
7861436 7861894
7861895 7863020
7863021 7864271
7864272 7865231
7865232 7866190
7866191 7871362
7871363 7875533
7875534 7880412
7880413 7884208
7884209 7886043
7886044 7889296
7889297 7891215
7891216 7892133
7892134 7895094
7895095 7897388
7897389 7899473
7899474 7901892
7901893 7904562
7904563 7909608
7909609 7911610
7911611 7915239
7915240 7919451
7919452 7931255
7931256 7935509
7935510 7937386
7937387 7941098
7941099 7947313
7947314 7951901
7951902 7955070
7955071 7956488
7956489 7958490
7958491 7959575
7959576 7960659
7960660 7961744
7961745 7963412
7963413 7965998
7965999 7967499
7967500 7973923
7973924 7976967
7976968 7981597
7981598 7984600
7984601 7985309
7985310 7987144
7987145 7989647
7989648 7990397
7990398 7993901
7993902 7994944
7994945 7999323
7999324 8000074
8000075 8008540
8008541 8011168
8011169 8025015
8025016 8030062
8030063 8045953
8045954 8048080
8048081 8054420
8054421 8061969
8061970 8065264
8065265 8068183
8068184 8073981
8073982 8078610
8078611 8091206
8091207 8093292
8093293 8100299
8100300 8103635
8103636 8111352
8111353 8116565
8116566 8118609
8118610 8120402
8120403 8122780
8122781 8126116
8126117 8132539
8132540 8137461
8137462 8141048
8141049 8142383
8142384 8143550
8143551 8145052
8145053 8146595
8146596 8151642
8151643 8153394
8153395 8155687
8155688 8160359
8160360 8161985
8161986 8165739
8165740 8170911
8170912 8172621
8172622 8173247
8173248 8174998
8174999 8178794
8178795 8181713
8181714 8184425
8184426 8192015
8192016 8194184
8194185 8196645
8196646 8200232
8200233 8204987
8204988 8209199
8209200 8213328
8213329 8216832
8216833 8218667
8218668 8220711
8220712 8223380
8223381 8224381
8224382 8227092
8227093 8229386
8229387 8231847
8231848 8233307
8233308 8235642
8235643 8236351
8236352 8238145
8238146 8243066
8243067 8245486
8245487 8248197
8248198 8251533
8251534 8254036
8254037 8255287
8255288 8255913
8255914 8256413
8256414 8257789
8257790 8259541
8259542 8264087
8264088 8267216
8267217 8268592
8268593 8270677
8270678 8272804
8272805 8273764
8273765 8277476
8277477 8279311
8279312 8281939
8281940 8284274
8284275 8285526
8285527 8288153
8288154 8290697
8290698 8292658
8292659 8297246
8297247 8298664
8298665 8301166
8301167 8303585
8303586 8306088
8306089 8309258
8309259 8312261
8312262 8314513
8314514 8317933
8317934 8319643
8319644 8326024
8326025 8330821
8330822 8336451
8336452 8347254
8347255 8348422
8348423 8349464
8349465 8349715
8349716 8350799
8350800 8351633
8351634 8353260
8353261 8354803
8354804 8361101
8361102 8362185
8362186 8363312
8363313 8365188
8365189 8378952
8378953 8381288
8381289 8382873
8382874 8385042
8385043 8388712
8388713 8394051
8394052 8398680
8398681 8399890
8399891 8400515
8400516 8401350
8401351 8402017
8402018 8402684
8402685 8405228
8405229 8405937
8405938 8408982
8408983 8410067
8410068 8411693
8411694 8413945
8413946 8415238
8415239 8416448
8416449 8417866
8417867 8418408
8418409 8418742
8418743 8420952
8420953 8421995
8421996 8423455
8423456 8426333
8426334 8431505
8431506 8434341
8434342 8435300
8435301 8440097
8440098 8450023
8450024 8452567
8452568 8453985
8453986 8461993
8461994 8467290
8467291 8469668
8469669 8472421
8472422 8476383
8476384 8480595
8480596 8488895
8488896 8493233
8493234 8506913
8506914 8515172
8515173 8517883
8517884 8527267
8527268 8530687
8530688 8536193
8536194 8538653
8538654 8543617
8543618 8545410
8545411 8546995
8546996 8552667
8552668 8558048
8558049 8568225
8568226 8573772
8573773 8582405
8582406 8584950
8584951 8586368
8586369 8595710
8595711 8603844
8603845 8606721
8606722 8609975
8609976 8611601
8611602 8614145
8614146 8618608
8618609 8620235
8620236 8621695
8621696 8627075
8627076 8629369
8629370 8631580
8631581 8635041
8635042 8640380
8640381 8644134
8644135 8646344
8646345 8650807
8650808 8654477
8654478 8659107
8659108 8662152
8662153 8665947
8665948 9133482
