12760 22839
22840 32639
32640 37359
37360 45959
45960 52039
52040 60919
60920 64239
64240 73319
73320 75799
75800 79679
79680 81639
81640 87879
87880 139399
139400 157439
157440 164239
164240 172199
172200 175439
175440 179479
179480 190999
191000 195799
195800 199799
199800 203799
203800 248639
248640 253399
253400 256479
256480 257799
257800 268079
268080 271559
271560 278279
278280 294239
294240 298879
298880 310279
310280 312759
312760 373199
373200 378839
378840 394879
394880 404079
404080 409999
410000 422879
422880 426199
426200 433399
433400 437199
437200 448839
448840 451399
451400 466119
466120 469199
469200 475559
475560 492759
492760 497319
497320 499359
499360 515199
515200 538959
538960 544159
544160 581839
581840 590599
590600 620079
620080 634279
634280 644519
644520 649719
649720 654519
654520 663999
664000 673159
673160 675839
675840 683759
683760 686799
686800 699799
699800 700479
700480 701759
701760 702639
702640 705199
705200 719599
719600 724799
724800 730799
730800 737079
737080 776879
776880 790319
790320 849239
849240 860199
860200 864759
864760 879679
879680 916119
916120 924879
924880 963919
963920 981959
981960 999959
999960 1011639
1011640 1062639
1062640 1066199
1066200 1072639
1072640 1171079
1171080 1193799
1193800 1218999
1219000 1235199
1235200 1236399
1236400 1250879
1250880 1266559
1266560 1285119
1285120 1290399
1290400 1292039
1292040 1299599
1299600 1303559
1303560 1307239
1307240 1324839
1324840 1351399
1351400 1358879
1358880 1366799
1366800 1372959
1372960 1387559
1387560 1389839
1389840 1391119
1391120 1392159
1392160 1393359
1393360 1410319
1410320 1412879
1412880 1417399
1417400 1430639
1430640 1460359
1460360 1486079
1486080 1495599
1495600 1502319
1502320 1510239
1510240 1519359
1519360 1561959
1561960 1565719
1565720 1584599
1584600 1586799
1586800 1596839
1596840 1603559
1603560 1635319
1635320 1646319
1646320 1701679
1701680 1734479
1734480 1736319
1736320 1738439
1738440 1739879
1739880 1741159
1741160 1746759
1746760 1758959
1758960 1762639
1762640 1767159
1767160 1774479
1774480 1779999
1780000 1795359
1795360 1829399
1829400 1852079
1852080 1862159
1862160 1885199
1885200 1901839
1901840 1915679
1915680 1928999
1929000 1937999
1938000 1941039
1941040 1956239
1956240 1971319
1971320 1975199
1975200 1981439
1981440 2085839
2085840 2099119
2099120 2116919
2116920 2129679
2129680 2169959
2169960 2206599
2206600 2217799
2217800 2243959
2243960 2247559
2247560 2253559
2253560 2257599
2257600 2262999
2263000 2266599
2266600 2271599
2271600 2286639
2286640 2289879
2289880 2298679
2298680 2311479
2311480 2318519
2318520 2324199
2324200 2329239
2329240 2333479
2333480 2334879
2334880 2336399
2336400 2341799
2341800 2375879
2375880 2392119
2392120 2399319
2399320 2404999
2405000 2427599
2427600 2437519
2437520 2458359
2458360 2539639
2539640 2571279
2571280 2583079
2583080 2591799
2591800 2625599
2625600 2679719
2679720 2710879
2710880 2714639
2714640 2758679
2758680 2770159
2770160 2813839
2813840 2827679
2827680 2832799
2832800 2834719
2834720 2838719
2838720 2841559
2841560 2894199
2894200 2899039
2899040 2930959
2930960 2939519
2939520 2946119
2946120 2948559
2948560 2950599
2950600 2959679
2959680 2961679
2961680 2968279
2968280 2986079
2986080 2991159
2991160 2997079
2997080 3000279
3000280 3004159
3004160 3007759
3007760 3010319
3010320 3019199
3019200 3065239
3065240 3075079
3075080 3087279
3087280 3092759
3092760 3099679
3099680 3104119
3104120 3106079
3106080 3134399
3134400 3143839
3143840 3191359
3191360 3193839
3193840 3197079
3197080 3253239
3253240 3257919
3257920 3261199
3261200 3266239
3266240 3277439
3277440 3282159
3282160 3290279
3290280 3292239
3292240 3299199
3299200 3310239
3310240 3315599
3315600 3370159
3370160 3401959
3401960 3439599
3439600 3448479
3448480 3451279
3451280 3456999
3457000 3460759
3460760 3469799
3469800 3481479
3481480 3493079
3493080 3502119
3502120 3542879
3542880 3609639
3609640 3627279
3627280 3646919
3646920 3648479
3648480 3652119
3652120 3653559
3653560 3656479
3656480 3661119
3661120 3663119
3663120 3664359
3664360 3673639
3673640 3676759
3676760 3678519
3678520 3681599
3681600 3686319
3686320 3700559
3700560 3706199
3706200 3711759
3711760 3717839
3717840 3733959
3733960 3740319
3740320 3748199
3748200 3800159
3800160 3807079
3807080 3857399
3857400 3883159
3883160 3915439
3915440 3928119
3928120 3933479
3933480 3934839
3934840 3936639
3936640 3940999
3941000 3943879
3943880 3945239
3945240 3952359
3952360 3957559
3957560 3960799
3960800 3967519
3967520 3986239
3986240 3997039
3997040 4007799
4007800 4016439
4016440 4023199
4023200 4029439
4029440 4044999
4045000 4047679
4047680 4061799
4061800 4065599
4065600 4078279
4078280 4096679
4096680 4103199
4103200 4121359
4121360 4134319
4134320 4168439
4168440 4170799
4170800 4182999
4183000 4198159
4198160 4212439
4212440 4214439
4214440 4216639
4216640 4219879
4219880 4222159
4222160 4226359
4226360 4231159
4231160 4235199
4235200 4238759
4238760 4244319
4244320 4247879
4247880 4249359
4249360 4250959
4250960 4252639
4252640 4257319
4257320 4280199
4280200 4285119
4285120 4289639
4289640 4291279
4291280 4292519
4292520 4294839
4294840 4300359
4300360 4310759
4310760 4317879
4317880 4321879
4321880 4335639
4335640 4337999
4338000 4349199
4349200 4358359
4358360 4363119
4363120 4391479
4391480 4395239
4395240 4403439
4403440 4409799
4409800 4412079
4412080 4420039
4420040 4423679
4423680 4426399
4426400 4446519
4446520 4514479
4514480 4519799
4519800 4541839
4541840 4547599
4547600 4551599
4551600 4555759
4555760 4558439
4558440 4561359
4561360 4573919
4573920 4644599
4644600 4666439
4666440 4680359
4680360 4688759
4688760 4693279
4693280 4696519
4696520 4700239
4700240 4709279
4709280 4720319
4720320 4732159
4732160 4738479
4738480 4746679
4746680 4809759
4809760 4814199
4814200 4821159
4821160 4830959
4830960 4837039
4837040 4842559
4842560 4844519
4844520 4846399
4846400 4859799
4859800 4880839
4880840 4890239
4890240 4898199
4898200 4902719
4902720 4906519
4906520 4916839
4916840 4923279
4923280 4927759
4927760 4933359
4933360 4959079
4959080 4985239
4985240 4995359
4995360 5000959
5000960 5020799
5020800 5034079
5034080 5054519
5054520 5058999
5059000 5068479
5068480 5076679
5076680 5083439
5083440 5087599
5087600 5093079
5093080 5096919
5096920 5099279
5099280 5105279
5105280 5120319
5120320 5175159
5175160 5204639
5204640 5214679
5214680 5225599
5225600 5231919
5231920 5242839
5242840 5249199
5249200 5257199
5257200 5261999
5262000 5269239
5269240 5274039
5274040 5280439
5280440 5320919
5320920 5325679
5325680 5341199
5341200 5355959
5355960 5368519
5368520 5378279
5378280 5402399
5402400 5405679
5405680 5409719
5409720 5416479
5416480 5428679
5428680 5436759
5436760 5442639
5442640 5453999
5454000 5457079
5457080 5461719
5461720 5467519
5467520 5471719
5471720 5480199
5480200 5483519
5483520 5488879
5488880 5492719
5492720 5497679
5497680 5504519
5504520 5508999
5509000 5512679
5512680 5517799
5517800 5549639
5549640 5557439
5557440 5562359
5562360 5566719
5566720 5573959
5573960 5603559
5603560 5616959
5616960 5629799
5629800 5651479
5651480 5668799
5668800 5678199
5678200 5680079
5680080 5682999
5683000 5703159
5703160 5714919
5714920 5730359
5730360 5733839
5733840 5748759
5748760 5757359
5757360 5761239
5761240 5822559
5822560 5831679
5831680 5846519
5846520 5887159
5887160 5900519
5900520 5954439
5954440 5977679
