50541 62665
62666 70457
70458 76082
76083 82499
82500 89957
89958 99249
99250 107207
107208 112165
112166 116790
116791 120415
120416 124207
124208 126832
126833 128373
128374 137707
137708 142207
142208 146540
146541 150290
150291 153790
153791 159040
159041 161540
161541 163040
163041 169332
169333 171290
171291 173582
173583 182582
182583 295165
295166 301082
301083 327832
327833 341082
341083 345832
345833 349874
349875 369582
369583 382249
382250 390082
390083 417999
418000 428332
428333 431457
431458 437165
437166 452457
452458 455374
455375 464165
464166 470665
470666 476207
476208 478832
478833 481999
482000 488540
488541 491207
491208 495957
495958 500082
500083 502290
502291 511624
511625 517957
517958 523832
523833 526374
526375 538707
538708 544957
544958 565665
565666 568332
568333 575832
575833 580999
581000 586665
586666 599915
599916 605624
605625 612999
613000 615124
615125 619749
619750 625124
625125 627499
627500 629832
629833 636624
636625 659707
659708 666540
666541 675957
675958 692540
692541 707457
707458 715540
715541 719374
719375 724165
724166 738332
738333 743332
743333 747249
747250 755707
755708 759582
759583 769082
769083 776124
776125 780082
780083 790624
790625 793624
793625 802374
802375 805290
805291 809832
809833 813124
813125 815957
815958 831332
831333 840040
840041 847207
847208 850915
850916 853957
853958 856332
856333 863249
863250 865415
865416 869374
869375 877874
877875 886999
887000 888582
888583 892749
892750 896832
896833 901749
901750 905249
905250 909290
909291 919124
919125 926957
926958 929540
929541 945665
945666 948457
948458 953415
953416 956957
956958 960249
960250 979082
979083 986457
986458 995707
995708 1005332
1005333 1010165
1010166 1017415
1017416 1027457
1027458 1041082
1041083 1050999
1051000 1054874
1054875 1056957
1056958 1058832
1058833 1061915
1061916 1068957
1068958 1076082
1076083 1083999
1084000 1087499
1087500 1092082
1092083 1099874
1099875 1106915
1106916 1291499
1291500 1305749
1305750 1322165
1322166 1329374
1329375 1338999
1339000 1341374
1341375 1345874
1345875 1350165
1350166 1355499
1355500 1361957
1361958 1372582
1372583 1378457
1378458 1387915
1387916 1394290
1394291 1405790
1405791 1410707
1410708 1422415
1422416 1426082
1426083 1429415
1429416 1439290
1439291 1444707
1444708 1456374
1456375 1489332
1489333 1493665
1493666 1499124
1499125 1500290
1500291 1506624
1506625 1511874
1511875 1515540
1515541 1559707
1559708 1569040
1569041 1585290
1585291 1596332
1596333 1611040
1611041 1614832
1614833 1667124
1667125 1671249
1671250 1678540
1678541 1682082
1682083 1688582
1688583 1691374
1691375 1695790
1695791 1699249
1699250 1702874
1702875 1707665
1707666 1710957
1710958 1720832
1720833 1725207
1725208 1730207
1730208 1734999
1735000 1739374
1739375 1744457
1744458 1748332
1748333 1751332
1751333 1756457
1756458 1760332
1760333 1769082
1769083 1784665
1784666 1790582
1790583 1794540
1794541 1798457
1798458 1805124
1805125 1807249
1807250 1808707
1808708 1813874
1813875 1825332
1825333 1832040
1832041 1849040
1849041 1851165
1851166 1854999
1855000 1867832
1867833 1877082
1877083 1882749
1882750 1887207
1887208 1892499
1892500 1901832
1901833 1903707
1903708 1905207
1905208 1906290
1906291 1907249
1907250 1909790
1909791 1915790
1915791 1920124
1920125 1924874
1924875 1964415
1964416 1990957
1990958 1994665
1994666 1997707
1997708 2003790
2003791 2015957
2015958 2028290
2028291 2034582
2034583 2038332
2038333 2042249
2042250 2066790
2066791 2068915
2068916 2071665
2071666 2072957
2072958 2079415
2079416 2083748
2083749 2100749
2100750 2112749
2112750 2118707
2118708 2122707
2122708 2130374
2130375 2135582
2135583 2136957
2136958 2145457
2145458 2163082
2163083 2172999
2173000 2179165
2179166 2184915
2184916 2186249
2186250 2197540
2197541 2209332
2209333 2212124
2212125 2219999
2220000 2231624
2231625 2257665
2257666 2266082
2266083 2270374
2270375 2300207
2300208 2308915
2308916 2322165
2322166 2328040
2328041 2335040
2335041 2342207
2342208 2351874
2351875 2362707
2362708 2379457
2379458 2417124
2417125 2428999
2429000 2432290
2432291 2439915
2439916 2446374
2446375 2449499
2449500 2452415
2452416 2454957
2454958 2469290
2469291 2487415
2487416 2503707
2503708 2508790
2508791 2535249
2535250 2544040
2544041 2547540
2547541 2560124
2560125 2571540
2571541 2576374
2576375 2578415
2578416 2582290
2582291 2586874
2586875 2590415
2590416 2599582
2599583 2602957
2602958 2608124
2608125 2616915
2616916 2625249
2625250 2629582
2629583 2633415
2633416 2642082
2642083 2650582
2650583 2658165
2658166 2668582
2668583 2686457
2686458 2713332
2713333 2728874
2728875 2740332
2740333 2758665
2758666 2774374
2774375 2828999
2829000 2846040
2846041 2852124
2852125 2870957
2870958 2873665
2873666 2909082
2909083 2912582
2912583 2915332
2915333 2917207
2917208 2919332
2919333 2923332
2923333 2925957
2925958 2931790
2931791 2939707
2939708 2941915
2941916 2947040
2947041 2957249
2957250 2967707
2967708 2972540
2972541 2986249
2986250 2990249
2990250 2996832
2996833 3007374
3007375 3017082
3017083 3022332
3022333 3026082
3026083 3031290
3031291 3045915
3045916 3053749
3053750 3056540
3056541 3064749
3064750 3067540
3067541 3073082
3073083 3074874
3074875 3077207
3077208 3081790
3081791 3083999
3084000 3085207
3085208 3086374
3086375 3087915
3087916 3089040
3089041 3090707
3090708 3098374
3098375 3107290
3107291 3110290
3110291 3112124
3112125 3116249
3116250 3117124
3117125 3119207
3119208 3122207
3122208 3125040
3125041 3152665
3152666 3162832
3162833 3165707
3165708 3172457
3172458 3175290
3175291 3180957
3180958 3192249
3192250 3199040
3199041 3210332
3210333 3215165
3215166 3219957
3219958 3229082
3229083 3231457
3231458 3235540
3235541 3237540
3237541 3246457
3246458 3265082
3265083 3272874
3272875 3277624
3277625 3281499
3281500 3286957
3286958 3293415
3293416 3306790
3306791 3311915
3311916 3319457
3319458 3321374
3321375 3334040
3334041 3336999
3337000 3362457
3362458 3376540
3376541 3383540
3383541 3389624
3389625 3395874
3395875 3400040
3400041 3404999
3405000 3409915
3409916 3415832
3415833 3422332
3422333 3430999
3431000 3444665
3444666 3464040
3464041 3473499
3473500 3499832
3499833 3505665
3505666 3515124
3515125 3520832
3520833 3522957
3522958 3525790
3525791 3530999
3531000 3537207
3537208 3541957
3541958 3543665
3543666 3546374
3546375 3548040
3548041 3549374
3549375 3551290
3551291 3562540
3562541 3586749
3586750 3613374
3613375 3621707
3621708 3628749
3628750 3637707
3637708 3641707
3641708 3647040
3647041 3651499
3651500 3654749
3654750 3657540
3657541 3664165
3664166 3675582
3675583 3679499
3679500 3681540
3681541 3683457
3683458 3689957
3689958 3707124
3707125 3711249
3711250 3715332
3715333 3718790
3718791 3729707
3729708 3742290
3742291 3743415
3743416 3746624
3746625 3763624
3763625 3777332
3777333 3783707
3783708 3789874
3789875 3792790
3792791 3794915
3794916 3798207
3798208 3802582
3802583 3805707
3805708 3806957
3806958 3808207
3808208 3818082
3818083 3819707
3819708 3820290
3820291 3823415
3823416 3824832
3824833 3830749
3830750 3834749
3834750 3838957
3838958 3840790
3840791 3848957
3848958 3867915
3867916 3883290
3883291 3896790
3896791 3904999
3905000 3919165
3919166 3926957
3926958 3931332
3931333 3934582
3934583 3942915
3942916 3952374
3952375 3961790
3961791 3980665
3980666 3983499
3983500 3997874
3997875 4000082
4000083 4009332
4009333 4014332
4014333 4027707
4027708 4038249
4038250 4041874
4041875 4053082
4053083 4056540
4056541 4059374
4059375 4063707
4063708 4085915
4085916 4088749
4088750 4101665
4101666 4105540
4105541 4108165
4108166 4110123
4110124 4112582
4112583 4116457
4116458 4131540
4131541 4147790
4147791 4155040
4155041 4184332
4184333 4193623
4193624 4209707
4209708 4218332
4218333 4220707
4220708 4227999
4228000 4236374
4236375 4244540
4244541 4250832
4250833 4251790
4251791 4253957
4253958 4257290
4257291 4262832
4262833 4264499
4264500 4268040
4268041 4269999
4270000 4271290
4271291 4274707
4274708 4277415
4277416 4282540
4282541 4285915
4285916 4290665
4290666 4294415
4294416 4296457
4296458 4299165
4299166 4301957
4301958 4316999
4317000 4350082
4350083 4366249
4366250 4378749
4378750 4386124
4386125 4406249
4406250 4414957
4414958 4420290
4420291 4425082
4425083 4435749
4435750 4450540
4450541 4456457
4456458 4460374
4460375 4467374
4467375 4472415
4472416 4483207
4483208 4487790
4487791 4489957
4489958 4492290
4492291 4498999
4499000 4503415
4503416 4512082
4512083 4517749
4517750 4535540
4535541 4540582
4540583 4556374
4556375 4560290
4560291 4570374
4570375 4574582
4574583 4584207
4584208 4594540
4594541 4597874
4597875 4626499
4626500 4636040
4636041 4645165
4645166 4648290
4648291 4650582
4650583 4652415
4652416 4655249
4655250 4657374
4657375 4662499
4662500 4668957
4668958 4674249
4674250 4676832
4676833 4678790
4678791 4681915
4681916 4687457
4687458 4688957
4688958 4692540
4692541 4700582
4700583 4706332
4706333 4712624
4712625 4717582
4717583 4720832
4720833 4724999
4725000 4729540
4729541 4735665
4735666 4742249
4742250 4744332
4744333 4759332
4759333 4761790
4761791 4769415
4769416 4777082
4777083 4784165
4784166 4790290
4790291 4793957
4793958 4797665
4797666 4800665
4800666 4807499
4807500 4812415
4812416 4817124
4817125 4821332
4821333 4826290
4826291 4831082
4831083 4833957
4833958 4840624
4840625 4884665
4884666 4902249
4902250 4908874
4908875 4911665
4911666 4914707
4914708 4919790
4919791 4925207
4925208 4942832
4942833 4962165
4962166 4966999
4967000 4976374
4976375 4999832
4999833 5009082
5009083 5032457
5032458 5044165
5044166 5054832
5054833 5074874
5074875 5080915
5080916 5090332
5090333 5114374
5114375 5117082
5117083 5120540
5120541 5130582
5130583 5133707
5133708 5150415
5150416 5155665
5155666 5159457
5159458 5164082
5164083 5168165
5168166 5169874
5169875 5180457
5180458 5189957
5189958 5192374
5192375 5204790
5204791 5208957
5208958 5215915
5215916 5218207
5218208 5223165
5223166 5227832
5227833 5233832
5233833 5236249
5236250 5245999
5246000 5256207
5256208 5260624
5260625 5262332
5262333 5265374
5265375 5266957
5266958 5268749
5268750 5270374
5270375 5282124
5282125 5284332
5284333 5287665
5287666 5290832
5290833 5298332
5298333 5309374
5309375 5311790
5311791 5320915
5320916 5329207
5329208 5333582
5333583 5340040
5340041 5345165
5345166 5349832
5349833 5361540
5361541 5364749
5364750 5373249
5373250 5383207
5383208 5392290
5392291 5397415
5397416 5404124
5404125 5439124
5439125 5470082
5470083 5482540
5482541 5489707
5489708 5497332
5497333 5511124
5511125 5522249
5522250 5545624
5545625 5558165
5558166 5573832
5573833 5577957
5577958 5581415
5581416 5584332
5584333 5591374
5591375 5596624
5596625 5600290
5600291 5604249
5604250 5615999
5616000 5624332
5624333 5643957
5643958 5655749
5655750 5672415
5672416 5684040
5684041 5692374
5692375 5696790
5696791 5700415
5700416 5704957
5704958 5709582
5709583 5715582
5715583 5723374
5723375 5733124
5733125 5746457
5746458 5812082
