30	31
32	33
126	127
186	188
212	214
249	252
253	254
284	287
324	326
351	352
371	373
387	388
415	416
493	494
531	532
801	802
929	930
1088	1089
1220	1221
1387	1388
1433	1434
1498	1500
1558	1559
1785	1786
1888	1889
2186	2187
2315	2316
2339	2340
2479	2480
2529	2530
2612	2613
2737	2738
2781	2782
2881	2882
2932	2933
2946	2947
3020	3021
3086	3087
3131	3132
3165	3166
3200	3201
3260	3261
3327	3328
3416	3417
3418	3419
3460	3461
3521	3522
3598	3599
3652	3653
3782	3783
3846	3847
4005	4007
4123	4124
4207	4208
4312	4313
4432	4433
4549	4550
4620	4621
4756	4757
4814	4815
4918	4919
5019	5020
5236	5237
5281	5284
5342	5344
5357	5358
5418	5419
5506	5507
5548	5549
5612	5613
5674	5675
5760	5761
5804	5805
5880	5881
5958	5959
5998	5999
6024	6025
6094	6095
6175	6176
6421	6422
6488	6489
6546	6547
6603	6604
6651	6652
6702	6703
6739	6740
6837	6838
7055	7056
7134	7135
7203	7204
7296	7297
7354	7355
7405	7406
7519	7520
7606	7607
7673	7674
7821	7822
7880	7881
7954	7955
8007	8008
8048	8049
8050	8051
8183	8184
8226	8227
8312	8313
8368	8369
8430	8431
8518	8519
8584	8585
8742	8743
8827	8828
8920	8921
8963	8964
9059	9060
9130	9131
9241	9242
9303	9304
9388	9389
9530	9531
9626	9627
9719	9720
9790	9791
9834	9835
9983	9984
10024	10025
10077	10078
10184	10185
10319	10320
10372	10373
10498	10499
10589	10590
10653	10654
10719	10720
10751	10752
11013	11014
11114	11115
11469	11471
11619	11620
11803	11804
11967	11968
12002	12003
12058	12059
12150	12151
12180	12181
12277	12278
12376	12377
12457	12458
12654	12655
12755	12756
12889	12890
12925	12926
13038	13039
13148	13149
13250	13251
13317	13318
13434	13435
13679	13680
13824	13825
13998	13999
