24	25
120	121
140	141
738	741
887	888
964	965
1038	1039
1115	1116
1254	1255
1332	1333
1434	1435
1615	1616
1669	1670
1724	1725
1751	1752
1848	1849
1895	1896
1968	1969
2067	2068
2691	2692
2737	2738
3188	3189
3319	3320
3476	3477
3570	3571
3657	3658
3725	3726
3816	3817
3888	3889
3959	3960
4071	4072
4174	4175
4444	4445
4782	4783
4957	4958
5022	5023
5107	5108
5239	5240
5445	5446
5641	5642
5898	5899
5976	5977
6233	6234
6608	6609
6724	6725
6854	6855
7106	7107
7634	7635
8013	8014
8087	8088
8137	8138
8197	8198
8246	8247
8336	8337
8396	8397
8671	8672
8915	8916
9049	9050
9172	9173
9229	9230
9309	9310
9420	9421
9480	9481
9513	9514
9581	9582
9667	9668
9708	9709
9754	9755
9876	9877
9938	9939
10033	10034
10174	10175
10231	10232
10283	10284
10420	10421
10610	10611
10673	10674
10824	10825
11032	11033
11201	11202
12715	12716
12956	12957
12974	12975
13136	13137
13292	13293
13312	13313
13454	13455
13743	13744
