94	96
130	131
311	312
350	351
626	627
827	828
849	850
946	947
951	952
1051	1052
1226	1227
1273	1274
1309	1310
1317	1318
1377	1378
1384	1385
1529	1530
1737	1738
1907	1908
2034	2035
2217	2218
2225	2226
2310	2311
2319	2320
2432	2433
2442	2443
2468	2469
2618	2619
2623	2624
2671	2672
2680	2681
2709	2710
2771	2772
2817	2818
2833	2834
2876	2877
2890	2891
3016	3017
3110	3111
3413	3414
3487	3488
3495	3496
3629	3630
3641	3642
3740	3741
3758	3759
3915	3916
3978	3979
3984	3985
4014	4015
4019	4020
4045	4046
4055	4056
4126	4127
4272	4273
4274	4275
4414	4415
4448	4449
4452	4453
4606	4607
4623	4624
4656	4657
4662	4663
4703	4704
4913	4914
4916	4917
4933	4934
4955	4956
5048	5049
5052	5053
5086	5087
5163	5164
5172	5173
5285	5286
5303	5304
5391	5392
5517	5518
5523	5524
5529	5530
5572	5573
5638	5639
5774	5775
5829	5830
6053	6054
6059	6060
6313	6314
6429	6430
6452	6453
6644	6645
6648	6649
6701	6702
6715	6716
6937	6938
6944	6945
7056	7057
7144	7145
7253	7254
7260	7261
7269	7270
7274	7275
7376	7377
7383	7384
7470	7471
7482	7483
7720	7721
8057	8058
8061	8062
8203	8204
8279	8280
8339	8340
8522	8523
8625	8626
8656	8657
8739	8740
8790	8791
8864	8865
8870	8871
8889	8890
9012	9013
9183	9184
9209	9210
9344	9345
9412	9413
9471	9472
9477	9478
9532	9533
9666	9667
9744	9745
9757	9758
9927	9928
9969	9970
10019	10020
10170	10171
10193	10194
10227	10228
10231	10232
10263	10264
10313	10314
10394	10395
10405	10406
10570	10571
10576	10577
10620	10621
10624	10625
10780	10781
10811	10812
10880	10881
10887	10888
10968	10969
10977	10978
11003	11004
11067	11068
11111	11112
11355	11356
11483	11484
11536	11537
11567	11568
11624	11625
11660	11661
11697	11698
11710	11711
11752	11753
11798	11799
11963	11964
11978	11979
11984	11985
12052	12053
12107	12108
12111	12112
12184	12185
12380	12381
12636	12637
12641	12642
12703	12704
12714	12715
12752	12753
12846	12847
12874	12875
12948	12949
12976	12977
13005	13006
13098	13099
13161	13162
13178	13179
13205	13206
13256	13257
13311	13312
13533	13534
13575	13576
13722	13723
13744	13745
13896	13897
14064	14065
14073	14074
14169	14170
14183	14184
14250	14251
14296	14297
14302	14303
14560	14561
14763	14764
14882	14883
14897	14898
14989	14990
15061	15062
15110	15111
15119	15120
15246	15247
15407	15408
15410	15411
15526	15527
15605	15606
15625	15626
15676	15677
15719	15720
15973	15974
16036	16037
16167	16168
16180	16181
16301	16302
16458	16459
16557	16558
16585	16586
16591	16592
16690	16691
16698	16699
16757	16758
16818	16819
16879	16880
17049	17050
17281	17282
17445	17446
17515	17516
17527	17528
17578	17579
17686	17687
17762	17763
17814	17815
17842	17843
17960	17961
17965	17966
18023	18024
18068	18069
18116	18118
18215	18217
