14	15
405	409
642	643
1357	1359
1543	1545
1695	1696
1905	1908
2026	2028
2250	2252
2295	2297
2337	2338
2395	2400
3346	3348
3429	3430
3518	3520
3642	3644
3740	3741
3815	3817
4015	4017
4095	4096
4168	4170
4252	4254
4409	4411
4592	4594
5613	5615
6109	6111
6328	6330
6468	6470
6578	6580
6695	6697
6792	6794
6877	6878
6992	6994
7073	7074
7107	7109
7169	7170
7246	7249
7302	7304
7383	7384
7709	7711
7906	7908
8168	8170
8391	8392
8498	8499
8741	8743
9140	9141
9649	9650
9652	9653
9794	9796
9911	9912
10026	10028
10142	10144
11159	11164
11311	11312
11390	11391
11395	11396
11480	11481
11565	11567
11585	11586
11761	11762
