395	397
569	570
835	836
1160	1161
1327	1328
1406	1407
1447	1448
1514	1515
1571	1572
1701	1702
1790	1791
2122	2123
2187	2188
2258	2259
2374	2375
2435	2436
2506	2507
2589	2590
2909	2910
2992	2993
3380	3381
3677	3678
4287	4288
4419	4420
4528	4529
4659	4660
4791	4792
4959	4960
5264	5265
5408	5409
5617	5618
5629	5630
5635	5636
5720	5721
5953	5954
6064	6065
6150	6151
6202	6203
6717	6718
6883	6884
7007	7008
7146	7147
7402	7403
7669	7670
8171	8172
8262	8263
8414	8415
8504	8505
8571	8572
8660	8661
8743	8744
8872	8873
8967	8968
9293	9294
9481	9482
9554	9555
9708	9709
9803	9804
9949	9950
10060	10061
10376	10377
10584	10585
10716	10717
10802	10803
10917	10918
11152	11153
11317	11318
11446	11447
11753	11754
12399	12400
12508	12509
12570	12571
12755	12756
12926	12927
12991	12992
13171	13172
13173	13174
13405	13406
13479	13480
13520	13521
13722	13723
13885	13886
13979	13980
14095	14096
14175	14176
14363	14364
14702	14703
14949	14950
15175	15176
15419	15420
15529	15530
15672	15673
15750	15751
15833	15834
16066	16067
16161	16162
16288	16289
16409	16410
16558	16559
16603	16604
16784	16785
16855	16856
16932	16933
17142	17143
17260	17261
17357	17358
17455	17456
17541	17542
17600	17601
17741	17742
17804	17805
17895	17896
17976	17977
18119	18120
18282	18283
18380	18381
18433	18434
18466	18467
19009	19010
19086	19087
19668	19669
20128	20129
20603	20605
20659	20660
20913	20914
20983	20984
21059	21060
