22	23
665	666
676	677
818	819
943	944
1082	1083
1215	1216
1305	1306
1425	1426
1547	1548
1645	1646
1682	1683
1777	1778
2618	2619
3613	3614
3704	3705
3862	3863
3958	3959
4041	4042
4325	4326
4580	4581
4749	4750
5357	5358
5826	5827
9185	9186
9601	9602
9751	9752
9901	9902
10051	10053
10428	10429
10624	10625
10630	10631
10870	10871
11020	11021
11720	11721
18722	18723
18920	18921
19078	19079
19531	19532
19628	19629
19778	19779
19928	19929
20078	20079
20228	20229
21732	21733
22656	22657
22950	22951
23167	23168
23862	23863
26745	26746
26968	26969
27549	27550
28597	28598
28748	28749
30092	30093
30452	30453
30718	30719
31513	31514
32254	32255
33992	33993
34612	34613
36255	36256
37982	37983
38172	38173
38322	38323
38562	38563
38712	38713
38862	38863
39012	39013
39134	39135
40165	40167
40463	40466
43253	43254
44590	44591
44736	44737
44946	44947
48753	48754
48875	48877
49922	49923
50072	50073
50522	50523
50972	50973
51107	51108
