963	966
1049	1050
1079	1080
1223	1224
1261	1262
1304	1305
1360	1361
1426	1427
1579	1580
1741	1743
1772	1775
1904	1905
1995	1998
2040	2041
2174	2176
2285	2286
2430	2432
2447	2449
2523	2524
2561	2564
2586	2587
2871	2877
3176	3178
3445	3446
3585	3586
3729	3730
3857	3858
3948	3949
4095	4096
4223	4224
4312	4313
4494	4495
4692	4695
4722	4724
4748	4749
4839	4840
4967	4968
5048	5049
5187	5188
5248	5249
5331	5332
5516	5517
5533	5535
5603	5604
5694	5695
5867	5868
5924	5925
5985	5986
6148	6150
6151	6154
6221	6224
6252	6254
6496	6497
6543	6545
6725	6726
6939	6941
7075	7076
7185	7186
7294	7295
7403	7404
7583	7584
7694	7695
7803	7804
7900	7901
7948	7949
8018	8019
8094	8095
8313	8314
8530	8531
8677	8678
8750	8751
9465	9466
