16	18
65	66
115	116
195	196
732	735
736	738
888	889
1103	1104
1183	1184
1271	1272
1337	1338
1445	1446
1490	1491
1551	1552
1641	1642
1766	1767
1837	1838
1909	1910
1982	1983
2057	2058
2145	2146
2344	2345
2444	2445
2522	2524
2643	2644
2879	2880
2949	2950
3007	3008
3199	3200
3377	3378
3558	3561
3629	3630
3776	3777
3907	3908
4018	4019
4067	4068
4210	4211
4324	4325
4442	4443
4511	4512
4639	4640
4792	4793
4888	4889
4912	4913
5085	5086
5169	5170
5240	5243
5349	5351
5439	5440
5504	5505
5605	5606
5681	5682
5812	5814
5977	5978
6067	6068
6107	6108
6353	6354
6412	6413
6454	6456
6502	6503
6530	6532
6585	6587
6689	6691
