1024 1295
1936 1943
1968 2135
2156 2251
2688 2811
3292 3359
3404 3475
3524 3567
3704 3711
3712 3723
3732 3763
3848 3859
3888 3943
4228 4235
4400 4451
4468 4519
4704 4879
5728 5827
6680 6687
6688 6779
6860 6951
7216 7259
7728 7811
8196 8275
8780 8799
8996 9019
9124 9223
9432 9491
9540 9547
9588 9683
10084 10111
10112 10147
10700 10711
10712 10719
10732 10771
10984 10999
11784 11827
11884 11939
12216 12227
12920 12947
12968 13015
13076 13135
13240 13247
13432 13459
13600 13643
13696 13703
13804 13855
14040 14063
14124 14135
14136 14171
14172 14183
14224 14259
14284 14299
14300 14331
14336 14467
14544 14591
14656 14695
14828 14843
15208 15219
15392 15419
15600 15639
15860 15867
16180 16231
16232 16243
16324 16363
16512 16523
16720 16727
19140 19375
21228 21239
25976 26019
30204 30259
30852 30859
31884 31899
32400 32439
45376 45515
46344 46383
46392 46399
46652 46747
48016 48123
48604 48615
48624 48667
50784 50811
51388 51423
52372 52407
52408 52419
52464 52495
52500 52519
52648 52659
52728 52783
52868 52947
53372 53483
53528 53555
53800 53847
53976 54011
54056 54087
54420 54475
54524 54599
54928 54943
55020 55039
55060 55067
55068 55079
55088 55103
55592 55623
55628 55639
55640 55759
56012 56027
56036 56075
56348 56359
56372 56391
56484 56651
56668 56675
56680 56723
56732 56807
57016 57059
57204 57435
57480 57491
57560 57599
57600 57635
57684 57691
58040 58063
58164 58195
58196 58335
58444 58515
58556 58563
58568 58667
58912 59227
59236 59247
59288 59351
59364 59375
59444 59451
59596 59667
59688 59699
59840 59847
59864 60075
60084 60227
60480 60539
60724 60751
60792 60815
60932 60939
60948 60967
61000 61027
61028 61035
61084 61107
61276 61303
61316 61355
61364 61379
61380 61391
61392 61411
61412 61455
61484 61495
61496 61551
61900 61951
61952 62027
62028 62035
62160 62171
62188 62203
62552 62631
62632 62695
62992 63027
63096 63159
63160 63171
63204 63267
63372 63439
63576 63583
63872 63975
63976 64027
64076 64127
64172 64219
64284 64339
64388 64399
64432 64451
64460 64475
64580 64591
64784 64791
64828 64847
64916 64943
65144 65191
65216 65267
65296 65303
65344 65367
65420 65427
65428 65451
65600 65623
65632 65683
65768 65775
66024 66051
66056 66143
66356 66431
66908 66951
66968 66975