1836 1899
2008 2039
2528 2539
2792 2827
3084 3127
3284 3379
4688 4751
4944 4967
5024 5043
5044 5091
5312 5319
5560 5627
6668 6675
7720 7783
9056 9071
9172 9183
9184 9223
9896 9963
10024 10087
10200 10235
11016 11023
11028 11111
11144 11171
11724 11731
11748 11779
11884 11911
11920 11927
11992 12023
12028 12055
12384 12403
12448 12491
12780 12799
12868 12891
12956 12971
12976 13003
13020 13035
13064 13087
13088 13139
13192 13199
13216 13287
13772 13779
13780 13787
13788 13955
14304 14359
14440 14479
14492 14499
14568 14575
14592 14599
14612 14643
14776 14795
14896 14903
15140 15151
15160 15199
15708 15719
15720 15779
15832 15859
15940 15971
16072 16103
16172 16195
16428 16435
16472 16487
16524 16531
16644 16663
16800 16843
17064 17071
17076 17115
17436 17463
17816 17859
17888 17923
18008 18015
18060 18091
18176 18191
18588 18635
19020 19083
19308 19315
19564 19603
20000 20019
20156 20211
20508 20535
20840 20859
20924 21039
21252 21275
22524 22531
22600 22611
23440 23483
24132 24167
24236 24263
24264 24299
24308 24315
24320 24327
24388 24431
24444 24459
24544 24603
25244 25319
25608 25643
25644 25747
26420 26439
26504 26675
26684 26735
26748 26759
26876 27087
27872 27991
28064 28155
29608 29647
29696 29795
29796 29827
31028 31067
31556 31567
31836 31847
32320 32387
32644 32651
32716 32767
33452 33511
35608 35623
36468 36659
36696 36743
36756 36779
38936 38943
38956 38987
39744 39755
40716 40723
40728 40763
41700 41771
41856 41863
41908 41959
42092 42099
42104 42151
42236 42299
42300 42307
42388 42419
42444 42487
42488 42515
42632 42663
42680 42691
42740 42751
43716 43767
43912 43947
43952 44095
44356 44387
44920 44947
44976 45027
45160 45179
45400 45411
45452 45459
45676 45723
45744 45751
45960 46007
46520 46531
47024 47059
47260 47291
47648 47655
47700 47707
47836 47879
47880 47887
48148 48179
48452 48471
48496 48515
48972 48979
48988 49019
50248 50295
50332 50343
50456 50511
50596 50607
50632 50667
50816 50843
50868 50879
51004 51015
51016 51023
51036 51071
51096 51111
51172 51251
51436 51491
51720 51991
52024 52035
52128 52135
52140 52163
52192 52279
52360 52403
52464 52495
52520 52551
52596 52655
52668 52683
52700 52787
52848 52875
52876 52931
53028 53039
53076 53103
53136 53147
53180 53215
53248 53267
53268 53275
53288 53299
53400 53411
53420 53443
53480 53527
53652 53707
53800 53847
53856 53863
53956 53963
54072 54139
54984 55011
56188 56283
57312 57359
57372 57427
58604 58651
58672 58679
58984 58999
59032 59039
59108 59119
59132 59139
59168 59299
59328 59387
59400 59415
59448 59511
59536 59559
59716 59855
59948 59983
60016 60023
60024 60051
60052 60059
60304 60339
60448 60487
60504 60535
60596 60651
61044 61051
61132 61143
61156 61179
62432 62439
62536 62587
62712 62763
63324 63431
63544 63559
63884 63919
64060 64139
64484 64503
64524 64535
64684 64723
64728 64735
64736 64747
65516 65563
65620 65659
66192 66199
66272 66319
66384 66395
66444 66467
66688 66703
67236 67291
67744 67783
67980 68019
68148 68155
68156 68167
68664 68679
69132 69183
69268 69311
69404 69435
69436 69447
69732 69759
69884 69931
70048 70219
70412 70571
70848 70919
70928 71027
71316 71407
71812 71863