2412 2559
3424 3483
4256 4271
4328 4371
4492 4539
4616 4667
5064 5071
5072 5343
5920 5943
5952 5963
5964 6003
6008 6023
6028 6075
6196 6223
6480 6487
6612 6651
6888 6919
7044 7083
7088 7095
7304 7327
7376 7395
7532 7567
7568 7587
7944 7971
7980 8007
8376 8479
8484 8503
8512 8555
8556 8563
8568 8575
8632 8711
8724 8735
8788 8795
8800 8807
8816 8855
8968 8995
9624 9667
9952 9963
9964 10031
10080 10183
10224 10275
10320 10359
10360 10367
10380 10395
10436 10499
10616 10623
10804 10911
11032 11067
11072 11163
11264 11283
11660 11711
12160 12191
12332 12479
13160 13223
13228 13259
13640 13687
13896 13943
14048 14107
14776 14811
14976 14987
14988 14999
15044 15071
17444 17451
17776 17791
17824 17875
17876 17887
18136 18175
18544 18619
18632 18675
18820 18831
18864 18871
19100 19123
19340 19347
19584 19603
19604 19631
19632 19675
19680 19719
19780 19791
19828 19863
19928 19971
20012 20035
20440 20479
20500 20543
20576 20635
21044 21087
22312 22319
22408 22435
22596 22607
22944 23051
23084 23199
23232 23239
23888 23935
23948 23959
24120 24183
24952 25011
25308 25331
25512 25635
25724 25755
25764 25783
25804 25827
26296 26335
31448 31495
31968 31995
32304 32355
32420 32455
32504 32531
32560 32575
32580 32623
32644 32679
32708 32759
32808 32839
32872 32911
33324 33343
33344 33475
33648 33663
33920 34055
34064 34091
34148 34179
34236 34395
34424 34463
34628 34635
34680 34723
34728 34739
34888 34903
35052 35079
35116 35143
35188 35211
35352 35383
35428 35455
35824 35831
36100 36135
36140 36207
36388 36399
36740 36771
36780 36787
37084 37127
37324 37375
39504 39523
40600 40611
40660 40667
40836 40863
40956 40979
41112 41127
41744 41791
41828 41839
41884 41891
41972 41983
42228 42243
42292 42319
42324 42335
42336 42343
42368 42411
42448 42471
42508 42515
42524 42543
42552 42567
43140 43167
43608 43639
43968 43999
44040 44143
44264 44275
44284 44299
44888 44943
45084 45119
45824 45859
46416 46443
46608 46623
46644 46655
46700 46711
47668 47691
47884 47943
47944 48091
48092 48223
48488 48503
48512 48523
48584 48591
48704 48711
48768 48779
48788 48827
49016 49055
49136 49147
49160 49171
49240 49263
49772 49803
49864 49891
50588 50655
50744 50771
51296 51327
51528 51579
51788 51811
52192 52223
52228 52243
53112 53147
53328 53459
53496 53575
53980 53987
54420 54499
56068 56083
56260 56271
56436 56463
56560 56587
56728 56739
56940 57043
57700 57715
57876 57927
57928 57935
57968 57999
58000 58023
58048 58099
59172 59179
59296 59327
59332 59339
59424 59431
59492 59507
59580 59631
59640 59747
59916 59923
59928 59963
60028 60071
60576 60599
61292 61303
61680 61703
61708 61715
67184 67207
68808 68847
69036 69043
69480 69491
69520 69527
70500 70535
70576 70627
70628 70639
70876 70883
70896 70907
70964 70971
70996 71007
71116 71131
71152 71187