     0	    51 : 0
    48	   307 : 0
   304	   311 : 0
   308	   323 : 0
   320	   359 : 0
   356	   503 : 0
   500	   531 : 0
   528	   539 : 0
   536	   547 : 0
   544	   551 : 0
   548	   623 : 0
   620	   903 : 0
   900	   907 : 0
   904	   943 : 0
   940	   955 : 0
   952	  1091 : 0
  1088	  1103 : 0
  1100	  1127 : 0
  1124	  1287 : 0
  1284	  1415 : 0
  1412	  1467 : 0
  1464	  1471 : 0
  1468	  1551 : 0
  1548	  1767 : 0
  1764	  1775 : 0
  1772	  1779 : 0
  1776	  1791 : 0
  1788	  2275 : 0
  2272	  2291 : 0
  2288	  2315 : 0
  2312	  2319 : 0
  2316	  2343 : 0
  2340	  2387 : 0
  2384	  2523 : 0
  2520	  2547 : 0
  2544	  2703 : 0
  2700	  3143 : 1
  3140	  3327 : 0
  3324	  3351 : 0
  3348	  3367 : 0
  3364	  3387 : 0
  3384	  3503 : 0
  3500	  3511 : 0
  3508	  3547 : 0
  3544	  3551 : 0
  3548	  3679 : 0
  3676	  3687 : 0
  3684	  3691 : 0
  3688	  3699 : 0
  3696	  3703 : 0
  3700	  3707 : 0
  3704	  3719 : 0
  3716	  3911 : 0
  3908	  3923 : 0
  3920	  3931 : 0
  3928	  3935 : 0
  3932	  3955 : 0
  3952	  3959 : 0
  3956	  3963 : 0
  3960	  4063 : 0
  4060	  4067 : 1
  4064	  4251 : 0
  4248	  4267 : 0
  4264	  4375 : 0
  4372	  4459 : 0
  4456	  4527 : 0
  4524	  4531 : 0
  4528	  4567 : 0
  4564	  4579 : 0
  4576	  4607 : 0
  4604	  4687 : 0
  4684	  4911 : 0
  4908	  4915 : 0
  4912	  4947 : 0
  4944	  5035 : 0
  5032	  5127 : 0
  5124	  5139 : 0
  5136	  5143 : 0
  5140	  5163 : 0
  5160	  5171 : 0
  5168	  5175 : 0
  5172	  5227 : 0
  5224	  5275 : 0
  5272	  5295 : 0
  5292	  5311 : 0
  5308	  5323 : 0
  5320	  5355 : 0
  5352	  5383 : 0
  5380	  5399 : 0
  5396	  5423 : 0
  5420	  5451 : 0
  5448	  5455 : 0
  5452	  5459 : 0
  5456	  5467 : 0
  5464	  5515 : 0
  5512	  5519 : 0
  5516	  5523 : 0
  5520	  5527 : 0
  5524	  5667 : 0
  5664	  5683 : 0
  5680	  5763 : 0
