     0	    47 : 1
    44	    51 : 0
    48	    63 : 0
    60	    67 : 0
    64	    71 : 0
    68	    79 : 0
    76	    83 : 0
    80	   187 : 0
   184	   191 : 1
   188	   203 : 0
   200	   215 : 0
   212	   251 : 0
   248	   255 : 0
   252	   311 : 0
   308	   319 : 1
   316	   355 : 0
   352	   463 : 1
   460	   467 : 0
   464	   483 : 1
   480	   639 : 0
   636	   647 : 0
   644	   651 : 0
   648	   663 : 0
   660	   675 : 0
   672	   695 : 1
   692	   699 : 0
   696	   703 : 1
   700	   707 : 0
   704	   711 : 0
   708	   723 : 0
   720	   763 : 0
   760	   779 : 0
   776	   811 : 1
   808	   819 : 0
   816	   867 : 1
   864	   871 : 0
   868	   883 : 0
   880	   891 : 0
   888	   939 : 0
   936	   983 : 0
   980	   991 : 1
   988	  1063 : 0
  1060	  1103 : 1
  1100	  1111 : 0
  1108	  1115 : 1
  1112	  1119 : 0
  1116	  1159 : 0
  1156	  1171 : 0
  1168	  1175 : 0
  1172	  1179 : 0
  1176	  1191 : 0
  1188	  1207 : 0
  1204	  1219 : 0
  1216	  1231 : 0
  1228	  1263 : 1
  1260	  1267 : 0
  1264	  1271 : 0
  1268	  1287 : 0
  1284	  1295 : 0
  1292	  1327 : 0
  1324	  1359 : 0
  1356	  1363 : 0
  1360	  1371 : 0
  1368	  1375 : 0
  1372	  1419 : 0
  1416	  1423 : 0
  1420	  1447 : 0
  1444	  1483 : 0
  1480	  1487 : 0
  1484	  1499 : 0
  1496	  1519 : 0
  1516	  1523 : 0
  1520	  1535 : 0
  1532	  1551 : 0
  1548	  1563 : 0
  1560	  1567 : 0
  1564	  1575 : 0
  1572	  1579 : 0
  1576	  1591 : 0
  1588	  1599 : 0
  1596	  1639 : 1
  1636	  1647 : 0
  1644	  1667 : 0
  1664	  1679 : 0
  1676	  1707 : 1
  1704	  1731 : 0
  1728	  1735 : 0
  1732	  1743 : 0
  1740	  1759 : 0
  1756	  1779 : 0
  1776	  1787 : 0
  1784	  1795 : 0
  1792	  1823 : 0
  1820	  1839 : 0
  1836	  1855 : 0
  1852	  1859 : 0
  1856	  1867 : 0
  1864	  1919 : 0
  1916	  1923 : 0
  1920	  1955 : 0
  1952	  1959 : 0
  1956	  1967 : 0
  1964	  1971 : 0
  1968	  1975 : 0
  1972	  1991 : 0
  1988	  2003 : 0
  2000	  2023 : 0
  2020	  2071 : 0
  2068	  2103 : 0
  2100	  2155 : 0
  2152	  2159 : 0
  2156	  2171 : 0
  2168	  2231 : 0
  2228	  2247 : 0
  2244	  2279 : 0
  2276	  2283 : 0
  2280	  2295 : 0
  2292	  2299 : 0
  2296	  2335 : 0
  2332	  2343 : 0
  2340	  2363 : 0
  2360	  2367 : 0
  2364	  2419 : 0
  2416	  2423 : 0
  2420	  2487 : 0
  2484	  2491 : 0
  2488	  2499 : 1
  2496	  2507 : 0
  2504	  2563 : 0
  2560	  2579 : 0
  2576	  2587 : 1
  2584	  2599 : 0
  2596	  2603 : 1
  2600	  2643 : 0
  2640	  2647 : 0
  2644	  2655 : 0
  2652	  2663 : 1
  2660	  2703 : 0
  2700	  2711 : 1
  2708	  2739 : 0
  2736	  2763 : 1
  2760	  2767 : 0
  2764	  2827 : 0
  2824	  2835 : 0
  2832	  2955 : 0
  2952	  2959 : 0
  2956	  3139 : 0
  3136	  3147 : 0
  3144	  3151 : 1
  3148	  3159 : 0
  3156	  3179 : 0
  3176	  3187 : 0
  3184	  3207 : 0
  3204	  3239 : 0
  3236	  3395 : 0
  3392	  3407 : 0
  3404	  3411 : 0
  3408	  3419 : 0
  3416	  3431 : 0
  3428	  3503 : 0
  3500	  3555 : 0
  3552	  3603 : 0
  3600	  3659 : 0
  3656	  3663 : 0
  3660	  3687 : 0
  3684	  3699 : 0
  3696	  3715 : 0
  3712	  3767 : 0
  3764	  3799 : 1
  3796	  3803 : 0
  3800	  3815 : 0
  3812	  3827 : 0
  3824	  3835 : 0
  3832	  3839 : 0
  3836	  3875 : 0
  3872	  3883 : 0
  3880	  3891 : 1
  3888	  3907 : 0
  3904	  3923 : 0
  3920	  3927 : 0
  3924	  3947 : 0
  3944	  3951 : 0
  3948	  3963 : 0
  3960	  3971 : 0
  3968	  3979 : 0
  3976	  4035 : 0
  4032	  4043 : 1
  4040	  4083 : 0
  4080	  4111 : 0
  4108	  4127 : 0
  4124	  4187 : 1
  4184	  4191 : 0
  4188	  4195 : 0
  4192	  4203 : 0
  4200	  4243 : 0
  4240	  4251 : 0
  4248	  4299 : 0
  4296	  4303 : 0
  4300	  4363 : 0
  4360	  4367 : 0
  4364	  4371 : 0
  4368	  4375 : 0
  4372	  4387 : 0
  4384	  4391 : 0
  4388	  4399 : 0
  4396	  4423 : 0
  4420	  4435 : 0
  4432	  4447 : 0
  4444	  4463 : 0
  4460	  4471 : 0
  4468	  4503 : 1
  4500	  4515 : 0
  4512	  4539 : 0
  4536	  4579 : 0
  4576	  4583 : 0
  4580	  4599 : 0
  4596	  4623 : 0
  4620	  4635 : 0
  4632	  4639 : 0
  4636	  4643 : 0
  4640	  4703 : 0
  4700	  4743 : 0
  4740	  4767 : 0
  4764	  4783 : 0
  4780	  4791 : 1
  4788	  4795 : 0
  4792	  4827 : 0
  4824	  4843 : 0
  4840	  4891 : 1
  4888	  4907 : 0
  4904	  4923 : 1
  4920	  4931 : 0
  4928	  4947 : 0
  4944	  5015 : 0
  5012	  5019 : 0
  5016	  5055 : 0
  5052	  5063 : 0
  5060	  5083 : 0
  5080	  5111 : 0
  5108	  5127 : 0
  5124	  5147 : 0
  5144	  5151 : 0
  5148	  5179 : 0
  5176	  5275 : 0
  5272	  5283 : 0
  5280	  5319 : 0
  5316	  5331 : 0
  5328	  5355 : 0
  5352	  5359 : 0
  5356	  5367 : 0
  5364	  5371 : 0
  5368	  5391 : 0
  5388	  5419 : 0
  5416	  5427 : 0
  5424	  5451 : 0
  5448	  5475 : 0
  5472	  5479 : 0
  5476	  5495 : 0
  5492	  5503 : 0
  5500	  5527 : 0
  5524	  5619 : 1
  5616	  5683 : 0
  5680	  5691 : 0
  5688	  5703 : 0
  5700	  5707 : 0
  5704	  5755 : 0
  5752	  5759 : 0
  5756	  5823 : 0
  5820	  5827 : 0
  5824	  5963 : 0
  5960	  5967 : 2
  5964	  5971 : 1
  5968	  6011 : 0
  6008	  6059 : 0
  6056	  6071 : 0
  6068	  6095 : 0
  6092	  6147 : 0
  6144	  6155 : 0
  6152	  6163 : 0
  6160	  6195 : 0
  6192	  6219 : 0
  6216	  6227 : 0
  6224	  6291 : 0
  6288	  6299 : 0
  6296	  6327 : 0
  6324	  6335 : 1
  6332	  6343 : 0
  6340	  6363 : 1
  6360	  6367 : 0
  6364	  6371 : 1
  6368	  6383 : 0
  6380	  6395 : 1
  6392	  6399 : 0
  6396	  6407 : 1
  6404	  6415 : 0
  6412	  6443 : 0
  6440	  6459 : 0
  6456	  6479 : 0
  6476	  6483 : 0
  6480	  6491 : 0
  6488	  6503 : 0
  6500	  6507 : 0
  6504	  6515 : 0
  6512	  6527 : 0
  6524	  6535 : 0
  6532	  6579 : 0
  6576	  6603 : 0
  6600	  6623 : 0
  6620	  6687 : 0
  6684	  6715 : 0
  6712	  6719 : 0
  6716	  6727 : 0
  6724	  6735 : 0
  6732	  6771 : 0
  6768	  6775 : 0
  6772	  6787 : 0
  6784	  6791 : 0
  6788	  6823 : 0
  6820	  6831 : 0
  6828	  6851 : 0
  6848	  6867 : 0
  6864	  6887 : 0
  6884	  6895 : 0
  6892	  6907 : 0
  6904	  6939 : 0
  6936	  6947 : 1
  6944	  6951 : 0
  6948	  6991 : 0
  6988	  7003 : 0
  7000	  7039 : 0
  7036	  7043 : 0
  7040	  7063 : 0
  7060	  7067 : 0
  7064	  7083 : 0
  7080	  7095 : 0
  7092	  7147 : 0
  7144	  7167 : 0
  7164	  7219 : 0
  7216	  7259 : 0
  7256	  7263 : 0
  7260	  7271 : 0
  7268	  7275 : 0
  7272	  7283 : 0
  7280	  7287 : 0
  7284	  7295 : 0
  7292	  7399 : 0
  7396	  7463 : 0
  7460	  7487 : 0
  7484	  7503 : 0
  7500	  7511 : 1
  7508	  7531 : 0
  7528	  7539 : 0
  7536	  7543 : 0
  7540	  7551 : 0
  7548	  7555 : 0
  7552	  7571 : 1
  7568	  7575 : 0
  7572	  7587 : 0
  7584	  7603 : 0
  7600	  7623 : 0
  7620	  7659 : 0
  7656	  7671 : 0
  7668	  7683 : 0
  7680	  7759 : 0
  7756	  7767 : 0
  7764	  7779 : 0
  7776	  7791 : 0
  7788	  7835 : 0
  7832	  7839 : 0
  7836	  7847 : 0
  7844	  7907 : 0
  7904	  7911 : 0
  7908	  7915 : 0
  7912	  7971 : 0
  7968	  7975 : 0
  7972	  7999 : 0
  7996	  8007 : 0
  8004	  8011 : 0
  8008	  8143 : 0
  8140	  8155 : 0
  8152	  8191 : 0
  8188	  8195 : 0
  8192	  8211 : 1
  8208	  8223 : 0
  8220	  8231 : 0
  8228	  8239 : 0
  8236	  8247 : 0
  8244	  8251 : 0
  8248	  8287 : 0
  8284	  8291 : 0
  8288	  8311 : 0
  8308	  8315 : 0
  8312	  8327 : 0
  8324	  8335 : 0
  8332	  8347 : 0
  8344	  8355 : 0
  8352	  8363 : 0
  8360	  8367 : 0
  8364	  8403 : 0
  8400	  8411 : 0
  8408	  8443 : 0
  8440	  8447 : 0
  8444	  8483 : 0
  8480	  8487 : 0
  8484	  8507 : 0
  8504	  8563 : 0
  8560	  8615 : 0
  8612	  8627 : 0
  8624	  8683 : 0
  8680	  8723 : 0
  8720	  8863 : 0
  8860	  8867 : 0
  8864	  8895 : 0
  8892	  8899 : 0
  8896	  8919 : 0
  8916	  8923 : 0
  8920	  8935 : 0
  8932	  8939 : 0
  8936	  8975 : 0
  8972	  8987 : 0
  8984	  8999 : 0
  8996	  9003 : 0
  9000	  9011 : 0
  9008	  9039 : 0
  9036	  9059 : 0
  9056	  9075 : 0
  9072	  9111 : 0
  9108	  9135 : 0
  9132	  9219 : 0
  9216	  9223 : 0
  9220	  9311 : 0
  9308	  9319 : 0
  9316	  9331 : 1
  9328	  9339 : 0
  9336	  9367 : 0
  9364	  9379 : 0
  9376	  9399 : 0
  9396	  9419 : 0
  9416	  9451 : 0
  9448	  9475 : 0
  9472	  9491 : 0
  9488	  9495 : 0
  9492	  9527 : 0
  9524	  9535 : 0
  9532	  9551 : 0
  9548	  9563 : 0
  9560	  9587 : 0
  9584	  9595 : 0
  9592	  9611 : 0
  9608	  9615 : 0
  9612	  9631 : 0
  9628	  9635 : 0
  9632	  9643 : 0
  9640	  9667 : 0
  9664	  9675 : 0
  9672	  9683 : 0
  9680	  9771 : 0
  9768	  9775 : 0
  9772	  9791 : 0
  9788	  9803 : 0
  9800	  9807 : 0
  9804	  9939 : 0
  9936	  9947 : 0
  9944	  9963 : 0
  9960	  9971 : 0
  9968	  9987 : 0
  9984	  9991 : 0
  9988	  9995 : 0
  9992	 10007 : 0
 10004	 10011 : 0
 10008	 10015 : 0
 10012	 10035 : 0
 10032	 10043 : 0
 10040	 10047 : 0
 10044	 10075 : 0
 10072	 10099 : 0
 10096	 10107 : 0
 10104	 10123 : 0
 10120	 10135 : 1
 10132	 10143 : 0
 10140	 10179 : 0
 10176	 10191 : 0
 10188	 10243 : 0
 10240	 10251 : 0
 10248	 10267 : 0
 10264	 10271 : 0
 10268	 10287 : 0
 10284	 10291 : 0
 10288	 10299 : 1
 10296	 10303 : 0
 10300	 10367 : 0
 10364	 10375 : 0
 10372	 10387 : 0
 10384	 10395 : 0
 10392	 10467 : 0
 10464	 10471 : 0
 10468	 10551 : 0
 10548	 10559 : 0
 10556	 10575 : 0
 10572	 10599 : 0
 10596	 10687 : 0
 10684	 10691 : 0
 10688	 10695 : 0
 10692	 10699 : 0
 10696	 10707 : 0
 10704	 10719 : 0
 10716	 10747 : 0
 10744	 10751 : 0
 10748	 10763 : 0
 10760	 10775 : 0
 10772	 10791 : 0
 10788	 10795 : 0
 10792	 10811 : 0
 10808	 10815 : 0
 10812	 10835 : 0
 10832	 10855 : 0
 10852	 10879 : 0
 10876	 10883 : 0
 10880	 10943 : 0
 10940	 10999 : 0
 10996	 11075 : 0
 11072	 11107 : 0
 11104	 11159 : 0
 11156	 11571 : 0
 11568	 11575 : 0
 11572	 11583 : 0
 11580	 11595 : 0
 11592	 11663 : 0
 11660	 11683 : 0
 11680	 11699 : 0
 11696	 11707 : 0
 11704	 11715 : 0
 11712	 11823 : 0
 11820	 11863 : 0
 11860	 11871 : 0
 11868	 12015 : 0
 12012	 12179 : 0
 12176	 12199 : 0
 12196	 12363 : 0
 12360	 12387 : 0
 12384	 12391 : 0
 12388	 12463 : 0
 12460	 12507 : 0
 12504	 12583 : 0
 12580	 12679 : 0
 12676	 12723 : 0
 12720	 12739 : 0
 12736	 12743 : 0
 12740	 12755 : 0
 12752	 12795 : 0
 12792	 12919 : 1
