     0	    23 : 1
    20	   187 : 0
   184	   207 : 1
   204	   211 : 0
   208	   215 : 0
   212	   275 : 0
   272	   279 : 1
   276	   911 : 0
   908	   915 : 0
   912	   919 : 0
   916	   923 : 0
   920	  1007 : 0
  1004	  1015 : 0
  1012	  1027 : 0
  1024	  1031 : 1
  1028	  1039 : 0
  1036	  1063 : 0
  1060	  1067 : 0
  1064	  1075 : 1
  1072	  1703 : 0
  1700	  1751 : 0
  1748	  1919 : 0
  1916	  2099 : 0
  2096	  2347 : 0
  2344	  2355 : 0
  2352	  2359 : 0
  2356	  2375 : 0
  2372	  2379 : 0
  2376	  2395 : 0
  2392	  2407 : 0
  2404	  2467 : 0
  2464	  2579 : 0
  2576	  2583 : 0
  2580	  2603 : 0
  2600	  2643 : 0
  2640	  2667 : 0
  2664	  2687 : 0
  2684	  2691 : 0
  2688	  2707 : 0
  2704	  2711 : 0
  2708	  2875 : 0
  2872	  2883 : 0
  2880	  2927 : 0
  2924	  2939 : 0
  2936	  2999 : 0
  2996	  3131 : 0
  3128	  3531 : 0
  3528	  3771 : 0
  3768	  3815 : 0
  3812	  4975 : 0
  4972	  4991 : 0
  4988	  5031 : 0
  5028	  5035 : 0
  5032	  5043 : 0
  5040	  5051 : 0
  5048	  5099 : 0
  5096	  5107 : 0
  5104	  5215 : 0
  5212	  5219 : 0
  5216	  5223 : 0
  5220	  5231 : 0
  5228	  5259 : 0
  5256	  5267 : 0
  5264	  5891 : 0
  5888	  5895 : 0
  5892	  6883 : 0
  6880	  6895 : 0
  6892	  7467 : 0
  7464	  7475 : 0
  7472	  7923 : 0
  7920	  7931 : 0
  7928	  8067 : 0
  8064	  8071 : 0
  8068	  8355 : 0
  8352	  8367 : 0
  8364	  8419 : 0
  8416	  8435 : 0
  8432	  8443 : 0
  8440	  8447 : 0
  8444	  8523 : 0
  8520	  8527 : 0
  8524	  8555 : 0
  8552	  8631 : 0
  8628	  8643 : 0
  8640	  8691 : 0
  8688	  8699 : 0
  8696	  8707 : 0
  8704	 11167 : 0
 11164	 11179 : 0
 11176	 11635 : 0
 11632	 11643 : 0
 11640	 13139 : 0
 13136	 13143 : 0
 13140	 13263 : 0
 13260	 13267 : 0
 13264	 13959 : 0
 13956	 14011 : 1
 14008	 14415 : 0
 14412	 14419 : 0
 14416	 14475 : 0
 14472	 14483 : 0
 14480	 14503 : 0
 14500	 14511 : 0
 14508	 14591 : 0
 14588	 14595 : 0
 14592	 14603 : 0
 14600	 14615 : 0
 14612	 14671 : 0
 14668	 14675 : 0
 14672	 14711 : 0
 14708	 14719 : 0
 14716	 15567 : 0
 15564	 15595 : 0
 15592	 16463 : 0
 16460	 16487 : 0
 16484	 16515 : 0
 16512	 16595 : 0
 16592	 16759 : 0
 16756	 16799 : 0
 16796	 17059 : 0
 17056	 17063 : 0
 17060	 17071 : 0
 17068	 17075 : 0
 17072	 17079 : 0
 17076	 17963 : 0
 17960	 18779 : 0
 18776	 18787 : 0
 18784	 18795 : 0
 18792	 18831 : 0
 18828	 18839 : 0
 18836	 18847 : 0
 18844	 19071 : 0
 19068	 19079 : 0
 19076	 19379 : 0
 19376	 19383 : 0
 19380	 22015 : 0
 22012	 22019 : 0
 22016	 22027 : 0
 22024	 22047 : 0
 22044	 24671 : 0
 24668	 25063 : 1
 25060	 25147 : 0
 25144	 25187 : 0
 25184	 25247 : 0
 25244	 25255 : 0
 25252	 25291 : 0
 25288	 25319 : 0
 25316	 25355 : 0
 25352	 25363 : 0
 25360	 25387 : 0
 25384	 25399 : 0
 25396	 25423 : 0
 25420	 25431 : 0
 25428	 25447 : 0
 25444	 25459 : 0
 25456	 25471 : 0
 25468	 25479 : 1
 25476	 25519 : 0
 25516	 25527 : 1
 25524	 26263 : 0
 26260	 26267 : 0
 26264	 26403 : 0
 26400	 26411 : 0
 26408	 26995 : 0
 26992	 27003 : 0
 27000	 27607 : 0
 27604	 27615 : 0
 27612	 28603 : 0
 28600	 28607 : 0
 28604	 28715 : 0
 28712	 28719 : 0
 28716	 30035 : 0
 30032	 30039 : 0
 30036	 30059 : 0
 30056	 30083 : 0
 30080	 30987 : 0
 30984	 31171 : 0
 31168	 31183 : 0
 31180	 31251 : 0
 31248	 31255 : 0
 31252	 31263 : 0
 31260	 31539 : 0
 31536	 31571 : 0
 31568	 31699 : 0
 31696	 31767 : 0
 31764	 32027 : 0
 32024	 32787 : 0
 32784	 32831 : 0
 32828	 33059 : 0
 33056	 33111 : 0
 33108	 33203 : 0
 33200	 33207 : 0
 33204	 33335 : 0
 33332	 33339 : 0
 33336	 33403 : 0
 33400	 33655 : 0
 33652	 33683 : 0
 33680	 33707 : 0
 33704	 33767 : 0
 33764	 33815 : 0
 33812	 33819 : 0
 33816	 33967 : 0
 33964	 33995 : 0
 33992	 34251 : 0
 34248	 35131 : 0
 35128	 35135 : 0
 35132	 35143 : 0
 35140	 35171 : 0
 35168	 35463 : 0
 35460	 35475 : 0
 35472	 35591 : 0
 35588	 35599 : 0
 35596	 35951 : 0
 35948	 35955 : 0
 35952	 37243 : 0
 37240	 37255 : 0
 37252	 37659 : 0
 37656	 37691 : 0
 37688	 37715 : 0
 37712	 37723 : 0
 37720	 38207 : 0
 38204	 38211 : 0
 38208	 38411 : 0
 38408	 38435 : 0
 38432	 38451 : 0
 38448	 38479 : 0
 38476	 39251 : 0
 39248	 39255 : 0
 39252	 40219 : 0
 40216	 40243 : 0
 40240	 40903 : 0
 40900	 40963 : 0
 40960	 44115 : 0
 44112	 44215 : 0
 44212	 44247 : 0
 44244	 44251 : 0
 44248	 44263 : 0
 44260	 44375 : 0
 44372	 44483 : 0
 44480	 44515 : 0
 44512	 44891 : 0
 44888	 44899 : 0
 44896	 44907 : 0
 44904	 44915 : 0
 44912	 45047 : 0
 45044	 45051 : 0
 45048	 45055 : 0
 45052	 45491 : 0
 45488	 45495 : 0
 45492	 45955 : 0
 45952	 46007 : 1
 46004	 46027 : 0
 46024	 46031 : 0
 46028	 46127 : 0
 46124	 46143 : 0
 46140	 46315 : 0
 46312	 46359 : 0
 46356	 46547 : 0
 46544	 47151 : 0
 47148	 48635 : 0
 48632	 48695 : 1
 48692	 51923 : 0
 51920	 53023 : 0
