     0	    15 : 0
    12	    31 : 0
    28	   115 : 0
   112	   123 : 0
   120	  5111 : 0
  5108	  5115 : 0
  5112	  6891 : 0
  6888	  6895 : 2
  6892	  9335 : 1
  9332	  9339 : 0
  9336	 11479 : 0
 11476	 11483 : 0
 11480	 11619 : 0
 11616	 11623 : 0
 11620	 13443 : 1
 13440	 13451 : 0
 13448	 14531 : 0
 14528	 14535 : 0
 14532	 17355 : 0
 17352	 17359 : 0
 17356	 17779 : 0
 17776	 18127 : 0
 18124	 18663 : 1
 18660	 18755 : 0
 18752	 18771 : 0
 18768	 18775 : 0
 18772	 18779 : 0
 18776	 18811 : 0
 18808	 19007 : 1
 19004	 19011 : 0
 19008	 20291 : 0
 20288	 20295 : 0
 20292	 21907 : 0
 21904	 21911 : 0
 21908	 23159 : 0
 23156	 23163 : 0
 23160	 24295 : 0
 24292	 24299 : 0
 24296	 24303 : 2
 24300	 26443 : 0
 26440	 32455 : 0
