     0	    43 : 0
    40	   299 : 0
   296	   303 : 0
   300	   307 : 0
   304	   323 : 0
   320	   327 : 0
   324	   547 : 1
   544	   551 : 0
   548	   671 : 0
   668	   679 : 0
   676	   691 : 1
   688	   699 : 0
   696	   715 : 0
   712	   719 : 0
   716	   723 : 0
   720	   739 : 0
   736	   743 : 1
   740	   751 : 0
   748	   759 : 1
   756	   771 : 0
   768	   775 : 1
   772	   779 : 0
   776	   799 : 0
   796	   803 : 0
   800	   891 : 1
   888	   895 : 0
   892	   907 : 0
   904	   923 : 0
   920	   931 : 0
   928	   947 : 0
   944	   951 : 1
   948	   963 : 0
   960	   979 : 0
   976	   983 : 0
   980	   995 : 1
   992	  1003 : 0
  1000	  1047 : 1
  1044	  1051 : 0
  1048	  1075 : 1
  1072	  1079 : 0
  1076	  1131 : 1
  1128	  1135 : 0
  1132	  1151 : 1
  1148	  1155 : 0
  1152	  1247 : 1
  1244	  1251 : 0
  1248	  1259 : 1
  1256	  1263 : 0
  1260	  1275 : 0
  1272	  1283 : 0
  1280	  1287 : 1
  1284	  1291 : 0
  1288	  1295 : 0
  1292	  1303 : 0
  1300	  1307 : 0
  1304	  1331 : 0
  1328	  1335 : 0
  1332	  1355 : 0
  1352	  1363 : 1
  1360	  1371 : 0
  1368	  1375 : 0
  1372	  1383 : 0
  1380	  1391 : 0
  1388	  1399 : 0
  1396	  1403 : 0
  1400	  1407 : 0
  1404	  1415 : 0
  1412	  1419 : 0
  1416	  1427 : 1
  1424	  1431 : 0
  1428	  1479 : 0
  1476	  1483 : 0
  1480	  1503 : 0
  1500	  1543 : 0
  1540	  1547 : 0
  1544	  1551 : 0
  1548	  1559 : 0
  1556	  1579 : 0
  1576	  1587 : 1
  1584	  1591 : 0
  1588	  1595 : 0
  1592	  1607 : 0
  1604	  1615 : 0
  1612	  1619 : 0
  1616	  1859 : 0
  1856	  1867 : 0
  1864	  1887 : 0
  1884	  1919 : 0
  1916	  1939 : 0
  1936	  1947 : 0
  1944	  1951 : 0
  1948	  1959 : 0
  1956	  1971 : 0
  1968	  1979 : 0
  1976	  1991 : 0
  1988	  2003 : 0
  2000	  2015 : 0
  2012	  2023 : 0
  2020	  2031 : 0
  2028	  2035 : 0
  2032	  2075 : 1
  2072	  2083 : 0
  2080	  2103 : 0
  2100	  2131 : 0
  2128	  2135 : 1
  2132	  2159 : 0
  2156	  2167 : 0
  2164	  2175 : 0
  2172	  2183 : 0
  2180	  2191 : 0
  2188	  2207 : 0
  2204	  2211 : 0
  2208	  2223 : 1
  2220	  2231 : 0
  2228	  2239 : 1
  2236	  2243 : 0
  2240	  2267 : 1
  2264	  2271 : 0
  2268	  2275 : 1
  2272	  2279 : 0
  2276	  2343 : 1
  2340	  2347 : 0
  2344	  2419 : 0
  2416	  2423 : 0
  2420	  2459 : 1
  2456	  2467 : 0
  2464	  2503 : 1
  2500	  2507 : 0
  2504	  2511 : 1
  2508	  2515 : 0
  2512	  2539 : 1
  2536	  2543 : 0
  2540	  2571 : 1
  2568	  2615 : 0
  2612	  2619 : 1
  2616	  2631 : 0
  2628	  2635 : 0
  2632	  2655 : 0
  2652	  2659 : 0
  2656	  2667 : 0
  2664	  2671 : 0
  2668	  2679 : 0
  2676	  2695 : 1
  2692	  2707 : 0
  2704	  2711 : 0
  2708	  2727 : 0
  2724	  2735 : 0
  2732	  2743 : 0
  2740	  2751 : 0
  2748	  2755 : 0
  2752	  2759 : 0
  2756	  2771 : 0
  2768	  2783 : 1
  2780	  2811 : 0
  2808	  2815 : 1
  2812	  2859 : 0
  2856	  2863 : 1
  2860	  2955 : 0
  2952	  2959 : 0
  2956	  2975 : 0
  2972	  2979 : 0
  2976	  2983 : 0
  2980	  2991 : 0
  2988	  3039 : 0
  3036	  3043 : 0
  3040	  3051 : 0
  3048	  3115 : 0
  3112	  3127 : 0
  3124	  3135 : 1
  3132	  3147 : 0
  3144	  3159 : 0
  3156	  3171 : 0
  3168	  3179 : 0
  3176	  3191 : 0
  3188	  3199 : 0
  3196	  3215 : 0
  3212	  3223 : 0
  3220	  3231 : 0
  3228	  3239 : 0
  3236	  3247 : 0
  3244	  3311 : 0
  3308	  3323 : 0
  3320	  3327 : 0
  3324	  3331 : 0
  3328	  3335 : 1
  3332	  3339 : 0
  3336	  3343 : 0
  3340	  3351 : 0
  3348	  3355 : 1
  3352	  3363 : 0
  3360	  3395 : 1
  3392	  3407 : 0
  3404	  3411 : 0
  3408	  3419 : 0
  3416	  3423 : 0
  3420	  3427 : 0
  3424	  3435 : 0
  3432	  3447 : 0
  3444	  3491 : 0
  3488	  3495 : 0
  3492	  3503 : 0
  3500	  3507 : 0
  3504	  3563 : 1
  3560	  3567 : 0
  3564	  3651 : 0
  3648	  3659 : 0
  3656	  3731 : 0
  3728	  3743 : 0
  3740	  4015 : 1
  4012	  4019 : 0
  4016	  4027 : 0
  4024	  4035 : 0
  4032	  4103 : 0
  4100	  4107 : 0
  4104	  4131 : 0
  4128	  4135 : 0
  4132	  4139 : 0
  4136	  4143 : 0
  4140	  4155 : 0
  4152	  4167 : 0
  4164	  4171 : 0
  4168	  4175 : 0
  4172	  4183 : 0
  4180	  4187 : 0
  4184	  4191 : 0
  4188	  4203 : 0
  4200	  4207 : 0
  4204	  4215 : 0
  4212	  4223 : 0
  4220	  4231 : 0
  4228	  4239 : 0
  4236	  4251 : 0
  4248	  4255 : 0
  4252	  4263 : 0
  4260	  4267 : 0
  4264	  4279 : 0
  4276	  4287 : 0
  4284	  4291 : 0
  4288	  4295 : 0
  4292	  4303 : 0
  4300	  4307 : 0
  4304	  4319 : 0
  4316	  4327 : 0
  4324	  4331 : 0
  4328	  4363 : 0
  4360	  4371 : 0
  4368	  4379 : 0
  4376	  4383 : 0
  4380	  4391 : 0
  4388	  4395 : 0
  4392	  4403 : 0
  4400	  4407 : 0
  4404	  4419 : 0
  4416	  4423 : 0
  4420	  4431 : 0
  4428	  4435 : 0
  4432	  4447 : 0
  4444	  4451 : 0
  4448	  4479 : 1
  4476	  4487 : 0
  4484	  4507 : 0
  4504	  4511 : 0
  4508	  4527 : 0
  4524	  4555 : 0
  4552	  4563 : 0
  4560	  4567 : 0
  4564	  4579 : 1
  4576	  4583 : 0
  4580	  4591 : 0
  4588	  4599 : 0
  4596	  4603 : 0
  4600	  4611 : 0
  4608	  4615 : 0
  4612	  4623 : 0
  4620	  4635 : 1
  4632	  4647 : 0
  4644	  4655 : 0
  4652	  4671 : 0
  4668	  4683 : 0
  4680	  4687 : 0
  4684	  4703 : 0
  4700	  4707 : 0
  4704	  4715 : 0
  4712	  4727 : 0
  4724	  4731 : 0
  4728	  4735 : 0
  4732	  4739 : 0
  4736	  4751 : 0
  4748	  4755 : 0
  4752	  4763 : 0
  4760	  4767 : 0
  4764	  4775 : 0
  4772	  4787 : 0
  4784	  4791 : 0
  4788	  4795 : 0
  4792	  4799 : 0
  4796	  4815 : 0
  4812	  4819 : 0
  4816	  4847 : 0
  4844	  4855 : 0
  4852	  4859 : 0
  4856	  4863 : 0
  4860	  4867 : 0
  4864	  4875 : 0
  4872	  4887 : 0
  4884	  4899 : 0
  4896	  4903 : 0
  4900	  4919 : 0
  4916	  4923 : 0
  4920	  4927 : 0
  4924	  4931 : 0
  4928	  4935 : 0
  4932	  4963 : 0
  4960	  4967 : 0
  4964	  4971 : 0
  4968	  4975 : 0
  4972	  4983 : 0
  4980	  4987 : 0
  4984	  4991 : 0
  4988	  5023 : 0
  5020	  5039 : 0
  5036	  5051 : 0
  5048	  5059 : 0
  5056	  5087 : 0
  5084	  5095 : 0
  5092	  5103 : 0
  5100	  5115 : 0
  5112	  5119 : 0
  5116	  5131 : 0
  5128	  5135 : 0
  5132	  5299 : 0
  5296	  5303 : 0
  5300	  5351 : 0
  5348	  5375 : 0
  5372	  5383 : 0
  5380	  5387 : 0
  5384	  5391 : 0
  5388	  5403 : 0
  5400	  5407 : 0
  5404	  5427 : 0
  5424	  5435 : 0
  5432	  5443 : 0
  5440	  5447 : 0
  5444	  5459 : 0
  5456	  5467 : 0
  5464	  5475 : 0
  5472	  5515 : 0
  5512	  5519 : 0
  5516	  5523 : 0
  5520	  5527 : 0
  5524	  5531 : 0
  5528	  5535 : 0
  5532	  5623 : 0
  5620	  5635 : 0
  5632	  5639 : 0
  5636	  5643 : 0
  5640	  5647 : 0
  5644	  5651 : 0
  5648	  5655 : 0
  5652	  5667 : 0
  5664	  5679 : 0
  5676	  5687 : 0
  5684	  5691 : 0
  5688	  5707 : 0
  5704	  5715 : 0
  5712	  5723 : 0
  5720	  5727 : 0
  5724	  5735 : 0
  5732	  5739 : 0
  5736	  5767 : 0
  5764	  5775 : 0
  5772	  5783 : 0
  5780	  5791 : 0
  5788	  5795 : 0
  5792	  5799 : 0
  5796	  5803 : 0
  5800	  5807 : 0
  5804	  5819 : 0
  5816	  5823 : 0
  5820	  5831 : 0
  5828	  5843 : 0
  5840	  5851 : 0
  5848	  5855 : 0
  5852	  5859 : 0
  5856	  5875 : 0
  5872	  5879 : 0
  5876	  5927 : 0
  5924	  5939 : 0
  5936	  5943 : 0
  5940	  5947 : 0
  5944	  5971 : 1
  5968	  5975 : 0
  5972	  5979 : 0
  5976	  5983 : 0
  5980	  5987 : 0
  5984	  6003 : 0
  6000	  6011 : 0
  6008	  6019 : 0
  6016	  6059 : 0
  6056	  6067 : 0
  6064	  6079 : 0
  6076	  6083 : 0
  6080	  6087 : 0
  6084	  6095 : 0
  6092	  6107 : 0
  6104	  6131 : 0
  6128	  6143 : 0
  6140	  6159 : 0
  6156	  6167 : 0
  6164	  6191 : 0
  6188	  6195 : 1
  6192	  6203 : 0
  6200	  6239 : 0
  6236	  6243 : 0
  6240	  6267 : 1
  6264	  6279 : 0
  6276	  6283 : 1
  6280	  6287 : 0
  6284	  6291 : 1
  6288	  6299 : 0
  6296	  6307 : 1
  6304	  6315 : 0
  6312	  6319 : 0
  6316	  6327 : 0
  6324	  6331 : 1
  6328	  6339 : 0
  6336	  6363 : 1
  6360	  6367 : 0
  6364	  6379 : 1
  6376	  6383 : 0
  6380	  6419 : 1
  6416	  6423 : 0
  6420	  6431 : 1
  6428	  6439 : 0
  6436	  6455 : 1
  6452	  6459 : 0
  6456	  6483 : 0
  6480	  6487 : 0
  6484	  6511 : 1
  6508	  6527 : 0
  6524	  6531 : 1
  6528	  6555 : 0
  6552	  6563 : 1
  6560	  6571 : 0
  6568	  6575 : 0
  6572	  6587 : 0
  6584	  6591 : 0
  6588	  6595 : 0
  6592	  6619 : 1
  6616	  6623 : 0
  6620	  6627 : 1
  6624	  6631 : 0
  6628	  6639 : 1
  6636	  6643 : 0
  6640	  6659 : 1
  6656	  6663 : 0
  6660	  6667 : 1
  6664	  6679 : 0
  6676	  6683 : 1
  6680	  6691 : 0
  6688	  6695 : 1
  6692	  6711 : 0
  6708	  6715 : 1
  6712	  6723 : 0
  6720	  6727 : 0
  6724	  6735 : 0
  6732	  6739 : 1
  6736	  6747 : 0
  6744	  6759 : 0
  6756	  6763 : 0
  6760	  6775 : 0
  6772	  6783 : 0
  6780	  6807 : 0
  6804	  6811 : 0
  6808	  6815 : 0
  6812	  6819 : 0
  6816	  6835 : 0
  6832	  6839 : 0
  6836	  6851 : 0
  6848	  6863 : 0
  6860	  6899 : 0
  6896	  6903 : 0
  6900	  6907 : 0
  6904	  6935 : 0
  6932	  6939 : 0
  6936	  6943 : 0
  6940	  6955 : 1
  6952	  7311 : 0
  7308	  7319 : 1
  7316	  7343 : 0
  7340	  7351 : 0
  7348	  7439 : 0
  7436	  7443 : 0
  7440	  7487 : 0
  7484	  7507 : 0
  7504	  7511 : 0
  7508	  7535 : 0
  7532	  7543 : 0
  7540	  7547 : 1
  7544	  7563 : 0
  7560	  7611 : 1
