     0	    99 : 1
    96	   111 : 0
   108	   115 : 0
   112	   135 : 0
   132	   167 : 0
   164	   279 : 0
   276	   359 : 1
   356	   391 : 0
   388	   407 : 0
   404	   419 : 0
   416	   475 : 0
   472	   511 : 0
   508	   523 : 0
   520	   539 : 0
   536	   547 : 1
   544	   555 : 0
   552	   607 : 0
   604	   675 : 0
   672	   703 : 0
   700	   719 : 0
   716	   739 : 0
   736	   763 : 0
   760	   783 : 0
   780	   787 : 0
   784	   803 : 0
   800	   807 : 0
   804	   827 : 0
   824	   843 : 0
   840	   855 : 0
   852	   867 : 0
   864	   875 : 0
   872	   883 : 0
   880	   891 : 0
   888	   911 : 0
   908	   943 : 0
   940	  1047 : 0
  1044	  1059 : 0
  1056	  1063 : 0
  1060	  1067 : 0
  1064	  1071 : 0
  1068	  1079 : 1
  1076	  1159 : 0
  1156	  1163 : 0
  1160	  1167 : 0
  1164	  1171 : 0
  1168	  1175 : 0
  1172	  1191 : 0
  1188	  1207 : 0
  1204	  1283 : 0
  1280	  1323 : 0
  1320	  1479 : 0
  1476	  1607 : 0
  1604	  1623 : 0
  1620	  1631 : 0
  1628	  1671 : 0
  1668	  1691 : 0
  1688	  1695 : 0
  1692	  1711 : 0
  1708	  1715 : 0
  1712	  1723 : 0
  1720	  1727 : 0
  1724	  1883 : 0
  1880	  1895 : 0
  1892	  1959 : 0
  1956	  2023 : 0
  2020	  2031 : 0
  2028	  2115 : 0
  2112	  2119 : 0
  2116	  2335 : 0
  2332	  2339 : 0
  2336	  2387 : 1
  2384	  2399 : 0
  2396	  2411 : 0
  2408	  2423 : 0
  2420	  2455 : 0
  2452	  2475 : 0
  2472	  2499 : 0
  2496	  2599 : 0
  2596	  2619 : 0
  2616	  2631 : 0
  2628	  2663 : 0
  2660	  2687 : 0
  2684	  2779 : 0
  2776	  2807 : 0
  2804	  2835 : 0
  2832	  2855 : 0
  2852	  2863 : 0
  2860	  2867 : 0
  2864	  2887 : 0
  2884	  2891 : 0
  2888	  2907 : 0
  2904	  2911 : 0
  2908	  2923 : 0
  2920	  2935 : 0
  2932	  2943 : 0
  2940	  2947 : 0
  2944	  2955 : 1
  2952	  3195 : 0
  3192	  3203 : 1
  3200	  3211 : 0
  3208	  3215 : 0
  3212	  3239 : 0
  3236	  3243 : 0
  3240	  3259 : 0
  3256	  3267 : 1
  3264	  3271 : 0
  3268	  3275 : 0
  3272	  3283 : 0
  3280	  3355 : 0
  3352	  3363 : 0
  3360	  3379 : 0
  3376	  3395 : 0
  3392	  3411 : 0
  3408	  3483 : 0
  3480	  3491 : 0
  3488	  3507 : 0
  3504	  3511 : 1
  3508	  3571 : 0
  3568	  3599 : 1
  3596	  3603 : 0
  3600	  3607 : 0
  3604	  3619 : 0
  3616	  3627 : 1
  3624	  3835 : 0
  3832	  3847 : 1
  3844	  3851 : 0
  3848	  3855 : 0
  3852	  3903 : 0
  3900	  3911 : 1
  3908	  3975 : 0
  3972	  3983 : 1
  3980	  3991 : 0
  3988	  4011 : 0
  4008	  4071 : 0
  4068	  4099 : 1
  4096	  4195 : 0
  4192	  4263 : 0
  4260	  4327 : 0
  4324	  4335 : 1
  4332	  4379 : 0
  4376	  4411 : 1
  4408	  4427 : 0
  4424	  4495 : 1
  4492	  4503 : 0
  4500	  4519 : 0
  4516	  4543 : 0
  4540	  4579 : 0
  4576	  4643 : 0
  4640	  4651 : 1
  4648	  4707 : 0
  4704	  4711 : 1
  4708	  4855 : 0
  4852	  4863 : 1
  4860	  4935 : 0
  4932	  4955 : 1
  4952	  4959 : 0
  4956	  4983 : 0
  4980	  5031 : 0
  5028	  5055 : 1
  5052	  5103 : 0
  5100	  5143 : 1
  5140	  5147 : 0
  5144	  5155 : 1
  5152	  5199 : 0
  5196	  5203 : 1
  5200	  5239 : 0
  5236	  5247 : 0
  5244	  5251 : 0
  5248	  5255 : 0
  5252	  5323 : 0
  5320	  5331 : 1
  5328	  5335 : 0
  5332	  5343 : 0
  5340	  5351 : 0
  5348	  5367 : 0
  5364	  5395 : 0
  5392	  5415 : 0
  5412	  5435 : 0
  5432	  5483 : 1
  5480	  5547 : 0
  5544	  5555 : 1
  5552	  5567 : 0
  5564	  5579 : 0
  5576	  5583 : 0
  5580	  5591 : 0
  5588	  5623 : 0
  5620	  5627 : 1
  5624	  5703 : 0
  5700	  5719 : 0
  5716	  5759 : 0
  5756	  5767 : 0
  5764	  5819 : 0
  5816	  5871 : 0
  5868	  5883 : 0
  5880	  5887 : 1
  5884	  5931 : 0
  5928	  5955 : 1
  5952	  5971 : 0
  5968	  5999 : 1
  5996	  6003 : 0
  6000	  6099 : 0
  6096	  6123 : 0
  6120	  6211 : 0
  6208	  6227 : 0
  6224	  6235 : 1
  6232	  6319 : 0
  6316	  6323 : 0
  6320	  6403 : 0
  6400	  6411 : 1
  6408	  6415 : 0
  6412	  6419 : 0
  6416	  6423 : 0
  6420	  6459 : 0
  6456	  6483 : 0
  6480	  6491 : 1
  6488	  6495 : 0
  6492	  6531 : 0
  6528	  6539 : 0
  6536	  6543 : 1
  6540	  6663 : 0
  6660	  6667 : 1
  6664	  6859 : 0
  6856	  6875 : 0
  6872	  6899 : 0
  6896	  6903 : 0
  6900	  6915 : 0
  6912	  6927 : 0
  6924	  7023 : 0
  7020	  7027 : 0
  7024	  7115 : 0
  7112	  7227 : 0
  7224	  7295 : 0
  7292	  7339 : 0
  7336	  7351 : 0
  7348	  7367 : 0
  7364	  7371 : 0
  7368	  7387 : 0
  7384	  7399 : 0
  7396	  7435 : 0
  7432	  7443 : 0
  7440	  7463 : 0
  7460	  7471 : 0
  7468	  7495 : 0
  7492	  7507 : 0
  7504	  7515 : 1
  7512	  7531 : 0
  7528	  7551 : 1
  7548	  7579 : 0
  7576	  7603 : 1
  7600	  7615 : 0
  7612	  7635 : 0
  7632	  7687 : 0
  7684	  7715 : 1
  7712	  7843 : 0
  7840	  7859 : 0
  7856	  7875 : 0
  7872	  7887 : 0
  7884	  7891 : 0
  7888	  7923 : 0
  7920	  8043 : 0
  8040	  8047 : 1
  8044	  8155 : 0
  8152	  8159 : 1
  8156	  8251 : 0
  8248	  8335 : 0
  8332	  8339 : 0
  8336	  8359 : 1
  8356	  8375 : 0
  8372	  8391 : 0
  8388	  8395 : 0
  8392	  8399 : 0
  8396	  8407 : 0
  8404	  8415 : 0
  8412	  8423 : 0
  8420	  8467 : 0
  8464	  8479 : 0
  8476	  8507 : 0
  8504	  8511 : 0
  8508	  8547 : 0
  8544	  8575 : 0
  8572	  8583 : 0
  8580	  8587 : 0
  8584	  8599 : 0
  8596	  8611 : 0
  8608	  8619 : 0
  8616	  8659 : 0
  8656	  8675 : 0
  8672	  8679 : 0
  8676	  8699 : 0
  8696	  8783 : 0
  8780	  8879 : 0
  8876	  8959 : 0
  8956	  9003 : 0
  9000	  9075 : 0
  9072	  9115 : 1
  9112	  9127 : 0
  9124	  9135 : 0
  9132	  9139 : 0
  9136	  9147 : 1
  9144	  9199 : 0
  9196	  9207 : 1
  9204	  9219 : 0
  9216	  9223 : 0
  9220	  9251 : 0
  9248	  9259 : 0
  9256	  9275 : 0
  9272	  9283 : 0
  9280	  9379 : 0
  9376	  9435 : 0
  9432	  9439 : 0
  9436	  9463 : 0
  9460	  9467 : 2
  9464	  9507 : 0
  9504	  9571 : 0
  9568	  9579 : 1
  9576	  9727 : 0
  9724	  9751 : 0
  9748	  9819 : 0
  9816	  9887 : 1
  9884	  9891 : 0
  9888	  9895 : 0
  9892	  9903 : 0
  9900	  9907 : 1
  9904	  9967 : 0
  9964	  9975 : 1
  9972	 10059 : 0
 10056	 10067 : 0
 10064	 10099 : 0
 10096	 10103 : 0
 10100	 10135 : 0
 10132	 10143 : 1
 10140	 10219 : 0
 10216	 10383 : 1
