     0	   147 : 0
   144	   199 : 0
   196	   299 : 0
   296	   307 : 1
   304	   499 : 0
   496	   507 : 1
   504	   599 : 0
   596	   607 : 1
   604	   699 : 0
   696	   707 : 1
   704	   799 : 0
   796	   807 : 1
   804	   899 : 0
   896	  1007 : 1
  1004	  1103 : 0
  1100	  1107 : 1
  1104	  1199 : 0
  1196	  1207 : 1
  1204	  1303 : 0
  1300	  1487 : 1
  1484	  1499 : 0
  1496	  1507 : 1
  1504	  1599 : 0
  1596	  1703 : 1
  1700	  1707 : 0
  1704	  1807 : 0
  1804	  1899 : 0
  1896	  1907 : 1
  1904	  1999 : 0
  1996	  2007 : 1
  2004	  2107 : 0
  2104	  2111 : 1
  2108	  2147 : 0
  2144	  2155 : 0
  2152	  2159 : 0
  2156	  2163 : 0
  2160	  2167 : 0
  2164	  2171 : 0
  2168	  2187 : 0
  2184	  2191 : 0
  2188	  2199 : 0
  2196	  2223 : 1
  2220	  2227 : 0
  2224	  2259 : 0
  2256	  2407 : 0
  2404	  2411 : 0
  2408	  2455 : 0
  2452	  2459 : 0
  2456	  2503 : 0
  2500	  2507 : 1
  2504	  2511 : 0
  2508	  2539 : 0
  2536	  2555 : 0
  2552	  2559 : 0
  2556	  2571 : 0
  2568	  2607 : 0
  2604	  2611 : 0
  2608	  2615 : 0
  2612	  2619 : 0
  2616	  2623 : 0
  2620	  2643 : 0
  2640	  2651 : 0
  2648	  2667 : 0
  2664	  2671 : 0
  2668	  2691 : 0
  2688	  2695 : 0
  2692	  2699 : 0
  2696	  2707 : 1
  2704	  2791 : 0
  2788	  2931 : 1
  2928	  2975 : 0
  2972	  2979 : 1
  2976	  3027 : 0
  3024	  3031 : 1
  3028	  3035 : 0
  3032	  3039 : 1
  3036	  3047 : 0
  3044	  3071 : 0
  3068	  3075 : 0
  3072	  3083 : 1
  3080	  3087 : 0
  3084	  3091 : 1
  3088	  3103 : 0
  3100	  3107 : 1
  3104	  3151 : 0
  3148	  3159 : 1
  3156	  3199 : 0
  3196	  3207 : 1
  3204	  3239 : 0
  3236	  3247 : 0
  3244	  3303 : 0
  3300	  3307 : 1
  3304	  3315 : 0
  3312	  3319 : 1
  3316	  3347 : 0
  3344	  3351 : 1
  3348	  3375 : 0
  3372	  3383 : 1
  3380	  3387 : 0
  3384	  3391 : 1
  3388	  3395 : 0
  3392	  3403 : 0
  3400	  3427 : 0
  3424	  3435 : 1
  3432	  3451 : 0
  3448	  3479 : 1
  3476	  3491 : 0
  3488	  3499 : 1
  3496	  3503 : 0
  3500	  3511 : 1
  3508	  3515 : 0
  3512	  3527 : 0
  3524	  3551 : 0
  3548	  3555 : 1
  3552	  3559 : 0
  3556	  3567 : 0
  3564	  3575 : 0
  3572	  3583 : 1
  3580	  3607 : 0
  3604	  3619 : 0
  3616	  3627 : 0
  3624	  3639 : 1
  3636	  3643 : 0
  3640	  3647 : 0
  3644	  3663 : 0
  3660	  3667 : 1
  3664	  3675 : 0
  3672	  3683 : 1
  3680	  3691 : 0
  3688	  3707 : 1
  3704	  4091 : 0
  4088	  4103 : 0
  4100	  4507 : 0
  4504	  4579 : 0
  4576	  4583 : 0
  4580	  4587 : 0
  4584	  4735 : 0
  4732	  4763 : 0
  4760	  4779 : 0
  4776	  4799 : 0
  4796	  4903 : 0
  4900	  4907 : 1
  4904	  5003 : 0
  5000	  5043 : 0
  5040	  5299 : 0
  5296	  5303 : 1
  5300	  5359 : 0
  5356	  5363 : 0
  5360	  5427 : 0
  5424	  5431 : 0
  5428	  5671 : 0
  5668	  5675 : 0
  5672	  5811 : 0
  5808	  5819 : 0
  5816	  5831 : 0
  5828	  5847 : 0
  5844	  5891 : 0
  5888	  5895 : 0
  5892	  5951 : 0
  5948	  5967 : 0
  5964	  6019 : 0
  6016	  6023 : 0
  6020	  6039 : 0
  6036	  6063 : 0
  6060	  6095 : 0
  6092	  6115 : 0
  6112	  6175 : 0
  6172	  6375 : 0
