     0	   327 : 0
   324	   339 : 0
   336	   343 : 0
   340	   355 : 0
   352	   419 : 0
   416	   423 : 0
   420	   431 : 1
   428	   435 : 0
   432	   479 : 0
   476	   503 : 0
   500	   523 : 0
   520	   527 : 0
   524	   651 : 0
   648	   655 : 0
   652	   683 : 0
   680	   691 : 0
   688	   715 : 0
   712	   727 : 0
   724	   743 : 0
   740	   747 : 0
   744	   751 : 0
   748	   755 : 0
   752	   775 : 0
   772	   787 : 0
   784	   795 : 1
   792	   807 : 0
   804	   823 : 0
   820	   827 : 0
   824	   839 : 0
   836	   843 : 0
   840	   851 : 1
   848	  1055 : 0
  1052	  1075 : 0
  1072	  1079 : 0
  1076	  1191 : 0
  1188	  1203 : 0
  1200	  1211 : 0
  1208	  1387 : 0
  1384	  1391 : 1
  1388	  1403 : 0
  1400	  1411 : 0
  1408	  1435 : 0
  1432	  1459 : 0
  1456	  1471 : 0
  1468	  1555 : 0
  1552	  1559 : 0
  1556	  1571 : 0
  1568	  1575 : 0
  1572	  1599 : 0
  1596	  1603 : 0
  1600	  1615 : 0
  1612	  1659 : 0
  1656	  1675 : 0
  1672	  1683 : 0
  1680	  1691 : 1
  1688	  1711 : 0
  1708	  1731 : 0
  1728	  1747 : 0
  1744	  1759 : 0
  1756	  1763 : 0
  1760	  1771 : 0
  1768	  1775 : 0
  1772	  1787 : 0
  1784	  1791 : 0
  1788	  1847 : 0
  1844	  1859 : 0
  1856	  1863 : 0
  1860	  1883 : 0
  1880	  1887 : 0
  1884	  1927 : 0
  1924	  1935 : 0
  1932	  1943 : 0
  1940	  1983 : 0
  1980	  1987 : 0
  1984	  2011 : 0
  2008	  2015 : 0
  2012	  2023 : 0
  2020	  2035 : 0
  2032	  2067 : 0
  2064	  2087 : 0
  2084	  2095 : 1
  2092	  2211 : 0
  2208	  2219 : 1
  2216	  2363 : 0
  2360	  2367 : 0
  2364	  2391 : 0
  2388	  2399 : 0
  2396	  2431 : 0
  2428	  2491 : 0
  2488	  2499 : 0
  2496	  2523 : 0
  2520	  2527 : 0
  2524	  2559 : 0
  2556	  2571 : 0
  2568	  2579 : 0
  2576	  2587 : 0
  2584	  2599 : 0
  2596	  2627 : 0
  2624	  2639 : 0
  2636	  2643 : 0
  2640	  2691 : 0
  2688	  2751 : 0
  2748	  2759 : 0
  2756	  2763 : 0
  2760	  2771 : 0
  2768	  2807 : 0
  2804	  2811 : 0
  2808	  2839 : 0
  2836	  2847 : 0
  2844	  2851 : 0
  2848	  2899 : 0
  2896	  2911 : 0
  2908	  2919 : 0
  2916	  2943 : 0
  2940	  2947 : 0
  2944	  2951 : 0
  2948	  2979 : 0
  2976	  3007 : 0
  3004	  3055 : 0
  3052	  3083 : 0
  3080	  3091 : 0
  3088	  3107 : 0
  3104	  3123 : 0
  3120	  3139 : 0
  3136	  3195 : 0
  3192	  3267 : 0
  3264	  3275 : 0
  3272	  3279 : 0
  3276	  3295 : 0
  3292	  3315 : 0
  3312	  3339 : 0
  3336	  3343 : 0
  3340	  3351 : 0
  3348	  3383 : 0
  3380	  3387 : 0
  3384	  3395 : 0
  3392	  3455 : 0
  3452	  3463 : 0
  3460	  3471 : 0
  3468	  3479 : 0
  3476	  3487 : 1
  3484	  3591 : 0
  3588	  3595 : 0
  3592	  3635 : 0
  3632	  3647 : 1
  3644	  3675 : 0
  3672	  3683 : 0
  3680	  3703 : 0
  3700	  3719 : 0
  3716	  3723 : 0
  3720	  3735 : 0
  3732	  3751 : 0
  3748	  3791 : 0
  3788	  3799 : 0
  3796	  3803 : 0
  3800	  3807 : 0
  3804	  3827 : 1
  3824	  4007 : 0
  4004	  4011 : 0
  4008	  4019 : 0
  4016	  4059 : 0
  4056	  4103 : 0
  4100	  4135 : 0
  4132	  4175 : 0
  4172	  4191 : 0
  4188	  4227 : 0
  4224	  4231 : 0
  4228	  4235 : 0
  4232	  4251 : 0
  4248	  4347 : 0
  4344	  4419 : 0
  4416	  4435 : 0
  4432	  4439 : 0
  4436	  4443 : 0
  4440	  4455 : 0
  4452	  4459 : 0
  4456	  4463 : 0
  4460	  4467 : 0
  4464	  4475 : 0
  4472	  4527 : 0
  4524	  4559 : 0
  4556	  4627 : 0
  4624	  4635 : 0
  4632	  4647 : 0
  4644	  4655 : 0
  4652	  4663 : 0
  4660	  4683 : 0
  4680	  4699 : 0
  4696	  4707 : 0
  4704	  4727 : 0
  4724	  4763 : 0
  4760	  4803 : 0
  4800	  4811 : 0
  4808	  4847 : 0
  4844	  4855 : 0
  4852	  4859 : 0
  4856	  4907 : 0
  4904	  4919 : 0
  4916	  4927 : 0
  4924	  4935 : 0
  4932	  4967 : 0
  4964	  4971 : 0
  4968	  4995 : 0
  4992	  5003 : 0
  5000	  5291 : 1
  5288	  5295 : 0
  5292	  5355 : 0
  5352	  5371 : 0
  5368	  5375 : 0
  5372	  5383 : 0
  5380	  5423 : 0
  5420	  5431 : 0
  5428	  5443 : 0
  5440	  5467 : 0
  5464	  5499 : 0
  5496	  5503 : 0
  5500	  5515 : 0
  5512	  5519 : 0
  5516	  5547 : 0
  5544	  5571 : 0
  5568	  5643 : 0
  5640	  5651 : 0
  5648	  5667 : 0
  5664	  5671 : 0
  5668	  5675 : 0
  5672	  5687 : 0
  5684	  5735 : 0
  5732	  5743 : 0
  5740	  5747 : 0
  5744	  5779 : 0
  5776	  5787 : 0
  5784	  5795 : 0
  5792	  5815 : 0
  5812	  5819 : 0
  5816	  5839 : 0
  5836	  5851 : 0
  5848	  5859 : 1
  5856	  5867 : 0
  5864	  5911 : 0
  5908	  5919 : 0
  5916	  5923 : 0
  5920	  5947 : 0
  5944	  5951 : 0
  5948	  5967 : 0
  5964	  6023 : 0
  6020	  6055 : 0
  6052	  6059 : 0
  6056	  6067 : 0
  6064	  6087 : 0
  6084	  6091 : 0
  6088	  6123 : 0
  6120	  6135 : 0
  6132	  6139 : 0
  6136	  6155 : 0
  6152	  6159 : 0
  6156	  6179 : 0
  6176	  6219 : 0
  6216	  6223 : 0
  6220	  6227 : 0
  6224	  6239 : 0
  6236	  6243 : 0
  6240	  6247 : 0
  6244	  6255 : 0
  6252	  6275 : 0
  6272	  6287 : 0
  6284	  6295 : 0
  6292	  6303 : 0
  6300	  6323 : 0
  6320	  6611 : 0
