     0	    71 : 0
    68	    95 : 0
    92	   111 : 0
   108	   115 : 0
   112	   123 : 1
   120	   147 : 0
   144	   151 : 1
   148	   159 : 0
   156	   163 : 0
   160	   175 : 0
   172	   199 : 1
   196	   203 : 0
   200	   211 : 0
   208	   239 : 0
   236	   243 : 0
   240	   247 : 0
   244	   251 : 1
   248	   263 : 0
   260	   287 : 0
   284	   311 : 0
   308	   315 : 0
   312	   319 : 0
   316	   343 : 1
   340	   359 : 0
   356	   395 : 1
   392	   419 : 0
   416	   427 : 1
   424	   435 : 0
   432	   447 : 0
   444	   451 : 0
   448	   455 : 1
   452	   483 : 0
   480	   491 : 1
   488	   551 : 0
   548	   751 : 1
   748	   911 : 0
   908	  1083 : 1
  1080	  1231 : 0
  1228	  1235 : 0
  1232	  1243 : 0
  1240	  1351 : 1
  1348	  1355 : 0
  1352	  1375 : 0
  1372	  1379 : 0
  1376	  1383 : 1
  1380	  1399 : 0
  1396	  1423 : 0
  1420	  1451 : 0
  1448	  1455 : 0
  1452	  1463 : 0
  1460	  1471 : 0
  1468	  1483 : 0
  1480	  1563 : 0
  1560	  1763 : 0
  1760	  1791 : 1
  1788	  1807 : 0
  1804	  1867 : 0
  1864	  1935 : 0
  1932	  1963 : 1
  1960	  1967 : 0
  1964	  2087 : 0
  2084	  2155 : 0
  2152	  2207 : 1
  2204	  2315 : 0
  2312	  2327 : 0
  2324	  2331 : 0
  2328	  2395 : 0
  2392	  2399 : 0
  2396	  2411 : 1
  2408	  2679 : 0
  2676	  2727 : 1
  2724	  2783 : 0
  2780	  2795 : 0
  2792	  2807 : 0
  2804	  2851 : 0
  2848	  2855 : 0
  2852	  2923 : 0
  2920	  3155 : 0
  3152	  3247 : 1
  3244	  3255 : 0
  3252	  3263 : 0
  3260	  3299 : 0
  3296	  3339 : 0
  3336	  3419 : 0
  3416	  3423 : 0
  3420	  3475 : 0
  3472	  3479 : 0
  3476	  3495 : 0
  3492	  3515 : 1
  3512	  3527 : 0
  3524	  3591 : 0
  3588	  3599 : 0
  3596	  3603 : 0
  3600	  3607 : 0
  3604	  3631 : 0
  3628	  3635 : 0
  3632	  3695 : 0
  3692	  3699 : 0
  3696	  3707 : 0
  3704	  3711 : 0
  3708	  3723 : 0
  3720	  3727 : 0
  3724	  3731 : 0
  3728	  3739 : 0
  3736	  4343 : 0
  4340	  4347 : 0
  4344	  4375 : 0
  4372	  4379 : 0
  4376	  4483 : 0
  4480	  4487 : 0
  4484	  4555 : 0
  4552	  4559 : 0
  4556	  4659 : 0
  4656	  4711 : 0
  4708	  4715 : 0
  4712	  4747 : 0
  4744	  4751 : 0
  4748	  4851 : 0
  4848	  4855 : 0
  4852	  4883 : 0
  4880	  4887 : 0
  4884	  4891 : 0
  4888	  4895 : 0
  4892	  4967 : 0
  4964	  4971 : 0
  4968	  5055 : 0
  5052	  5075 : 1
  5072	  5155 : 0
  5152	  5159 : 0
  5156	  5167 : 0
  5164	  5215 : 0
  5212	  5219 : 0
  5216	  5227 : 1
  5224	  5263 : 0
  5260	  5315 : 0
  5312	  5335 : 0
  5332	  5971 : 1
  5968	  6311 : 0
  6308	  6367 : 1
  6364	  6371 : 0
  6368	  6407 : 1
  6404	  6419 : 0
  6416	  6447 : 0
  6444	  6647 : 0
  6644	  6695 : 0
  6692	  6823 : 0
  6820	  6895 : 1
  6892	  7255 : 0
  7252	  7335 : 0
  7332	  7359 : 0
  7356	  7939 : 0
  7936	  7943 : 0
  7940	  8099 : 0
  8096	  8107 : 0
  8104	  8111 : 0
  8108	  8115 : 0
  8112	  8375 : 0
