     0	    27 : 0
    24	    35 : 0
    32	   103 : 0
   100	   107 : 0
   104	   115 : 0
   112	   219 : 0
   216	   223 : 1
   220	   283 : 0
   280	   291 : 1
   288	   319 : 0
   316	   323 : 0
   320	   347 : 0
   344	   355 : 1
   352	   383 : 0
   380	   391 : 1
   388	   415 : 0
   412	   419 : 1
   416	   455 : 0
   452	   487 : 1
   484	   515 : 0
   512	   519 : 1
   516	   535 : 0
   532	   539 : 1
   536	   567 : 0
   564	   575 : 1
   572	   603 : 0
   600	   611 : 1
   608	   615 : 0
   612	   623 : 0
   620	   687 : 0
   684	   691 : 1
   688	   711 : 0
   708	   715 : 0
   712	   719 : 0
   716	   723 : 0
   720	   731 : 0
   728	   735 : 0
   732	   743 : 0
   740	   771 : 1
   768	   783 : 0
   780	   831 : 1
   828	   843 : 0
   840	   855 : 0
   852	   867 : 0
   864	   875 : 0
   872	   887 : 0
   884	   891 : 1
   888	   959 : 0
   956	   963 : 1
   960	   967 : 2
   964	  1011 : 0
  1008	  1023 : 1
  1020	  1027 : 0
  1024	  1031 : 1
  1028	  1039 : 0
  1036	  1043 : 0
  1040	  1047 : 0
  1044	  1051 : 0
  1048	  1059 : 0
  1056	  1071 : 0
  1068	  1079 : 0
  1076	  1087 : 1
  1084	  1091 : 0
  1088	  1123 : 0
  1120	  1151 : 0
  1148	  1155 : 1
  1152	  1171 : 0
  1168	  1175 : 2
  1172	  1179 : 0
  1176	  1223 : 0
  1220	  1231 : 0
  1228	  1235 : 0
  1232	  1251 : 0
  1248	  1263 : 0
  1260	  1267 : 0
  1264	  1271 : 0
  1268	  1283 : 0
  1280	  1303 : 1
  1300	  1315 : 0
  1312	  1319 : 0
  1316	  1343 : 0
  1340	  1347 : 0
  1344	  1379 : 0
  1376	  1387 : 1
  1384	  1395 : 0
  1392	  1399 : 0
  1396	  1403 : 0
  1400	  1407 : 0
  1404	  1475 : 0
  1472	  1479 : 0
  1476	  1483 : 0
  1480	  1491 : 0
  1488	  1503 : 0
  1500	  1511 : 0
  1508	  1539 : 0
  1536	  1571 : 1
  1568	  1595 : 0
  1592	  1603 : 1
  1600	  1647 : 0
  1644	  1659 : 1
  1656	  1711 : 0
  1708	  1719 : 1
  1716	  1739 : 0
  1736	  1743 : 1
  1740	  1851 : 0
  1848	  1859 : 1
  1856	  1903 : 0
  1900	  1915 : 1
  1912	  2159 : 0
  2156	  2251 : 1
  2248	  2291 : 0
  2288	  2327 : 0
  2324	  2359 : 0
  2356	  2367 : 1
  2364	  2371 : 0
  2368	  2399 : 0
  2396	  2431 : 0
  2428	  2435 : 1
  2432	  2475 : 0
  2472	  2483 : 1
  2480	  2551 : 0
  2548	  2559 : 1
  2556	  2591 : 0
  2588	  2599 : 0
  2596	  2615 : 0
  2612	  2627 : 0
  2624	  2659 : 0
  2656	  2663 : 1
  2660	  2739 : 0
  2736	  2743 : 1
  2740	  2795 : 0
  2792	  2831 : 0
  2828	  2835 : 0
  2832	  2855 : 0
  2852	  2899 : 0
  2896	  3095 : 1
  3092	  3099 : 0
  3096	  3103 : 0
  3100	  3111 : 0
  3108	  3119 : 0
  3116	  3123 : 0
  3120	  3135 : 0
  3132	  3147 : 0
  3144	  3151 : 0
  3148	  3155 : 0
  3152	  3207 : 0
  3204	  3211 : 0
  3208	  3215 : 1
  3212	  3219 : 0
  3216	  3227 : 0
  3224	  3231 : 0
  3228	  3259 : 0
  3256	  3263 : 0
  3260	  3275 : 0
  3272	  3315 : 0
  3312	  3339 : 1
  3336	  3351 : 0
  3348	  3355 : 1
  3352	  3367 : 0
  3364	  3371 : 0
  3368	  3407 : 0
  3404	  3415 : 0
  3412	  3419 : 0
  3416	  3423 : 0
  3420	  3547 : 0
  3544	  3555 : 0
  3552	  3567 : 0
  3564	  3571 : 0
  3568	  3575 : 0
  3572	  3595 : 0
  3592	  3615 : 0
  3612	  3619 : 0
  3616	  3623 : 0
  3620	  3631 : 0
  3628	  3635 : 0
  3632	  3643 : 0
  3640	  3651 : 0
  3648	  3659 : 0
  3656	  3663 : 0
  3660	  3707 : 0
  3704	  3727 : 0
  3724	  3747 : 0
  3744	  3751 : 0
  3748	  3755 : 0
  3752	  3759 : 0
  3756	  3783 : 0
  3780	  3791 : 0
  3788	  3795 : 0
  3792	  3803 : 0
  3800	  3807 : 0
  3804	  3811 : 0
  3808	  3815 : 0
  3812	  3827 : 0
  3824	  3839 : 0
  3836	  3899 : 0
  3896	  3903 : 0
  3900	  3915 : 0
  3912	  3919 : 1
  3916	  3979 : 0
  3976	  3983 : 0
  3980	  4063 : 0
  4060	  4067 : 0
  4064	  4075 : 0
  4072	  4083 : 1
  4080	  4119 : 0
  4116	  4123 : 2
  4120	  4159 : 0
  4156	  4227 : 0
  4224	  4231 : 0
  4228	  4247 : 0
  4244	  4255 : 0
  4252	  4279 : 0
  4276	  4335 : 0
  4332	  4351 : 0
  4348	  4359 : 1
  4356	  4387 : 0
  4384	  4391 : 0
  4388	  4407 : 0
  4404	  4411 : 1
  4408	  4479 : 0
  4476	  4483 : 0
  4480	  4511 : 0
  4508	  4523 : 0
  4520	  4535 : 0
  4532	  4543 : 1
  4540	  4583 : 0
  4580	  4591 : 1
  4588	  4595 : 0
  4592	  4635 : 0
  4632	  4675 : 0
  4672	  4679 : 0
  4676	  4695 : 0
  4692	  4699 : 0
  4696	  4711 : 0
  4708	  4739 : 0
  4736	  4827 : 0
  4824	  4831 : 1
  4828	  4887 : 0
  4884	  4895 : 1
  4892	  4915 : 0
  4912	  4919 : 0
  4916	  4971 : 0
  4968	  4975 : 0
  4972	  5003 : 0
  5000	  5011 : 1
  5008	  5019 : 0
  5016	  5067 : 0
  5064	  5079 : 0
  5076	  5083 : 0
  5080	  5107 : 0
  5104	  5143 : 0
  5140	  5171 : 0
  5168	  5207 : 1
  5204	  5279 : 0
  5276	  5287 : 1
  5284	  5291 : 0
  5288	  5319 : 0
  5316	  5323 : 0
  5320	  5335 : 0
  5332	  5355 : 0
  5352	  5387 : 0
  5384	  5391 : 0
  5388	  5395 : 0
  5392	  5431 : 0
  5428	  5443 : 1
  5440	  5447 : 0
  5444	  5451 : 0
  5448	  5467 : 0
  5464	  5475 : 1
  5472	  5503 : 0
  5500	  5559 : 1
  5556	  5571 : 0
  5568	  5575 : 1
  5572	  5595 : 0
  5592	  5607 : 0
  5604	  5627 : 0
  5624	  5635 : 1
  5632	  5707 : 0
  5704	  5715 : 1
  5712	  5751 : 0
  5748	  5759 : 1
  5756	  5811 : 0
  5808	  5827 : 0
  5824	  5859 : 0
  5856	  5871 : 0
  5868	  5951 : 0
  5948	  6015 : 1
