     0	   139 : 0
   136	   239 : 0
   236	   247 : 0
   244	   359 : 0
   356	   395 : 0
   392	   567 : 0
   564	   571 : 1
   568	   683 : 0
   680	   687 : 0
   684	   703 : 0
   700	   711 : 0
   708	   715 : 0
   712	   723 : 0
   720	   911 : 0
   908	   919 : 0
   916	  1091 : 0
  1088	  1111 : 0
  1108	  1155 : 0
  1152	  1439 : 1
  1436	  1447 : 0
  1444	  1451 : 2
  1448	  1523 : 0
  1520	  1567 : 0
  1564	  1703 : 1
  1700	  1751 : 0
  1748	  1755 : 0
  1752	  1767 : 0
  1764	  1775 : 0
  1772	  1787 : 0
  1784	  1795 : 1
  1792	  1819 : 0
  1816	  1831 : 0
  1828	  1835 : 0
  1832	  1839 : 0
  1836	  1863 : 0
  1860	  1879 : 0
  1876	  1939 : 0
  1936	  1987 : 0
  1984	  1995 : 0
  1992	  2003 : 0
  2000	  2011 : 0
  2008	  2043 : 0
  2040	  2055 : 0
  2052	  2087 : 0
  2084	  2127 : 0
  2124	  2131 : 0
  2128	  2183 : 0
  2180	  2191 : 1
  2188	  2255 : 0
  2252	  2259 : 0
  2256	  2303 : 0
  2300	  2307 : 0
  2304	  2311 : 0
  2308	  2315 : 0
  2312	  2335 : 0
  2332	  2339 : 0
  2336	  2343 : 0
  2340	  2355 : 0
  2352	  2367 : 0
  2364	  2379 : 0
  2376	  2395 : 0
  2392	  2403 : 0
  2400	  2415 : 0
  2412	  2419 : 0
  2416	  2431 : 0
  2428	  2467 : 1
  2464	  2479 : 0
  2476	  2511 : 0
  2508	  2603 : 0
  2600	  2607 : 0
  2604	  2615 : 0
  2612	  2667 : 0
  2664	  2679 : 0
  2676	  2683 : 0
  2680	  2687 : 0
  2684	  2699 : 0
  2696	  2731 : 0
  2728	  2759 : 0
  2756	  2771 : 0
  2768	  2799 : 0
  2796	  2843 : 0
  2840	  2847 : 0
  2844	  2895 : 0
  2892	  2899 : 0
  2896	  2903 : 0
  2900	  2911 : 0
  2908	  2959 : 0
  2956	  2963 : 0
  2960	  2991 : 0
  2988	  2995 : 1
  2992	  3015 : 0
  3012	  3043 : 0
  3040	  3047 : 0
  3044	  3055 : 0
  3052	  3071 : 0
  3068	  3075 : 0
  3072	  3083 : 0
  3080	  3099 : 0
  3096	  3107 : 0
  3104	  3111 : 0
  3108	  3119 : 0
  3116	  3139 : 0
  3136	  3143 : 0
  3140	  3207 : 0
  3204	  3215 : 0
  3212	  3235 : 0
  3232	  3251 : 0
  3248	  3287 : 0
  3284	  3339 : 0
  3336	  3351 : 0
  3348	  3375 : 0
  3372	  3391 : 1
  3388	  3443 : 0
  3440	  3451 : 0
  3448	  3511 : 0
  3508	  3515 : 0
  3512	  3583 : 0
  3580	  3595 : 0
  3592	  3643 : 0
  3640	  3647 : 0
  3644	  3675 : 0
  3672	  3735 : 1
  3732	  3763 : 0
  3760	  3771 : 0
  3768	  3787 : 0
  3784	  3803 : 0
  3800	  3931 : 0
  3928	  3939 : 0
  3936	  4083 : 0
  4080	  4091 : 0
  4088	  4103 : 0
  4100	  4107 : 0
  4104	  4115 : 0
  4112	  4143 : 0
  4140	  4183 : 0
  4180	  4187 : 0
  4184	  4199 : 0
  4196	  4259 : 0
  4256	  4263 : 0
  4260	  4267 : 0
  4264	  4287 : 0
  4284	  4291 : 1
  4288	  4303 : 0
  4300	  4315 : 0
  4312	  4319 : 0
  4316	  4323 : 0
  4320	  4383 : 0
  4380	  4387 : 0
  4384	  4399 : 0
  4396	  4403 : 0
  4400	  4415 : 0
  4412	  4423 : 1
  4420	  4519 : 0
  4516	  4531 : 0
  4528	  4539 : 0
  4536	  4567 : 0
  4564	  4571 : 0
  4568	  4591 : 0
  4588	  4595 : 0
  4592	  4623 : 0
  4620	  4627 : 0
  4624	  4643 : 0
  4640	  4651 : 0
  4648	  4659 : 0
  4656	  4663 : 2
  4660	  4795 : 0
  4792	  4943 : 0
  4940	  4963 : 0
  4960	  5119 : 0
  5116	  5123 : 0
  5120	  5259 : 0
  5256	  5267 : 1
  5264	  5403 : 0
  5400	  5427 : 1
  5424	  5487 : 0
  5484	  5495 : 0
  5492	  5583 : 0
  5580	  5587 : 0
  5584	  5631 : 0
  5628	  5639 : 1
  5636	  5715 : 0
  5712	  5735 : 1
  5732	  5759 : 0
  5756	  5795 : 0
  5792	  5807 : 0
  5804	  5811 : 0
  5808	  5831 : 0
  5828	  5855 : 0
  5852	  5859 : 0
  5856	  5867 : 0
  5864	  5903 : 0
  5900	  5907 : 0
  5904	  5911 : 0
  5908	  5935 : 0
  5932	  5943 : 0
  5940	  5947 : 0
  5944	  5951 : 0
  5948	  5955 : 1
  5952	  6011 : 0
  6008	  6015 : 0
  6012	  6059 : 0
  6056	  6067 : 1
  6064	  6071 : 0
  6068	  6083 : 0
  6080	  6087 : 0
  6084	  6103 : 0
  6100	  6107 : 0
  6104	  6111 : 0
  6108	  6115 : 0
  6112	  6123 : 0
  6120	  6147 : 0
  6144	  6155 : 1
  6152	  6203 : 0
  6200	  6231 : 1
  6228	  6255 : 0
  6252	  6267 : 0
  6264	  6403 : 0
  6400	  6443 : 0
  6440	  6447 : 0
  6444	  6467 : 0
  6464	  6471 : 0
  6468	  6511 : 0
  6508	  6531 : 0
  6528	  6543 : 0
  6540	  6555 : 0
  6552	  6571 : 1
  6568	  6591 : 0
  6588	  6603 : 0
  6600	  6607 : 0
  6604	  6615 : 0
  6612	  6619 : 0
  6616	  6655 : 1
  6652	  6659 : 0
  6656	  6703 : 1
  6700	  6715 : 0
  6712	  6719 : 1
  6716	  6751 : 0
  6748	  6791 : 0
  6788	  6819 : 0
  6816	  6875 : 0
  6872	  6879 : 0
  6876	  6887 : 1
  6884	  7003 : 0
  7000	  7047 : 1
  7044	  7143 : 0
  7140	  7163 : 1
  7160	  7171 : 0
  7168	  7179 : 0
  7176	  7187 : 0
  7184	  7215 : 0
  7212	  7227 : 0
  7224	  7231 : 0
  7228	  7251 : 0
  7248	  7287 : 0
  7284	  7295 : 0
  7292	  7315 : 0
  7312	  7399 : 0
  7396	  7411 : 1
  7408	  7423 : 0
  7420	  7487 : 0
  7484	  7491 : 0
  7488	  7567 : 0
  7564	  7571 : 0
  7568	  7615 : 0
  7612	  7623 : 0
  7620	  7655 : 0
  7652	  7663 : 0
  7660	  7707 : 0
  7704	  7711 : 0
  7708	  7775 : 0
  7772	  7783 : 0
  7780	  7791 : 0
  7788	  7795 : 0
  7792	  7799 : 0
  7796	  7807 : 0
  7804	  7819 : 0
  7816	  7823 : 0
  7820	  7831 : 0
  7828	  7835 : 0
  7832	  7919 : 0
  7916	  7923 : 0
  7920	  7963 : 0
  7960	  7967 : 0
  7964	  7975 : 0
  7972	  7979 : 0
  7976	  8011 : 0
  8008	  8015 : 0
  8012	  8019 : 0
  8016	  8027 : 0
  8024	  8031 : 0
  8028	  8051 : 0
  8048	  8055 : 0
  8052	  8059 : 0
  8056	  8107 : 0
  8104	  8111 : 0
  8108	  8147 : 0
  8144	  8151 : 0
  8148	  8175 : 0
  8172	  8259 : 0
  8256	  8267 : 1
  8264	  8383 : 0
  8380	  8387 : 0
  8384	  8415 : 0
  8412	  8423 : 1
  8420	  8439 : 0
  8436	  8455 : 0
  8452	  8459 : 0
  8456	  8507 : 0
  8504	  8543 : 0
  8540	  8551 : 0
  8548	  8567 : 0
  8564	  8579 : 1
  8576	  8583 : 0
  8580	  8639 : 0
  8636	  8643 : 0
  8640	  8715 : 0
  8712	  8727 : 0
  8724	  8759 : 0
  8756	  8867 : 0
  8864	  8971 : 1
  8968	  9139 : 0
  9136	  9155 : 0
  9152	  9175 : 0
  9172	  9195 : 0
  9192	  9199 : 0
  9196	  9215 : 0
  9212	  9239 : 0
  9236	  9255 : 0
  9252	  9367 : 0
  9364	  9371 : 0
  9368	  9383 : 0
  9380	  9391 : 0
  9388	  9395 : 0
  9392	  9443 : 0
  9440	  9463 : 0
  9460	  9479 : 0
  9476	  9571 : 0
  9568	  9591 : 0
  9588	  9595 : 0
  9592	  9599 : 0
  9596	  9707 : 0
  9704	  9711 : 1
  9708	  9735 : 0
  9732	  9807 : 0
  9804	 10059 : 0
 10056	 10063 : 0
 10060	 10079 : 0
 10076	 10087 : 0
 10084	 10151 : 0
 10148	 10163 : 0
 10160	 10175 : 0
 10172	 10179 : 0
 10176	 10183 : 0
 10180	 10195 : 0
 10192	 10219 : 0
 10216	 10243 : 0
 10240	 10311 : 0
 10308	 10359 : 0
 10356	 10363 : 0
 10360	 10367 : 0
 10364	 10371 : 0
 10368	 10379 : 0
 10376	 10391 : 0
 10388	 10423 : 0
 10420	 10431 : 0
 10428	 10483 : 0
 10480	 10487 : 0
 10484	 10491 : 0
 10488	 10495 : 0
 10492	 10515 : 0
 10512	 10523 : 0
 10520	 10587 : 0
 10584	 10711 : 0
 10708	 10719 : 1
 10716	 10803 : 0
 10800	 10887 : 1
 10884	 10895 : 0
 10892	 10899 : 0
 10896	 10903 : 0
 10900	 10915 : 0
 10912	 11151 : 0
 11148	 11187 : 1
 11184	 11207 : 0
 11204	 11239 : 0
 11236	 11247 : 0
 11244	 11263 : 0
 11260	 11315 : 0
 11312	 11319 : 1
 11316	 11443 : 0
 11440	 11451 : 1
 11448	 11507 : 0
 11504	 11531 : 0
 11528	 11751 : 0
 11748	 11759 : 1
 11756	 11767 : 0
 11764	 11791 : 0
 11788	 11795 : 0
 11792	 11823 : 0
 11820	 11827 : 0
 11824	 11843 : 0
 11840	 11923 : 0
 11920	 11963 : 0
 11960	 11971 : 0
 11968	 11975 : 0
 11972	 11995 : 0
 11992	 11999 : 0
 11996	 12071 : 0
 12068	 12075 : 0
 12072	 12107 : 0
 12104	 12111 : 0
 12108	 12127 : 0
 12124	 12175 : 0
 12172	 12223 : 0
 12220	 12227 : 0
 12224	 12235 : 0
 12232	 12239 : 0
 12236	 12251 : 0
 12248	 12259 : 0
 12256	 12271 : 0
 12268	 12275 : 0
 12272	 12279 : 0
 12276	 12287 : 0
 12284	 12339 : 0
 12336	 12351 : 0
 12348	 12391 : 0
 12388	 12431 : 0
 12428	 12443 : 0
 12440	 12447 : 0
 12444	 12451 : 0
 12448	 12455 : 0
 12452	 12463 : 0
 12460	 12483 : 0
 12480	 12503 : 0
 12500	 12575 : 1
 12572	 12583 : 0
 12580	 12623 : 0
 12620	 12659 : 0
 12656	 12671 : 0
 12668	 12687 : 0
 12684	 12731 : 0
 12728	 12739 : 0
 12736	 12747 : 0
 12744	 12755 : 0
 12752	 12759 : 2
 12756	 12923 : 0
 12920	 12931 : 1
 12928	 12987 : 0
 12984	 12995 : 1
 12992	 13051 : 0
 13048	 13071 : 0
 13068	 13087 : 0
 13084	 13107 : 0
 13104	 13131 : 0
 13128	 13139 : 0
 13136	 13147 : 0
 13144	 13155 : 0
 13152	 13167 : 0
 13164	 13179 : 0
 13176	 13203 : 0
 13200	 13211 : 0
 13208	 13231 : 0
 13228	 13235 : 0
 13232	 13243 : 0
 13240	 13247 : 0
 13244	 13303 : 0
 13300	 13331 : 0
 13328	 13363 : 0
 13360	 13379 : 0
 13376	 13475 : 0
 13472	 13483 : 1
 13480	 13487 : 0
 13484	 13495 : 0
 13492	 13503 : 0
 13500	 13507 : 0
 13504	 13519 : 0
 13516	 13523 : 1
 13520	 13535 : 0
 13532	 13595 : 0
 13592	 13635 : 0
 13632	 13643 : 0
 13640	 13667 : 0
 13664	 13727 : 0
 13724	 13771 : 0
 13768	 13775 : 0
 13772	 13787 : 0
 13784	 13791 : 0
 13788	 13815 : 0
 13812	 13819 : 0
 13816	 13843 : 0
 13840	 13847 : 0
 13844	 13859 : 0
 13856	 13887 : 0
 13884	 13975 : 0
 13972	 13983 : 0
 13980	 14091 : 0
 14088	 14159 : 1
 14156	 14171 : 0
 14168	 14179 : 1
 14176	 14391 : 0
 14388	 14395 : 0
 14392	 14435 : 0
 14432	 14439 : 0
 14436	 14479 : 0
 14476	 14483 : 0
 14480	 14491 : 0
 14488	 14495 : 0
 14492	 14555 : 0
 14552	 14559 : 0
 14556	 14699 : 0
 14696	 14707 : 1
 14704	 14947 : 0
 14944	 14951 : 1
 14948	 14967 : 0
 14964	 14971 : 0
 14968	 15043 : 0
 15040	 15055 : 0
 15052	 15155 : 0
 15152	 15167 : 1
 15164	 15179 : 0
 15176	 15191 : 0
 15188	 15219 : 0
 15216	 15235 : 1
 15232	 15255 : 0
 15252	 15263 : 0
 15260	 15271 : 0
 15268	 15307 : 1
 15304	 15323 : 0
 15320	 15403 : 1
 15400	 15407 : 0
 15404	 15427 : 1
 15424	 15439 : 0
 15436	 15447 : 0
 15444	 15487 : 0
 15484	 15491 : 0
 15488	 15503 : 0
 15500	 15507 : 1
 15504	 15511 : 0
 15508	 15515 : 0
 15512	 15527 : 0
 15524	 15531 : 1
 15528	 15535 : 0
 15532	 15579 : 0
 15576	 15607 : 0
 15604	 15611 : 0
 15608	 15647 : 0
 15644	 15659 : 0
 15656	 15671 : 0
 15668	 15795 : 1
 15792	 15799 : 0
 15796	 15819 : 0
 15816	 15827 : 0
 15824	 15835 : 0
 15832	 15847 : 0
 15844	 15851 : 0
 15848	 15895 : 0
 15892	 15975 : 0
 15972	 15995 : 0
 15992	 16003 : 0
 16000	 16007 : 0
 16004	 16075 : 0
 16072	 16107 : 0
 16104	 16131 : 0
 16128	 16151 : 0
 16148	 16171 : 0
 16168	 16175 : 0
 16172	 16207 : 0
 16204	 16215 : 0
 16212	 16219 : 0
 16216	 16227 : 0
 16224	 16239 : 0
 16236	 16247 : 0
 16244	 16251 : 0
 16248	 16263 : 0
 16260	 16279 : 0
 16276	 16283 : 0
 16280	 16335 : 1
 16332	 16351 : 0
 16348	 16359 : 0
 16356	 16383 : 0
 16380	 16411 : 0
 16408	 16483 : 0
 16480	 16487 : 0
 16484	 16535 : 0
 16532	 16539 : 0
 16536	 16559 : 0
 16556	 16583 : 1
 16580	 16587 : 0
 16584	 16591 : 0
 16588	 16595 : 0
 16592	 16607 : 0
 16604	 16615 : 0
 16612	 16627 : 0
 16624	 16655 : 0
 16652	 16671 : 0
 16668	 16679 : 0
 16676	 16779 : 0
 16776	 16783 : 0
 16780	 16859 : 0
 16856	 17007 : 0
 17004	 17011 : 0
 17008	 17063 : 0
 17060	 17067 : 0
 17064	 17083 : 0
 17080	 17087 : 0
 17084	 17139 : 0
 17136	 17147 : 1
 17144	 17259 : 0
 17256	 17267 : 1
 17264	 17275 : 0
 17272	 17279 : 0
 17276	 17343 : 0
 17340	 17359 : 0
 17356	 17451 : 0
 17448	 17455 : 1
 17452	 17539 : 0
 17536	 17543 : 1
 17540	 17595 : 0
 17592	 17603 : 1
 17600	 17739 : 0
 17736	 17807 : 1
 17804	 17823 : 0
 17820	 17843 : 0
 17840	 17867 : 0
 17864	 17871 : 0
 17868	 17891 : 0
 17888	 17987 : 1
 17984	 17995 : 0
 17992	 18027 : 0
 18024	 18111 : 0
 18108	 18115 : 0
 18112	 18203 : 0
 18200	 18207 : 0
 18204	 18279 : 0
 18276	 18287 : 1
 18284	 18323 : 0
 18320	 18327 : 0
 18324	 18331 : 0
 18328	 18379 : 1
 18376	 18387 : 0
 18384	 18399 : 0
 18396	 18411 : 0
 18408	 18431 : 0
 18428	 18435 : 0
 18432	 18475 : 0
 18472	 18523 : 0
 18520	 18559 : 0
 18556	 18571 : 0
 18568	 18583 : 0
 18580	 18607 : 0
 18604	 18615 : 0
 18612	 18619 : 0
 18616	 18627 : 0
 18624	 18635 : 0
 18632	 18639 : 0
 18636	 18647 : 0
 18644	 18651 : 0
 18648	 18683 : 0
 18680	 18687 : 0
 18684	 18691 : 0
 18688	 18703 : 0
 18700	 18783 : 0
 18780	 18791 : 0
 18788	 18795 : 0
 18792	 18799 : 0
 18796	 18803 : 0
 18800	 18811 : 0
 18808	 18879 : 0
 18876	 18891 : 0
 18888	 18895 : 0
 18892	 18903 : 0
 18900	 18907 : 0
 18904	 18911 : 0
 18908	 18919 : 0
 18916	 18927 : 0
 18924	 18931 : 0
 18928	 19011 : 0
 19008	 19083 : 0
 19080	 19175 : 1
 19172	 19183 : 0
 19180	 19187 : 0
 19184	 19195 : 0
 19192	 19295 : 0
 19292	 19299 : 0
 19296	 19427 : 0
 19424	 19435 : 0
 19432	 19463 : 0
 19460	 19495 : 0
 19492	 19499 : 0
 19496	 19523 : 0
 19520	 19671 : 0
 19668	 19727 : 0
 19724	 19731 : 0
 19728	 19735 : 0
 19732	 19751 : 0
 19748	 19819 : 0
 19816	 19887 : 0
 19884	 19907 : 0
 19904	 19963 : 0
 19960	 19987 : 0
 19984	 20015 : 0
 20012	 20031 : 0
 20028	 20035 : 0
 20032	 20047 : 0
 20044	 20067 : 0
 20064	 20083 : 0
 20080	 20087 : 0
 20084	 20111 : 0
 20108	 20115 : 0
 20112	 20123 : 0
 20120	 20127 : 1
 20124	 20167 : 0
 20164	 20175 : 0
 20172	 20191 : 0
 20188	 20227 : 0
 20224	 20239 : 0
 20236	 20295 : 0
 20292	 20387 : 0
 20384	 20391 : 0
 20388	 20467 : 0
 20464	 20475 : 0
 20472	 20527 : 0
 20524	 20663 : 1
 20660	 20667 : 0
 20664	 20691 : 0
 20688	 20695 : 0
 20692	 20771 : 0
 20768	 20775 : 0
 20772	 20915 : 0
 20912	 20979 : 0
 20976	 21139 : 0
