     0	   259 : 0
   256	   267 : 0
   264	  1119 : 0
  1116	  1139 : 0
  1136	  1143 : 0
  1140	  1271 : 0
  1268	  1283 : 0
  1280	  1291 : 0
  1288	  1295 : 0
  1292	  1299 : 0
  1296	  1335 : 0
  1332	  1371 : 0
  1368	  1387 : 0
  1384	  1495 : 0
  1492	  1507 : 0
  1504	  1511 : 0
  1508	  1523 : 0
  1520	  1527 : 0
  1524	  1623 : 0
  1620	  1655 : 0
  1652	  1663 : 0
  1660	  1695 : 0
  1692	  1699 : 0
  1696	  1803 : 0
  1800	  1807 : 1
  1804	  1923 : 0
  1920	  1939 : 0
  1936	  1959 : 0
  1956	  1975 : 0
  1972	  1979 : 0
  1976	  1983 : 0
  1980	  2011 : 0
  2008	  2019 : 1
  2016	  2051 : 0
  2048	  2063 : 1
  2060	  2083 : 0
  2080	  2107 : 0
  2104	  2111 : 0
  2108	  2119 : 0
  2116	  2151 : 0
  2148	  2179 : 0
  2176	  2211 : 0
  2208	  2215 : 0
  2212	  2247 : 0
  2244	  2251 : 0
  2248	  2267 : 0
  2264	  2275 : 0
  2272	  2327 : 0
  2324	  2335 : 1
  2332	  2383 : 0
  2380	  2427 : 0
  2424	  2435 : 0
  2432	  2455 : 0
  2452	  2579 : 0
  2576	  2583 : 1
  2580	  2643 : 0
  2640	  2651 : 1
  2648	  2831 : 0
  2828	  2839 : 1
  2836	  2843 : 0
  2840	  2887 : 0
  2884	  2919 : 0
  2916	  2923 : 1
  2920	  3019 : 0
  3016	  3031 : 0
  3028	  3055 : 0
  3052	  3063 : 0
  3060	  3111 : 0
  3108	  3115 : 0
  3112	  3119 : 0
  3116	  3123 : 0
  3120	  3135 : 0
  3132	  3143 : 2
  3140	  3171 : 0
  3168	  3183 : 0
  3180	  3247 : 0
  3244	  3251 : 0
  3248	  3463 : 0
  3460	  3471 : 1
  3468	  3839 : 0
  3836	  3855 : 0
  3852	  3943 : 0
  3940	  3959 : 0
  3956	  3967 : 0
  3964	  3983 : 0
  3980	  3995 : 0
  3992	  3999 : 0
  3996	  4007 : 0
  4004	  4023 : 1
  4020	  4039 : 0
  4036	  4043 : 0
  4040	  4055 : 0
  4052	  4059 : 0
  4056	  4067 : 0
  4064	  4071 : 0
  4068	  4107 : 0
  4104	  4111 : 0
  4108	  4115 : 0
  4112	  4139 : 0
  4136	  4159 : 0
  4156	  4163 : 0
  4160	  4171 : 0
  4168	  4219 : 0
  4216	  4227 : 0
  4224	  4235 : 0
  4232	  4263 : 0
  4260	  4267 : 0
  4264	  4271 : 0
  4268	  4307 : 0
  4304	  4311 : 0
  4308	  4363 : 0
  4360	  4371 : 0
  4368	  4375 : 1
  4372	  4379 : 0
  4376	  4455 : 0
  4452	  4463 : 0
  4460	  4467 : 1
  4464	  4567 : 0
  4564	  4575 : 0
  4572	  4671 : 0
  4668	  4703 : 0
  4700	  4763 : 0
  4760	  4775 : 0
  4772	  5791 : 0
  5788	  6075 : 0
