     0	   371 : 1
   368	   375 : 0
   372	   439 : 0
   436	   451 : 0
   448	   455 : 0
   452	   459 : 0
   456	   463 : 0
   460	   467 : 0
   464	   515 : 0
   512	   543 : 0
   540	   555 : 0
   552	   579 : 0
   576	   631 : 0
   628	   635 : 0
   632	   647 : 0
   644	   663 : 0
   660	   667 : 0
   664	   671 : 0
   668	   699 : 1
   696	   703 : 0
   700	   751 : 0
   748	   755 : 0
   752	   759 : 0
   756	   767 : 0
   764	   771 : 0
   768	   779 : 0
   776	   851 : 1
   848	   955 : 0
   952	   963 : 0
   960	   979 : 0
   976	   983 : 0
   980	   987 : 0
   984	   999 : 0
   996	  1003 : 0
  1000	  1007 : 0
  1004	  1015 : 0
  1012	  1031 : 0
  1028	  1055 : 0
  1052	  1063 : 1
  1060	  1083 : 0
  1080	  1091 : 1
  1088	  1099 : 0
  1096	  1151 : 1
  1148	  1155 : 0
  1152	  1223 : 0
  1220	  1227 : 0
  1224	  1247 : 0
  1244	  1251 : 0
  1248	  1315 : 1
  1312	  1319 : 0
  1316	  1343 : 0
  1340	  1359 : 0
  1356	  1463 : 0
  1460	  1467 : 0
  1464	  1551 : 1
  1548	  1555 : 0
  1552	  1559 : 0
  1556	  1563 : 0
  1560	  1571 : 0
  1568	  1583 : 0
  1580	  1595 : 0
  1592	  1599 : 0
  1596	  1603 : 0
  1600	  1607 : 0
  1604	  1615 : 0
  1612	  1627 : 0
  1624	  1691 : 0
  1688	  1699 : 0
  1696	  1711 : 0
  1708	  1747 : 0
  1744	  1815 : 0
  1812	  1819 : 0
  1816	  1827 : 0
  1824	  1831 : 0
  1828	  1935 : 0
  1932	  1951 : 0
  1948	  1983 : 0
  1980	  1987 : 0
  1984	  2027 : 1
  2024	  2031 : 0
  2028	  2079 : 1
  2076	  2083 : 0
  2080	  2135 : 0
  2132	  2143 : 0
  2140	  2175 : 0
  2172	  2179 : 0
  2176	  2191 : 0
  2188	  2195 : 0
  2192	  2199 : 0
  2196	  2203 : 0
  2200	  2227 : 0
  2224	  2239 : 0
  2236	  2267 : 0
  2264	  2271 : 0
  2268	  2279 : 1
  2276	  2283 : 0
  2280	  2299 : 0
  2296	  2319 : 0
  2316	  2387 : 1
  2384	  2391 : 0
  2388	  2403 : 1
  2400	  2407 : 0
  2404	  2423 : 0
  2420	  2431 : 0
  2428	  2439 : 0
  2436	  2467 : 0
  2464	  2511 : 0
  2508	  2519 : 0
  2516	  2543 : 0
  2540	  2547 : 0
  2544	  2567 : 1
  2564	  2571 : 0
  2568	  2575 : 1
  2572	  2587 : 0
  2584	  2595 : 0
  2592	  2599 : 0
  2596	  2655 : 0
  2652	  2659 : 0
  2656	  2703 : 0
  2700	  2707 : 0
  2704	  2711 : 1
  2708	  2723 : 0
  2720	  2735 : 0
  2732	  2739 : 0
  2736	  2791 : 0
  2788	  2795 : 0
  2792	  2819 : 0
  2816	  2823 : 0
  2820	  2879 : 1
  2876	  2883 : 0
  2880	  2899 : 1
  2896	  2903 : 0
  2900	  2919 : 0
  2916	  2927 : 0
  2924	  2983 : 0
  2980	  3019 : 0
  3016	  3063 : 0
  3060	  3067 : 0
  3064	  3071 : 0
  3068	  3075 : 0
  3072	  3135 : 1
  3132	  3139 : 0
  3136	  3147 : 1
  3144	  3151 : 0
  3148	  3163 : 1
  3160	  3167 : 0
  3164	  3191 : 0
  3188	  3215 : 0
  3212	  3219 : 0
  3216	  3247 : 0
  3244	  3283 : 1
  3280	  3291 : 0
  3288	  3323 : 0
  3320	  3331 : 0
  3328	  3363 : 1
  3360	  3379 : 0
  3376	  3411 : 0
  3408	  3467 : 0
  3464	  3515 : 1
  3512	  3523 : 0
  3520	  3639 : 0
  3636	  3643 : 0
  3640	  3699 : 0
  3696	  3707 : 0
  3704	  3715 : 0
  3712	  3727 : 0
  3724	  3815 : 0
  3812	  3835 : 0
  3832	  3847 : 1
  3844	  3855 : 0
  3852	  3879 : 0
  3876	  3923 : 0
  3920	  3995 : 0
  3992	  3999 : 0
  3996	  4095 : 0
  4092	  4099 : 0
  4096	  4107 : 1
  4104	  4115 : 0
  4112	  4139 : 0
  4136	  4143 : 0
  4140	  4191 : 1
  4188	  4207 : 0
  4204	  4239 : 1
  4236	  4243 : 0
  4240	  4255 : 1
  4252	  4259 : 0
  4256	  4343 : 0
  4340	  4359 : 0
  4356	  4367 : 0
  4364	  4375 : 0
  4372	  4411 : 0
  4408	  4419 : 0
  4416	  4455 : 1
  4452	  4463 : 0
  4460	  4543 : 0
  4540	  4555 : 0
  4552	  4579 : 0
  4576	  4595 : 0
  4592	  4643 : 1
  4640	  4647 : 0
  4644	  4651 : 1
  4648	  4675 : 0
  4672	  4707 : 1
  4704	  4711 : 0
  4708	  4723 : 0
  4720	  4727 : 0
  4724	  4823 : 0
  4820	  4835 : 0
  4832	  4839 : 0
  4836	  4843 : 0
  4840	  4847 : 0
  4844	  4855 : 0
  4852	  4879 : 0
  4876	  4887 : 0
  4884	  4895 : 1
  4892	  4919 : 0
  4916	  4987 : 0
  4984	  4991 : 0
  4988	  4995 : 0
  4992	  5003 : 0
  5000	  5047 : 0
  5044	  5051 : 0
  5048	  5059 : 1
  5056	  5083 : 0
  5080	  5099 : 1
  5096	  5107 : 0
  5104	  5119 : 0
  5116	  5159 : 0
  5156	  5163 : 0
  5160	  5171 : 0
  5168	  5207 : 1
  5204	  5215 : 0
  5212	  5227 : 0
  5224	  5275 : 0
  5272	  5279 : 1
  5276	  5283 : 0
  5280	  5287 : 0
  5284	  5299 : 0
  5296	  5311 : 0
  5308	  5315 : 0
  5312	  5339 : 0
  5336	  5343 : 0
  5340	  5359 : 1
  5356	  5363 : 0
  5360	  5367 : 0
  5364	  5383 : 0
  5380	  5403 : 0
  5400	  5411 : 0
  5408	  5443 : 0
  5440	  5447 : 0
  5444	  5463 : 0
  5460	  5471 : 0
  5468	  5503 : 1
  5500	  5507 : 0
  5504	  5515 : 0
  5512	  5519 : 0
  5516	  5539 : 0
  5536	  5543 : 0
  5540	  5587 : 1
  5584	  5591 : 0
  5588	  5639 : 1
  5636	  5647 : 0
  5644	  5651 : 0
  5648	  5655 : 0
  5652	  5675 : 0
  5672	  5679 : 0
  5676	  5683 : 0
  5680	  5691 : 0
  5688	  5695 : 0
  5692	  5699 : 0
  5696	  5715 : 0
  5712	  5739 : 0
  5736	  5875 : 0
  5872	  5887 : 0
  5884	  5891 : 0
  5888	  5971 : 0
  5968	  5975 : 0
  5972	  6059 : 0
  6056	  6095 : 0
  6092	  6115 : 0
  6112	  6139 : 1
