     0	    75 : 0
    72	    87 : 0
    84	   111 : 0
   108	   115 : 0
   112	   231 : 0
   228	   239 : 0
   236	   295 : 0
   292	   307 : 0
   304	   315 : 0
   312	   319 : 0
   316	   331 : 0
   328	   335 : 0
   332	   419 : 0
   416	   423 : 0
   420	   575 : 0
   572	   583 : 0
   580	   707 : 0
   704	   859 : 0
   856	   863 : 1
   860	   879 : 0
   876	   899 : 0
   896	  1023 : 0
  1020	  1039 : 1
  1036	  1047 : 0
  1044	  1071 : 0
  1068	  1075 : 0
  1072	  1083 : 0
  1080	  1087 : 0
  1084	  1099 : 0
  1096	  1107 : 0
  1104	  1115 : 0
  1112	  1119 : 0
  1116	  1143 : 0
  1140	  1147 : 0
  1144	  1187 : 0
  1184	  1215 : 0
  1212	  1219 : 0
  1216	  1335 : 0
  1332	  1347 : 1
  1344	  1351 : 0
  1348	  1499 : 0
  1496	  1511 : 0
  1508	  1663 : 0
  1660	  1807 : 0
  1804	  1987 : 1
  1984	  2003 : 0
  2000	  2091 : 0
  2088	  2099 : 0
  2096	  2123 : 0
  2120	  2263 : 0
  2260	  2279 : 0
  2276	  2291 : 0
  2288	  2299 : 1
  2296	  2307 : 0
  2304	  2311 : 0
  2308	  2351 : 0
  2348	  2403 : 0
  2400	  2439 : 0
  2436	  2443 : 1
  2440	  2463 : 0
  2460	  2527 : 0
  2524	  2539 : 0
  2536	  2543 : 0
  2540	  2591 : 0
  2588	  2599 : 0
  2596	  2611 : 0
  2608	  2743 : 0
  2740	  2747 : 0
  2744	  2763 : 0
  2760	  2779 : 0
  2776	  2783 : 0
  2780	  2875 : 0
  2872	  2895 : 0
  2892	  2911 : 0
  2908	  2919 : 1
  2916	  2943 : 0
  2940	  2963 : 0
  2960	  2971 : 0
  2968	  2987 : 0
  2984	  3059 : 0
  3056	  3079 : 0
  3076	  3095 : 0
  3092	  3099 : 0
  3096	  3159 : 0
  3156	  3163 : 0
  3160	  3231 : 0
  3228	  3239 : 0
  3236	  3247 : 0
  3244	  3251 : 0
  3248	  3283 : 0
  3280	  3323 : 0
  3320	  3351 : 0
  3348	  3355 : 0
  3352	  3387 : 0
  3384	  3395 : 1
  3392	  3707 : 0
  3704	  3711 : 0
  3708	  3759 : 0
  3756	  3775 : 0
  3772	  3787 : 0
  3784	  3807 : 0
  3804	  3827 : 0
  3824	  3831 : 0
  3828	  3855 : 0
  3852	  3867 : 0
  3864	  3883 : 0
  3880	  3891 : 0
  3888	  3943 : 0
  3940	  3959 : 0
  3956	  3975 : 0
  3972	  3979 : 0
  3976	  3991 : 0
  3988	  3999 : 0
  3996	  4003 : 0
  4000	  4027 : 0
  4024	  4043 : 0
  4040	  4179 : 0
  4176	  4183 : 0
  4180	  4187 : 0
  4184	  4235 : 0
  4232	  4239 : 0
  4236	  4347 : 0
  4344	  4351 : 1
  4348	  4515 : 0
  4512	  4519 : 0
  4516	  4523 : 0
  4520	  4563 : 0
  4560	  4599 : 0
  4596	  4619 : 0
  4616	  4723 : 0
  4720	  4727 : 0
  4724	  4967 : 0
  4964	  4971 : 1
  4968	  5403 : 0
  5400	  5431 : 1
  5428	  5435 : 0
  5432	  5487 : 0
  5484	  5491 : 0
  5488	  5503 : 0
  5500	  5511 : 0
  5508	  5519 : 0
  5516	  5527 : 0
  5524	  5535 : 0
  5532	  5551 : 0
  5548	  5555 : 0
  5552	  5563 : 0
  5560	  5567 : 0
  5564	  5595 : 0
  5592	  5619 : 0
  5616	  5623 : 0
  5620	  5627 : 0
  5624	  5631 : 0
  5628	  5643 : 0
  5640	  5651 : 0
  5648	  5655 : 0
  5652	  5659 : 0
  5656	  5667 : 0
  5664	  5671 : 0
  5668	  5675 : 0
  5672	  5691 : 0
  5688	  5799 : 0
  5796	  5803 : 0
  5800	  5807 : 0
  5804	  5811 : 0
  5808	  5831 : 0
  5828	  5835 : 0
  5832	  5839 : 1
  5836	  5847 : 0
  5844	  5863 : 0
  5860	  5867 : 0
  5864	  5887 : 0
  5884	  5923 : 0
  5920	  5927 : 0
  5924	  5931 : 0
  5928	  5947 : 0
  5944	  5967 : 0
  5964	  5971 : 0
  5968	  5975 : 0
  5972	  6383 : 0
  6380	  6763 : 0
  6760	  6791 : 0
  6788	  6851 : 0
  6848	  6867 : 0
  6864	  6903 : 0
  6900	  6915 : 0
  6912	  6919 : 0
  6916	  6923 : 0
  6920	  6947 : 0
  6944	  6951 : 0
  6948	  6955 : 0
  6952	  6967 : 0
  6964	  7067 : 0
  7064	  7071 : 0
  7068	  7079 : 0
  7076	  7083 : 0
  7080	  7091 : 0
  7088	  7107 : 0
  7104	  7159 : 0
  7156	  7163 : 0
  7160	  7183 : 0
  7180	  7187 : 1
  7184	  7199 : 0
  7196	  7207 : 0
  7204	  7223 : 0
  7220	  7235 : 0
  7232	  7247 : 0
  7244	  7255 : 0
  7252	  7279 : 0
  7276	  7299 : 0
  7296	  7307 : 0
  7304	  7315 : 0
  7312	  7335 : 0
  7332	  7431 : 0
  7428	  7523 : 0
  7520	  7535 : 0
  7532	  7567 : 0
  7564	  7603 : 0
  7600	  7619 : 0
  7616	  7651 : 0
  7648	  7751 : 0
  7748	  7755 : 0
  7752	  7771 : 0
  7768	  7791 : 0
  7788	  7803 : 0
  7800	  7895 : 0
  7892	  7927 : 0
  7924	  7967 : 0
  7964	  7979 : 0
  7976	  7987 : 0
  7984	  7995 : 0
  7992	  8007 : 0
  8004	  8023 : 0
  8020	  8063 : 0
  8060	  8067 : 0
  8064	  8083 : 0
  8080	  8091 : 0
  8088	  8095 : 0
  8092	  8187 : 0
  8184	  8215 : 0
  8212	  8219 : 0
  8216	  8251 : 0
  8248	  8255 : 0
  8252	  8283 : 0
  8280	  8315 : 0
  8312	  8367 : 0
  8364	  8383 : 0
  8380	  8391 : 0
  8388	  8395 : 0
  8392	  8411 : 0
  8408	  8423 : 0
  8420	  8435 : 0
  8432	  8439 : 0
  8436	  8447 : 0
  8444	  8455 : 0
  8452	  8475 : 0
  8472	  8483 : 0
  8480	  8499 : 0
  8496	  8503 : 0
  8500	  8515 : 0
  8512	  8519 : 0
  8516	  8551 : 0
  8548	  8555 : 0
  8552	  8579 : 0
  8576	  8583 : 0
  8580	  8599 : 0
  8596	  8619 : 0
  8616	  8627 : 1
  8624	  8643 : 0
  8640	  8647 : 0
  8644	  8655 : 0
  8652	  8663 : 0
  8660	  8731 : 0
  8728	  8779 : 0
  8776	  8807 : 0
  8804	  8811 : 0
  8808	  8815 : 0
  8812	  8819 : 0
  8816	  8823 : 0
  8820	  8827 : 0
  8824	  8831 : 0
  8828	  8839 : 0
  8836	  8859 : 0
  8856	  8871 : 0
  8868	  8875 : 0
  8872	  8879 : 0
  8876	  8887 : 0
  8884	  8895 : 0
  8892	  8903 : 0
  8900	  8911 : 0
  8908	  8915 : 0
  8912	  8939 : 0
  8936	  8943 : 0
  8940	  8979 : 0
  8976	  8983 : 0
  8980	  8995 : 0
  8992	  8999 : 0
  8996	  9003 : 0
  9000	  9039 : 0
  9036	  9259 : 0
