     0	    15 : 0
    12	    27 : 0
    24	    51 : 0
    48	    55 : 0
    52	    63 : 0
    60	    75 : 0
    72	   147 : 0
   144	   211 : 0
   208	   299 : 0
   296	   343 : 0
   340	   351 : 0
   348	   359 : 0
   356	   363 : 0
   360	   399 : 0
   396	   403 : 0
   400	   419 : 0
   416	   427 : 0
   424	   435 : 0
   432	   439 : 0
   436	   443 : 0
   440	   455 : 0
   452	   471 : 0
   468	   499 : 0
   496	   503 : 0
   500	   539 : 0
   536	   543 : 0
   540	   555 : 0
   552	   559 : 0
   556	   563 : 0
   560	   567 : 0
   564	   571 : 0
   568	   591 : 0
   588	   595 : 0
   592	   675 : 0
   672	   699 : 0
   696	   703 : 0
   700	   855 : 0
   852	   863 : 0
   860	   871 : 0
   868	   875 : 0
   872	   935 : 0
   932	   943 : 0
   940	   947 : 0
   944	   967 : 0
   964	   971 : 0
   968	  1079 : 0
  1076	  1111 : 0
  1108	  1115 : 0
  1112	  1131 : 0
  1128	  1151 : 0
  1148	  1211 : 0
  1208	  1219 : 0
  1216	  1247 : 1
  1244	  1251 : 0
  1248	  1259 : 0
  1256	  1267 : 0
  1264	  1299 : 0
  1296	  1311 : 0
  1308	  1327 : 0
  1324	  1339 : 0
  1336	  1351 : 1
  1348	  1355 : 0
  1352	  1363 : 0
  1360	  1407 : 0
  1404	  1431 : 0
  1428	  1595 : 0
  1592	  1631 : 0
  1628	  1639 : 0
  1636	  1647 : 1
  1644	  1651 : 0
  1648	  1663 : 1
  1660	  1667 : 0
  1664	  1715 : 0
  1712	  1759 : 0
  1756	  1787 : 0
  1784	  1879 : 0
  1876	  1883 : 0
  1880	  1891 : 0
  1888	  1907 : 0
  1904	  1919 : 0
  1916	  1923 : 0
  1920	  1927 : 0
  1924	  1939 : 1
  1936	  1955 : 0
  1952	  1971 : 0
  1968	  1979 : 0
  1976	  2007 : 0
  2004	  2027 : 0
  2024	  2031 : 0
  2028	  2051 : 0
  2048	  2067 : 0
  2064	  2123 : 0
  2120	  2159 : 1
  2156	  2339 : 0
  2336	  2343 : 0
  2340	  2507 : 0
  2504	  2519 : 0
  2516	  2567 : 0
  2564	  2571 : 0
  2568	  2655 : 0
  2652	  2667 : 0
  2664	  2679 : 0
  2676	  2687 : 0
  2684	  2719 : 0
  2716	  2723 : 0
  2720	  2751 : 0
  2748	  2787 : 0
  2784	  2823 : 0
  2820	  2839 : 0
  2836	  2887 : 0
  2884	  2895 : 0
  2892	  2907 : 0
  2904	  2915 : 0
  2912	  2947 : 0
  2944	  2963 : 0
  2960	  2979 : 0
  2976	  2991 : 0
  2988	  3007 : 0
  3004	  3039 : 0
  3036	  3055 : 0
  3052	  3059 : 0
  3056	  3079 : 0
  3076	  3095 : 0
  3092	  3103 : 0
  3100	  3119 : 0
  3116	  3479 : 0
  3476	  3487 : 0
  3484	  3503 : 0
  3500	  3515 : 0
  3512	  3519 : 0
  3516	  3523 : 0
  3520	  3527 : 0
  3524	  3531 : 0
  3528	  3535 : 0
  3532	  3539 : 0
  3536	  3675 : 0
  3672	  3687 : 0
  3684	  3955 : 0
  3952	  3979 : 0
  3976	  3983 : 0
  3980	  3987 : 0
  3984	  4051 : 0
  4048	  4083 : 0
  4080	  4159 : 0
  4156	  4163 : 0
  4160	  4279 : 0
  4276	  4283 : 0
  4280	  4367 : 0
  4364	  4383 : 0
  4380	  4391 : 0
  4388	  4431 : 0
  4428	  4435 : 0
  4432	  4451 : 0
  4448	  4595 : 0
  4592	  4599 : 0
  4596	  4603 : 0
  4600	  4607 : 0
  4604	  4611 : 0
  4608	  4615 : 0
  4612	  4803 : 0
  4800	  4807 : 0
  4804	  4839 : 0
  4836	  4871 : 0
  4868	  4887 : 0
  4884	  4891 : 0
  4888	  4927 : 0
  4924	  4955 : 0
  4952	  4971 : 0
  4968	  4975 : 0
  4972	  4995 : 0
  4992	  5039 : 1
  5036	  5175 : 0
  5172	  5179 : 0
  5176	  5191 : 0
  5188	  5203 : 0
  5200	  5227 : 0
  5224	  5235 : 0
  5232	  5239 : 0
  5236	  5263 : 0
  5260	  5271 : 0
  5268	  5279 : 1
  5276	  5299 : 0
  5296	  5359 : 0
  5356	  5371 : 0
  5368	  5463 : 0
  5460	  5527 : 0
  5524	  5531 : 0
  5528	  5547 : 0
  5544	  5559 : 0
  5556	  5575 : 0
  5572	  5583 : 0
  5580	  5663 : 0
  5660	  5707 : 0
  5704	  5791 : 0
  5788	  5807 : 0
  5804	  5811 : 0
  5808	  5835 : 0
  5832	  5863 : 0
  5860	  5871 : 0
  5868	  6047 : 0
  6044	  6063 : 0
  6060	  6171 : 0
  6168	  6183 : 0
  6180	  6187 : 0
  6184	  6191 : 0
  6188	  6199 : 0
  6196	  6219 : 0
  6216	  6247 : 0
  6244	  6267 : 0
  6264	  6279 : 0
  6276	  6295 : 0
  6292	  6307 : 0
  6304	  6315 : 0
  6312	  6435 : 0
  6432	  6475 : 0
  6472	  6507 : 0
  6504	  6515 : 0
  6512	  6535 : 0
  6532	  6543 : 0
  6540	  6551 : 0
  6548	  6571 : 0
  6568	  6599 : 0
  6596	  6607 : 0
  6604	  7203 : 0
  7200	  7235 : 0
  7232	  7259 : 0
  7256	  7287 : 0
  7284	  7295 : 0
  7292	  7319 : 0
  7316	  7407 : 0
  7404	  7443 : 0
  7440	  7451 : 0
  7448	  7459 : 0
  7456	  7463 : 0
  7460	  7467 : 0
  7464	  7471 : 0
  7468	  7479 : 0
  7476	  7591 : 0
  7588	  7595 : 0
  7592	  7631 : 0
  7628	  7639 : 0
  7636	  7647 : 0
  7644	  7655 : 0
  7652	  7659 : 0
  7656	  7663 : 0
  7660	  7679 : 0
  7676	  7691 : 0
  7688	  7695 : 0
  7692	  7703 : 0
  7700	  7707 : 0
  7704	  7735 : 0
  7732	  7739 : 0
  7736	  7747 : 0
  7744	  7755 : 0
  7752	  7779 : 0
  7776	  7847 : 0
  7844	  7891 : 0
  7888	  7899 : 0
  7896	  7903 : 0
  7900	  7911 : 0
  7908	  7923 : 0
  7920	  7935 : 0
  7932	  7939 : 0
  7936	  8167 : 0
  8164	  8175 : 0
  8172	  8271 : 0
  8268	  8275 : 0
  8272	  8303 : 0
  8300	  8363 : 0
  8360	  8403 : 0
  8400	  8427 : 0
  8424	  8435 : 0
  8432	  8443 : 0
  8440	  8531 : 0
  8528	  8707 : 0
  8704	  8739 : 0
  8736	  8795 : 0
  8792	  8827 : 0
  8824	  8903 : 0
  8900	  8907 : 0
  8904	  9027 : 0
  9024	  9031 : 0
  9028	  9035 : 0
  9032	  9087 : 0
  9084	  9131 : 0
  9128	  9135 : 0
  9132	  9159 : 0
  9156	  9255 : 0
  9252	  9259 : 0
  9256	  9291 : 0
  9288	  9315 : 0
  9312	  9395 : 0
  9392	  9399 : 0
  9396	  9463 : 0
  9460	  9467 : 0
  9464	  9483 : 0
  9480	  9491 : 0
  9488	  9507 : 0
  9504	  9531 : 0
  9528	  9559 : 0
  9556	  9583 : 0
  9580	  9591 : 0
  9588	  9599 : 0
  9596	  9603 : 0
  9600	  9627 : 0
  9624	  9695 : 0
  9692	  9735 : 0
  9732	  9743 : 0
  9740	  9759 : 0
  9756	  9775 : 0
  9772	  9795 : 0
  9792	  9799 : 0
  9796	  9823 : 0
  9820	  9927 : 0
  9924	 10007 : 0
