     0	     7 : 1
     4	    27 : 0
    24	    43 : 0
    40	    55 : 0
    52	   255 : 0
   252	   259 : 0
   256	   267 : 0
   264	   271 : 0
   268	   287 : 0
   284	   295 : 0
   292	   311 : 1
   308	   323 : 0
   320	   327 : 0
   324	   335 : 0
   332	   339 : 0
   336	   343 : 0
   340	   351 : 0
   348	   359 : 0
   356	   387 : 0
   384	   411 : 0
   408	   419 : 0
   416	   443 : 0
   440	   459 : 0
   456	   463 : 0
   460	   495 : 0
   492	   499 : 0
   496	   519 : 0
   516	   563 : 0
   560	   595 : 1
   592	   711 : 0
   708	   715 : 1
   712	   719 : 0
   716	   743 : 1
   740	   855 : 0
   852	   867 : 0
   864	   875 : 0
   872	   891 : 0
   888	   895 : 0
   892	   915 : 0
   912	   923 : 0
   920	   943 : 0
   940	  1007 : 0
  1004	  1015 : 1
  1012	  1051 : 0
  1048	  1075 : 0
  1072	  1115 : 0
  1112	  1131 : 0
  1128	  1139 : 0
  1136	  1147 : 0
  1144	  1207 : 0
  1204	  1211 : 1
  1208	  1247 : 0
  1244	  1279 : 0
  1276	  1295 : 0
  1292	  1299 : 0
  1296	  1335 : 0
  1332	  1339 : 0
  1336	  1383 : 0
  1380	  1391 : 1
  1388	  1423 : 0
  1420	  1519 : 1
  1516	  1531 : 0
  1528	  1543 : 1
  1540	  1547 : 0
  1544	  1551 : 0
  1548	  1575 : 0
  1572	  1583 : 0
  1580	  1615 : 0
  1612	  1619 : 0
  1616	  1623 : 0
  1620	  1631 : 1
  1628	  1659 : 0
  1656	  1671 : 0
  1668	  1715 : 0
  1712	  1803 : 0
  1800	  1871 : 0
  1868	  1895 : 1
  1892	  1911 : 0
  1908	  1919 : 0
  1916	  1947 : 0
  1944	  1963 : 1
  1960	  2071 : 0
  2068	  2079 : 0
  2076	  2103 : 0
  2100	  2115 : 1
  2112	  2119 : 0
  2116	  2175 : 0
  2172	  2187 : 0
  2184	  2191 : 0
  2188	  2215 : 0
  2212	  2307 : 0
  2304	  2411 : 0
  2408	  2419 : 0
  2416	  2455 : 0
  2452	  2467 : 0
  2464	  2471 : 0
  2468	  2475 : 0
  2472	  2563 : 0
  2560	  2591 : 1
  2588	  2723 : 0
  2720	  2731 : 1
  2728	  2847 : 0
  2844	  2851 : 1
  2848	  2855 : 0
  2852	  2863 : 0
  2860	  2895 : 0
  2892	  2907 : 0
  2904	  2919 : 0
  2916	  3091 : 0
  3088	  3127 : 0
  3124	  3131 : 1
  3128	  3155 : 0
  3152	  3191 : 0
  3188	  3195 : 0
  3192	  3207 : 0
  3204	  3215 : 0
  3212	  3227 : 0
  3224	  3243 : 0
  3240	  3247 : 1
  3244	  3283 : 0
  3280	  3287 : 1
  3284	  3299 : 0
  3296	  3307 : 1
  3304	  3311 : 0
  3308	  3323 : 0
  3320	  3367 : 0
  3364	  3371 : 1
  3368	  3387 : 0
  3384	  3403 : 0
  3400	  3407 : 0
  3404	  3415 : 1
  3412	  3439 : 0
  3436	  3443 : 0
  3440	  3451 : 0
  3448	  3455 : 1
  3452	  3463 : 0
  3460	  3467 : 1
  3464	  3499 : 0
  3496	  3507 : 0
  3504	  3511 : 0
  3508	  3519 : 1
  3516	  3531 : 0
  3528	  3599 : 0
  3596	  3607 : 0
  3604	  3619 : 0
  3616	  3623 : 0
  3620	  3643 : 1
  3640	  3647 : 0
  3644	  3683 : 0
  3680	  3739 : 0
  3736	  3747 : 0
  3744	  3783 : 0
  3780	  3795 : 0
  3792	  3799 : 0
  3796	  3851 : 1
  3848	  3895 : 0
  3892	  3903 : 1
  3900	  3971 : 0
  3968	  3979 : 1
  3976	  3983 : 0
  3980	  3987 : 0
  3984	  4015 : 0
  4012	  4039 : 0
  4036	  4047 : 0
  4044	  4055 : 0
  4052	  4063 : 0
  4060	  4067 : 1
  4064	  4279 : 0
  4276	  4315 : 0
  4312	  4327 : 0
  4324	  4335 : 1
  4332	  4483 : 0
  4480	  4743 : 0
