     0	    23 : 0
    20	    39 : 0
    36	   111 : 0
   108	   151 : 0
   148	   155 : 0
   152	   163 : 0
   160	   187 : 0
   184	   207 : 0
   204	   211 : 2
   208	   243 : 1
   240	   267 : 0
   264	   275 : 1
   272	   335 : 0
   332	   343 : 0
   340	   363 : 0
   360	   367 : 0
   364	   371 : 0
   368	   383 : 0
   380	   387 : 0
   384	   391 : 0
   388	   443 : 0
   440	   459 : 0
   456	   487 : 0
   484	   495 : 0
   492	   507 : 0
   504	   531 : 0
   528	   539 : 0
   536	   543 : 0
   540	   551 : 0
   548	   555 : 0
   552	   595 : 0
   592	   599 : 1
   596	   623 : 0
   620	   627 : 0
   624	   631 : 0
   628	   659 : 0
   656	   663 : 0
   660	   667 : 0
   664	   675 : 0
   672	   711 : 1
   708	   715 : 0
   712	   723 : 0
   720	   731 : 0
   728	   779 : 1
   776	   791 : 0
   788	   799 : 0
   796	   831 : 0
   828	   835 : 0
   832	   851 : 0
   848	   863 : 0
   860	   879 : 0
   876	   887 : 0
   884	   943 : 0
   940	   959 : 0
   956	   963 : 0
   960	   979 : 0
   976	  1007 : 0
  1004	  1011 : 1
  1008	  1063 : 0
  1060	  1075 : 0
  1072	  1139 : 0
  1136	  1147 : 0
  1144	  1179 : 0
  1176	  1183 : 0
  1180	  1187 : 0
  1184	  1215 : 1
  1212	  1219 : 0
  1216	  1231 : 0
  1228	  1235 : 0
  1232	  1243 : 1
  1240	  1295 : 0
  1292	  1319 : 1
  1316	  1323 : 0
  1320	  1339 : 0
  1336	  1347 : 0
  1344	  1375 : 0
  1372	  1391 : 0
  1388	  1403 : 0
  1400	  1411 : 0
  1408	  1435 : 0
  1432	  1439 : 0
  1436	  1487 : 0
  1484	  1495 : 0
  1492	  1499 : 0
  1496	  1527 : 0
  1524	  1535 : 0
  1532	  1575 : 0
  1572	  1587 : 0
  1584	  1615 : 0
  1612	  1619 : 0
  1616	  1627 : 0
  1624	  1635 : 1
  1632	  1671 : 0
  1668	  1695 : 0
  1692	  1711 : 0
  1708	  1727 : 0
  1724	  1739 : 0
  1736	  1747 : 0
  1744	  1751 : 0
  1748	  1763 : 0
  1760	  1779 : 0
  1776	  1783 : 1
  1780	  1795 : 0
  1792	  1815 : 0
  1812	  1819 : 0
  1816	  1867 : 0
  1864	  1907 : 0
  1904	  1911 : 0
  1908	  2067 : 0
  2064	  2071 : 0
  2068	  2187 : 0
  2184	  2191 : 0
  2188	  2199 : 0
  2196	  2223 : 0
  2220	  2227 : 0
  2224	  2235 : 0
  2232	  2239 : 0
  2236	  2247 : 0
  2244	  2275 : 0
  2272	  2283 : 1
  2280	  2363 : 0
  2360	  2367 : 1
  2364	  2379 : 0
  2376	  2387 : 0
  2384	  2399 : 0
  2396	  2415 : 0
  2412	  2515 : 0
  2512	  2547 : 0
  2544	  2579 : 0
  2576	  2591 : 0
  2588	  2595 : 0
  2592	  2607 : 0
  2604	  2611 : 0
  2608	  2615 : 1
  2612	  2747 : 0
  2744	  2831 : 1
  2828	  2843 : 0
  2840	  2859 : 0
  2856	  2883 : 0
  2880	  2887 : 0
  2884	  2891 : 0
  2888	  2895 : 1
  2892	  2903 : 0
  2900	  2951 : 0
  2948	  2955 : 0
  2952	  2959 : 1
  2956	  2963 : 0
  2960	  2967 : 0
  2964	  2971 : 0
  2968	  2979 : 0
  2976	  2987 : 0
  2984	  3019 : 0
  3016	  3031 : 0
  3028	  3035 : 1
  3032	  3043 : 0
  3040	  3051 : 0
  3048	  3071 : 0
  3068	  3075 : 0
  3072	  3079 : 0
  3076	  3103 : 0
  3100	  3131 : 0
  3128	  3183 : 0
  3180	  3191 : 0
  3188	  3231 : 0
  3228	  3275 : 0
  3272	  3283 : 1
  3280	  3287 : 0
  3284	  3299 : 0
  3296	  3311 : 0
  3308	  3323 : 0
  3320	  3359 : 0
  3356	  3367 : 0
  3364	  3371 : 0
  3368	  3379 : 1
  3376	  3383 : 0
  3380	  3391 : 0
  3388	  3395 : 0
  3392	  3399 : 0
  3396	  3403 : 0
  3400	  3419 : 0
  3416	  3439 : 0
  3436	  3443 : 1
  3440	  3479 : 0
  3476	  3487 : 0
  3484	  3527 : 0
  3524	  3531 : 1
  3528	  3551 : 0
  3548	  3555 : 0
  3552	  3567 : 0
  3564	  3571 : 1
  3568	  3595 : 0
  3592	  3603 : 1
  3600	  3619 : 0
  3616	  3643 : 0
  3640	  3655 : 0
  3652	  3659 : 1
  3656	  3671 : 0
  3668	  3675 : 0
  3672	  3695 : 0
  3692	  3703 : 1
  3700	  3719 : 0
  3716	  3727 : 1
  3724	  3759 : 0
  3756	  3779 : 0
  3776	  3787 : 0
  3784	  3795 : 1
  3792	  3811 : 0
  3808	  3827 : 0
  3824	  3847 : 0
  3844	  3883 : 0
  3880	  3899 : 0
  3896	  3907 : 0
  3904	  3943 : 0
  3940	  3951 : 1
  3948	  4075 : 0
  4072	  4115 : 0
  4112	  4119 : 0
  4116	  4123 : 1
  4120	  4139 : 0
  4136	  4171 : 0
  4168	  4191 : 0
  4188	  4195 : 0
  4192	  4203 : 0
  4200	  4211 : 0
  4208	  4215 : 0
  4212	  4223 : 1
  4220	  4315 : 0
  4312	  4319 : 0
  4316	  4323 : 0
  4320	  4327 : 1
  4324	  4331 : 0
  4328	  4335 : 0
  4332	  4411 : 0
  4408	  4419 : 1
  4416	  4487 : 0
  4484	  4515 : 0
  4512	  4523 : 0
  4520	  4527 : 0
  4524	  4535 : 0
  4532	  4551 : 0
  4548	  4563 : 0
  4560	  4567 : 0
  4564	  4615 : 0
  4612	  4619 : 0
  4616	  4627 : 0
  4624	  4659 : 0
  4656	  4683 : 0
  4680	  4707 : 0
  4704	  4711 : 0
  4708	  4731 : 0
  4728	  4739 : 0
  4736	  4743 : 1
  4740	  4755 : 0
  4752	  4767 : 0
  4764	  4779 : 0
  4776	  4787 : 1
  4784	  4823 : 0
  4820	  4831 : 1
  4828	  4863 : 0
  4860	  4871 : 1
  4868	  4887 : 0
  4884	  4915 : 0
  4912	  4919 : 0
  4916	  4951 : 1
  4948	  4963 : 0
  4960	  4979 : 0
  4976	  4991 : 0
  4988	  5027 : 0
  5024	  5159 : 0
  5156	  5163 : 0
  5160	  5175 : 0
  5172	  5215 : 1
  5212	  5219 : 0
  5216	  5223 : 0
  5220	  5227 : 0
  5224	  5235 : 0
  5232	  5239 : 0
  5236	  5263 : 0
  5260	  5267 : 0
  5264	  5271 : 0
  5268	  5299 : 0
  5296	  5303 : 1
  5300	  5315 : 0
  5312	  5351 : 0
  5348	  5359 : 0
  5356	  5371 : 0
  5368	  5375 : 0
  5372	  5383 : 0
  5380	  5395 : 0
  5392	  5403 : 0
  5400	  5407 : 0
  5404	  5411 : 0
  5408	  5427 : 0
  5424	  5447 : 0
  5444	  5459 : 0
  5456	  5487 : 0
  5484	  5519 : 0
  5516	  5527 : 0
  5524	  5539 : 0
  5536	  5543 : 0
  5540	  5571 : 0
  5568	  5583 : 1
  5580	  5587 : 0
  5584	  5603 : 0
  5600	  5619 : 0
  5616	  5643 : 0
  5640	  5647 : 0
  5644	  5703 : 1
  5700	  5707 : 0
  5704	  5711 : 1
  5708	  5743 : 0
  5740	  5751 : 1
  5748	  5779 : 0
  5776	  5807 : 1
  5804	  5819 : 0
  5816	  5835 : 0
  5832	  5843 : 0
  5840	  5879 : 0
  5876	  5919 : 0
  5916	  5943 : 1
  5940	  5955 : 0
  5952	  5967 : 0
  5964	  5975 : 0
  5972	  6007 : 0
  6004	  6031 : 0
  6028	  6059 : 0
  6056	  6079 : 0
  6076	  6091 : 0
  6088	  6131 : 0
  6128	  6135 : 1
  6132	  6139 : 0
  6136	  6163 : 0
  6160	  6235 : 0
  6232	  6243 : 1
  6240	  6295 : 0
  6292	  6299 : 0
  6296	  6303 : 0
  6300	  6307 : 0
  6304	  6347 : 0
  6344	  6351 : 1
  6348	  6411 : 0
  6408	  6435 : 0
  6432	  6459 : 0
  6456	  6471 : 1
  6468	  6487 : 0
  6484	  6507 : 0
  6504	  6519 : 0
  6516	  6531 : 0
  6528	  6543 : 0
  6540	  6547 : 0
  6544	  6571 : 0
  6568	  6627 : 0
  6624	  6655 : 0
  6652	  6707 : 0
  6704	  6711 : 0
  6708	  6715 : 1
  6712	  6719 : 0
  6716	  6727 : 0
  6724	  6743 : 0
  6740	  6775 : 0
