     0	   131 : 0
   128	   139 : 1
   136	   183 : 0
   180	   195 : 0
   192	   203 : 0
   200	   207 : 0
   204	   211 : 0
   208	   235 : 0
   232	   311 : 0
   308	   315 : 0
   312	   335 : 0
   332	   339 : 1
   336	   355 : 0
   352	   395 : 0
   392	   523 : 0
   520	   531 : 1
   528	   539 : 0
   536	   543 : 0
   540	   711 : 0
   708	   715 : 0
   712	  1035 : 0
  1032	  1039 : 0
  1036	  1271 : 0
  1268	  1275 : 0
  1272	  2627 : 0
  2624	  2631 : 0
  2628	  2643 : 0
  2640	  2659 : 0
  2656	  2663 : 0
  2660	  2747 : 0
  2744	  2751 : 0
  2748	  2763 : 0
  2760	  2771 : 0
  2768	  2799 : 0
  2796	  3311 : 0
  3308	  3343 : 0
  3340	  3383 : 0
  3380	  3415 : 0
  3412	  3487 : 0
  3484	  3571 : 0
  3568	  3575 : 0
  3572	  3587 : 0
  3584	  3607 : 0
  3604	  3611 : 0
  3608	  4723 : 0
  4720	  4743 : 0
  4740	  4767 : 0
  4764	  4791 : 0
  4788	  4851 : 0
  4848	  4855 : 0
  4852	  4863 : 0
  4860	  4867 : 0
  4864	  4927 : 0
  4924	  4963 : 0
  4960	  4971 : 0
  4968	  4975 : 0
  4972	  5059 : 0
  5056	  5067 : 0
  5064	  5575 : 0
  5572	  5599 : 0
  5596	  5695 : 0
  5692	  5711 : 0
  5708	  5727 : 0
  5724	  5739 : 0
  5736	  5755 : 0
  5752	  5759 : 0
  5756	  6555 : 0
  6552	  6563 : 0
  6560	  6839 : 0
  6836	  6843 : 0
  6840	  7063 : 0
  7060	  7087 : 0
  7084	  7279 : 0
  7276	  7291 : 0
  7288	  7331 : 0
  7328	  7387 : 0
  7384	  7463 : 0
  7460	  7523 : 0
  7520	  7527 : 0
  7524	  7547 : 0
  7544	  7551 : 0
  7548	  7559 : 0
  7556	  7623 : 0
  7620	  7731 : 0
  7728	  7735 : 0
  7732	  7739 : 0
  7736	  7815 : 0
  7812	  7859 : 0
  7856	  7863 : 0
  7860	  7887 : 0
  7884	  7911 : 0
  7908	  7923 : 0
  7920	  7927 : 0
  7924	  7951 : 0
  7948	  7963 : 0
  7960	  8019 : 0
  8016	  8023 : 0
  8020	  8051 : 0
  8048	  8067 : 0
  8064	  8083 : 0
  8080	  8087 : 0
  8084	  8095 : 0
  8092	  8123 : 0
  8120	  8127 : 0
  8124	  8183 : 0
  8180	  8191 : 0
  8188	  8199 : 0
  8196	  8207 : 0
  8204	  8235 : 0
  8232	  8247 : 0
  8244	  8263 : 0
  8260	  8275 : 0
  8272	  8319 : 0
  8316	  8327 : 0
  8324	  8331 : 0
  8328	  8339 : 0
  8336	  8351 : 0
  8348	  8359 : 0
  8356	  8375 : 0
  8372	  8383 : 0
  8380	  8399 : 0
  8396	  8423 : 0
  8420	  8427 : 0
  8424	  8547 : 0
  8544	  8551 : 0
  8548	  8623 : 0
  8620	  8811 : 0
  8808	  8815 : 0
  8812	  8843 : 0
  8840	  8891 : 0
  8888	  8903 : 0
  8900	  8919 : 0
  8916	  8943 : 0
  8940	  9003 : 0
  9000	  9047 : 0
  9044	  9139 : 0
  9136	  9227 : 0
  9224	  9267 : 0
  9264	  9291 : 0
  9288	  9303 : 0
  9300	  9311 : 0
  9308	  9323 : 0
  9320	  9347 : 0
  9344	  9367 : 0
  9364	  9375 : 0
  9372	  9379 : 0
  9376	  9383 : 0
  9380	  9391 : 0
  9388	  9483 : 0
  9480	  9527 : 0
  9524	  9539 : 0
  9536	  9567 : 0
  9564	  9571 : 0
  9568	  9603 : 0
  9600	  9627 : 0
  9624	  9631 : 0
  9628	  9639 : 0
  9636	  9651 : 0
  9648	  9711 : 0
  9708	  9719 : 0
  9716	  9723 : 0
  9720	  9731 : 0
  9728	  9739 : 0
  9736	  9747 : 0
  9744	  9751 : 0
  9748	  9755 : 0
  9752	  9767 : 0
  9764	 10023 : 0
 10020	 10027 : 0
