     0	   119 : 1
   116	   167 : 0
   164	   191 : 1
   188	   195 : 0
   192	   219 : 1
   216	   299 : 0
   296	   303 : 1
   300	   375 : 0
   372	   391 : 1
   388	   403 : 0
   400	   507 : 0
   504	   511 : 0
   508	   519 : 0
   516	   535 : 0
   532	   543 : 0
   540	   571 : 0
   568	   627 : 0
   624	   639 : 0
   636	   671 : 0
   668	   695 : 0
   692	   699 : 0
   696	   715 : 0
   712	   755 : 1
   752	   763 : 0
   760	   783 : 0
   780	   855 : 0
   852	   871 : 0
   868	   891 : 0
   888	   931 : 0
   928	   951 : 0
   948	   955 : 2
   952	  1011 : 0
  1008	  1015 : 0
  1012	  1067 : 0
  1064	  1171 : 0
  1168	  1179 : 0
  1176	  1203 : 1
  1200	  1263 : 0
  1260	  1271 : 0
  1268	  1283 : 0
  1280	  1299 : 0
  1296	  1319 : 0
  1316	  1343 : 1
  1340	  1383 : 0
  1380	  1387 : 0
  1384	  1395 : 0
  1392	  1403 : 0
  1400	  1411 : 0
  1408	  1439 : 0
  1436	  1447 : 0
  1444	  1615 : 0
  1612	  1623 : 0
  1620	  1631 : 0
  1628	  1639 : 0
  1636	  1643 : 0
  1640	  1647 : 0
  1644	  1655 : 0
  1652	  1691 : 0
  1688	  1699 : 1
  1696	  1743 : 0
  1740	  1751 : 0
  1748	  1783 : 0
  1780	  1799 : 0
  1796	  1815 : 0
  1812	  1823 : 0
  1820	  1831 : 0
  1828	  1839 : 1
  1836	  1947 : 0
  1944	  2051 : 0
  2048	  2059 : 0
  2056	  2091 : 0
  2088	  2103 : 0
  2100	  2119 : 0
  2116	  2171 : 0
  2168	  2183 : 0
  2180	  2199 : 0
  2196	  2203 : 0
  2200	  2211 : 0
  2208	  2227 : 0
  2224	  2255 : 0
  2252	  2259 : 2
  2256	  2263 : 1
  2260	  2327 : 0
  2324	  2331 : 0
  2328	  2379 : 0
  2376	  2391 : 0
  2388	  2395 : 0
  2392	  2427 : 0
  2424	  2439 : 0
  2436	  2475 : 0
  2472	  2495 : 0
  2492	  2555 : 0
  2552	  2579 : 0
  2576	  2583 : 1
  2580	  2651 : 0
  2648	  2687 : 0
  2684	  2699 : 0
  2696	  2703 : 1
  2700	  2735 : 0
  2732	  2739 : 0
  2736	  2743 : 0
  2740	  2747 : 0
  2744	  2763 : 0
  2760	  2767 : 1
  2764	  2771 : 0
  2768	  2835 : 0
  2832	  2887 : 0
  2884	  2891 : 1
  2888	  2907 : 0
  2904	  2923 : 0
  2920	  3027 : 0
  3024	  3031 : 1
  3028	  3071 : 0
  3068	  3075 : 0
  3072	  3103 : 0
  3100	  3151 : 0
  3148	  3163 : 0
  3160	  3167 : 0
  3164	  3235 : 0
  3232	  3239 : 1
  3236	  3279 : 0
  3276	  3283 : 0
  3280	  3287 : 0
  3284	  3323 : 0
  3320	  3327 : 0
  3324	  3343 : 1
  3340	  3419 : 0
  3416	  3427 : 0
  3424	  3443 : 0
  3440	  3499 : 0
  3496	  3503 : 0
  3500	  3511 : 1
  3508	  3567 : 0
  3564	  3571 : 1
  3568	  3635 : 0
  3632	  3643 : 0
  3640	  3683 : 0
  3680	  3719 : 0
  3716	  3735 : 0
  3732	  3739 : 2
  3736	  3743 : 1
  3740	  3763 : 0
  3760	  3795 : 1
  3792	  3851 : 0
  3848	  3859 : 0
  3856	  3903 : 0
  3900	  3919 : 1
  3916	  3967 : 0
  3964	  3971 : 0
  3968	  3979 : 0
  3976	  3991 : 0
  3988	  4007 : 0
  4004	  4015 : 1
  4012	  4279 : 0
  4276	  4351 : 0
  4348	  4399 : 0
  4396	  4407 : 0
  4404	  4459 : 0
  4456	  4463 : 0
  4460	  4507 : 0
  4504	  4535 : 0
  4532	  4559 : 0
  4556	  4563 : 1
  4560	  4667 : 0
  4664	  4675 : 1
  4672	  4811 : 0
  4808	  4815 : 1
  4812	  4823 : 0
  4820	  4843 : 0
  4840	  4859 : 0
  4856	  4867 : 0
  4864	  4883 : 0
  4880	  4891 : 0
  4888	  4907 : 0
  4904	  4943 : 1
  4940	  4983 : 0
  4980	  4987 : 1
  4984	  4995 : 0
  4992	  5075 : 1
