     0	     7 : 0
     4	   195 : 0
   192	   263 : 0
   260	   319 : 0
   316	   431 : 0
   428	   551 : 0
   548	   819 : 0
   816	   903 : 0
   900	   991 : 0
   988	   995 : 0
   992	   999 : 0
   996	  1087 : 0
  1084	  1155 : 0
  1152	  1183 : 0
  1180	  1391 : 0
  1388	  1499 : 0
  1496	  1575 : 0
  1572	  1647 : 0
  1644	  1655 : 0
  1652	  1659 : 0
  1656	  1715 : 0
  1712	  1723 : 0
  1720	  1747 : 0
  1744	  1751 : 0
  1748	  1863 : 0
  1860	  1871 : 0
  1868	  1891 : 0
  1888	  1895 : 0
  1892	  1923 : 0
  1920	  1959 : 0
  1956	  2243 : 0
  2240	  2351 : 0
  2348	  2375 : 0
  2372	  2379 : 0
  2376	  2575 : 0
  2572	  2583 : 0
  2580	  2595 : 1
  2592	  2655 : 0
  2652	  2907 : 0
  2904	  2911 : 0
  2908	  2923 : 0
  2920	  3047 : 0
  3044	  3063 : 1
  3060	  3067 : 0
  3064	  3071 : 0
  3068	  3079 : 0
  3076	  3087 : 0
  3084	  3215 : 0
  3212	  3219 : 0
  3216	  3291 : 0
  3288	  3299 : 1
  3296	  3459 : 0
  3456	  3487 : 1
  3484	  3491 : 0
  3488	  3607 : 0
  3604	  3619 : 0
  3616	  3623 : 1
  3620	  3707 : 0
  3704	  3735 : 0
  3732	  3879 : 0
  3876	  3983 : 0
  3980	  3987 : 0
  3984	  4003 : 1
  4000	  4007 : 0
  4004	  4087 : 0
  4084	  4095 : 0
  4092	  4663 : 0
  4660	  4835 : 0
