     0	   875 : 0
   872	   899 : 0
   896	  1019 : 0
  1016	  1199 : 1
  1196	  3155 : 0
  3152	  3163 : 1
  3160	  3947 : 0
  3944	  3955 : 1
  3952	  4715 : 0
  4712	  6251 : 1
  6248	  7259 : 0
  7256	  7267 : 1
  7264	  8855 : 0
  8852	 10995 : 0
 10992	 12591 : 0
 12588	 12595 : 1
 12592	 14099 : 0
 14096	 14107 : 1
 14104	 14507 : 0
 14504	 14515 : 1
 14512	 18115 : 0
 18112	 18123 : 1
 18120	 18595 : 0
 18592	 18603 : 1
 18600	 18907 : 0
 18904	 18911 : 1
 18908	 19575 : 0
 19572	 20843 : 1
 20840	 20879 : 0
 20876	 20883 : 0
 20880	 21271 : 0
 21268	 21279 : 1
 21276	 21315 : 0
 21312	 21567 : 1
 21564	 21795 : 0
 21792	 21935 : 1
 21932	 22303 : 0
 22300	 22307 : 1
 22304	 22575 : 0
 22572	 22579 : 0
 22576	 24387 : 0
 24384	 24391 : 1
 24388	 32087 : 0
 32084	 32091 : 1
 32088	 33055 : 0
 33052	 33063 : 1
 33060	 37127 : 0
 37124	 37315 : 1
 37312	 46551 : 0
 46548	 48203 : 1
 48200	 49067 : 0
 49064	 49071 : 1
 49068	 49887 : 0
 49884	 49895 : 1
 49892	 50583 : 0
 50580	 50587 : 1
 50584	 52551 : 0
 52548	 52559 : 1
 52556	 52667 : 0
 52664	 52671 : 1
 52668	 55179 : 0
 55176	 55187 : 1
 55184	 58227 : 0
 58224	 58231 : 1
 58228	 58471 : 0
 58468	 58479 : 1
 58476	 60367 : 0
 60364	 60375 : 1
 60372	 60771 : 0
 60768	 60775 : 1
 60772	 61367 : 0
 61364	 62015 : 1
 62012	 62331 : 0
 62328	 62335 : 0
 62332	 63139 : 0
 63136	 63143 : 1
 63140	 64791 : 0
 64788	 66771 : 1
 66768	 67375 : 0
 67372	 67379 : 1
 67376	 69095 : 0
 69092	 69103 : 1
 69100	 72875 : 0
 72872	 73111 : 1
 73108	 73859 : 0
 73856	 73867 : 1
 73864	 74339 : 0
