     0	    95 : 0
    92	   183 : 0
   180	   187 : 0
   184	   195 : 0
   192	   207 : 0
   204	   263 : 0
   260	   271 : 0
   268	   323 : 0
   320	   339 : 0
   336	   343 : 0
   340	   351 : 0
   348	   427 : 0
   424	   443 : 0
   440	   467 : 0
   464	   471 : 1
   468	   475 : 0
   472	   523 : 0
   520	   527 : 0
   524	   539 : 0
   536	   559 : 0
   556	   583 : 0
   580	   607 : 0
   604	   683 : 0
   680	   775 : 0
   772	  1087 : 0
  1084	  1327 : 0
  1324	  1343 : 1
  1340	  1387 : 0
  1384	  1391 : 1
  1388	  1407 : 0
  1404	  1411 : 1
  1408	  1419 : 0
  1416	  1527 : 1
  1524	  1667 : 0
  1664	  1703 : 1
  1700	  1711 : 0
  1708	  1719 : 0
  1716	  1723 : 0
  1720	  1731 : 0
  1728	  1763 : 0
  1760	  1771 : 0
  1768	  1779 : 0
  1776	  1791 : 0
  1788	  1795 : 0
  1792	  1803 : 1
  1800	  1943 : 0
  1940	  1959 : 1
  1956	  1963 : 0
  1960	  1971 : 0
  1968	  2003 : 0
  2000	  2031 : 0
  2028	  2063 : 0
  2060	  2067 : 2
  2064	  2071 : 0
  2068	  2147 : 0
  2144	  2155 : 0
  2152	  2163 : 0
  2160	  2167 : 0
  2164	  2227 : 0
  2224	  2231 : 0
  2228	  2235 : 1
  2232	  2251 : 0
  2248	  2311 : 0
  2308	  2315 : 0
  2312	  2363 : 0
  2360	  2407 : 0
  2404	  2415 : 1
  2412	  2443 : 0
  2440	  2463 : 0
  2460	  2467 : 0
  2464	  2471 : 0
  2468	  2475 : 0
  2472	  2519 : 0
  2516	  2531 : 0
  2528	  2543 : 0
  2540	  2563 : 0
  2560	  2571 : 0
  2568	  2895 : 0
  2892	  3039 : 1
  3036	  3143 : 0
  3140	  3151 : 1
  3148	  3435 : 0
  3432	  3439 : 1
  3436	  3443 : 2
  3440	  3551 : 0
  3548	  3559 : 1
  3556	  3591 : 0
  3588	  3595 : 0
  3592	  3671 : 0
  3668	  3679 : 1
  3676	  3727 : 0
  3724	  3743 : 1
  3740	  3747 : 0
  3744	  3771 : 0
  3768	  3779 : 0
  3776	  3811 : 1
  3808	  3819 : 0
  3816	  3839 : 0
  3836	  3843 : 0
  3840	  3847 : 0
  3844	  3851 : 0
  3848	  3863 : 0
  3860	  3871 : 0
  3868	  3895 : 0
  3892	  3899 : 0
  3896	  3907 : 0
  3904	  3915 : 0
  3912	  3967 : 1
  3964	  3987 : 0
  3984	  3991 : 0
  3988	  4031 : 0
  4028	  4035 : 0
  4032	  4039 : 0
  4036	  4051 : 0
  4048	  4075 : 0
  4072	  4091 : 0
  4088	  4211 : 0
  4208	  4215 : 1
  4212	  4287 : 0
  4284	  4291 : 0
  4288	  4395 : 0
  4392	  4403 : 1
  4400	  4451 : 0
  4448	  4463 : 0
  4460	  4471 : 0
  4468	  4487 : 0
  4484	  4547 : 0
  4544	  4551 : 1
  4548	  4583 : 0
  4580	  4591 : 0
  4588	  4627 : 0
  4624	  4639 : 0
  4636	  4687 : 0
  4684	  4711 : 0
  4708	  4747 : 0
  4744	  4759 : 0
  4756	  4787 : 0
  4784	  4799 : 0
  4796	  4835 : 0
  4832	  4839 : 0
  4836	  4843 : 0
  4840	  4851 : 0
  4848	  4859 : 0
  4856	  4871 : 0
  4868	  4883 : 0
  4880	  4899 : 0
  4896	  4995 : 0
  4992	  4999 : 0
  4996	  5583 : 0
  5580	  5591 : 1
  5588	  5719 : 0
  5716	  5723 : 1
  5720	  5871 : 0
  5868	  5883 : 1
  5880	  5955 : 0
  5952	  5959 : 0
  5956	  5967 : 0
  5964	  5971 : 0
  5968	  5987 : 0
  5984	  5991 : 0
  5988	  6015 : 0
  6012	  6039 : 0
  6036	  6119 : 0
  6116	  6195 : 1
  6192	  6263 : 0
  6260	  6267 : 0
  6264	  6295 : 0
  6292	  6307 : 0
  6304	  6311 : 0
  6308	  6315 : 1
  6312	  6363 : 0
  6360	  6555 : 0
  6552	  6611 : 0
  6608	  6619 : 1
  6616	  6699 : 0
  6696	  6707 : 1
  6704	  6711 : 0
  6708	  6715 : 0
  6712	  6783 : 0
  6780	  6799 : 1
  6796	  6803 : 0
  6800	  6823 : 0
  6820	  6827 : 0
  6824	  6879 : 0
  6876	  6899 : 0
  6896	  6903 : 1
  6900	  6975 : 0
  6972	  6979 : 1
  6976	  6983 : 0
  6980	  7007 : 0
  7004	  7023 : 0
  7020	  7027 : 0
  7024	  7031 : 0
  7028	  7043 : 0
  7040	  7059 : 0
  7056	  7079 : 0
  7076	  7103 : 0
  7100	  7107 : 0
  7104	  7127 : 0
  7124	  7135 : 1
  7132	  7159 : 0
  7156	  7171 : 0
  7168	  7259 : 0
  7256	  7267 : 0
  7264	  7287 : 0
  7284	  7307 : 0
  7304	  7359 : 0
  7356	  7363 : 0
  7360	  7499 : 0
  7496	  7507 : 1
  7504	  7519 : 0
  7516	  7527 : 0
  7524	  7663 : 0
  7660	  7667 : 1
  7664	  7879 : 0
  7876	  7887 : 1
  7884	  8023 : 0
  8020	  8027 : 1
  8024	  8043 : 0
  8040	  8051 : 0
  8048	  8103 : 0
  8100	  8107 : 1
  8104	  8111 : 2
  8108	  8123 : 0
  8120	  8127 : 0
  8124	  8139 : 0
  8136	  8147 : 0
  8144	  8191 : 0
  8188	  8199 : 1
  8196	  8207 : 0
  8204	  8211 : 0
  8208	  8243 : 0
  8240	  8259 : 0
  8256	  8279 : 0
  8276	  8283 : 0
  8280	  8291 : 0
  8288	  8315 : 0
  8312	  8327 : 0
  8324	  8379 : 0
  8376	  8383 : 0
  8380	  8403 : 0
  8400	  8419 : 0
  8416	  8431 : 0
  8428	  8439 : 0
  8436	  8459 : 0
  8456	  8463 : 0
  8460	  8483 : 0
  8480	  8491 : 0
  8488	  8707 : 1
  8704	  8875 : 0
  8872	  8891 : 1
  8888	  8903 : 0
  8900	  8951 : 0
  8948	  9123 : 0
  9120	  9259 : 1
  9256	  9275 : 0
  9272	  9279 : 0
  9276	  9439 : 0
  9436	  9443 : 1
  9440	  9751 : 0
  9748	  9775 : 1
  9772	  9779 : 0
  9776	  9783 : 0
  9780	  9863 : 0
  9860	  9867 : 0
  9864	  9971 : 0
  9968	  9975 : 1
  9972	 10183 : 0
 10180	 10199 : 1
 10196	 10255 : 0
 10252	 10279 : 0
 10276	 10307 : 0
 10304	 10311 : 0
 10308	 10335 : 0
 10332	 10391 : 0
 10388	 10407 : 0
 10404	 10415 : 0
 10412	 10431 : 0
 10428	 10439 : 0
 10436	 10459 : 0
 10456	 10463 : 0
 10460	 10475 : 0
 10472	 10479 : 0
 10476	 10507 : 0
 10504	 10547 : 0
 10544	 10555 : 0
 10552	 10559 : 0
 10556	 10571 : 0
 10568	 10583 : 0
 10580	 10595 : 0
 10592	 10611 : 0
 10608	 10631 : 0
 10628	 10639 : 1
 10636	 10799 : 0
 10796	 10803 : 1
 10800	 10923 : 0
 10920	 10943 : 1
 10940	 10947 : 0
 10944	 10963 : 0
 10960	 11011 : 0
 11008	 11019 : 0
 11016	 11083 : 0
 11080	 11087 : 1
 11084	 11183 : 0
 11180	 11187 : 0
 11184	 11307 : 0
 11304	 11315 : 1
 11312	 11351 : 0
 11348	 11375 : 0
 11372	 11399 : 0
 11396	 11407 : 1
 11404	 11419 : 0
 11416	 11427 : 0
 11424	 11435 : 0
 11432	 11447 : 0
 11444	 11459 : 0
 11456	 11479 : 1
 11476	 11499 : 0
 11496	 11511 : 0
 11508	 11535 : 0
 11532	 11543 : 1
 11540	 11827 : 0
 11824	 11835 : 1
 11832	 12047 : 0
 12044	 12055 : 1
 12052	 12075 : 0
 12072	 12083 : 0
 12080	 12095 : 0
 12092	 12099 : 0
 12096	 12167 : 0
 12164	 12171 : 0
 12168	 12187 : 0
 12184	 12283 : 0
 12280	 12335 : 0
 12332	 12383 : 0
 12380	 12395 : 0
 12392	 12435 : 0
 12432	 12519 : 0
 12516	 12523 : 0
 12520	 12527 : 0
 12524	 12531 : 0
 12528	 12551 : 0
 12548	 12755 : 1
 12752	 12775 : 0
 12772	 12779 : 1
 12776	 12863 : 0
 12860	 12875 : 0
 12872	 12915 : 0
 12912	 12923 : 1
 12920	 13347 : 0
 13344	 13923 : 1
 13920	 13971 : 0
 13968	 13995 : 0
 13992	 13999 : 0
 13996	 14015 : 0
 14012	 14019 : 0
 14016	 14027 : 0
 14024	 14031 : 0
 14028	 14051 : 0
 14048	 14067 : 0
 14064	 14075 : 0
 14072	 14087 : 0
 14084	 14091 : 0
 14088	 14103 : 0
 14100	 14195 : 0
 14192	 14211 : 0
 14208	 14223 : 0
 14220	 14247 : 0
 14244	 14251 : 0
 14248	 14263 : 0
 14260	 14267 : 0
 14264	 14271 : 0
 14268	 14363 : 0
 14360	 14371 : 0
 14368	 14379 : 1
 14376	 14511 : 0
