     0	   283 : 0
   280	   287 : 0
   284	   295 : 1
   292	   303 : 0
   300	   307 : 1
   304	   327 : 0
   324	   339 : 0
   336	   351 : 0
   348	   363 : 0
   360	   383 : 0
   380	   451 : 1
   448	   511 : 0
   508	   567 : 0
   564	   571 : 0
   568	   579 : 1
   576	   595 : 0
   592	   607 : 1
   604	   611 : 0
   608	   615 : 1
   612	   659 : 0
   656	   667 : 1
   664	   703 : 0
   700	   735 : 1
   732	   743 : 0
   740	   751 : 1
   748	   767 : 0
   764	   771 : 1
   768	   795 : 0
   792	   799 : 1
   796	   815 : 0
   812	   823 : 1
   820	   843 : 0
   840	   847 : 1
   844	   895 : 0
   892	   947 : 1
   944	   951 : 0
   948	  1003 : 0
  1000	  1007 : 0
  1004	  1035 : 1
  1032	  1043 : 0
  1040	  1127 : 1
  1124	  1131 : 0
  1128	  1135 : 1
  1132	  1143 : 0
  1140	  1167 : 1
  1164	  1171 : 0
  1168	  1183 : 1
  1180	  1191 : 0
  1188	  1199 : 1
  1196	  1219 : 0
  1216	  1223 : 1
  1220	  1247 : 0
  1244	  1251 : 0
  1248	  1255 : 0
  1252	  1259 : 1
  1256	  1263 : 0
  1260	  1279 : 1
  1276	  1287 : 0
  1284	  1295 : 0
  1292	  1315 : 0
  1312	  1327 : 1
  1324	  1331 : 0
  1328	  1339 : 1
  1336	  1343 : 0
  1340	  1355 : 1
  1352	  1375 : 0
  1372	  1383 : 1
  1380	  1407 : 0
  1404	  1427 : 1
  1424	  1443 : 0
  1440	  1475 : 0
  1472	  1479 : 2
  1476	  1483 : 1
  1480	  1491 : 0
  1488	  1495 : 1
  1492	  1507 : 0
  1504	  1515 : 1
  1512	  1531 : 0
  1528	  1539 : 1
  1536	  1639 : 0
  1636	  1651 : 0
  1648	  1655 : 0
  1652	  1659 : 1
  1656	  1671 : 0
  1668	  1695 : 0
  1692	  1699 : 0
  1696	  1727 : 0
  1724	  1735 : 0
  1732	  1743 : 0
  1740	  1751 : 0
  1748	  1851 : 0
  1848	  1863 : 0
  1860	  1887 : 1
  1884	  1891 : 0
  1888	  1899 : 1
  1896	  1907 : 0
  1904	  1999 : 0
  1996	  2003 : 0
  2000	  2007 : 1
  2004	  2019 : 0
  2016	  2023 : 1
  2020	  2027 : 0
  2024	  2107 : 1
  2104	  2115 : 0
  2112	  2139 : 0
  2136	  2147 : 0
  2144	  2155 : 0
  2152	  2171 : 0
  2168	  2179 : 1
  2176	  2187 : 0
  2184	  2191 : 1
  2188	  2199 : 0
  2196	  2207 : 1
  2204	  2211 : 0
  2208	  2215 : 1
  2212	  2227 : 0
  2224	  2235 : 1
  2232	  2299 : 0
  2296	  2303 : 1
  2300	  2307 : 0
  2304	  2315 : 1
  2312	  2319 : 0
  2316	  2347 : 0
  2344	  2359 : 0
  2356	  2375 : 1
  2372	  2411 : 0
  2408	  2415 : 1
  2412	  2419 : 0
  2416	  2439 : 0
  2436	  2459 : 0
  2456	  2491 : 1
  2488	  2499 : 0
  2496	  2523 : 0
  2520	  2559 : 0
  2556	  2567 : 1
  2564	  2575 : 0
  2572	  2595 : 0
  2592	  2603 : 0
  2600	  2607 : 0
  2604	  2611 : 0
  2608	  2619 : 1
  2616	  2631 : 0
  2628	  2647 : 1
  2644	  2655 : 0
  2652	  2663 : 1
  2660	  2683 : 0
  2680	  2687 : 0
  2684	  2691 : 0
  2688	  2707 : 0
  2704	  2711 : 0
  2708	  2723 : 0
  2720	  2727 : 0
  2724	  2755 : 1
  2752	  2759 : 0
  2756	  2807 : 0
  2804	  2823 : 0
  2820	  2851 : 1
  2848	  2855 : 0
  2852	  2859 : 0
  2856	  2863 : 0
  2860	  2867 : 1
  2864	  2875 : 0
  2872	  2883 : 1
  2880	  2887 : 0
  2884	  2927 : 0
  2924	  2943 : 0
  2940	  2951 : 1
  2948	  2975 : 0
  2972	  3003 : 1
  3000	  3011 : 0
  3008	  3015 : 0
  3012	  3019 : 0
  3016	  3039 : 1
  3036	  3047 : 0
  3044	  3079 : 0
  3076	  3083 : 0
  3080	  3095 : 0
  3092	  3099 : 0
  3096	  3107 : 0
  3104	  3111 : 0
  3108	  3127 : 0
  3124	  3131 : 0
  3128	  3139 : 0
  3136	  3143 : 0
  3140	  3147 : 0
  3144	  3155 : 0
  3152	  3159 : 0
  3156	  3171 : 0
  3168	  3175 : 0
  3172	  3179 : 0
  3176	  3195 : 1
  3192	  3199 : 0
  3196	  3215 : 1
  3212	  3219 : 0
  3216	  3227 : 1
  3224	  3231 : 0
  3228	  3235 : 1
  3232	  3243 : 0
  3240	  3247 : 1
  3244	  3255 : 0
  3252	  3259 : 1
  3256	  3267 : 0
  3264	  3271 : 0
  3268	  3279 : 0
  3276	  3283 : 0
  3280	  3295 : 0
  3292	  3299 : 0
  3296	  3311 : 0
  3308	  3319 : 1
  3316	  3323 : 0
  3320	  3355 : 1
  3352	  3363 : 0
  3360	  3387 : 0
  3384	  3527 : 0
  3524	  3563 : 0
  3560	  3619 : 0
  3616	  3623 : 0
  3620	  3723 : 0
  3720	  3727 : 1
  3724	  3795 : 0
  3792	  3803 : 1
  3800	  3835 : 0
  3832	  3843 : 1
  3840	  3871 : 0
  3868	  3879 : 1
  3876	  3895 : 0
  3892	  3903 : 0
  3900	  3915 : 0
  3912	  3919 : 2
  3916	  3923 : 1
  3920	  3943 : 0
  3940	  3951 : 1
  3948	  3959 : 0
  3956	  3967 : 0
  3964	  3971 : 0
  3968	  3975 : 0
  3972	  3983 : 0
  3980	  3991 : 1
  3988	  3999 : 0
  3996	  4047 : 0
  4044	  4051 : 0
  4048	  4059 : 0
  4056	  4071 : 0
  4068	  4075 : 0
  4072	  4079 : 0
  4076	  4095 : 1
  4092	  4131 : 0
  4128	  4191 : 1
  4188	  4199 : 0
  4196	  4207 : 1
  4204	  4271 : 0
  4268	  4275 : 1
  4272	  4279 : 2
  4276	  4303 : 0
  4300	  4379 : 0
  4376	  4419 : 0
  4416	  4423 : 0
  4420	  4439 : 0
  4436	  4447 : 1
  4444	  4475 : 0
  4472	  4483 : 1
  4480	  4503 : 0
  4500	  4635 : 0
  4632	  4667 : 0
  4664	  4671 : 1
  4668	  4715 : 0
  4712	  4767 : 1
  4764	  4771 : 0
  4768	  4775 : 1
  4772	  4811 : 0
  4808	  4815 : 1
  4812	  4831 : 0
  4828	  4839 : 1
  4836	  4871 : 0
  4868	  4875 : 1
  4872	  4931 : 0
  4928	  4939 : 1
  4936	  4963 : 0
  4960	  4971 : 1
  4968	  5003 : 0
  5000	  5011 : 1
  5008	  5135 : 0
  5132	  5171 : 0
  5168	  5183 : 0
  5180	  5211 : 1
  5208	  5227 : 0
  5224	  5243 : 0
  5240	  5287 : 0
  5284	  5295 : 1
  5292	  5335 : 0
  5332	  5343 : 1
  5340	  5387 : 0
  5384	  5391 : 1
  5388	  5491 : 0
  5488	  5499 : 1
  5496	  5519 : 0
  5516	  5527 : 0
  5524	  5535 : 0
  5532	  5543 : 1
  5540	  5619 : 0
  5616	  5623 : 0
  5620	  5675 : 0
  5672	  5683 : 0
  5680	  5695 : 0
  5692	  5703 : 0
  5700	  5707 : 0
  5704	  5719 : 0
  5716	  5779 : 0
  5776	  5811 : 1
  5808	  5843 : 0
  5840	  5855 : 0
  5852	  5899 : 0
  5896	  5987 : 0
  5984	  6035 : 0
  6032	  6039 : 1
  6036	  6087 : 0
  6084	  6111 : 0
  6108	  6139 : 0
  6136	  6147 : 1
  6144	  6159 : 0
  6156	  6179 : 0
  6176	  6211 : 0
  6208	  6215 : 0
  6212	  6223 : 0
  6220	  6335 : 1
  6332	  6339 : 0
  6336	  6375 : 0
  6372	  6379 : 0
  6376	  6431 : 1
  6428	  6475 : 0
  6472	  6491 : 0
  6488	  6739 : 0
  6736	  6831 : 1
  6828	  6835 : 0
  6832	  6843 : 1
  6840	  6855 : 0
  6852	  6871 : 0
  6868	  6879 : 0
  6876	  6883 : 0
  6880	  6895 : 0
  6892	  6899 : 1
  6896	  6939 : 0
  6936	  6943 : 1
  6940	  7007 : 0
  7004	  7011 : 0
  7008	  7019 : 0
  7016	  7051 : 0
  7048	  7103 : 0
  7100	  7107 : 2
  7104	  7111 : 1
  7108	  7143 : 0
  7140	  7147 : 0
  7144	  7227 : 0
  7224	  7231 : 1
  7228	  7235 : 0
  7232	  7287 : 0
  7284	  7323 : 0
  7320	  7331 : 1
  7328	  7339 : 0
  7336	  7347 : 0
  7344	  7359 : 0
  7356	  7363 : 1
  7360	  7367 : 2
  7364	  7387 : 0
  7384	  7395 : 0
  7392	  7407 : 0
  7404	  7415 : 1
  7412	  7447 : 0
  7444	  7487 : 0
  7484	  7519 : 0
  7516	  7527 : 1
  7524	  7579 : 0
  7576	  7583 : 1
  7580	  7611 : 0
  7608	  7619 : 1
  7616	  7639 : 0
  7636	  7643 : 0
  7640	  7647 : 0
  7644	  7651 : 0
  7648	  7671 : 0
  7668	  7687 : 0
  7684	  7699 : 0
  7696	  7711 : 0
  7708	  7719 : 0
  7716	  7723 : 1
  7720	  7759 : 0
  7756	  7819 : 1
  7816	  7823 : 0
  7820	  7827 : 1
  7824	  7847 : 0
  7844	  7855 : 1
  7852	  7907 : 0
  7904	  7911 : 0
  7908	  7915 : 0
  7912	  7947 : 0
  7944	  7967 : 0
  7964	  7971 : 1
  7968	  8015 : 0
  8012	  8019 : 1
  8016	  8063 : 0
  8060	  8067 : 1
  8064	  8099 : 0
  8096	  8115 : 0
  8112	  8119 : 0
  8116	  8127 : 0
  8124	  8163 : 0
  8160	  8167 : 0
  8164	  8211 : 0
  8208	  8219 : 0
  8216	  8255 : 0
  8252	  8295 : 1
  8292	  8299 : 0
  8296	  8315 : 0
  8312	  8339 : 0
  8336	  8343 : 0
  8340	  8379 : 0
  8376	  8387 : 1
  8384	  8419 : 0
  8416	  8431 : 0
  8428	  8435 : 0
  8432	  8459 : 0
  8456	  8463 : 2
  8460	  8467 : 1
  8464	  8495 : 0
  8492	  8499 : 1
  8496	  8539 : 0
  8536	  8543 : 1
  8540	  8547 : 0
  8544	  8551 : 0
  8548	  8567 : 0
  8564	  8655 : 1
  8652	  8659 : 0
  8656	  8715 : 0
  8712	  8803 : 0
  8800	  8807 : 1
  8804	  8855 : 0
  8852	  8883 : 0
  8880	  8919 : 0
  8916	  8943 : 0
  8940	  8999 : 0
  8996	  9003 : 1
  9000	  9007 : 0
  9004	  9011 : 0
  9008	  9071 : 0
  9068	  9079 : 1
  9076	  9135 : 0
  9132	  9139 : 0
  9136	  9147 : 0
  9144	  9155 : 1
  9152	  9199 : 0
  9196	  9227 : 0
  9224	  9231 : 0
  9228	  9239 : 0
  9236	  9259 : 0
  9256	  9267 : 0
  9264	  9275 : 0
  9272	  9283 : 1
  9280	  9339 : 0
  9336	  9347 : 1
  9344	  9351 : 0
  9348	  9355 : 0
  9352	  9391 : 0
  9388	  9395 : 0
  9392	  9431 : 0
  9428	  9435 : 0
  9432	  9443 : 0
  9440	  9451 : 1
  9448	  9467 : 0
  9464	  9475 : 0
  9472	  9483 : 0
  9480	  9531 : 0
  9528	  9543 : 0
  9540	  9551 : 0
  9548	  9571 : 0
  9568	  9575 : 1
  9572	  9583 : 0
  9580	  9595 : 0
  9592	  9619 : 0
  9616	  9627 : 0
  9624	  9631 : 0
  9628	  9643 : 1
  9640	  9667 : 0
  9664	  9675 : 0
  9672	  9679 : 0
  9676	  9687 : 1
  9684	  9691 : 0
  9688	  9695 : 1
  9692	  9703 : 0
  9700	  9707 : 0
  9704	  9711 : 0
  9708	  9715 : 1
  9712	  9723 : 0
  9720	  9755 : 0
  9752	  9759 : 0
  9756	  9763 : 1
  9760	  9787 : 0
  9784	  9791 : 0
  9788	  9807 : 0
  9804	  9811 : 1
  9808	  9843 : 0
  9840	  9847 : 0
  9844	  9855 : 0
  9852	  9863 : 1
  9860	  9871 : 0
  9868	  9919 : 0
  9916	  9923 : 0
  9920	  9943 : 0
  9940	  9947 : 0
  9944	  9951 : 1
  9948	  9959 : 0
  9956	  9963 : 0
  9960	  9967 : 0
  9964	  9971 : 0
  9968	  9983 : 0
  9980	  9995 : 0
  9992	 10035 : 0
 10032	 10043 : 1
 10040	 10051 : 0
 10048	 10055 : 0
 10052	 10075 : 0
 10072	 10079 : 1
 10076	 10103 : 0
 10100	 10111 : 1
 10108	 10151 : 0
 10148	 10179 : 1
 10176	 10191 : 0
 10188	 10199 : 0
 10196	 10223 : 0
 10220	 10247 : 0
 10244	 10275 : 0
 10272	 10307 : 1
 10304	 10311 : 0
 10308	 10315 : 0
 10312	 10319 : 0
 10316	 10331 : 1
 10328	 10335 : 0
 10332	 10347 : 0
 10344	 10359 : 0
 10356	 10483 : 0
 10480	 10563 : 0
 10560	 10603 : 1
 10600	 10607 : 0
 10604	 10611 : 1
 10608	 10647 : 0
 10644	 10655 : 1
 10652	 10687 : 0
 10684	 10695 : 0
 10692	 10707 : 0
 10704	 10711 : 0
 10708	 10739 : 0
 10736	 10787 : 0
 10784	 10819 : 0
 10816	 10855 : 0
 10852	 10859 : 0
 10856	 10867 : 0
 10864	 10891 : 0
 10888	 10903 : 1
 10900	 10911 : 0
 10908	 10939 : 1
 10936	 10943 : 0
 10940	 10955 : 0
 10952	 10959 : 0
 10956	 10971 : 1
 10968	 10975 : 0
 10972	 10999 : 0
 10996	 11011 : 0
 11008	 11055 : 0
 11052	 11091 : 0
 11088	 11103 : 1
 11100	 11107 : 0
 11104	 11143 : 1
 11140	 11171 : 0
 11168	 11219 : 0
 11216	 11255 : 0
 11252	 11275 : 0
 11272	 11479 : 0
 11476	 11503 : 0
