     0	   275 : 0
   272	   279 : 0
   276	   351 : 0
   348	   475 : 0
   472	   555 : 1
   552	   703 : 0
   700	   739 : 1
   736	   747 : 0
   744	   771 : 0
   768	   783 : 0
   780	   791 : 0
   788	   819 : 0
   816	   835 : 0
   832	   971 : 0
   968	   979 : 1
   976	   999 : 0
   996	  1007 : 0
  1004	  1051 : 0
  1048	  1063 : 0
  1060	  1067 : 0
  1064	  1571 : 0
  1568	  1951 : 0
  1948	  2427 : 0
  2424	  2443 : 0
  2440	  2651 : 0
  2648	  2899 : 0
  2896	  3155 : 0
  3152	  3399 : 0
  3396	  3423 : 1
  3420	  3431 : 0
  3428	  3435 : 0
  3432	  3451 : 0
  3448	  3455 : 0
  3452	  3495 : 0
  3492	  3667 : 0
  3664	  3691 : 0
  3688	  3707 : 1
  3704	  3795 : 0
  3792	  3823 : 0
  3820	  3875 : 0
  3872	  3911 : 0
  3908	  3915 : 0
  3912	  3935 : 0
  3932	  4059 : 0
  4056	  4111 : 0
  4108	  4187 : 0
  4184	  4351 : 0
  4348	  4519 : 0
  4516	  4667 : 1
