     0	    19 : 0
    16	    27 : 0
    24	    91 : 1
    88	    95 : 0
    92	   107 : 0
   104	   119 : 0
   116	   127 : 0
   124	   239 : 0
   236	   247 : 1
   244	   251 : 0
   248	   255 : 1
   252	   303 : 0
   300	   307 : 0
   304	   319 : 0
   316	   327 : 1
   324	   335 : 0
   332	   347 : 0
   344	   363 : 0
   360	   415 : 0
   412	   439 : 0
   436	   443 : 0
   440	   499 : 0
   496	   575 : 1
   572	   583 : 0
   580	   595 : 0
   592	   603 : 0
   600	   611 : 0
   608	   711 : 0
   708	   715 : 0
   712	   743 : 0
   740	   771 : 0
   768	   783 : 0
   780	   787 : 0
   784	   799 : 0
   796	   803 : 0
   800	   811 : 0
   808	   815 : 0
   812	   823 : 0
   820	   827 : 0
   824	   831 : 0
   828	   839 : 0
   836	   863 : 0
   860	   883 : 0
   880	   943 : 0
   940	   951 : 0
   948	   959 : 0
   956	   963 : 0
   960	   967 : 0
   964	   975 : 0
   972	   979 : 0
   976	   987 : 0
   984	  1003 : 0
  1000	  1007 : 0
  1004	  1031 : 0
  1028	  1055 : 0
  1052	  1135 : 0
  1132	  1187 : 1
  1184	  1195 : 0
  1192	  1207 : 0
  1204	  1223 : 0
  1220	  1231 : 0
  1228	  1235 : 0
  1232	  1271 : 0
  1268	  1311 : 0
  1308	  1315 : 0
  1312	  1319 : 0
  1316	  1323 : 0
  1320	  1339 : 0
  1336	  1439 : 0
  1436	  1447 : 0
  1444	  1467 : 0
  1464	  1471 : 0
  1468	  1495 : 0
  1492	  1503 : 0
  1500	  1519 : 0
  1516	  1527 : 0
  1524	  1563 : 0
  1560	  1583 : 0
  1580	  1603 : 0
  1600	  1615 : 0
  1612	  1623 : 1
  1620	  1807 : 0
  1804	  1891 : 1
  1888	  1895 : 0
  1892	  1903 : 0
  1900	  1923 : 0
  1920	  1927 : 0
  1924	  1935 : 0
  1932	  1947 : 0
  1944	  1963 : 0
  1960	  1975 : 0
  1972	  2003 : 0
  2000	  2067 : 1
  2064	  2071 : 0
  2068	  2103 : 0
  2100	  2135 : 0
  2132	  2151 : 0
  2148	  2195 : 0
  2192	  2227 : 1
  2224	  2279 : 0
  2276	  2303 : 0
  2300	  2319 : 0
  2316	  2323 : 0
  2320	  2335 : 0
  2332	  2359 : 1
  2356	  2375 : 0
  2372	  2419 : 0
  2416	  2427 : 0
  2424	  2435 : 1
  2432	  2455 : 0
  2452	  2499 : 0
  2496	  2503 : 0
  2500	  2507 : 0
  2504	  2511 : 0
  2508	  2655 : 1
  2652	  2679 : 0
  2676	  2811 : 0
  2808	  2815 : 2
  2812	  2827 : 0
  2824	  2831 : 1
  2828	  2855 : 0
  2852	  2863 : 0
  2860	  2867 : 0
  2864	  2875 : 1
  2872	  2887 : 0
  2884	  2895 : 0
  2892	  2903 : 0
  2900	  2935 : 0
  2932	  2951 : 0
  2948	  2967 : 0
  2964	  2971 : 0
  2968	  2983 : 0
  2980	  2987 : 0
  2984	  2991 : 0
  2988	  3059 : 0
  3056	  3067 : 1
  3064	  3079 : 0
  3076	  3099 : 0
  3096	  3115 : 0
  3112	  3131 : 0
  3128	  3147 : 0
  3144	  3151 : 1
  3148	  3155 : 0
  3152	  3159 : 0
  3156	  3175 : 0
  3172	  3187 : 0
  3184	  3203 : 0
  3200	  3207 : 0
  3204	  3223 : 0
  3220	  3243 : 1
  3240	  3287 : 0
  3284	  3295 : 0
  3292	  3323 : 0
  3320	  3439 : 0
  3436	  3443 : 0
  3440	  3459 : 0
  3456	  3475 : 0
  3472	  3551 : 0
  3548	  3559 : 0
  3556	  3563 : 0
  3560	  3575 : 0
  3572	  3587 : 0
  3584	  3595 : 0
  3592	  3599 : 1
  3596	  3607 : 0
  3604	  3611 : 0
  3608	  3631 : 0
  3628	  3639 : 0
  3636	  3643 : 0
  3640	  3651 : 0
  3648	  3655 : 0
  3652	  3663 : 0
  3660	  3667 : 0
  3664	  3671 : 0
  3668	  3679 : 0
  3676	  3715 : 0
  3712	  3719 : 0
  3716	  3815 : 0
  3812	  3819 : 0
  3816	  3843 : 0
  3840	  3847 : 0
  3844	  3859 : 0
  3856	  3863 : 0
  3860	  3867 : 1
  3864	  3911 : 0
  3908	  3927 : 1
  3924	  3959 : 0
  3956	  3971 : 0
  3968	  3979 : 0
  3976	  3991 : 0
  3988	  3995 : 0
  3992	  4007 : 0
  4004	  4015 : 0
  4012	  4031 : 1
  4028	  4055 : 0
  4052	  4059 : 1
  4056	  4063 : 0
  4060	  4067 : 0
  4064	  4071 : 0
  4068	  4075 : 1
  4072	  4087 : 0
  4084	  4091 : 1
  4088	  4095 : 0
  4092	  4115 : 0
  4112	  4131 : 0
  4128	  4143 : 0
  4140	  4147 : 0
  4144	  4163 : 0
  4160	  4171 : 0
  4168	  4183 : 0
  4180	  4187 : 0
  4184	  4191 : 0
  4188	  4195 : 0
  4192	  4223 : 0
  4220	  4247 : 0
  4244	  4251 : 0
  4248	  4255 : 0
  4252	  4275 : 0
  4272	  4279 : 0
  4276	  4379 : 1
  4376	  4447 : 0
  4444	  4459 : 0
  4456	  4499 : 0
  4496	  4511 : 1
  4508	  4515 : 0
  4512	  4551 : 0
  4548	  4563 : 0
  4560	  4579 : 0
  4576	  4667 : 0
  4664	  4763 : 1
  4760	  4839 : 0
  4836	  4843 : 1
  4840	  4863 : 0
  4860	  4887 : 0
  4884	  4895 : 0
  4892	  4963 : 0
  4960	  4967 : 0
  4964	  4975 : 0
  4972	  4999 : 0
  4996	  5011 : 0
  5008	  5015 : 0
  5012	  5059 : 0
  5056	  5063 : 0
  5060	  5067 : 1
  5064	  5107 : 0
  5104	  5163 : 1
  5160	  5219 : 0
  5216	  5231 : 0
  5228	  5255 : 0
  5252	  5307 : 0
  5304	  5319 : 0
  5316	  5331 : 0
  5328	  5399 : 0
  5396	  5407 : 1
  5404	  5427 : 0
  5424	  5431 : 0
  5428	  5435 : 0
  5432	  5475 : 0
  5472	  5487 : 0
  5484	  5503 : 0
  5500	  5511 : 0
  5508	  5531 : 0
  5528	  5539 : 0
  5536	  5543 : 1
  5540	  5551 : 0
  5548	  5559 : 0
  5556	  5571 : 0
  5568	  5575 : 0
  5572	  5591 : 0
  5588	  5643 : 1
  5640	  5663 : 0
  5660	  5747 : 1
  5744	  5759 : 0
  5756	  5767 : 0
  5764	  5775 : 0
  5772	  5783 : 0
  5780	  5843 : 0
  5840	  5855 : 0
  5852	  5863 : 0
  5860	  5879 : 0
  5876	  5891 : 0
  5888	  5935 : 0
  5932	  5951 : 0
  5948	  5955 : 0
  5952	  5963 : 0
  5960	  5991 : 0
  5988	  5995 : 0
  5992	  6003 : 1
  6000	  6171 : 0
  6168	  6195 : 0
  6192	  6199 : 0
  6196	  6207 : 0
  6204	  6323 : 0
  6320	  6327 : 0
  6324	  6339 : 0
  6336	  6351 : 0
  6348	  6359 : 0
  6356	  6435 : 1
  6432	  6439 : 0
  6436	  6531 : 0
  6528	  6551 : 0
  6548	  6663 : 0
  6660	  6679 : 0
  6676	  6739 : 0
  6736	  6763 : 0
  6760	  6779 : 0
  6776	  6799 : 0
  6796	  6855 : 0
  6852	  6891 : 0
  6888	  7075 : 0
