     0	   111 : 0
   108	   119 : 0
   116	   147 : 0
   144	   151 : 0
   148	   159 : 1
   156	   179 : 0
   176	   199 : 1
   196	   215 : 0
   212	   223 : 1
   220	   235 : 0
   232	   267 : 0
   264	   283 : 0
   280	   291 : 1
   288	   319 : 0
   316	   323 : 1
   320	   359 : 0
   356	   363 : 1
   360	   387 : 0
   384	   391 : 0
   388	   411 : 0
   408	   419 : 0
   416	   427 : 0
   424	   455 : 0
   452	   479 : 0
   476	   495 : 0
   492	   499 : 0
   496	   507 : 0
   504	   511 : 0
   508	   531 : 0
   528	   535 : 0
   532	   543 : 1
   540	   555 : 0
   552	   571 : 0
   568	   579 : 0
   576	   591 : 1
   588	   739 : 0
   736	   747 : 1
   744	   791 : 0
   788	   799 : 0
   796	   827 : 0
   824	   835 : 1
   832	   839 : 0
   836	   843 : 0
   840	   859 : 0
   856	   871 : 1
   868	   883 : 0
   880	   915 : 0
   912	   951 : 0
   948	   959 : 1
   956	   967 : 0
   964	   971 : 0
   968	   979 : 0
   976	   983 : 0
   980	   991 : 0
   988	   995 : 0
   992	  1011 : 0
  1008	  1019 : 0
  1016	  1067 : 0
  1064	  1091 : 1
  1088	  1107 : 0
  1104	  1111 : 0
  1108	  1191 : 0
  1188	  1199 : 0
  1196	  1207 : 0
  1204	  1251 : 0
  1248	  1271 : 0
  1268	  1279 : 1
  1276	  1311 : 0
  1308	  1319 : 1
  1316	  1403 : 0
  1400	  1407 : 1
  1404	  1415 : 0
  1412	  1439 : 0
  1436	  1451 : 0
  1448	  1467 : 1
  1464	  1483 : 0
  1480	  1491 : 0
  1488	  1515 : 0
  1512	  1519 : 1
  1516	  1539 : 0
  1536	  1547 : 0
  1544	  1555 : 0
  1552	  1575 : 0
  1572	  1611 : 0
  1608	  1623 : 1
  1620	  1659 : 0
  1656	  1667 : 0
  1664	  1671 : 0
  1668	  1687 : 0
  1684	  1691 : 0
  1688	  1703 : 0
  1700	  1731 : 0
  1728	  1739 : 0
  1736	  1747 : 0
  1744	  1755 : 0
  1752	  1879 : 0
  1876	  1895 : 0
  1892	  1907 : 0
  1904	  1915 : 0
  1912	  1919 : 0
  1916	  1931 : 0
  1928	  1959 : 0
  1956	  1967 : 0
  1964	  1983 : 0
  1980	  1987 : 0
  1984	  1995 : 0
  1992	  2039 : 0
  2036	  2047 : 0
  2044	  2055 : 0
  2052	  2063 : 0
  2060	  2071 : 0
  2068	  2087 : 0
  2084	  2099 : 0
  2096	  2115 : 0
  2112	  2119 : 0
  2116	  2123 : 0
  2120	  2131 : 0
  2128	  2155 : 0
  2152	  2171 : 0
  2168	  2175 : 0
  2172	  2211 : 0
  2208	  2259 : 0
  2256	  2263 : 0
  2260	  2287 : 0
  2284	  2299 : 0
  2296	  2307 : 0
  2304	  2335 : 0
  2332	  2347 : 0
  2344	  2355 : 0
  2352	  2371 : 0
  2368	  2375 : 0
  2372	  2383 : 0
  2380	  2395 : 0
  2392	  2399 : 0
  2396	  2403 : 0
  2400	  2415 : 0
  2412	  2419 : 0
  2416	  2423 : 0
  2420	  2431 : 0
  2428	  2467 : 0
  2464	  2487 : 1
  2484	  2503 : 0
  2500	  2531 : 0
  2528	  2559 : 0
  2556	  2583 : 0
  2580	  2607 : 0
  2604	  2615 : 1
  2612	  2619 : 0
  2616	  2627 : 0
  2624	  2639 : 0
  2636	  2643 : 0
  2640	  2655 : 0
  2652	  2663 : 1
  2660	  2667 : 0
  2664	  2679 : 0
  2676	  2687 : 0
  2684	  2691 : 0
  2688	  2695 : 0
  2692	  2747 : 0
  2744	  2755 : 0
  2752	  2759 : 0
  2756	  2771 : 0
  2768	  2795 : 1
  2792	  2799 : 0
  2796	  2803 : 0
  2800	  2879 : 0
  2876	  2891 : 1
  2888	  2895 : 0
  2892	  2911 : 0
  2908	  2919 : 0
  2916	  2927 : 1
  2924	  2947 : 0
  2944	  2951 : 0
  2948	  2955 : 0
  2952	  2963 : 1
  2960	  2975 : 0
  2972	  2979 : 0
  2976	  3063 : 0
  3060	  3067 : 0
  3064	  3071 : 0
  3068	  3095 : 0
  3092	  3107 : 0
  3104	  3115 : 0
  3112	  3135 : 0
  3132	  3143 : 0
  3140	  3147 : 0
  3144	  3159 : 0
  3156	  3219 : 0
  3216	  3227 : 1
  3224	  3275 : 0
  3272	  3283 : 1
  3280	  3355 : 0
  3352	  3379 : 0
  3376	  3423 : 0
  3420	  3443 : 0
  3440	  3459 : 0
  3456	  3463 : 1
  3460	  3495 : 0
  3492	  3503 : 1
  3500	  3519 : 0
  3516	  3527 : 0
  3524	  3531 : 0
  3528	  3539 : 0
  3536	  3591 : 0
  3588	  3595 : 0
  3592	  3615 : 0
  3612	  3627 : 0
  3624	  3647 : 0
  3644	  3655 : 0
  3652	  3711 : 0
  3708	  3719 : 1
  3716	  3755 : 0
  3752	  3763 : 0
  3760	  3787 : 0
  3784	  3791 : 0
  3788	  3799 : 0
  3796	  3831 : 0
  3828	  3859 : 0
  3856	  3863 : 0
  3860	  3867 : 0
  3864	  3903 : 0
  3900	  3915 : 0
  3912	  3935 : 0
  3932	  3987 : 0
  3984	  4011 : 0
  4008	  4019 : 0
  4016	  4027 : 0
  4024	  4039 : 0
  4036	  4043 : 0
  4040	  4103 : 0
  4100	  4111 : 0
  4108	  4147 : 0
  4144	  4163 : 0
  4160	  4251 : 0
  4248	  4255 : 1
  4252	  4279 : 0
  4276	  4283 : 0
  4280	  4287 : 0
  4284	  4343 : 0
  4340	  4347 : 0
  4344	  4355 : 0
  4352	  4359 : 0
  4356	  4363 : 0
  4360	  4367 : 0
  4364	  4435 : 0
  4432	  4443 : 0
  4440	  4447 : 0
  4444	  4451 : 0
  4448	  4459 : 0
  4456	  4507 : 0
  4504	  4515 : 0
  4512	  4519 : 0
  4516	  4523 : 0
  4520	  4539 : 0
  4536	  4543 : 0
  4540	  4591 : 0
  4588	  4599 : 0
  4596	  4623 : 0
  4620	  4639 : 0
  4636	  4727 : 0
  4724	  4751 : 0
  4748	  4787 : 0
  4784	  4807 : 0
  4804	  4831 : 0
  4828	  4867 : 0
  4864	  4875 : 0
  4872	  4879 : 0
  4876	  4907 : 0
  4904	  4915 : 0
  4912	  4935 : 0
  4932	  4943 : 0
  4940	  4947 : 0
  4944	  4955 : 0
  4952	  4987 : 0
  4984	  4995 : 0
  4992	  4999 : 0
  4996	  5007 : 0
  5004	  5015 : 0
  5012	  5047 : 0
  5044	  5051 : 0
  5048	  5059 : 0
  5056	  5067 : 0
  5064	  5071 : 0
  5068	  5079 : 0
  5076	  5123 : 0
  5120	  5167 : 0
  5164	  5171 : 0
  5168	  5175 : 0
  5172	  5179 : 0
  5176	  5183 : 0
  5180	  5215 : 0
  5212	  5231 : 0
  5228	  5255 : 0
  5252	  5263 : 0
  5260	  5375 : 0
  5372	  5383 : 0
  5380	  5407 : 0
  5404	  5411 : 0
  5408	  5419 : 0
  5416	  5427 : 0
  5424	  5431 : 0
  5428	  5467 : 0
  5464	  5515 : 0
  5512	  5519 : 0
  5516	  5523 : 0
  5520	  5527 : 0
  5524	  5539 : 0
  5536	  5547 : 0
  5544	  5607 : 1
  5604	  5611 : 0
  5608	  5631 : 0
  5628	  5635 : 0
  5632	  5639 : 0
  5636	  5651 : 0
  5648	  5659 : 0
  5656	  5671 : 0
  5668	  5683 : 0
  5680	  5699 : 0
  5696	  5719 : 0
  5716	  5727 : 0
  5724	  5735 : 0
  5732	  5739 : 0
  5736	  5763 : 0
  5760	  5771 : 0
  5768	  5807 : 0
  5804	  5811 : 0
  5808	  5831 : 0
  5828	  5855 : 0
  5852	  5939 : 0
  5936	  5967 : 0
  5964	  5971 : 0
  5968	  5979 : 0
  5976	  5987 : 0
  5984	  5995 : 0
  5992	  6003 : 0
  6000	  6019 : 0
  6016	  6031 : 0
  6028	  6039 : 0
  6036	  6051 : 0
  6048	  6063 : 0
  6060	  6067 : 0
  6064	  6075 : 0
  6072	  6087 : 0
  6084	  6091 : 0
  6088	  6107 : 0
  6104	  6111 : 0
  6108	  6119 : 0
  6116	  6127 : 0
  6124	  6131 : 0
  6128	  6135 : 0
  6132	  6143 : 0
  6140	  6147 : 0
  6144	  6215 : 0
  6212	  6219 : 0
  6216	  6251 : 0
  6248	  6271 : 0
  6268	  6275 : 0
  6272	  6323 : 0
  6320	  6335 : 0
  6332	  6343 : 0
  6340	  6379 : 1
  6376	  6383 : 0
  6380	  6387 : 0
  6384	  6391 : 0
  6388	  6395 : 1
  6392	  6403 : 0
  6400	  6411 : 1
  6408	  6431 : 0
  6428	  6439 : 0
  6436	  6443 : 0
  6440	  6451 : 0
  6448	  6487 : 0
  6484	  6491 : 0
  6488	  6499 : 0
  6496	  6503 : 0
  6500	  6511 : 0
  6508	  6515 : 0
  6512	  6519 : 0
  6516	  6547 : 0
  6544	  6555 : 0
  6552	  6563 : 0
  6560	  6571 : 0
  6568	  6579 : 1
  6576	  6603 : 0
  6600	  6607 : 0
  6604	  6611 : 0
  6608	  6615 : 0
  6612	  6627 : 0
  6624	  6643 : 0
  6640	  6647 : 0
  6644	  6707 : 0
  6704	  6739 : 0
  6736	  6747 : 0
  6744	  6751 : 0
  6748	  6767 : 1
  6764	  6771 : 0
  6768	  6783 : 1
  6780	  6791 : 0
  6788	  6819 : 0
  6816	  6827 : 0
  6824	  6839 : 0
  6836	  6843 : 0
  6840	  6919 : 0
  6916	  6923 : 0
  6920	  6927 : 1
  6924	  6931 : 0
  6928	  6935 : 1
  6932	  6943 : 0
  6940	  6947 : 0
  6944	  6959 : 0
  6956	  7003 : 1
  7000	  7007 : 0
  7004	  7039 : 0
  7036	  7067 : 0
  7064	  7071 : 1
  7068	  7119 : 0
  7116	  7135 : 0
  7132	  7147 : 0
  7144	  7159 : 0
  7156	  7223 : 0
  7220	  7235 : 0
  7232	  7271 : 0
  7268	  7279 : 0
  7276	  7315 : 0
  7312	  7407 : 0
  7404	  7423 : 0
  7420	  7427 : 1
  7424	  7431 : 0
  7428	  7439 : 0
  7436	  7447 : 0
  7444	  7463 : 1
  7460	  7479 : 0
  7476	  7487 : 0
  7484	  7499 : 0
  7496	  7503 : 0
  7500	  7607 : 0
  7604	  7611 : 0
  7608	  7619 : 0
  7616	  7631 : 0
  7628	  7643 : 0
  7640	  7671 : 0
  7668	  7675 : 0
  7672	  7683 : 0
  7680	  7707 : 0
  7704	  7779 : 1
  7776	  7787 : 0
  7784	  7791 : 0
  7788	  7827 : 0
  7824	  7843 : 0
  7840	  7891 : 0
  7888	  7895 : 1
  7892	  7911 : 0
  7908	  7927 : 1
  7924	  7931 : 0
  7928	  7935 : 0
  7932	  7951 : 0
  7948	  7955 : 1
  7952	  7967 : 0
  7964	  7971 : 0
  7968	  8015 : 0
  8012	  8035 : 0
  8032	  8043 : 0
  8040	  8047 : 0
  8044	  8055 : 0
  8052	  8059 : 1
  8056	  8103 : 0
  8100	  8107 : 0
  8104	  8127 : 0
  8124	  8143 : 0
  8140	  8155 : 0
  8152	  8183 : 1
  8180	  8195 : 0
  8192	  8243 : 1
  8240	  8287 : 0
  8284	  8307 : 0
  8304	  8315 : 0
  8312	  8347 : 0
  8344	  8371 : 0
  8368	  8383 : 0
  8380	  8387 : 0
  8384	  8455 : 1
  8452	  8459 : 0
  8456	  8527 : 1
  8524	  8531 : 0
  8528	  8547 : 0
  8544	  8559 : 0
  8556	  8615 : 0
  8612	  8619 : 0
  8616	  8623 : 0
  8620	  8631 : 0
  8628	  8647 : 0
  8644	  8651 : 0
  8648	  8659 : 0
  8656	  8663 : 0
  8660	  8675 : 0
  8672	  8679 : 0
  8676	  8683 : 0
  8680	  8687 : 0
  8684	  8711 : 0
  8708	  8715 : 0
  8712	  8731 : 1
  8728	  8735 : 0
  8732	  8747 : 0
  8744	  8767 : 0
  8764	  8775 : 0
  8772	  8783 : 0
  8780	  8807 : 1
  8804	  8815 : 0
  8812	  8835 : 0
  8832	  8839 : 0
  8836	  8843 : 0
  8840	  8915 : 0
  8912	  8923 : 0
  8920	  8927 : 0
  8924	  8935 : 0
  8932	  8943 : 0
  8940	  8955 : 0
  8952	  8967 : 0
  8964	  8971 : 1
  8968	  8979 : 0
  8976	  8999 : 0
  8996	  9031 : 0
  9028	  9075 : 0
  9072	  9099 : 0
  9096	  9107 : 0
  9104	  9167 : 0
  9164	  9179 : 0
  9176	  9183 : 0
  9180	  9195 : 0
  9192	  9231 : 0
  9228	  9243 : 0
  9240	  9247 : 0
  9244	  9303 : 0
  9300	  9311 : 0
  9308	  9319 : 0
  9316	  9327 : 0
  9324	  9339 : 0
  9336	  9343 : 0
  9340	  9355 : 0
  9352	  9367 : 0
  9364	  9371 : 0
  9368	  9375 : 0
  9372	  9411 : 0
  9408	  9427 : 0
  9424	  9435 : 0
  9432	  9443 : 0
  9440	  9499 : 0
  9496	  9591 : 0
  9588	  9611 : 0
  9608	  9615 : 0
  9612	  9623 : 0
  9620	  9651 : 0
  9648	  9663 : 1
  9660	  9719 : 0
  9716	  9731 : 0
  9728	  9743 : 0
  9740	  9755 : 0
  9752	  9771 : 0
  9768	  9787 : 0
  9784	  9799 : 0
  9796	  9819 : 0
  9816	  9831 : 0
  9828	  9843 : 0
  9840	  9847 : 0
  9844	  9851 : 0
  9848	  9855 : 0
  9852	  9859 : 0
  9856	  9871 : 0
  9868	  9891 : 0
  9888	  9903 : 0
  9900	  9907 : 1
  9904	  9947 : 0
  9944	  9955 : 1
  9952	  9967 : 0
  9964	  9975 : 0
  9972	  9979 : 0
  9976	  9999 : 1
  9996	 10007 : 0
 10004	 10011 : 0
 10008	 10015 : 0
 10012	 10027 : 1
 10024	 10039 : 0
 10036	 10043 : 0
 10040	 10083 : 0
 10080	 10095 : 0
 10092	 10103 : 0
 10100	 10163 : 0
 10160	 10171 : 0
 10168	 10175 : 0
 10172	 10179 : 0
 10176	 10183 : 0
 10180	 10187 : 0
 10184	 10219 : 0
 10216	 10231 : 0
 10228	 10279 : 0
 10276	 10287 : 0
 10284	 10303 : 0
 10300	 10315 : 0
 10312	 10371 : 0
 10368	 10375 : 0
 10372	 10383 : 0
 10380	 10387 : 0
 10384	 10443 : 0
 10440	 10447 : 0
 10444	 10467 : 0
 10464	 10471 : 0
 10468	 10535 : 0
 10532	 10551 : 0
 10548	 10607 : 0
 10604	 10615 : 0
 10612	 10619 : 0
 10616	 10635 : 0
 10632	 10651 : 1
 10648	 10663 : 0
 10660	 10687 : 1
 10684	 10699 : 0
 10696	 10703 : 0
 10700	 10723 : 0
 10720	 10735 : 1
 10732	 10743 : 0
 10740	 10759 : 1
 10756	 10799 : 0
 10796	 10807 : 0
 10804	 10811 : 0
 10808	 10855 : 0
 10852	 10859 : 0
 10856	 10903 : 0
 10900	 10927 : 0
 10924	 10939 : 1
 10936	 10943 : 0
 10940	 10955 : 1
 10952	 10963 : 0
 10960	 11003 : 0
 11000	 11007 : 0
 11004	 11011 : 0
 11008	 11015 : 0
 11012	 11023 : 1
 11020	 11027 : 0
 11024	 11043 : 0
 11040	 11059 : 0
 11056	 11071 : 1
 11068	 11079 : 0
 11076	 11091 : 0
 11088	 11107 : 0
 11104	 11119 : 0
 11116	 11127 : 0
 11124	 11135 : 0
 11132	 11139 : 0
 11136	 11179 : 0
 11176	 11195 : 0
 11192	 11219 : 0
 11216	 11251 : 0
 11248	 11263 : 0
 11260	 11271 : 0
 11268	 11415 : 0
 11412	 11419 : 0
 11416	 11471 : 1
 11468	 11475 : 0
 11472	 11499 : 0
 11496	 11511 : 0
 11508	 11519 : 1
 11516	 11527 : 0
 11524	 11551 : 0
 11548	 11555 : 0
 11552	 11567 : 1
 11564	 11571 : 0
 11568	 11575 : 0
 11572	 11587 : 0
 11584	 11727 : 0
 11724	 11731 : 0
 11728	 11763 : 1
 11760	 11775 : 0
 11772	 11875 : 0
 11872	 11883 : 0
 11880	 11919 : 1
 11916	 11931 : 0
 11928	 11935 : 1
 11932	 11943 : 0
 11940	 11951 : 1
 11948	 11955 : 0
 11952	 11991 : 0
 11988	 11995 : 0
 11992	 12055 : 1
 12052	 12059 : 0
 12056	 12067 : 1
 12064	 12095 : 0
 12092	 12099 : 1
 12096	 12103 : 0
 12100	 12107 : 0
 12104	 12115 : 0
 12112	 12123 : 0
 12120	 12127 : 0
 12124	 12135 : 0
 12132	 12147 : 0
 12144	 12163 : 0
 12160	 12211 : 0
 12208	 12215 : 1
 12212	 12383 : 0
 12380	 12395 : 0
 12392	 12447 : 0
 12444	 12451 : 1
 12448	 12455 : 0
 12452	 12491 : 1
 12488	 12495 : 0
 12492	 12519 : 0
 12516	 12527 : 0
 12524	 12539 : 0
 12536	 12551 : 0
 12548	 12567 : 0
 12564	 12583 : 0
 12580	 12591 : 0
 12588	 12599 : 0
 12596	 12639 : 0
 12636	 12655 : 0
 12652	 12695 : 1
 12692	 12703 : 0
 12700	 12711 : 0
 12708	 12715 : 0
 12712	 12735 : 0
 12732	 12739 : 0
 12736	 12743 : 0
 12740	 12747 : 0
 12744	 12759 : 0
 12756	 12771 : 0
 12768	 12827 : 1
 12824	 12831 : 0
 12828	 12847 : 0
 12844	 12859 : 0
 12856	 12879 : 0
 12876	 12883 : 0
 12880	 12959 : 1
 12956	 12967 : 0
 12964	 12971 : 1
 12968	 12975 : 0
 12972	 12983 : 1
 12980	 12987 : 0
 12984	 12995 : 1
 12992	 12999 : 0
 12996	 13007 : 1
 13004	 13011 : 0
 13008	 13019 : 1
 13016	 13023 : 0
 13020	 13075 : 0
 13072	 13079 : 0
 13076	 13139 : 0
 13136	 13143 : 0
 13140	 13183 : 0
 13180	 13203 : 0
 13200	 13223 : 0
 13220	 13227 : 0
 13224	 13255 : 1
 13252	 13259 : 0
 13256	 13263 : 1
 13260	 13275 : 0
 13272	 13279 : 1
 13276	 13283 : 0
 13280	 13299 : 1
 13296	 13307 : 0
 13304	 13319 : 1
 13316	 13331 : 0
 13328	 13335 : 1
 13332	 13347 : 0
 13344	 13351 : 0
 13348	 13363 : 0
 13360	 13367 : 1
 13364	 13371 : 0
 13368	 13375 : 1
 13372	 13387 : 0
 13384	 13391 : 1
 13388	 13395 : 0
 13392	 13407 : 1
 13404	 13411 : 0
 13408	 13419 : 1
 13416	 13435 : 0
 13432	 13451 : 1
 13448	 13455 : 0
 13452	 13459 : 0
 13456	 13463 : 0
 13460	 13479 : 0
 13476	 13487 : 0
 13484	 13503 : 1
 13500	 13515 : 0
 13512	 13523 : 1
 13520	 13531 : 0
 13528	 13535 : 1
 13532	 13539 : 2
 13536	 13563 : 0
 13560	 13607 : 0
 13604	 13623 : 1
 13620	 13643 : 0
 13640	 13647 : 0
 13644	 13667 : 0
 13664	 13707 : 1
 13704	 13711 : 0
 13708	 13759 : 0
 13756	 13775 : 0
 13772	 13791 : 1
 13788	 13811 : 0
 13808	 13815 : 0
 13812	 13819 : 0
 13816	 13827 : 1
 13824	 13831 : 0
 13828	 13863 : 0
 13860	 13867 : 0
 13864	 13887 : 1
 13884	 13891 : 0
 13888	 13939 : 1
 13936	 13943 : 0
 13940	 13951 : 0
 13948	 13959 : 0
 13956	 13975 : 0
 13972	 13983 : 0
 13980	 13991 : 0
 13988	 14003 : 0
 14000	 14039 : 0
 14036	 14047 : 0
 14044	 14055 : 0
 14052	 14067 : 0
 14064	 14187 : 0
 14184	 14191 : 0
 14188	 14195 : 0
 14192	 14207 : 0
 14204	 14243 : 0
 14240	 14247 : 0
 14244	 14279 : 0
 14276	 14311 : 0
 14308	 14339 : 0
 14336	 14343 : 0
 14340	 14363 : 0
 14360	 14371 : 0
 14368	 14375 : 0
 14372	 14383 : 0
 14380	 14427 : 0
 14424	 14435 : 0
 14432	 14447 : 0
 14444	 14463 : 0
 14460	 14467 : 0
 14464	 14479 : 0
 14476	 14523 : 0
 14520	 14527 : 0
 14524	 14543 : 0
 14540	 14559 : 0
 14556	 14591 : 1
 14588	 14595 : 0
 14592	 14631 : 0
 14628	 14635 : 0
 14632	 14643 : 0
 14640	 14647 : 0
 14644	 14659 : 0
 14656	 14667 : 0
 14664	 14671 : 1
 14668	 14699 : 0
 14696	 14715 : 0
 14712	 14743 : 0
 14740	 14767 : 0
 14764	 14771 : 0
 14768	 14779 : 0
 14776	 14791 : 0
 14788	 14795 : 0
 14792	 14807 : 0
 14804	 14819 : 0
 14816	 14831 : 0
 14828	 14835 : 0
 14832	 14839 : 0
 14836	 14843 : 0
 14840	 14851 : 0
 14848	 14863 : 0
 14860	 14867 : 0
 14864	 14931 : 0
 14928	 14943 : 0
 14940	 14951 : 0
 14948	 14955 : 0
 14952	 14963 : 0
 14960	 14971 : 0
 14968	 14975 : 0
 14972	 14983 : 0
 14980	 14991 : 0
 14988	 14999 : 0
 14996	 15011 : 1
 15008	 15023 : 0
 15020	 15031 : 0
 15028	 15039 : 0
 15036	 15063 : 0
 15060	 15071 : 0
 15068	 15095 : 0
 15092	 15099 : 0
 15096	 15127 : 0
 15124	 15135 : 0
 15132	 15147 : 1
 15144	 15155 : 0
 15152	 15163 : 0
 15160	 15167 : 0
 15164	 15191 : 0
 15188	 15195 : 0
 15192	 15203 : 0
 15200	 15207 : 0
 15204	 15215 : 0
 15212	 15235 : 0
 15232	 15243 : 0
 15240	 15247 : 0
 15244	 15255 : 0
 15252	 15259 : 0
 15256	 15267 : 0
 15264	 15271 : 0
 15268	 15275 : 0
 15272	 15283 : 0
 15280	 15307 : 0
 15304	 15311 : 0
 15308	 15543 : 0
 15540	 15551 : 0
