     0	    79 : 0
    76	    99 : 0
    96	   307 : 0
   304	   415 : 0
   412	   419 : 0
   416	   427 : 0
   424	   615 : 0
   612	   619 : 0
   616	   635 : 0
   632	   639 : 0
   636	   651 : 0
   648	   659 : 0
   656	   691 : 0
   688	   699 : 0
   696	   739 : 0
   736	   771 : 0
   768	   823 : 0
   820	   835 : 0
   832	   855 : 0
   852	   859 : 1
   856	  1203 : 0
  1200	  1239 : 0
  1236	  1255 : 0
  1252	  1263 : 0
  1260	  1267 : 0
  1264	  1291 : 0
  1288	  1303 : 0
  1300	  1307 : 0
  1304	  1323 : 0
  1320	  1335 : 0
  1332	  1339 : 0
  1336	  1351 : 0
  1348	  1551 : 0
  1548	  1559 : 0
  1556	  1647 : 0
  1644	  1655 : 0
  1652	  1771 : 0
  1768	  1775 : 0
  1772	  1803 : 0
  1800	  1823 : 0
  1820	  1847 : 0
  1844	  1867 : 0
  1864	  1883 : 0
  1880	  1887 : 0
  1884	  2019 : 0
  2016	  2043 : 0
  2040	  2323 : 0
  2320	  2335 : 0
  2332	  2339 : 0
  2336	  2347 : 0
  2344	  2355 : 0
  2352	  2371 : 0
  2368	  2379 : 0
  2376	  2415 : 0
  2412	  2427 : 0
  2424	  2439 : 0
  2436	  2455 : 0
  2452	  2459 : 0
  2456	  2479 : 0
  2476	  2487 : 0
  2484	  2511 : 0
  2508	  2519 : 0
  2516	  2603 : 0
  2600	  2619 : 0
  2616	  2727 : 0
  2724	  2759 : 0
  2756	  2779 : 0
  2776	  2807 : 0
  2804	  2823 : 0
  2820	  2827 : 0
  2824	  2835 : 0
  2832	  2859 : 0
  2856	  2887 : 0
  2884	  2895 : 0
  2892	  2911 : 0
  2908	  2935 : 0
  2932	  2939 : 0
  2936	  2943 : 0
  2940	  2963 : 0
  2960	  2979 : 0
  2976	  3059 : 0
  3056	  3127 : 0
  3124	  3131 : 0
  3128	  3171 : 0
  3168	  3263 : 0
  3260	  3299 : 1
  3296	  3363 : 0
  3360	  3375 : 0
  3372	  3543 : 0
  3540	  3551 : 0
  3548	  3583 : 0
  3580	  3591 : 0
  3588	  3595 : 0
  3592	  3599 : 0
  3596	  3635 : 0
  3632	  3647 : 0
  3644	  3723 : 0
  3720	  3735 : 0
  3732	  3739 : 0
  3736	  3755 : 0
  3752	  3767 : 0
  3764	  3779 : 0
  3776	  3783 : 0
  3780	  3811 : 0
  3808	  3859 : 0
  3856	  3883 : 0
  3880	  3979 : 0
  3976	  3987 : 0
  3984	  4027 : 0
  4024	  4031 : 0
  4028	  4087 : 0
  4084	  4095 : 0
  4092	  4207 : 0
  4204	  4211 : 0
  4208	  4419 : 0
  4416	  4487 : 0
  4484	  4895 : 0
  4892	  4907 : 0
  4904	  4983 : 0
  4980	  4991 : 0
  4988	  5271 : 0
  5268	  5307 : 0
  5304	  5651 : 0
  5648	  5679 : 1
  5676	  5787 : 0
