     0	   203 : 0
   200	   207 : 0
   204	   303 : 1
   300	   307 : 0
   304	   339 : 0
   336	   351 : 0
   348	   355 : 0
   352	   395 : 0
   392	   423 : 0
   420	   427 : 0
   424	   431 : 0
   428	   439 : 0
   436	   459 : 0
   456	   463 : 0
   460	   479 : 1
   476	   487 : 0
   484	   507 : 1
   504	   515 : 0
   512	   519 : 0
   516	   523 : 0
   520	   547 : 0
   544	   555 : 0
   552	   559 : 0
   556	   591 : 0
   588	   631 : 0
   628	   655 : 0
   652	   675 : 0
   672	   715 : 0
   712	   719 : 1
   716	   807 : 0
   804	   879 : 1
   876	   883 : 0
   880	   927 : 1
   924	   935 : 0
   932	   947 : 0
   944	   959 : 0
   956	   991 : 0
   988	   995 : 0
   992	  1075 : 0
  1072	  1079 : 0
  1076	  1083 : 0
  1080	  1103 : 0
  1100	  1107 : 1
  1104	  1115 : 0
  1112	  1119 : 1
  1116	  1199 : 0
  1196	  1223 : 1
  1220	  1227 : 0
  1224	  1251 : 0
  1248	  1255 : 0
  1252	  1291 : 0
  1288	  1295 : 0
  1292	  1311 : 0
  1308	  1315 : 0
  1312	  1359 : 0
  1356	  1363 : 0
  1360	  1367 : 1
  1364	  1371 : 0
  1368	  1375 : 0
  1372	  1379 : 0
  1376	  1383 : 1
  1380	  1387 : 0
  1384	  1579 : 1
  1576	  1583 : 0
  1580	  1603 : 1
  1600	  1615 : 0
  1612	  1651 : 0
  1648	  1687 : 0
  1684	  1703 : 1
  1700	  1707 : 0
  1704	  1743 : 1
  1740	  1751 : 0
  1748	  1755 : 1
  1752	  1759 : 0
  1756	  1771 : 1
  1768	  1775 : 0
  1772	  1779 : 0
  1776	  1783 : 0
  1780	  1843 : 1
  1840	  1871 : 0
  1868	  1939 : 1
  1936	  1947 : 0
  1944	  1975 : 1
  1972	  1991 : 0
  1988	  2027 : 1
  2024	  2031 : 0
  2028	  2043 : 0
  2040	  2047 : 0
  2044	  2051 : 0
  2048	  2063 : 0
  2060	  2075 : 0
  2072	  2079 : 0
  2076	  2087 : 0
  2084	  2091 : 0
  2088	  2095 : 1
  2092	  2191 : 0
  2188	  2251 : 1
  2248	  2283 : 0
  2280	  2303 : 1
  2300	  2307 : 0
  2304	  2379 : 0
  2376	  2395 : 0
  2392	  2455 : 0
  2452	  2463 : 0
  2460	  2627 : 0
  2624	  2671 : 0
  2668	  2731 : 1
  2728	  2763 : 0
  2760	  2827 : 1
  2824	  2863 : 0
  2860	  2879 : 1
  2876	  2887 : 0
  2884	  2891 : 0
  2888	  2899 : 0
  2896	  2931 : 1
  2928	  2935 : 0
  2932	  2967 : 1
  2964	  2971 : 0
  2968	  3015 : 0
  3012	  3019 : 0
  3016	  3055 : 0
  3052	  3063 : 0
  3060	  3111 : 0
  3108	  3127 : 0
  3124	  3135 : 1
  3132	  3143 : 0
  3140	  3283 : 1
  3280	  3287 : 0
  3284	  3347 : 1
  3344	  3359 : 0
  3356	  3375 : 0
  3372	  3383 : 0
  3380	  3395 : 1
  3392	  3427 : 0
  3424	  3447 : 1
  3444	  3471 : 0
  3468	  3499 : 0
  3496	  3519 : 0
  3516	  3539 : 0
  3536	  3575 : 0
  3572	  3591 : 1
  3588	  3595 : 0
  3592	  3599 : 0
  3596	  3603 : 0
  3600	  3707 : 1
  3704	  3711 : 0
  3708	  3731 : 0
  3728	  3767 : 0
  3764	  3787 : 1
  3784	  3799 : 0
  3796	  3823 : 0
  3820	  3831 : 0
  3828	  3935 : 0
  3932	  3939 : 0
  3936	  4051 : 0
  4048	  4055 : 0
  4052	  4059 : 1
  4056	  4063 : 0
  4060	  4095 : 1
  4092	  4099 : 0
  4096	  4167 : 1
  4164	  4171 : 0
  4168	  4211 : 0
  4208	  4215 : 0
  4212	  4219 : 0
  4216	  4223 : 0
  4220	  4327 : 1
  4324	  4331 : 0
  4328	  4347 : 0
  4344	  4351 : 0
  4348	  4355 : 1
  4352	  4387 : 0
  4384	  4407 : 1
  4404	  4411 : 0
  4408	  4423 : 0
  4420	  4435 : 0
  4432	  4451 : 1
  4448	  4487 : 0
  4484	  4499 : 1
  4496	  4531 : 0
  4528	  4547 : 1
  4544	  4579 : 0
  4576	  4627 : 1
  4624	  4631 : 0
  4628	  4643 : 1
  4640	  4683 : 0
  4680	  4691 : 1
  4688	  4723 : 0
  4720	  4743 : 1
  4740	  4751 : 0
  4748	  4755 : 0
  4752	  4771 : 0
  4768	  4787 : 1
  4784	  4799 : 0
  4796	  4803 : 0
  4800	  4819 : 0
  4816	  4839 : 1
  4836	  4847 : 0
  4844	  4903 : 0
  4900	  4911 : 0
  4908	  4915 : 0
  4912	  4919 : 0
  4916	  4991 : 1
  4988	  5003 : 0
  5000	  5055 : 0
  5052	  5059 : 0
  5056	  5119 : 1
  5116	  5123 : 0
  5120	  5143 : 0
  5140	  5147 : 0
  5144	  5159 : 0
  5156	  5167 : 0
  5164	  5171 : 1
  5168	  5203 : 0
  5200	  5219 : 1
  5216	  5251 : 0
  5248	  5267 : 1
  5264	  5303 : 0
  5300	  5323 : 1
  5320	  5335 : 0
  5332	  5339 : 1
  5336	  5383 : 0
  5380	  5399 : 1
  5396	  5431 : 0
  5428	  5447 : 1
  5444	  5479 : 0
  5476	  5535 : 1
  5532	  5539 : 0
  5536	  5555 : 1
  5552	  5559 : 0
  5556	  5563 : 1
  5560	  5575 : 0
  5572	  5599 : 1
  5596	  5603 : 0
  5600	  5639 : 1
  5636	  5675 : 0
  5672	  5783 : 1
  5780	  5795 : 0
  5792	  5811 : 0
  5808	  5819 : 0
  5816	  5927 : 1
  5924	  5959 : 0
  5956	  5975 : 1
  5972	  5987 : 0
  5984	  6023 : 0
  6020	  6039 : 0
  6036	  6063 : 0
  6060	  6067 : 0
  6064	  6075 : 1
  6072	  6099 : 0
  6096	  6103 : 1
  6100	  6107 : 0
  6104	  6111 : 1
  6108	  6151 : 0
  6148	  6167 : 1
  6164	  6199 : 0
  6196	  6255 : 1
  6252	  6259 : 0
  6256	  6279 : 0
  6276	  6283 : 0
  6280	  6311 : 1
  6308	  6343 : 0
  6340	  6355 : 1
  6352	  6359 : 0
  6356	  6363 : 0
  6360	  6367 : 0
  6364	  6371 : 0
  6368	  6375 : 0
  6372	  6443 : 0
  6440	  6447 : 0
  6444	  6463 : 1
  6460	  6467 : 0
  6464	  6559 : 1
  6556	  6603 : 0
  6600	  6611 : 1
  6608	  6615 : 0
  6612	  6639 : 0
  6636	  6643 : 0
  6640	  6667 : 1
  6664	  6675 : 0
  6672	  6687 : 0
  6684	  6691 : 0
  6688	  6711 : 1
  6708	  6715 : 0
  6712	  6719 : 0
  6716	  6731 : 0
  6728	  6803 : 0
  6800	  6835 : 0
  6832	  7691 : 1
