     0	    63 : 0
    60	    67 : 0
    64	    87 : 0
    84	   123 : 0
   120	   139 : 0
   136	   143 : 0
   140	   147 : 0
   144	   659 : 0
   656	   675 : 0
   672	   871 : 0
   868	   883 : 0
   880	   899 : 0
   896	   903 : 0
   900	   911 : 0
   908	   915 : 0
   912	   919 : 0
   916	   927 : 0
   924	   951 : 0
   948	   955 : 0
   952	  1095 : 0
  1092	  1103 : 1
  1100	  1335 : 0
  1332	  1351 : 0
  1348	  1403 : 0
  1400	  1407 : 0
  1404	  1423 : 0
  1420	  1431 : 0
  1428	  1447 : 0
  1444	  1451 : 0
  1448	  1475 : 0
  1472	  1479 : 0
  1476	  1499 : 0
  1496	  1615 : 0
  1612	  1619 : 0
  1616	  1627 : 0
  1624	  1631 : 0
  1628	  1775 : 0
  1772	  1779 : 0
  1776	  1791 : 0
  1788	  1815 : 0
  1812	  1823 : 0
  1820	  1835 : 0
  1832	  1839 : 0
  1836	  1867 : 0
  1864	  1891 : 0
  1888	  1919 : 0
  1916	  1959 : 0
  1956	  1967 : 0
  1964	  2019 : 0
  2016	  2027 : 0
  2024	  2091 : 0
  2088	  2107 : 0
  2104	  2167 : 0
  2164	  2231 : 0
  2228	  2235 : 0
  2232	  2371 : 0
  2368	  2383 : 0
  2380	  2391 : 0
  2388	  2483 : 0
  2480	  2491 : 0
  2488	  2495 : 0
  2492	  2519 : 0
  2516	  2523 : 0
  2520	  2627 : 0
  2624	  2647 : 0
  2644	  2699 : 0
  2696	  2715 : 0
  2712	  2719 : 0
  2716	  2731 : 0
  2728	  2735 : 0
  2732	  2739 : 0
  2736	  2783 : 0
  2780	  2787 : 0
  2784	  3031 : 0
  3028	  3039 : 0
  3036	  3239 : 0
  3236	  3243 : 0
  3240	  3259 : 0
  3256	  3267 : 0
  3264	  3271 : 0
  3268	  3279 : 0
  3276	  3311 : 0
  3308	  3323 : 0
  3320	  3331 : 0
  3328	  3355 : 0
  3352	  3371 : 0
  3368	  3383 : 0
  3380	  3471 : 0
  3468	  3507 : 1
  3504	  3543 : 0
  3540	  3563 : 0
  3560	  3567 : 0
  3564	  3595 : 0
  3592	  3779 : 0
  3776	  3823 : 0
  3820	  3827 : 0
  3824	  3835 : 0
  3832	  3871 : 0
  3868	  3879 : 0
  3876	  3883 : 0
  3880	  3903 : 0
  3900	  4063 : 0
  4060	  4075 : 0
  4072	  4123 : 0
  4120	  4139 : 0
  4136	  4207 : 0
  4204	  4219 : 0
  4216	  4231 : 0
  4228	  4239 : 0
  4236	  4255 : 0
  4252	  4271 : 0
  4268	  4287 : 0
  4284	  4291 : 0
  4288	  4419 : 0
  4416	  4423 : 0
  4420	  4427 : 0
  4424	  4471 : 0
  4468	  4491 : 0
  4488	  4495 : 0
  4492	  4499 : 0
  4496	  4503 : 0
  4500	  4511 : 0
  4508	  4527 : 0
  4524	  4535 : 0
  4532	  4543 : 0
  4540	  4547 : 0
  4544	  4551 : 0
  4548	  4643 : 0
  4640	  4651 : 1
  4648	  4667 : 0
  4664	  4679 : 0
  4676	  4699 : 0
  4696	  4703 : 0
  4700	  4915 : 0
  4912	  4923 : 1
  4920	  4939 : 0
  4936	  4955 : 0
  4952	  4959 : 0
  4956	  4971 : 1
  4968	  4991 : 0
  4988	  4995 : 0
  4992	  5023 : 0
  5020	  5027 : 0
  5024	  5087 : 0
  5084	  5091 : 0
  5088	  5155 : 0
  5152	  5175 : 0
  5172	  5191 : 0
  5188	  5219 : 0
  5216	  5307 : 0
  5304	  5311 : 0
  5308	  5375 : 0
  5372	  5387 : 0
  5384	  5419 : 0
  5416	  5443 : 0
  5440	  5535 : 0
  5532	  5539 : 0
  5536	  5583 : 0
  5580	  5651 : 0
  5648	  5683 : 0
  5680	  5699 : 0
  5696	  5707 : 0
  5704	  5715 : 0
  5712	  5723 : 0
  5720	  5727 : 0
  5724	  5735 : 0
  5732	  5743 : 0
  5740	  5835 : 0
  5832	  5847 : 0
  5844	  5883 : 0
  5880	  5887 : 1
  5884	  5987 : 0
  5984	  6015 : 0
  6012	  6031 : 0
  6028	  6059 : 0
  6056	  6075 : 0
  6072	  6163 : 0
  6160	  6171 : 0
  6168	  6179 : 0
  6176	  6195 : 0
  6192	  6203 : 0
  6200	  6235 : 0
  6232	  6239 : 0
  6236	  6251 : 0
  6248	  6263 : 0
  6260	  6279 : 0
  6276	  6335 : 0
  6332	  6375 : 0
  6372	  6387 : 0
  6384	  6431 : 0
  6428	  6439 : 0
  6436	  6455 : 0
  6452	  6467 : 0
  6464	  6487 : 0
  6484	  6591 : 0
  6588	  6619 : 0
  6616	  6643 : 0
  6640	  6647 : 0
  6644	  6651 : 0
  6648	  6831 : 0
  6828	  6835 : 0
  6832	  6991 : 0
  6988	  6995 : 0
  6992	  7159 : 0
  7156	  7171 : 1
  7168	  7175 : 0
  7172	  7279 : 0
  7276	  7423 : 0
