     0	    71 : 0
    68	   127 : 0
   124	   135 : 0
   132	   151 : 0
   148	   163 : 0
   160	   179 : 0
   176	   195 : 0
   192	   223 : 0
   220	   227 : 0
   224	   247 : 0
   244	   267 : 0
   264	   347 : 0
   344	   355 : 1
   352	   367 : 0
   364	   375 : 0
   372	   423 : 0
   420	   427 : 1
   424	   455 : 0
   452	   459 : 1
   456	   487 : 0
   484	   491 : 0
   488	   495 : 0
   492	   523 : 1
   520	   567 : 0
   564	   583 : 1
   580	   703 : 0
   700	   719 : 0
   716	   723 : 0
   720	   727 : 1
   724	   751 : 0
   748	   763 : 1
   760	   775 : 0
   772	   791 : 0
   788	   795 : 0
   792	   811 : 1
   808	   815 : 0
   812	   831 : 0
   828	   899 : 0
   896	   903 : 1
   900	   963 : 0
   960	   967 : 1
   964	  1015 : 0
  1012	  1023 : 1
  1020	  1031 : 0
  1028	  1039 : 0
  1036	  1043 : 0
  1040	  1051 : 0
  1048	  1075 : 0
  1072	  1079 : 0
  1076	  1103 : 0
  1100	  1107 : 0
  1104	  1195 : 0
  1192	  1215 : 0
  1212	  1235 : 0
  1232	  1251 : 0
  1248	  1263 : 0
  1260	  1271 : 0
  1268	  1283 : 0
  1280	  1287 : 0
  1284	  1299 : 0
  1296	  1423 : 1
  1420	  1427 : 0
  1424	  1435 : 0
  1432	  1451 : 0
  1448	  1463 : 0
  1460	  1471 : 0
  1468	  1475 : 0
  1472	  1479 : 0
  1476	  1499 : 0
  1496	  1503 : 0
  1500	  1507 : 0
  1504	  1611 : 0
  1608	  1619 : 0
  1616	  1651 : 0
  1648	  1659 : 1
  1656	  1679 : 0
  1676	  1683 : 1
  1680	  1727 : 0
  1724	  1759 : 1
  1756	  1839 : 0
  1836	  1855 : 0
  1852	  1859 : 0
  1856	  1875 : 0
  1872	  1887 : 0
  1884	  1983 : 0
  1980	  2023 : 0
  2020	  2139 : 1
  2136	  2155 : 0
  2152	  2179 : 0
  2176	  2207 : 0
  2204	  2243 : 0
  2240	  2247 : 0
  2244	  2251 : 1
  2248	  2291 : 0
  2288	  2307 : 1
  2304	  2323 : 0
  2320	  2327 : 2
  2324	  2351 : 0
  2348	  2355 : 1
  2352	  2359 : 0
  2356	  2371 : 0
  2368	  2443 : 0
  2440	  2471 : 1
  2468	  2475 : 0
  2472	  2479 : 1
  2476	  2483 : 0
  2480	  2499 : 1
  2496	  2587 : 0
  2584	  2595 : 1
  2592	  2615 : 0
  2612	  2631 : 0
  2628	  2671 : 0
  2668	  2679 : 0
  2676	  2683 : 0
  2680	  2691 : 0
  2688	  2719 : 0
  2716	  2739 : 0
  2736	  2807 : 0
  2804	  2815 : 1
  2812	  2851 : 0
  2848	  2867 : 0
  2864	  2871 : 0
  2868	  2895 : 0
  2892	  2907 : 0
  2904	  2991 : 1
  2988	  2995 : 0
  2992	  3031 : 0
  3028	  3071 : 0
  3068	  3083 : 1
  3080	  3127 : 0
  3124	  3147 : 0
  3144	  3151 : 0
  3148	  3159 : 0
  3156	  3183 : 0
  3180	  3195 : 0
  3192	  3215 : 0
  3212	  3219 : 1
  3216	  3243 : 0
  3240	  3287 : 1
  3284	  3323 : 0
  3320	  3331 : 0
  3328	  3419 : 0
  3416	  3423 : 1
  3420	  3527 : 0
  3524	  3539 : 0
  3536	  3551 : 0
  3548	  3579 : 1
  3576	  3583 : 0
  3580	  3587 : 1
  3584	  3607 : 0
  3604	  3619 : 0
  3616	  3623 : 0
  3620	  3655 : 0
  3652	  3659 : 0
  3656	  3663 : 0
  3660	  3699 : 0
  3696	  3843 : 0
  3840	  3847 : 0
  3844	  3883 : 1
  3880	  3907 : 0
  3904	  3911 : 1
  3908	  3923 : 0
  3920	  3935 : 1
  3932	  4019 : 0
  4016	  4331 : 0
  4328	  4343 : 0
  4340	  4347 : 0
  4344	  4367 : 0
  4364	  4383 : 0
  4380	  4407 : 0
  4404	  4427 : 1
  4424	  4439 : 0
  4436	  4471 : 0
  4468	  4475 : 0
  4472	  4491 : 0
  4488	  4499 : 0
  4496	  4507 : 1
  4504	  4511 : 0
  4508	  4519 : 0
  4516	  4531 : 0
  4528	  4543 : 0
  4540	  4547 : 0
  4544	  4559 : 0
  4556	  4567 : 0
  4564	  4583 : 0
  4580	  4599 : 0
  4596	  4607 : 1
  4604	  4631 : 0
  4628	  4635 : 1
  4632	  4639 : 0
  4636	  4651 : 0
  4648	  4659 : 0
  4656	  4667 : 0
  4664	  4675 : 0
  4672	  4691 : 1
  4688	  4695 : 0
  4692	  4727 : 0
  4724	  4739 : 0
  4736	  4743 : 1
  4740	  4747 : 0
  4744	  4751 : 1
  4748	  4755 : 0
  4752	  4763 : 1
  4760	  4779 : 0
  4776	  4787 : 0
  4784	  4811 : 0
  4808	  4819 : 0
  4816	  4835 : 0
  4832	  4843 : 1
  4840	  4855 : 0
  4852	  4859 : 0
  4856	  4899 : 0
  4896	  4903 : 1
  4900	  4919 : 0
  4916	  4939 : 0
  4936	  4967 : 0
  4964	  4971 : 0
  4968	  4979 : 0
  4976	  4983 : 0
  4980	  4987 : 0
  4984	  5011 : 1
  5008	  5023 : 0
  5020	  5035 : 0
  5032	  5039 : 0
  5036	  5059 : 1
  5056	  5079 : 0
  5076	  5095 : 0
  5092	  5103 : 0
  5100	  5111 : 1
  5108	  5119 : 0
  5116	  5155 : 0
  5152	  5159 : 0
  5156	  5163 : 1
  5160	  5167 : 0
  5164	  5187 : 1
  5184	  5199 : 0
  5196	  5203 : 0
  5200	  5207 : 0
  5204	  5211 : 1
  5208	  5219 : 0
  5216	  5231 : 0
  5228	  5239 : 0
  5236	  5247 : 0
  5244	  5251 : 0
  5248	  5263 : 1
  5260	  5267 : 0
  5264	  5279 : 1
  5276	  5287 : 0
  5284	  5303 : 1
  5300	  5307 : 0
  5304	  5335 : 1
  5332	  5339 : 0
  5336	  5347 : 1
  5344	  5363 : 0
  5360	  5371 : 1
  5368	  5375 : 0
  5372	  5383 : 0
  5380	  5387 : 0
  5384	  5395 : 1
  5392	  5403 : 0
  5400	  5411 : 1
  5408	  5415 : 0
  5412	  5419 : 1
  5416	  5423 : 0
  5420	  5427 : 0
  5424	  5431 : 0
  5428	  5435 : 1
  5432	  5443 : 0
  5440	  5447 : 0
  5444	  5463 : 0
  5460	  5467 : 0
  5464	  5471 : 0
  5468	  5475 : 1
  5472	  5487 : 0
  5484	  5495 : 0
  5492	  5507 : 0
  5504	  5511 : 0
  5508	  5515 : 0
  5512	  5519 : 1
  5516	  5543 : 0
  5540	  5559 : 1
  5556	  5575 : 0
  5572	  5595 : 1
  5592	  5599 : 0
  5596	  5619 : 1
  5616	  5627 : 0
  5624	  5659 : 1
  5656	  5663 : 0
  5660	  5667 : 1
  5664	  5683 : 0
  5680	  5691 : 1
  5688	  5695 : 0
  5692	  5699 : 0
  5696	  5715 : 0
  5712	  5731 : 1
  5728	  5751 : 0
  5748	  5755 : 1
  5752	  5759 : 0
  5756	  5763 : 1
  5760	  5767 : 0
  5764	  5775 : 0
  5772	  5783 : 0
  5780	  5787 : 1
  5784	  5795 : 0
  5792	  5811 : 1
  5808	  5835 : 0
  5832	  5839 : 1
  5836	  5843 : 0
  5840	  5867 : 1
  5864	  5903 : 0
  5900	  5907 : 1
  5904	  5911 : 0
  5908	  5919 : 1
  5916	  5931 : 0
  5928	  5939 : 0
  5936	  5943 : 0
  5940	  5951 : 0
  5948	  5955 : 0
  5952	  5959 : 0
  5956	  5979 : 0
  5976	  5991 : 1
  5988	  5995 : 0
  5992	  5999 : 1
  5996	  6003 : 0
  6000	  6019 : 1
  6016	  6051 : 0
  6048	  6071 : 0
  6068	  6091 : 0
  6088	  6099 : 1
  6096	  6107 : 0
  6104	  6127 : 1
  6124	  6139 : 0
  6136	  6143 : 1
  6140	  6147 : 0
  6144	  6155 : 1
  6152	  6163 : 0
  6160	  6171 : 1
  6168	  6175 : 0
  6172	  6179 : 1
  6176	  6183 : 0
  6180	  6191 : 1
  6188	  6195 : 0
  6192	  6199 : 1
  6196	  6207 : 0
  6204	  6211 : 1
  6208	  6215 : 0
  6212	  6227 : 1
  6224	  6231 : 0
  6228	  6235 : 1
  6232	  6239 : 0
  6236	  6251 : 1
  6248	  6255 : 0
  6252	  6259 : 1
  6256	  6263 : 0
  6260	  6267 : 1
  6264	  6271 : 0
  6268	  6275 : 1
  6272	  6299 : 0
  6296	  6315 : 1
  6312	  6355 : 0
  6352	  6359 : 0
  6356	  6415 : 0
  6412	  6419 : 0
  6416	  6447 : 0
  6444	  6459 : 1
  6456	  6467 : 0
  6464	  6483 : 0
  6480	  6495 : 0
  6492	  6507 : 1
  6504	  6511 : 0
  6508	  6527 : 1
  6524	  6555 : 0
  6552	  6563 : 1
  6560	  6567 : 0
  6564	  6579 : 0
  6576	  6583 : 0
  6580	  6623 : 1
  6620	  6667 : 0
  6664	  6675 : 1
  6672	  6695 : 0
  6692	  6735 : 1
  6732	  6743 : 0
  6740	  6747 : 1
  6744	  6755 : 0
  6752	  6779 : 0
  6776	  6783 : 0
  6780	  6791 : 0
  6788	  6795 : 0
  6792	  6799 : 1
  6796	  6803 : 0
  6800	  6883 : 1
  6880	  6911 : 0
  6908	  7071 : 0
