     0	    55 : 0
    52	    71 : 0
    68	   123 : 0
   120	   127 : 1
   124	   175 : 0
   172	   183 : 1
   180	   235 : 0
   232	   239 : 1
   236	   295 : 0
   292	   375 : 1
   372	   383 : 0
   380	   387 : 0
   384	   467 : 0
   464	   479 : 0
   476	   503 : 0
   500	   519 : 0
   516	   527 : 0
   524	   543 : 1
   540	   547 : 0
   544	   551 : 0
   548	   567 : 0
   564	   571 : 0
   568	   603 : 0
   600	   743 : 0
   740	   759 : 0
   756	   819 : 0
   816	   855 : 0
   852	   963 : 0
   960	  1103 : 0
  1100	  1119 : 1
  1116	  1131 : 0
  1128	  1143 : 0
  1140	  1167 : 0
  1164	  1175 : 1
  1172	  1307 : 0
  1304	  1311 : 1
  1308	  1319 : 0
  1316	  1339 : 0
  1336	  1367 : 0
  1364	  1371 : 0
  1368	  1451 : 0
  1448	  1455 : 0
  1452	  1507 : 0
  1504	  1595 : 1
  1592	  1635 : 0
  1632	  1643 : 1
  1640	  1683 : 0
  1680	  1731 : 1
  1728	  1751 : 0
  1748	  1755 : 0
  1752	  1767 : 0
  1764	  1775 : 0
  1772	  1783 : 0
  1780	  1811 : 0
  1808	  1899 : 0
  1896	  2055 : 0
  2052	  2135 : 0
  2132	  2147 : 1
  2144	  2155 : 0
  2152	  2187 : 0
  2184	  2227 : 0
  2224	  2359 : 1
  2356	  2395 : 0
  2392	  2455 : 1
  2452	  2459 : 0
  2456	  2467 : 0
  2464	  2475 : 0
  2472	  2483 : 0
  2480	  2567 : 0
  2564	  2627 : 1
  2624	  2703 : 0
  2700	  2855 : 1
  2852	  2911 : 0
  2908	  2919 : 1
  2916	  3063 : 0
  3060	  3071 : 1
  3068	  3135 : 0
  3132	  3195 : 0
  3192	  3215 : 0
  3212	  3219 : 0
  3216	  3255 : 0
  3252	  3303 : 0
  3300	  3323 : 0
  3320	  3339 : 0
  3336	  3379 : 0
  3376	  3403 : 1
  3400	  3415 : 0
  3412	  3499 : 0
  3496	  3503 : 0
  3500	  3595 : 1
  3592	  3643 : 0
  3640	  3659 : 0
  3656	  3719 : 0
  3716	  3731 : 1
  3728	  3735 : 0
  3732	  3743 : 0
  3740	  3787 : 0
  3784	  3791 : 1
  3788	  3895 : 0
  3892	  3995 : 0
  3992	  4067 : 0
  4064	  4075 : 0
  4072	  4083 : 0
  4080	  4095 : 0
  4092	  4119 : 0
  4116	  4143 : 0
  4140	  4147 : 0
  4144	  4187 : 0
  4184	  4199 : 0
  4196	  4219 : 0
  4216	  4251 : 0
  4248	  4259 : 0
  4256	  4263 : 0
  4260	  4271 : 0
  4268	  4303 : 0
  4300	  4315 : 0
  4312	  4331 : 0
  4328	  4335 : 0
  4332	  4439 : 0
  4436	  4495 : 0
  4492	  4547 : 0
  4544	  4567 : 0
  4564	  4683 : 0
  4680	  4703 : 0
  4700	  4943 : 0
  4940	  4951 : 0
  4948	  4979 : 0
  4976	  4999 : 0
  4996	  5027 : 0
  5024	  5043 : 0
  5040	  5195 : 0
  5192	  5231 : 0
  5228	  5363 : 0
  5360	  5395 : 0
  5392	  5415 : 0
  5412	  5427 : 0
  5424	  5523 : 0
  5520	  5535 : 1
  5532	  5559 : 0
  5556	  5575 : 0
  5572	  5583 : 0
  5580	  5591 : 0
  5588	  5595 : 0
  5592	  5627 : 0
  5624	  5631 : 0
  5628	  5635 : 0
  5632	  5643 : 0
  5640	  5651 : 1
  5648	  5675 : 0
  5672	  5683 : 0
  5680	  5767 : 0
  5764	  5783 : 1
  5780	  5811 : 0
  5808	  5835 : 0
  5832	  5943 : 0
  5940	  5947 : 1
  5944	  5951 : 0
  5948	  6003 : 0
  6000	  6031 : 0
  6028	  6035 : 1
  6032	  6111 : 0
  6108	  6115 : 1
  6112	  6171 : 0
  6168	  6255 : 1
  6252	  6311 : 0
  6308	  6315 : 1
  6312	  6383 : 0
  6380	  6387 : 1
  6384	  6455 : 0
  6452	  6511 : 0
  6508	  6515 : 0
  6512	  6535 : 0
  6532	  6555 : 0
  6552	  6567 : 0
  6564	  6583 : 0
  6580	  6587 : 0
  6584	  6611 : 0
  6608	  6623 : 0
  6620	  6639 : 0
  6636	  6711 : 0
  6708	  6763 : 0
  6760	  6771 : 1
  6768	  6843 : 0
  6840	  6847 : 0
  6844	  6899 : 0
  6896	  6975 : 0
  6972	  6983 : 0
  6980	  7011 : 0
  7008	  7055 : 0
  7052	  7071 : 0
  7068	  7079 : 0
  7076	  7127 : 0
  7124	  7199 : 0
  7196	  7407 : 1
