     0	   239 : 0
   236	   315 : 0
   312	   539 : 0
   536	   555 : 0
   552	   559 : 0
   556	   567 : 0
   564	   571 : 0
   568	   671 : 0
   668	   691 : 0
   688	   751 : 0
   748	   755 : 0
   752	  1023 : 0
  1020	  1027 : 0
  1024	  1031 : 0
  1028	  1055 : 0
  1052	  1591 : 0
  1588	  1647 : 1
  1644	  1855 : 0
  1852	  1859 : 0
  1856	  2187 : 0
  2184	  2191 : 0
  2188	  2195 : 0
  2192	  2203 : 0
  2200	  2475 : 0
  2472	  2487 : 0
  2484	  2655 : 0
  2652	  2659 : 0
  2656	  2667 : 0
  2664	  2683 : 0
  2680	  2691 : 0
  2688	  2699 : 0
  2696	  2815 : 0
  2812	  2839 : 1
  2836	  2843 : 0
  2840	  2847 : 2
  2844	  2863 : 0
  2860	  2867 : 0
  2864	  2883 : 0
  2880	  2907 : 0
  2904	  2919 : 0
  2916	  2939 : 0
  2936	  2943 : 0
  2940	  2951 : 0
  2948	  2967 : 0
  2964	  2975 : 0
  2972	  2995 : 0
  2992	  3131 : 0
  3128	  3267 : 0
  3264	  3679 : 0
  3676	  3807 : 0
  3804	  3883 : 0
  3880	  3891 : 0
  3888	  3919 : 0
  3916	  3963 : 1
  3960	  4043 : 0
  4040	  4071 : 0
  4068	  4443 : 0
  4440	  4523 : 0
  4520	  4675 : 0
  4672	  4719 : 0
  4716	  4807 : 0
  4804	  4859 : 0
  4856	  4983 : 0
  4980	  5023 : 0
  5020	  5027 : 0
  5024	  5035 : 0
  5032	  5039 : 0
  5036	  5075 : 0
  5072	  5079 : 0
  5076	  5083 : 0
  5080	  5095 : 0
  5092	  5099 : 0
  5096	  5103 : 0
  5100	  5115 : 0
  5112	  5119 : 0
  5116	  5127 : 0
  5124	  5139 : 0
  5136	  5155 : 0
  5152	  5223 : 0
  5220	  5275 : 0
  5272	  5439 : 0
  5436	  5507 : 0
  5504	  5531 : 0
  5528	  5563 : 1
  5560	  5779 : 0
  5776	  5915 : 0
  5912	  5919 : 0
  5916	  5923 : 0
  5920	  5927 : 0
  5924	  5935 : 0
  5932	  5947 : 0
  5944	  5983 : 0
  5980	  5991 : 0
  5988	  5995 : 0
  5992	  6015 : 0
  6012	  6055 : 1
  6052	  6191 : 0
  6188	  6223 : 0
  6220	  6367 : 0
  6364	  6407 : 0
  6404	  6439 : 0
  6436	  6527 : 0
  6524	  6679 : 0
  6676	  6771 : 0
  6768	  6919 : 0
  6916	  6947 : 0
  6944	  7027 : 0
  7024	  7063 : 0
  7060	  7475 : 0
  7472	  7743 : 1
  7740	  7919 : 0
  7916	  7959 : 0
  7956	  7979 : 0
  7976	  8015 : 0
  8012	  8019 : 0
  8016	  8023 : 0
  8020	  8223 : 0
  8220	  8323 : 0
  8320	  8691 : 0
  8688	  8727 : 0
  8724	  8915 : 0
  8912	  8979 : 0
  8976	  9047 : 0
  9044	  9131 : 0
  9128	  9387 : 0
  9384	  9427 : 0
  9424	  9495 : 0
  9492	  9695 : 0
  9692	  9711 : 0
  9708	  9747 : 0
  9744	 10255 : 0
 10252	 10299 : 0
 10296	 10463 : 0
 10460	 10491 : 0
 10488	 10495 : 0
 10492	 10519 : 1
 10516	 10647 : 0
 10644	 10667 : 0
 10664	 10671 : 0
 10668	 10675 : 0
 10672	 10679 : 0
 10676	 10683 : 0
 10680	 10687 : 0
 10684	 10831 : 0
 10828	 10967 : 0
 10964	 10999 : 1
 10996	 11231 : 0
 11228	 11255 : 1
 11252	 11415 : 0
 11412	 11479 : 0
 11476	 11611 : 0
 11608	 11631 : 0
 11628	 12171 : 0
 12168	 12203 : 0
 12200	 12295 : 0
 12292	 12319 : 1
 12316	 12351 : 0
 12348	 12567 : 0
 12564	 12795 : 0
 12792	 12823 : 0
 12820	 12827 : 0
 12824	 12831 : 0
 12828	 12839 : 0
 12836	 12907 : 0
 12904	 12935 : 0
 12932	 12943 : 0
 12940	 13031 : 0
 13028	 13187 : 1
 13184	 13295 : 0
 13292	 13315 : 0
 13312	 14187 : 0
 14184	 14219 : 0
 14216	 14259 : 0
 14256	 14267 : 0
 14264	 14287 : 0
 14284	 14323 : 0
 14320	 14331 : 0
 14328	 14355 : 1
 14352	 14411 : 0
 14408	 14663 : 0
 14660	 14711 : 0
 14708	 14747 : 0
 14744	 14803 : 0
 14800	 14819 : 0
 14816	 14947 : 0
 14944	 14987 : 0
 14984	 15111 : 0
 15108	 15199 : 0
 15196	 15255 : 0
 15252	 15287 : 1
 15284	 15635 : 0
 15632	 15683 : 0
 15680	 15839 : 0
 15836	 15891 : 0
 15888	 16195 : 0
 16192	 16227 : 0
 16224	 16435 : 0
 16432	 16495 : 0
 16492	 16503 : 0
 16500	 16507 : 0
 16504	 16515 : 0
 16512	 16543 : 0
 16540	 16791 : 0
 16788	 16855 : 0
 16852	 17335 : 0
 17332	 17359 : 0
 17356	 17555 : 0
 17552	 17587 : 1
 17584	 18083 : 0
 18080	 18235 : 1
 18232	 18311 : 0
 18308	 18347 : 0
 18344	 18375 : 0
 18372	 18395 : 0
 18392	 18411 : 0
 18408	 18443 : 0
 18440	 18899 : 0
 18896	 18983 : 0
 18980	 19007 : 0
 19004	 19119 : 0
 19116	 19135 : 0
 19132	 19139 : 0
 19136	 19183 : 0
 19180	 19239 : 0
 19236	 19247 : 0
 19244	 19263 : 0
 19260	 19267 : 0
 19264	 19279 : 0
 19276	 19495 : 0
 19492	 19531 : 0
 19528	 19631 : 0
 19628	 19643 : 0
 19640	 19647 : 0
 19644	 19655 : 0
 19652	 19667 : 0
 19664	 19687 : 0
 19684	 19775 : 0
 19772	 19799 : 1
 19796	 19967 : 0
 19964	 20087 : 0
 20084	 20203 : 0
 20200	 20243 : 0
 20240	 20275 : 0
 20272	 20439 : 0
 20436	 20523 : 0
 20520	 20567 : 0
 20564	 20619 : 0
 20616	 20951 : 0
 20948	 20999 : 0
 20996	 21003 : 0
 21000	 21011 : 0
 21008	 21111 : 0
 21108	 21143 : 0
 21140	 21163 : 0
 21160	 21479 : 0
 21476	 21491 : 0
 21488	 21535 : 0
 21532	 21619 : 0
 21616	 21627 : 0
 21624	 21631 : 0
 21628	 21671 : 0
 21668	 21735 : 0
 21732	 21739 : 0
 21736	 21743 : 0
 21740	 22051 : 0
 22048	 22099 : 0
 22096	 22119 : 0
 22116	 22123 : 0
 22120	 22131 : 0
 22128	 22143 : 0
 22140	 22471 : 0
 22468	 22555 : 0
 22552	 22563 : 0
 22560	 22571 : 0
 22568	 22647 : 0
 22644	 22655 : 0
 22652	 22711 : 0
 22708	 22719 : 0
 22716	 22723 : 0
 22720	 22751 : 0
 22748	 22811 : 0
 22808	 22827 : 0
 22824	 22839 : 0
 22836	 22871 : 0
 22868	 22879 : 0
 22876	 22903 : 0
 22900	 22911 : 0
 22908	 22919 : 0
 22916	 23007 : 0
 23004	 23023 : 0
 23020	 23111 : 0
 23108	 23143 : 0
 23140	 24027 : 0
 24024	 24035 : 0
 24032	 24043 : 0
 24040	 24067 : 0
 24064	 24087 : 0
 24084	 24103 : 0
 24100	 24111 : 0
 24108	 24131 : 0
 24128	 24175 : 0
 24172	 24195 : 0
 24192	 24223 : 0
 24220	 24375 : 0
 24372	 24451 : 0
 24448	 24707 : 0
 24704	 24735 : 0
 24732	 24743 : 0
 24740	 24747 : 0
 24744	 24755 : 0
 24752	 24767 : 0
 24764	 24791 : 0
 24788	 24795 : 0
 24792	 24799 : 0
 24796	 24831 : 0
 24828	 24835 : 0
 24832	 24919 : 0
 24916	 24923 : 0
 24920	 24935 : 0
 24932	 24939 : 0
 24936	 24943 : 0
 24940	 24999 : 0
 24996	 25127 : 0
 25124	 25407 : 0
 25404	 25415 : 0
 25412	 25427 : 0
 25424	 25455 : 0
 25452	 25531 : 0
 25528	 25535 : 0
 25532	 25615 : 0
 25612	 25619 : 0
 25616	 25631 : 0
 25628	 25651 : 0
 25648	 26103 : 0
 26100	 26111 : 0
 26108	 26131 : 0
 26128	 26159 : 0
 26156	 26191 : 0
 26188	 26227 : 0
 26224	 26419 : 0
 26416	 26435 : 0
 26432	 26587 : 1
 26584	 31111 : 0
 31108	 31143 : 1
 31140	 31827 : 0
 31824	 31919 : 1
 31916	 31923 : 0
 31920	 31927 : 0
 31924	 31975 : 0
 31972	 31991 : 0
 31988	 32007 : 0
 32004	 32083 : 0
 32080	 32091 : 0
 32088	 32107 : 0
 32104	 32135 : 0
 32132	 32163 : 0
 32160	 32167 : 0
 32164	 32203 : 0
 32200	 32215 : 0
 32212	 32259 : 0
 32256	 32435 : 0
 32432	 32443 : 0
 32440	 32447 : 0
 32444	 32451 : 0
 32448	 32499 : 0
 32496	 32511 : 0
 32508	 32603 : 0
 32600	 32607 : 0
 32604	 32727 : 0
 32724	 32731 : 0
 32728	 32735 : 0
 32732	 32763 : 0
 32760	 32907 : 0
 32904	 36143 : 0
 36140	 36151 : 0
 36148	 36215 : 0
 36212	 36219 : 0
 36216	 36251 : 0
