     0	    11 : 0
     8	    23 : 0
    20	   207 : 0
   204	   231 : 0
   228	   275 : 0
   272	   279 : 0
   276	   283 : 0
   280	   295 : 0
   292	   943 : 0
   940	   947 : 0
   944	   979 : 0
   976	   995 : 0
   992	  1227 : 0
  1224	  1231 : 0
  1228	  1291 : 0
  1288	  1295 : 0
  1292	  1443 : 0
  1440	  1447 : 0
  1444	  1475 : 0
  1472	  1547 : 0
  1544	  1571 : 0
  1568	  1671 : 0
  1668	  1679 : 0
  1676	  1703 : 0
  1700	  1707 : 0
  1704	  1727 : 0
  1724	  1779 : 0
  1776	  1791 : 0
  1788	  1823 : 0
  1820	  1839 : 0
  1836	  1871 : 0
  1868	  1907 : 0
  1904	  1919 : 0
  1916	  1955 : 0
  1952	  1967 : 0
  1964	  2039 : 0
  2036	  2047 : 1
  2044	  2083 : 0
  2080	  2131 : 0
  2128	  2135 : 0
  2132	  2439 : 0
  2436	  2443 : 0
  2440	  2499 : 0
  2496	  2563 : 0
  2560	  2567 : 0
  2564	  2591 : 0
  2588	  2959 : 0
  2956	  2971 : 0
  2968	  2987 : 0
  2984	  3023 : 0
  3020	  3131 : 0
  3128	  3183 : 0
  3180	  3199 : 0
  3196	  3203 : 0
  3200	  3279 : 0
  3276	  3335 : 0
  3332	  3407 : 1
  3404	  3411 : 0
  3408	  3419 : 0
  3416	  3435 : 0
  3432	  3567 : 0
  3564	  3571 : 0
  3568	  3575 : 0
  3572	  3587 : 0
  3584	  3591 : 0
  3588	  3607 : 0
  3604	  3627 : 0
  3624	  3683 : 0
  3680	  3735 : 0
  3732	  3911 : 0
  3908	  3975 : 0
  3972	  4027 : 0
  4024	  4051 : 0
  4048	  4087 : 0
  4084	  4099 : 0
  4096	  4147 : 0
  4144	  4159 : 0
  4156	  4211 : 0
  4208	  4223 : 1
  4220	  4239 : 0
  4236	  4247 : 1
  4244	  4255 : 0
  4252	  4259 : 0
  4256	  4279 : 0
  4276	  4291 : 0
  4288	  4307 : 0
  4304	  4355 : 0
  4352	  4363 : 0
  4360	  4383 : 0
  4380	  4411 : 0
  4408	  4451 : 0
  4448	  4463 : 0
  4460	  4487 : 0
  4484	  4491 : 0
  4488	  4503 : 0
  4500	  4507 : 0
  4504	  4515 : 0
  4512	  4523 : 0
  4520	  4527 : 0
  4524	  4631 : 0
  4628	  4643 : 0
  4640	  4647 : 0
  4644	  4651 : 0
  4648	  4747 : 0
  4744	  4759 : 0
  4756	  4763 : 0
  4760	  4771 : 0
  4768	  4851 : 0
  4848	  4855 : 0
  4852	  4859 : 0
  4856	  4871 : 0
  4868	  4875 : 0
  4872	  4911 : 0
  4908	  5191 : 0
  5188	  5195 : 0
  5192	  5235 : 0
  5232	  5251 : 0
  5248	  5259 : 0
  5256	  5263 : 0
  5260	  5267 : 0
  5264	  5415 : 0
  5412	  5419 : 0
  5416	  5439 : 0
  5436	  5455 : 0
  5452	  5463 : 0
  5460	  5503 : 0
  5500	  5559 : 0
  5556	  5571 : 0
  5568	  5587 : 0
  5584	  5599 : 0
  5596	  5655 : 0
  5652	  5671 : 0
  5668	  5711 : 1
  5708	  5739 : 0
  5736	  5743 : 0
  5740	  5751 : 0
  5748	  5755 : 0
  5752	  5759 : 0
  5756	  5767 : 0
  5764	  5775 : 0
  5772	  5799 : 0
  5796	  5803 : 0
  5800	  5815 : 1
  5812	  6067 : 0
  6064	  6071 : 0
  6068	  6083 : 0
  6080	  6087 : 0
  6084	  6115 : 0
  6112	  6119 : 0
  6116	  6135 : 0
  6132	  6139 : 0
  6136	  6155 : 0
  6152	  6159 : 0
  6156	  6167 : 0
  6164	  6175 : 0
  6172	  6179 : 0
  6176	  6231 : 0
  6228	  6239 : 0
  6236	  6243 : 0
  6240	  6263 : 0
  6260	  6271 : 0
  6268	  6327 : 0
  6324	  6359 : 0
  6356	  6363 : 0
  6360	  6367 : 0
  6364	  6387 : 0
  6384	  6395 : 0
  6392	  6403 : 0
  6400	  6435 : 0
  6432	  6451 : 0
  6448	  6471 : 0
  6468	  6495 : 0
  6492	  6499 : 0
  6496	  6503 : 0
  6500	  6507 : 0
  6504	  6547 : 0
  6544	  6551 : 0
  6548	  6555 : 0
  6552	  6567 : 0
  6564	  6575 : 0
  6572	  6583 : 0
  6580	  6695 : 0
  6692	  6699 : 0
  6696	  6715 : 0
  6712	  6719 : 0
  6716	  6735 : 0
  6732	  6743 : 0
  6740	  6747 : 0
  6744	  6755 : 1
  6752	  6771 : 0
  6768	  6827 : 0
  6824	  6855 : 0
  6852	  6907 : 0
  6904	  6911 : 0
  6908	  6927 : 0
  6924	  6983 : 0
  6980	  6991 : 0
  6988	  7051 : 0
  7048	  7223 : 0
  7220	  7227 : 0
  7224	  7283 : 0
  7280	  7319 : 0
  7316	  7331 : 0
  7328	  7335 : 0
  7332	  7343 : 0
  7340	  7355 : 0
  7352	  7427 : 0
  7424	  7435 : 0
  7432	  7443 : 0
  7440	  7515 : 0
  7512	  7587 : 0
  7584	  7591 : 0
  7588	  7603 : 0
  7600	  7607 : 0
  7604	  7611 : 0
  7608	  7615 : 0
  7612	  7619 : 0
  7616	  7651 : 0
  7648	  7655 : 0
  7652	  7667 : 0
  7664	  7671 : 0
  7668	  7803 : 0
  7800	  7851 : 0
  7848	  7879 : 0
  7876	  7895 : 0
  7892	  7899 : 0
  7896	  7907 : 0
  7904	  7927 : 0
  7924	  7935 : 0
  7932	  7959 : 0
  7956	  7963 : 0
  7960	  7967 : 0
  7964	  7975 : 0
  7972	  7995 : 0
  7992	  8023 : 0
  8020	  8031 : 0
  8028	  8119 : 0
  8116	  8131 : 0
  8128	  8163 : 0
  8160	  8171 : 0
  8168	  8183 : 0
  8180	  8223 : 0
  8220	  8227 : 0
  8224	  8235 : 0
  8232	  8251 : 0
  8248	  8275 : 0
  8272	  8291 : 0
  8288	  8315 : 0
  8312	  8319 : 0
  8316	  8323 : 0
  8320	  8331 : 1
  8328	  8335 : 0
  8332	  8339 : 0
  8336	  8347 : 0
  8344	  8351 : 0
  8348	  8367 : 0
  8364	  8503 : 0
  8500	  8507 : 0
  8504	  8519 : 0
  8516	  8523 : 0
  8520	  8595 : 0
  8592	  8607 : 0
  8604	  8651 : 0
  8648	  8659 : 0
  8656	  8663 : 0
  8660	  8675 : 0
  8672	  8711 : 0
  8708	  8715 : 0
  8712	  8727 : 0
  8724	  8731 : 0
  8728	  8735 : 0
  8732	  8739 : 0
  8736	  8755 : 1
  8752	  8771 : 0
  8768	  8863 : 0
  8860	  8867 : 0
  8864	  8951 : 0
  8948	  8975 : 0
  8972	  9035 : 0
  9032	  9039 : 0
  9036	  9047 : 0
  9044	  9051 : 0
  9048	  9055 : 0
  9052	  9059 : 0
  9056	  9067 : 0
  9064	  9079 : 0
  9076	  9155 : 0
  9152	  9159 : 0
  9156	  9163 : 0
