     0	    15 : 0
    12	    23 : 0
    20	    27 : 0
    24	    31 : 0
    28	    39 : 0
    36	    43 : 0
    40	    47 : 0
    44	    51 : 0
    48	    87 : 0
    84	   147 : 0
   144	   643 : 0
   640	   679 : 1
   676	   683 : 0
   680	   687 : 0
   684	   711 : 0
   708	   715 : 0
   712	   755 : 0
   752	   759 : 0
   756	   783 : 0
   780	   819 : 0
   816	   823 : 0
   820	   839 : 0
   836	   871 : 0
   868	   887 : 0
   884	   899 : 0
   896	   919 : 0
   916	   927 : 0
   924	   943 : 0
   940	   947 : 0
   944	   955 : 0
   952	  1011 : 0
  1008	  1039 : 0
  1036	  1043 : 0
  1040	  1063 : 0
  1060	  1095 : 0
  1092	  1143 : 0
  1140	  1231 : 0
  1228	  1235 : 1
  1232	  1239 : 2
  1236	  1243 : 0
  1240	  1263 : 0
  1260	  1275 : 0
  1272	  1695 : 0
  1692	  1703 : 0
  1700	  1707 : 0
  1704	  1759 : 0
  1756	  1767 : 0
  1764	  1775 : 0
  1772	  1779 : 0
  1776	  1847 : 0
  1844	  1875 : 0
  1872	  1883 : 0
  1880	  2207 : 0
  2204	  2219 : 0
  2216	  2235 : 0
  2232	  2239 : 0
  2236	  2287 : 0
  2284	  2291 : 0
  2288	  2323 : 0
  2320	  2339 : 0
  2336	  2411 : 0
  2408	  2415 : 0
  2412	  2419 : 0
  2416	  2423 : 0
  2420	  2447 : 0
  2444	  2455 : 0
  2452	  2511 : 0
  2508	  2519 : 0
  2516	  2523 : 0
  2520	  2527 : 0
  2524	  2535 : 0
  2532	  2563 : 0
  2560	  2595 : 0
  2592	  2603 : 0
  2600	  2647 : 0
  2644	  2699 : 0
  2696	  2823 : 0
  2820	  2827 : 0
  2824	  2831 : 0
  2828	  2835 : 0
  2832	  2851 : 0
  2848	  2863 : 0
  2860	  2867 : 0
  2864	  2875 : 1
  2872	  2899 : 0
  2896	  2903 : 0
  2900	  2915 : 0
  2912	  2919 : 0
  2916	  2935 : 0
  2932	  2955 : 1
  2952	  3031 : 0
  3028	  3035 : 0
  3032	  3051 : 0
  3048	  3055 : 0
  3052	  3111 : 0
  3108	  3123 : 0
  3120	  3127 : 0
  3124	  3135 : 0
  3132	  3151 : 0
  3148	  3179 : 0
  3176	  3211 : 0
  3208	  3215 : 0
  3212	  3259 : 0
  3256	  3295 : 0
  3292	  3307 : 0
  3304	  3323 : 0
  3320	  3331 : 0
  3328	  3359 : 0
  3356	  3371 : 0
  3368	  3375 : 0
  3372	  3379 : 0
  3376	  3419 : 0
  3416	  3507 : 0
  3504	  3539 : 0
  3536	  3731 : 0
  3728	  3747 : 1
  3744	  3751 : 0
  3748	  3787 : 0
  3784	  3795 : 0
  3792	  3803 : 0
  3800	  3811 : 0
  3808	  3855 : 0
  3852	  3859 : 0
  3856	  3887 : 0
  3884	  3891 : 0
  3888	  3903 : 0
  3900	  3911 : 0
  3908	  3919 : 0
  3916	  3923 : 0
  3920	  3935 : 0
  3932	  3939 : 0
  3936	  3955 : 0
  3952	  3959 : 0
  3956	  3979 : 0
  3976	  3983 : 0
  3980	  3999 : 0
  3996	  4003 : 0
  4000	  4007 : 1
  4004	  4011 : 0
  4008	  4027 : 0
  4024	  4035 : 0
  4032	  4139 : 0
  4136	  4147 : 0
  4144	  4163 : 0
  4160	  4175 : 0
  4172	  4179 : 0
  4176	  4183 : 0
  4180	  4211 : 0
  4208	  4219 : 0
  4216	  4243 : 0
  4240	  4247 : 0
  4244	  4255 : 0
  4252	  4319 : 0
  4316	  4347 : 0
  4344	  4543 : 0
  4540	  4555 : 0
  4552	  4563 : 0
  4560	  4599 : 1
  4596	  4611 : 0
  4608	  4627 : 0
  4624	  4675 : 0
  4672	  4679 : 0
  4676	  4931 : 0
  4928	  4935 : 0
  4932	  4955 : 0
  4952	  4959 : 0
  4956	  4975 : 0
  4972	  4983 : 0
  4980	  4987 : 0
  4984	  4991 : 0
  4988	  5179 : 0
  5176	  5183 : 1
  5180	  5187 : 0
  5184	  5191 : 0
  5188	  5195 : 0
  5192	  5207 : 0
  5204	  5575 : 0
  5572	  5583 : 1
  5580	  5587 : 0
  5584	  5595 : 0
  5592	  5611 : 0
  5608	  5651 : 0
  5648	  5655 : 0
  5652	  5671 : 0
  5668	  5679 : 0
  5676	  5695 : 0
  5692	  5711 : 0
  5708	  5723 : 0
  5720	  5751 : 0
  5748	  5755 : 0
  5752	  5763 : 0
  5760	  5767 : 0
  5764	  5775 : 0
  5772	  5783 : 0
  5780	  5787 : 0
  5784	  5811 : 0
  5808	  5815 : 0
  5812	  5839 : 1
  5836	  5863 : 0
  5860	  5871 : 0
  5868	  5903 : 0
  5900	  5907 : 0
  5904	  5911 : 0
  5908	  5915 : 0
  5912	  5951 : 0
  5948	  5955 : 0
  5952	  5995 : 0
  5992	  5999 : 0
  5996	  6003 : 0
  6000	  6011 : 0
  6008	  6015 : 0
  6012	  6019 : 0
  6016	  6055 : 0
  6052	  6059 : 0
  6056	  6067 : 0
  6064	  6075 : 0
  6072	  6103 : 0
  6100	  6107 : 0
  6104	  6119 : 0
  6116	  6155 : 0
  6152	  6159 : 0
  6156	  6171 : 0
  6168	  6243 : 0
  6240	  6255 : 1
  6252	  6323 : 0
  6320	  6331 : 0
  6328	  6335 : 0
  6332	  6343 : 0
  6340	  6383 : 0
  6380	  6391 : 0
  6388	  6463 : 0
  6460	  6467 : 1
  6464	  6483 : 0
  6480	  6535 : 0
  6532	  6543 : 0
  6540	  6551 : 0
  6548	  6571 : 0
  6568	  6587 : 0
  6584	  6723 : 0
  6720	  6727 : 0
  6724	  6731 : 0
  6728	  6735 : 0
  6732	  6763 : 0
  6760	  6775 : 0
  6772	  6783 : 0
  6780	  6799 : 1
  6796	  6875 : 0
  6872	  6879 : 0
  6876	  6883 : 0
  6880	  6891 : 0
  6888	  6895 : 0
  6892	  6903 : 0
  6900	  6911 : 0
  6908	  6923 : 0
  6920	  6939 : 0
  6936	  6983 : 0
  6980	  6987 : 0
  6984	  6995 : 0
  6992	  7031 : 0
  7028	  7099 : 0
  7096	  7111 : 0
  7108	  7115 : 0
  7112	  7119 : 0
  7116	  7127 : 0
  7124	  7135 : 0
  7132	  7139 : 0
  7136	  7195 : 0
  7192	  7211 : 0
  7208	  7231 : 0
  7228	  7251 : 0
  7248	  7291 : 0
  7288	  7295 : 0
  7292	  7303 : 0
  7300	  7319 : 0
  7316	  7327 : 0
  7324	  7331 : 0
  7328	  7339 : 0
  7336	  7351 : 0
  7348	  7399 : 0
  7396	  7403 : 0
  7400	  7455 : 0
  7452	  7467 : 0
  7464	  7475 : 0
  7472	  7479 : 0
  7476	  7523 : 0
  7520	  7539 : 0
  7536	  7543 : 0
  7540	  7547 : 0
  7544	  7551 : 0
  7548	  7563 : 0
  7560	  7571 : 0
  7568	  7595 : 0
  7592	  7607 : 0
  7604	  7619 : 0
  7616	  7631 : 0
  7628	  7635 : 0
  7632	  7659 : 0
  7656	  7667 : 0
  7664	  7679 : 0
  7676	  7707 : 0
  7704	  7719 : 0
  7716	  7727 : 0
  7724	  7731 : 0
  7728	  7739 : 0
  7736	  7747 : 0
  7744	  7759 : 0
  7756	  7763 : 0
  7760	  7783 : 0
  7780	  7791 : 0
  7788	  7803 : 0
  7800	  7811 : 0
  7808	  7827 : 0
  7824	  7831 : 0
  7828	  7855 : 0
  7852	  7863 : 0
  7860	  7923 : 1
  7920	  7939 : 0
  7936	  7943 : 0
  7940	  7947 : 0
  7944	  7955 : 0
  7952	  7959 : 0
  7956	  7979 : 0
  7976	  7999 : 0
  7996	  8019 : 1
  8016	  8023 : 0
  8020	  8027 : 0
  8024	  8035 : 0
  8032	  8055 : 0
  8052	  8131 : 0
  8128	  8167 : 1
  8164	  8195 : 0
  8192	  8203 : 0
  8200	  8219 : 0
  8216	  8227 : 0
  8224	  8235 : 0
  8232	  8259 : 0
  8256	  8287 : 0
  8284	  8303 : 0
  8300	  8319 : 0
  8316	  8327 : 0
  8324	  8355 : 0
  8352	  8359 : 0
  8356	  8475 : 0
  8472	  8479 : 0
  8476	  8583 : 0
  8580	  8595 : 1
  8592	  8615 : 0
  8612	  8647 : 0
  8644	  8711 : 0
  8708	  8735 : 0
  8732	  8959 : 0
  8956	  8967 : 1
  8964	  9043 : 0
  9040	  9047 : 0
  9044	  9079 : 0
  9076	  9091 : 0
  9088	  9099 : 0
  9096	  9103 : 0
  9100	  9119 : 0
  9116	  9163 : 0
  9160	  9167 : 0
  9164	  9175 : 0
  9172	  9199 : 0
  9196	  9231 : 0
  9228	  9239 : 0
  9236	  9247 : 0
  9244	  9259 : 0
  9256	  9267 : 0
  9264	  9271 : 0
  9268	  9275 : 0
  9272	  9279 : 0
  9276	  9291 : 0
  9288	  9367 : 0
  9364	  9383 : 0
  9380	  9419 : 0
  9416	  9451 : 0
  9448	  9467 : 0
  9464	  9475 : 0
  9472	  9511 : 0
  9508	  9519 : 0
  9516	  9563 : 0
  9560	  9599 : 0
  9596	  9611 : 0
  9608	  9623 : 0
  9620	  9631 : 0
  9628	  9643 : 0
  9640	  9647 : 0
  9644	  9651 : 0
  9648	  9671 : 0
  9668	  9707 : 0
  9704	  9711 : 0
  9708	  9719 : 0
  9716	  9943 : 0
  9940	  9951 : 0
  9948	  9955 : 0
  9952	  9959 : 0
  9956	  9971 : 0
  9968	  9983 : 0
  9980	  9991 : 0
  9988	  9999 : 0
  9996	 10003 : 0
 10000	 10011 : 0
 10008	 10023 : 0
 10020	 10071 : 0
 10068	 10095 : 0
 10092	 10111 : 0
 10108	 10115 : 0
 10112	 10143 : 0
 10140	 10155 : 0
 10152	 10167 : 0
 10164	 10183 : 0
 10180	 10219 : 0
 10216	 10299 : 0
 10296	 10303 : 0
 10300	 10315 : 0
 10312	 10323 : 1
 10320	 10335 : 0
 10332	 10339 : 0
 10336	 10343 : 0
 10340	 10359 : 0
 10356	 10391 : 0
 10388	 10395 : 1
 10392	 10403 : 0
 10400	 10411 : 0
 10408	 10439 : 0
 10436	 10499 : 0
 10496	 10503 : 0
 10500	 10511 : 0
 10508	 10563 : 0
 10560	 10567 : 0
 10564	 10571 : 0
 10568	 10583 : 0
 10580	 10611 : 0
 10608	 10623 : 0
 10620	 10647 : 0
 10644	 10683 : 0
 10680	 10699 : 0
 10696	 10707 : 0
 10704	 10715 : 0
 10712	 10719 : 0
 10716	 10731 : 0
 10728	 10759 : 0
 10756	 10871 : 0
 10868	 10875 : 0
 10872	 10879 : 0
 10876	 10895 : 0
 10892	 10915 : 0
 10912	 10931 : 0
 10928	 10943 : 0
 10940	 10947 : 0
 10944	 10983 : 0
 10980	 10987 : 1
 10984	 10999 : 0
 10996	 11003 : 0
 11000	 11027 : 0
 11024	 11043 : 0
 11040	 11047 : 0
 11044	 11055 : 1
 11052	 11127 : 0
 11124	 11131 : 0
 11128	 11147 : 0
 11144	 11171 : 1
 11168	 11175 : 0
 11172	 11179 : 0
 11176	 11183 : 0
 11180	 11195 : 1
 11192	 11255 : 0
 11252	 11259 : 0
 11256	 11275 : 0
 11272	 11279 : 0
 11276	 11319 : 0
 11316	 11331 : 0
 11328	 11335 : 0
 11332	 11347 : 0
 11344	 11355 : 0
 11352	 11375 : 0
 11372	 11387 : 0
 11384	 11399 : 0
 11396	 11403 : 0
 11400	 11407 : 0
 11404	 11411 : 0
 11408	 11427 : 0
 11424	 11439 : 0
 11436	 11443 : 0
 11440	 11459 : 0
 11456	 11463 : 0
 11460	 11467 : 0
 11464	 11479 : 0
 11476	 11527 : 0
