     0	   143 : 1
   140	   179 : 0
   176	   187 : 1
   184	   243 : 0
   240	   247 : 1
   244	   287 : 0
   284	   311 : 0
   308	   359 : 0
   356	   399 : 0
   396	   403 : 0
   400	   407 : 0
   404	   463 : 0
   460	   479 : 0
   476	   531 : 0
   528	   539 : 1
   536	   591 : 0
   588	   615 : 0
   612	   619 : 0
   616	   671 : 0
   668	   675 : 0
   672	   679 : 1
   676	   747 : 0
   744	   755 : 1
   752	   767 : 0
   764	   771 : 0
   768	   811 : 0
   808	   815 : 0
   812	   839 : 0
   836	   843 : 1
   840	   871 : 0
   868	   875 : 0
   872	   907 : 0
   904	   915 : 1
   912	   951 : 0
   948	   955 : 2
   952	   959 : 1
   956	  1015 : 0
  1012	  1071 : 0
  1068	  1115 : 0
  1112	  1123 : 1
  1120	  1159 : 0
  1156	  1175 : 0
  1172	  1191 : 0
  1188	  1195 : 0
  1192	  1199 : 0
  1196	  1203 : 0
  1200	  1243 : 0
  1240	  1251 : 1
  1248	  1259 : 0
  1256	  1311 : 0
  1308	  1315 : 0
  1312	  1319 : 1
  1316	  1395 : 0
  1392	  1403 : 1
  1400	  1431 : 0
  1428	  1447 : 0
  1444	  1451 : 0
  1448	  1519 : 0
  1516	  1567 : 0
  1564	  1587 : 0
  1584	  1591 : 0
  1588	  1595 : 1
  1592	  1599 : 0
  1596	  1607 : 0
  1604	  1631 : 0
  1628	  1635 : 2
  1632	  1651 : 0
  1648	  1667 : 0
  1664	  1683 : 0
  1680	  1691 : 1
  1688	  1727 : 0
  1724	  1747 : 1
  1744	  1755 : 0
  1752	  1763 : 0
  1760	  1775 : 0
  1772	  1783 : 1
  1780	  1827 : 0
  1824	  1835 : 1
  1832	  1875 : 0
  1872	  1879 : 1
  1876	  1959 : 0
  1956	  1963 : 0
  1960	  1967 : 0
  1964	  1971 : 0
  1968	  1999 : 0
  1996	  2011 : 0
  2008	  2019 : 0
  2016	  2027 : 1
  2024	  2031 : 0
  2028	  2039 : 0
  2036	  2047 : 0
  2044	  2055 : 0
  2052	  2059 : 0
  2056	  2063 : 0
  2060	  2083 : 0
  2080	  2103 : 0
  2100	  2167 : 0
  2164	  2179 : 0
  2176	  2231 : 0
  2228	  2239 : 1
  2236	  2243 : 0
  2240	  2251 : 0
  2248	  2287 : 0
  2284	  2291 : 1
  2288	  2303 : 0
  2300	  2307 : 0
  2304	  2339 : 0
  2336	  2343 : 0
  2340	  2363 : 0
  2360	  2367 : 0
  2364	  2371 : 0
  2368	  2387 : 0
  2384	  2431 : 0
  2428	  2439 : 1
  2436	  2495 : 0
  2492	  2511 : 0
  2508	  2535 : 0
  2532	  2539 : 1
  2536	  2635 : 0
  2632	  2655 : 0
  2652	  2659 : 0
  2656	  2667 : 1
  2664	  2679 : 0
  2676	  2707 : 0
  2704	  2739 : 0
  2736	  2771 : 1
  2768	  2783 : 0
  2780	  2795 : 0
  2792	  2799 : 0
  2796	  2807 : 0
  2804	  2819 : 0
  2816	  2847 : 0
  2844	  2851 : 0
  2848	  2855 : 0
  2852	  2859 : 0
  2856	  2883 : 0
  2880	  2887 : 0
  2884	  2899 : 0
  2896	  2903 : 0
  2900	  2911 : 1
  2908	  2991 : 0
  2988	  3023 : 0
  3020	  3059 : 0
  3056	  3063 : 0
  3060	  3067 : 0
  3064	  3071 : 0
  3068	  3079 : 0
  3076	  3087 : 1
  3084	  3143 : 0
  3140	  3147 : 1
  3144	  3151 : 0
  3148	  3167 : 0
  3164	  3171 : 0
  3168	  3191 : 0
  3188	  3207 : 0
  3204	  3231 : 0
  3228	  3287 : 0
  3284	  3327 : 0
  3324	  3351 : 0
  3348	  3355 : 1
  3352	  3387 : 0
  3384	  3427 : 1
  3424	  3439 : 0
  3436	  3447 : 0
  3444	  3471 : 0
  3468	  3475 : 0
  3472	  3483 : 0
  3480	  3539 : 0
  3536	  3623 : 0
  3620	  3631 : 1
  3628	  3683 : 0
  3680	  3687 : 0
  3684	  3727 : 0
  3724	  3735 : 1
  3732	  3791 : 0
  3788	  3799 : 1
  3796	  3811 : 0
  3808	  3819 : 0
  3816	  3831 : 0
  3828	  3839 : 0
  3836	  3859 : 0
  3856	  3863 : 0
  3860	  3907 : 0
  3904	  3927 : 0
  3924	  3963 : 0
  3960	  3975 : 0
  3972	  3983 : 0
  3980	  3995 : 0
  3992	  3999 : 0
  3996	  4015 : 0
  4012	  4071 : 0
  4068	  4079 : 0
  4076	  4091 : 0
  4088	  4099 : 1
  4096	  4143 : 0
  4140	  4147 : 1
  4144	  4207 : 0
  4204	  4215 : 1
  4212	  4287 : 0
  4284	  4291 : 2
  4288	  4295 : 1
  4292	  4359 : 0
  4356	  4391 : 0
  4388	  4395 : 0
  4392	  4403 : 0
  4400	  4427 : 0
  4424	  4435 : 0
  4432	  4443 : 0
  4440	  4451 : 1
  4448	  4487 : 0
  4484	  4491 : 0
  4488	  4563 : 0
  4560	  4567 : 0
  4564	  4575 : 0
  4572	  4583 : 0
  4580	  4611 : 0
  4608	  4615 : 0
  4612	  4683 : 0
  4680	  4695 : 1
  4692	  4699 : 0
  4696	  4707 : 0
  4704	  4711 : 0
  4708	  4727 : 0
  4724	  4755 : 0
  4752	  4763 : 0
  4760	  4767 : 0
  4764	  4775 : 0
  4772	  4779 : 0
  4776	  4783 : 1
  4780	  4787 : 0
  4784	  4791 : 0
  4788	  4795 : 0
  4792	  4811 : 0
  4808	  4823 : 0
  4820	  4847 : 0
  4844	  4887 : 0
  4884	  4907 : 0
  4904	  4915 : 0
  4912	  4963 : 0
  4960	  4971 : 0
  4968	  4979 : 0
  4976	  5139 : 0
  5136	  5143 : 0
  5140	  5155 : 0
  5152	  5159 : 0
  5156	  5207 : 0
  5204	  5211 : 1
  5208	  5263 : 0
  5260	  5267 : 0
  5264	  5303 : 0
  5300	  5307 : 0
  5304	  5347 : 0
  5344	  5355 : 1
  5352	  5391 : 0
  5388	  5395 : 0
  5392	  5435 : 0
  5432	  5443 : 1
  5440	  5451 : 0
  5448	  5487 : 0
  5484	  5551 : 0
  5548	  5555 : 0
  5552	  5563 : 0
  5560	  5567 : 1
  5564	  5607 : 0
  5604	  5615 : 1
  5612	  5671 : 0
  5668	  5675 : 1
  5672	  5739 : 0
  5736	  5779 : 0
  5776	  5839 : 0
  5836	  5867 : 0
  5864	  5871 : 0
  5868	  5875 : 1
  5872	  5923 : 0
  5920	  5931 : 1
  5928	  6119 : 0
  6116	  6123 : 0
  6120	  6127 : 0
  6124	  6155 : 0
  6152	  6163 : 0
  6160	  6211 : 0
  6208	  6215 : 0
  6212	  6219 : 1
  6216	  6275 : 0
  6272	  6287 : 0
  6284	  6291 : 0
  6288	  6303 : 0
  6300	  6307 : 0
  6304	  6331 : 0
  6328	  6347 : 0
  6344	  6359 : 1
  6356	  6363 : 0
  6360	  6371 : 0
  6368	  6391 : 0
  6388	  6395 : 0
  6392	  6399 : 0
  6396	  6407 : 0
  6404	  6411 : 0
  6408	  6415 : 0
  6412	  6419 : 0
  6416	  6427 : 0
  6424	  6435 : 0
  6432	  6443 : 0
  6440	  6475 : 0
  6472	  6571 : 1
  6568	  6575 : 0
  6572	  6675 : 0
  6672	  6695 : 0
  6692	  6703 : 1
  6700	  6707 : 0
  6704	  6711 : 0
  6708	  6719 : 0
  6716	  6743 : 0
  6740	  6875 : 0
  6872	  6887 : 0
  6884	  6891 : 0
  6888	  6935 : 0
  6932	  6943 : 0
  6940	  6967 : 0
  6964	  7007 : 0
  7004	  7011 : 0
  7008	  7019 : 0
  7016	  7023 : 1
  7020	  7051 : 0
  7048	  7063 : 0
  7060	  7079 : 0
  7076	  7083 : 1
  7080	  7099 : 0
  7096	  7107 : 0
  7104	  7147 : 0
  7144	  7159 : 0
  7156	  7167 : 0
  7164	  7175 : 0
  7172	  7183 : 0
  7180	  7187 : 1
  7184	  7199 : 0
  7196	  7203 : 0
  7200	  7207 : 0
  7204	  7219 : 0
  7216	  7223 : 0
  7220	  7231 : 0
  7228	  7235 : 0
  7232	  7243 : 1
  7240	  7251 : 0
  7248	  7255 : 0
  7252	  7259 : 0
  7256	  7347 : 0
  7344	  7355 : 0
  7352	  7387 : 0
  7384	  7407 : 0
  7404	  7415 : 0
  7412	  7423 : 0
  7420	  7427 : 0
  7424	  7431 : 0
  7428	  7435 : 0
  7432	  7443 : 0
  7440	  7447 : 0
  7444	  7455 : 0
  7452	  7459 : 1
  7456	  7479 : 0
  7476	  7483 : 0
  7480	  7487 : 0
  7484	  7495 : 0
  7492	  7499 : 0
  7496	  7515 : 0
  7512	  7519 : 0
  7516	  7527 : 0
  7524	  7535 : 0
  7532	  7543 : 1
  7540	  7551 : 0
  7548	  7555 : 1
  7552	  7567 : 0
  7564	  7579 : 0
  7576	  7647 : 0
  7644	  7819 : 1
