4076 4087
7024 7039
9116 9123
9888 9899
11000 11035
11164 11183
11284 11295
11664 11683
11684 11703
12296 12307
12344 12351
13548 13555
13600 13631
13716 13731
14072 14095
15284 15303
15408 15463
15700 15727
17164 17179
17272 17279
17564 17591
19304 19343
20292 20315
20380 20551
25736 25755
28148 28291
30292 30479
32112 32167
32384 32391
32592 32627
32748 32779
32796 32807
32856 32867
33724 33747
33896 33967
34644 34663
34840 34911
34960 34971
35012 35019
35264 35295
36072 36095
36724 36731
36776 36783
36912 36963
37224 37255
37468 37487
38996 39003
39384 39391
40300 40315
40380 40411
40436 40467
40676 40703
40704 40759
40856 40867
40904 40931
40964 40975
41048 41075
41088 41099
41496 41527
45968 46063
46204 46231
46360 46459
49184 49251
49796 49827
50148 50159
50192 50203
53968 53999
54000 54019