3568 3591
3876 3899
5708 5967
5984 5991
6084 6095
6096 6103
7452 7483
7504 7527
7620 7671
7884 7899
8420 8427
8444 8603
10228 10243
10844 10895
11012 11019
11208 11219
12152 12163
12188 12215
13992 14007
14012 14019
14252 14259
15648 15659
16716 16723
16736 16843
17268 17283
17332 17491
19928 19951
20080 20087
20112 20139
20176 20219
20776 20811
20980 20991
21368 21391
21400 21411
21476 21575
21612 21751
22308 22351
22408 22563
23632 23643
23684 23691
23844 23851
23848 23911
24088 24339
24388 24415
24460 24467
28000 28039
30732 30743
30748 30755
30836 30843
30844 30895
31028 31039
31296 31303
31340 31347
31400 31407
31528 31539
31584 31603
31668 31683
31868 31883
31996 32003
32264 32275
32576 32631
32640 32651
32692 32699
32788 32895
32940 33187
36740 36827
38448 38607
41608 41643
41644 41655
41680 41687
41740 41755
42864 43015
44288 44375
45576 45583
45584 45619
47420 47543
47624 47639
47716 47723
48848 48859
50940 50963
50964 50987
51384 51395