45	46
91	92
317	318
407	408
430	431
452	453
469	470
475	476
492	493
520	521
543	544
566	567
600	601
656	657
678	679
702	703
723	725
766	767
786	787
804	805
815	816
837	838
850	851
866	867
882	883
905	906
929	930
974	975
976	977
995	996
1040	1041
1088	1089
1121	1122
1132	1134
1179	1180
1201	1202
1224	1225
1246	1247
1268	1269
1313	1314
1335	1336
1359	1360
1404	1405
1427	1428
1450	1451
1462	1463
1472	1473
1495	1496
1563	1564
1585	1586
1609	1610
1653	1654
1677	1678
1745	1746
1767	1768
1789	1790
1823	1824
1834	1835
1840	1841
1857	1858
1874	1875
1897	1898
1903	1904
1919	1920
1937	1938
1947	1948
1970	1971
2010	2011
2039	2040
2084	2085
2129	2130
2152	2153
2171	2173
2205	2206
2207	2208
2219	2220
2242	2243
2265	2266
2288	2289
2305	2306
2333	2334
2378	2379
2401	2402
2424	2425
2446	2447
2469	2470
2491	2492
2537	2538
2560	2561
2583	2584
2615	2616
2628	2629
2652	2653
2696	2697
2719	2720
2741	2742
2764	2765
2786	2787
2809	2810
2837	2838
2856	2857
2877	2878
2894	2895
2911	2912
2923	2924
2966	2967
2985	2986
3103	3104
3126	3127
3149	3150
3171	3172
3216	3217
3238	3239
3262	3263
3285	3286
3308	3309
3331	3332
3375	3376
3400	3401
3422	3423
3445	3446
3507	3508
3509	3510
3536	3537
3546	3547
3556	3557
3579	3580
3602	3603
3626	3627
3647	3648
3654	3655
3670	3671
3716	3717
3738	3739
3783	3784
3806	3807
3851	3852
3874	3875
3919	3920
3944	3945
3964	3965
4009	4010
4145	4146
4192	4193
4281	4282
4326	4327
4371	4372
