26	27
145	146
229	230
294	295
311	312
468	469
508	509
560	561
617	618
670	671
788	789
865	866
965	966
1077	1078
1153	1154
1231	1232
1449	1450
1497	1498
1510	1511
1581	1582
1646	1647
1889	1890
1907	1908
1974	1975
2135	2136
2238	2239
2294	2295
2486	2487
2735	2736
2806	2807
2917	2918
3002	3003
3607	3608
4064	4065
4193	4194
4360	4361
4576	4577
4854	4855
4876	4877
4920	4921
4960	4961
4978	4979
5018	5019
5085	5086
5136	5137
5175	5176
5218	5219
5237	5238
5262	5263
5288	5289
5349	5350
5381	5382
5425	5426
5607	5608
5637	5638
5671	5672
5691	5692
5817	5818
5848	5849
5901	5902
5930	5931
6005	6006
6186	6187
6643	6644
6870	6871
7212	7213
7302	7303
7377	7378
7419	7420
7666	7667
7838	7839
8295	8296
8355	8356
8929	8930
9034	9035
9170	9171
9256	9257
9363	9364
9426	9427
9562	9563
9756	9757
10208	10211
