291	292
723	724
873	874
960	961
1098	1099
1527	1528
2208	2209
2381	2382
2525	2526
2694	2695
2891	2892
3030	3031
3277	3278
3443	3444
3565	3566
4518	4519
5186	5187
5493	5494
5776	5777
5988	5989
6113	6114
6229	6230
6494	6495
6697	6698
6960	6961
7764	7765
8044	8045
9583	9584
9761	9762
10072	10073
10182	10183
10294	10295
10715	10716
10893	10894
11372	11373
11644	11645
11854	11855
12019	12020
12297	12298
12613	12614
12741	12742
13309	13310
13647	13648
13819	13820
14376	14377
15062	15063
15816	15817
16932	16933
17095	17096
17202	17203
17344	17345
17650	17651
17738	17739
17887	17888
18366	18367
18709	18710
18995	18996
19090	19091
19207	19208
19280	19281
19404	19405
19493	19494
19562	19563
19658	19659
19739	19740
19819	19820
19990	19991
20122	20123
20221	20222
20330	20331
20478	20479
20668	20669
20794	20795
20910	20911
21157	21158
21288	21289
21411	21412
21758	21759
23000	23001
23162	23163
23357	23358
23581	23582
23824	23825
24054	24055
24683	24684
26665	26666
28270	28271
28747	28748
30096	30097
30752	30753
31593	31594
32814	32815
33051	33052
33261	33262
33360	33361
33539	33540
33752	33753
33941	33942
34127	34128
34276	34277
34459	34460
34615	34616
35156	35157
35331	35332
35486	35487
35675	35676
35895	35896
36065	36066
36347	36348
36511	36512
36700	36701
36940	36941
37218	37219
38290	38291
38794	38795
39019	39020
40327	40328
40700	40701
40920	40921
41080	41081
41315	41316
41475	41476
41692	41693
41960	41961
42091	42092
42341	42342
42476	42478
42651	42652
42914	42915
43201	43202
43418	43419
43720	43721
44059	44060
44329	44330
44577	44578
45624	45625
45961	45962
46200	46201
46387	46388
46581	46582
46955	46956
47226	47227
47571	47572
47978	47979
49042	49043
49597	49598
50841	50842
52055	52056
52242	52243
52388	52389
52575	52576
52690	52691
52832	52833
53013	53014
53095	53096
53198	53199
53348	53349
53576	53577
54058	54059
54164	54165
55039	55040
55220	55221
55399	55400
55505	55506
55663	55664
55776	55777
55940	55941
56191	56192
56990	56991
57329	57330
57806	57807
58164	58165
59235	59236
