24	25
173	175
218	219
388	389
511	512
711	712
852	853
929	930
933	934
1023	1024
1111	1112
1154	1155
1200	1201
1238	1239
1290	1291
1335	1336
1377	1378
1404	1405
1442	1443
1485	1486
1529	1530
1567	1568
1608	1609
1651	1652
1689	1690
1731	1732
1773	1774
1815	1816
1901	1902
1930	1931
1951	1952
2007	2008
2042	2043
2079	2080
2108	2109
2152	2153
2185	2186
2240	2241
2277	2278
2329	2330
2365	2366
2384	2385
2433	2434
2469	2470
2501	2502
2543	2544
2597	2598
2706	2707
2746	2747
2785	2786
2814	2815
2857	2858
2948	2949
2973	2974
3036	3037
3078	3079
3105	3106
3128	3129
3171	3172
3237	3238
3283	3284
3325	3326
3370	3371
3394	3395
3440	3441
3492	3493
3494	3495
3652	3653
3797	3798
3819	3820
3852	3853
3885	3886
3965	3966
4004	4005
4036	4037
4060	4061
4082	4083
4104	4105
4145	4146
4167	4168
4195	4196
4239	4240
4254	4255
4281	4282
4334	4335
4381	4382
4425	4426
4448	4449
4492	4493
4539	4540
4580	4581
4605	4606
4649	4650
4694	4695
4765	4766
4828	4829
4911	4912
4913	4914
4925	4926
4942	4943
4957	4958
4964	4965
4988	4990
5072	5073
5134	5135
5186	5187
5233	5234
5279	5280
5339	5340
5385	5386
5455	5456
5497	5498
5566	5567
5588	5589
5643	5644
5696	5697
5725	5726
5751	5752
5772	5773
5790	5791
5824	5825
5890	5891
6035	6036
6069	6070
6123	6124
6148	6149
6177	6178
6204	6205
6250	6251
6272	6273
6308	6309
6343	6344
6398	6400
