275	277
485	486
592	593
661	662
713	714
766	767
810	811
829	830
856	857
888	889
920	921
969	970
1000	1001
1029	1030
1070	1071
1108	1109
1238	1239
1284	1285
1339	1340
1403	1404
1435	1436
1486	1488
1489	1490
1627	1628
1683	1684
1734	1735
1764	1765
1804	1805
1852	1853
1891	1892
1925	1926
1952	1953
1988	1989
2029	2030
2059	2060
2114	2115
2265	2266
2309	2310
2313	2314
2380	2381
2457	2458
2499	2500
2620	2621
2749	2750
3019	3020
3126	3127
3321	3322
3557	3558
3816	3817
3900	3901
3991	3992
4044	4046
4106	4107
4322	4323
4452	4453
4513	4514
4999	5000
5005	5006
5095	5096
5209	5210
5350	5357
5678	5680
