35	37
152	153
249	250
303	304
352	353
400	401
564	566
725	727
901	906
1210	1214
1282	1283
1295	1297
1368	1370
1409	1411
1571	1573
1651	1652
1703	1704
1728	1730
1861	1863
1960	1961
2012	2013
2052	2054
2120	2121
2225	2227
2425	2428
2574	2578
2616	2617
2676	2678
2803	2804
2866	2867
3189	3190
3286	3287
3501	3502
3572	3574
3751	3753
3927	3928
4017	4019
4197	4198
4249	4250
4298	4301
4355	4357
4577	4579
4643	4645
4699	4702
4804	4806
4891	4892
5000	5002
5040	5041
5111	5112
5216	5217
5241	5242
5282	5283
5342	5344
5767	5768
5891	5893
5941	5942
