13	15
345	347
450	452
552	555
778	779
904	906
1116	1117
1199	1201
1350	1351
1502	1504
1589	1592
1719	1720
1875	1877
2016	2018
2210	2213
2366	2368
2558	2560
2771	2773
2967	2969
3156	3158
3251	3253
3460	3461
3619	3621
3741	3742
3873	3875
3942	3943
4096	4098
4234	4236
4429	4430
4549	4551
4724	4727
4879	4881
4887	4888
4930	4931
5146	5147
5261	5263
5373	5375
5479	5481
5616	5618
5755	5757
5857	5859
6001	6003
6377	6379
6582	6583
6752	6753
6902	6904
7080	7081
7277	7278
7493	7495
7618	7620
7739	7741
7902	7903
8030	8032
8182	8183
8282	8284
8438	8440
8634	8636
8767	8769
8894	8896
9099	9100
9280	9282
9511	9513
9632	9634
9754	9755
9898	9900
10050	10052
10249	10251
10448	10450
10662	10663
10738	10740
10873	10875
11074	11076
11255	11256
11577	11578
