58	59
172	173
186	187
221	222
242	243
279	280
311	312
376	377
415	416
502	503
538	539
562	563
616	617
716	717
786	787
902	903
1071	1072
1174	1175
1283	1284
1336	1337
1387	1388
1561	1562
1594	1595
1664	1665
1759	1760
1799	1800
1992	1993
2056	2057
2126	2127
2211	2212
2289	2290
2442	2443
2524	2525
2615	2616
2703	2704
2904	2905
3011	3012
3125	3126
3195	3196
3288	3289
3322	3323
3344	3345
3356	3357
3371	3372
3394	3395
3439	3440
3464	3465
3511	3512
3551	3552
3612	3613
3666	3667
3717	3718
3743	3744
3816	3817
3853	3854
3887	3888
3903	3904
3967	3968
3987	3988
4007	4008
4051	4052
4140	4141
4219	4220
4270	4271
4306	4307
4370	4371
4417	4418
4512	4513
4578	4579
4616	4617
4630	4631
4653	4654
4797	4798
4868	4869
4935	4936
5040	5041
5091	5092
5139	5140
5171	5172
5219	5220
5297	5298
5350	5351
5413	5414
5429	5430
5443	5444
5498	5499
5532	5533
5579	5580
5594	5595
5649	5650
5673	5674
5707	5708
5713	5714
5803	5804
5861	5862
5894	5895
5925	5926
5985	5986
6071	6072
6348	6349
6370	6371
6409	6410
6444	6445
6497	6498
6622	6623
6654	6655
6667	6668
6688	6689
6759	6760
6797	6798
6970	6971
7077	7078
7097	7098
7168	7169
7183	7184
7206	7207
7236	7237
7438	7439
7567	7568
7656	7657
7730	7731
7822	7823
7900	7901
7973	7974
8209	8210
8395	8396
8429	8430
8431	8432
8526	8527
8591	8592
8676	8677
8733	8734
9210	9211
9322	9323
9412	9413
9554	9555
9661	9662
9721	9722
9760	9761
9914	9915
9963	9964
10012	10013
10097	10098
10171	10172
10338	10339
10386	10387
10483	10484
10534	10535
10592	10593
10769	10770
10815	10816
10905	10906
10965	10966
11065	11066
11113	11114
11160	11161
11220	11221
11309	11310
11677	11678
11849	11850
11878	11879
11935	11936
12099	12100
12158	12159
12233	12234
12279	12280
12327	12328
12540	12541
12663	12664
12747	12748
12827	12828
12854	12855
12881	12882
12991	12992
13021	13022
13227	13228
13265	13266
13298	13299
