161	162
446	447
540	541
700	701
803	804
865	866
915	916
988	989
1063	1064
1133	1134
1208	1209
1312	1313
1434	1435
1515	1516
1567	1568
1599	1600
1688	1689
1810	1811
1942	1943
2060	2061
2498	2499
2637	2638
2873	2874
2963	2964
3128	3129
3239	3240
3380	3381
3508	3509
3597	3598
3683	3684
4129	4130
4269	4270
4365	4366
4469	4470
4539	4540
4589	4590
4642	4643
4838	4839
4928	4929
5258	5259
5368	5369
5449	5450
5540	5541
5619	5620
5678	5679
5868	5869
5979	5980
6115	6116
6298	6299
6430	6431
6520	6521
6614	6615
6720	6721
6772	6773
6847	6848
6982	6983
7104	7105
7187	7188
7235	7236
7281	7282
7381	7382
7429	7430
7503	7504
7700	7701
7794	7795
7863	7864
7919	7920
8071	8072
8150	8151
8256	8257
8301	8302
8380	8381
8421	8422
8942	8943
8978	8979
9031	9032
9078	9079
9114	9115
9156	9157
9204	9205
9240	9241
9274	9275
9306	9307
9357	9358
9444	9445
9576	9577
9707	9708
9899	9900
9981	9982
10223	10224
10327	10328
10563	10564
10780	10782
10851	10852
11026	11027
11141	11142
11267	11268
11382	11383
11470	11471
11509	11510
11561	11562
11633	11634
11694	11695
11745	11746
11873	11874
11982	11983
12153	12154
12338	12339
12627	12628
12709	12710
12847	12849
12961	12962
13284	13285
13354	13355
13460	13461
13585	13586
13667	13668
14208	14209
14337	14338
14398	14399
14461	14462
14527	14528
14587	14588
14716	14717
14847	14848
14962	14963
15425	15426
15663	15664
15713	15714
15863	15864
16065	16066
16163	16164
16223	16224
16245	16246
16400	16402
