124	125
246	247
496	497
746	747
989	990
1042	1043
1089	1090
1117	1118
1204	1205
1254	1255
1430	1431
1490	1491
1653	1654
1712	1713
1818	1819
1901	1902
2082	2083
2185	2186
2302	2303
2330	2332
2381	2383
2448	2449
2658	2659
2696	2697
2728	2729
2948	2949
2970	2971
3009	3010
3066	3067
3183	3184
3336	3337
3450	3451
3592	3593
3742	3743
3744	3745
3784	3785
3858	3860
3937	3938
4004	4005
4066	4067
4083	4084
4129	4130
4136	4137
4157	4159
4185	4186
4196	4197
4770	4771
5155	5156
5458	5459
5760	5761
5902	5903
6157	6158
6293	6294
6643	6644
