     0	   123 : 0
   120	   127 : 1
   124	   255 : 0
   252	   263 : 1
   260	   447 : 0
   444	   467 : 0
   464	   511 : 0
   508	   515 : 0
   512	   523 : 0
   520	   527 : 0
   524	   779 : 0
   776	   891 : 1
   888	   947 : 0
   944	   967 : 0
   964	   999 : 0
   996	  1011 : 0
  1008	  1015 : 0
  1012	  1019 : 0
  1016	  1023 : 0
  1020	  1027 : 0
  1024	  1031 : 0
  1028	  1059 : 0
  1056	  1063 : 0
  1060	  1067 : 0
  1064	  1127 : 0
  1124	  1147 : 0
  1144	  1243 : 0
  1240	  1291 : 0
  1288	  1299 : 0
  1296	  1303 : 1
  1300	  1447 : 0
  1444	  1451 : 1
  1448	  1499 : 0
  1496	  1507 : 1
  1504	  1647 : 0
  1644	  1651 : 1
  1648	  1655 : 2
  1652	  1663 : 0
  1660	  1703 : 0
  1700	  1711 : 0
  1708	  1719 : 0
  1716	  1859 : 0
  1856	  1939 : 0
  1936	  1955 : 0
  1952	  1995 : 1
  1992	  1999 : 0
  1996	  2019 : 0
  2016	  2031 : 0
  2028	  2055 : 0
  2052	  2063 : 0
  2060	  2111 : 0
  2108	  2167 : 0
  2164	  2199 : 0
  2196	  2203 : 0
  2200	  2215 : 0
  2212	  2227 : 0
  2224	  2235 : 0
  2232	  2407 : 0
  2404	  2415 : 0
  2412	  2419 : 0
  2416	  2423 : 0
  2420	  2443 : 0
  2440	  2459 : 0
  2456	  2475 : 0
  2472	  2547 : 0
  2544	  2551 : 0
  2548	  2615 : 0
  2612	  2667 : 0
  2664	  2687 : 1
  2684	  2691 : 0
  2688	  2715 : 0
  2712	  2719 : 0
  2716	  2867 : 0
  2864	  2875 : 0
  2872	  2903 : 0
  2900	  2923 : 0
  2920	  3023 : 0
  3020	  3039 : 0
  3036	  3083 : 0
  3080	  3107 : 0
  3104	  3115 : 0
  3112	  3147 : 0
  3144	  3151 : 0
  3148	  3167 : 0
  3164	  3183 : 0
  3180	  3191 : 0
  3188	  3207 : 0
  3204	  3259 : 0
  3256	  3331 : 0
  3328	  3335 : 0
  3332	  3339 : 0
  3336	  3351 : 0
  3348	  3355 : 0
  3352	  3403 : 0
  3400	  3551 : 0
  3548	  3563 : 0
  3560	  3567 : 0
  3564	  3603 : 0
  3600	  3783 : 0
  3780	  3879 : 0
  3876	  3883 : 0
  3880	  3899 : 0
  3896	  4163 : 0
  4160	  4259 : 0
  4256	  4295 : 0
  4292	  4311 : 0
  4308	  4343 : 0
  4340	  4459 : 0
  4456	  4463 : 0
  4460	  4471 : 0
  4468	  4479 : 0
  4476	  4583 : 0
  4580	  4587 : 0
  4584	  4591 : 0
  4588	  4599 : 0
  4596	  4607 : 0
  4604	  4635 : 0
  4632	  4659 : 0
  4656	  4663 : 0
  4660	  4723 : 0
  4720	  4727 : 0
  4724	  4783 : 0
  4780	  4787 : 0
  4784	  4791 : 0
  4788	  4807 : 0
  4804	  4847 : 0
  4844	  4859 : 0
  4856	  4975 : 0
  4972	  4979 : 0
  4976	  5019 : 0
  5016	  5043 : 0
  5040	  5047 : 0
  5044	  5075 : 0
  5072	  5095 : 0
  5092	  5103 : 0
  5100	  5111 : 0
  5108	  5115 : 0
  5112	  5131 : 0
  5128	  5187 : 0
  5184	  5191 : 0
  5188	  5195 : 0
  5192	  5199 : 0
  5196	  5203 : 0
  5200	  5223 : 0
  5220	  5235 : 0
  5232	  5239 : 0
  5236	  5255 : 0
  5252	  5311 : 0
  5308	  5319 : 0
  5316	  5327 : 0
  5324	  5335 : 0
  5332	  5411 : 0
  5408	  5415 : 0
  5412	  5431 : 0
  5428	  5451 : 0
  5448	  5463 : 0
  5460	  5467 : 1
  5464	  5471 : 0
  5468	  5775 : 1
  5772	  5783 : 0
  5780	  5787 : 1
  5784	  5795 : 0
  5792	  5799 : 1
  5796	  5803 : 0
  5800	  5895 : 0
  5892	  5907 : 0
  5904	  5979 : 0
  5976	  5987 : 0
  5984	  6047 : 0
  6044	  6067 : 0
  6064	  6163 : 0
  6160	  6167 : 0
  6164	  6171 : 0
  6168	  6351 : 0
  6348	  6379 : 0
  6376	  6383 : 0
  6380	  6519 : 0
  6516	  6543 : 0
  6540	  6547 : 0
  6544	  6555 : 0
  6552	  6559 : 0
  6556	  6563 : 0
  6560	  6575 : 0
  6572	  6583 : 0
  6580	  6591 : 0
  6588	  6607 : 0
  6604	  6611 : 0
  6608	  6615 : 0
  6612	  6619 : 0
  6616	  6655 : 0
  6652	  6659 : 0
  6656	  6675 : 0
  6672	  6707 : 0
  6704	  6739 : 0
  6736	  6751 : 0
  6748	  6755 : 0
  6752	  6795 : 0
  6792	  6807 : 0
  6804	  6955 : 0
  6952	  6963 : 0
  6960	  6967 : 0
  6964	  6999 : 0
  6996	  7023 : 0
  7020	  7039 : 0
  7036	  7043 : 0
  7040	  7071 : 0
  7068	  7079 : 0
  7076	  7087 : 0
  7084	  7095 : 0
  7092	  7103 : 0
  7100	  7107 : 0
  7104	  7111 : 0
  7108	  7119 : 0
  7116	  7139 : 0
  7136	  7147 : 0
  7144	  7179 : 0
  7176	  7183 : 0
  7180	  7199 : 0
  7196	  7243 : 0
  7240	  7267 : 0
  7264	  7279 : 0
  7276	  7311 : 0
  7308	  7315 : 0
  7312	  7403 : 0
  7400	  7411 : 0
  7408	  7415 : 0
  7412	  7423 : 0
  7420	  7479 : 0
  7476	  7487 : 0
  7484	  7611 : 0
  7608	  7631 : 0
  7628	  7639 : 0
  7636	  7643 : 0
  7640	  7647 : 0
  7644	  7651 : 0
  7648	  7663 : 0
  7660	  7667 : 0
  7664	  7715 : 0
  7712	  7719 : 0
  7716	  7743 : 0
  7740	  7747 : 0
  7744	  7751 : 0
  7748	  7779 : 0
  7776	  7811 : 0
  7808	  7831 : 0
  7828	  7867 : 0
  7864	  7875 : 0
  7872	  7931 : 0
  7928	  7935 : 1
  7932	  7947 : 0
  7944	  7951 : 0
  7948	  8055 : 0
  8052	  8075 : 0
  8072	  8095 : 0
  8092	  8107 : 0
  8104	  8123 : 0
  8120	  8127 : 0
  8124	  8207 : 0
  8204	  8215 : 0
  8212	  8283 : 0
  8280	  8287 : 1
  8284	  8291 : 0
  8288	  8295 : 1
  8292	  8299 : 0
  8296	  8315 : 1
  8312	  8319 : 0
  8316	  8323 : 0
  8320	  8327 : 0
  8324	  8343 : 0
  8340	  8355 : 0
  8352	  8363 : 0
  8360	  8367 : 0
  8364	  8407 : 0
  8404	  8411 : 0
  8408	  8455 : 0
  8452	  8459 : 0
  8456	  8507 : 0
  8504	  8523 : 0
  8520	  8527 : 0
  8524	  8543 : 0
  8540	  8679 : 0
  8676	  8799 : 0
  8796	  8803 : 0
  8800	  8959 : 0
  8956	  9011 : 0
  9008	  9015 : 0
  9012	  9023 : 0
  9020	  9043 : 0
  9040	  9071 : 0
  9068	  9083 : 0
  9080	  9095 : 0
  9092	  9099 : 0
  9096	  9103 : 0
  9100	  9107 : 0
  9104	  9111 : 0
  9108	  9127 : 0
  9124	  9131 : 0
  9128	  9195 : 0
  9192	  9207 : 0
  9204	  9251 : 0
  9248	  9259 : 0
  9256	  9319 : 0
  9316	  9335 : 0
  9332	  9471 : 0
  9468	  9563 : 0
  9560	  9571 : 0
  9568	  9663 : 0
  9660	  9687 : 0
  9684	  9695 : 0
  9692	  9699 : 0
  9696	  9703 : 0
  9700	  9707 : 0
  9704	  9719 : 0
  9716	  9727 : 0
  9724	  9735 : 0
  9732	  9743 : 0
  9740	  9763 : 0
  9760	  9771 : 0
  9768	  9831 : 0
  9828	  9835 : 0
  9832	  9891 : 0
  9888	  9931 : 0
  9928	  9951 : 0
  9948	  9971 : 0
  9968	  9975 : 0
  9972	  9979 : 0
  9976	  9987 : 1
  9984	 10003 : 0
 10000	 10011 : 1
 10008	 10015 : 0
 10012	 10019 : 0
 10016	 10051 : 0
 10048	 10067 : 0
 10064	 10075 : 0
 10072	 10259 : 0
 10256	 10263 : 0
 10260	 10287 : 0
 10284	 10319 : 0
 10316	 10347 : 0
 10344	 10367 : 0
 10364	 10415 : 0
 10412	 10423 : 0
 10420	 10491 : 0
 10488	 10527 : 0
 10524	 10535 : 0
 10532	 10547 : 0
 10544	 10551 : 0
 10548	 10627 : 0
 10624	 10683 : 0
 10680	 10947 : 0
 10944	 10967 : 0
 10964	 11015 : 0
 11012	 11035 : 0
 11032	 11039 : 0
 11036	 11067 : 0
 11064	 11071 : 0
 11068	 11075 : 0
 11072	 11279 : 0
 11276	 11435 : 0
 11432	 11583 : 0
 11580	 11587 : 1
 11584	 11611 : 0
 11608	 11675 : 0
 11672	 11711 : 0
 11708	 11735 : 0
 11732	 11895 : 0
 11892	 11899 : 1
 11896	 11907 : 0
 11904	 12007 : 1
 12004	 12271 : 0
 12268	 12363 : 1
 12360	 12395 : 0
 12392	 12399 : 0
 12396	 12439 : 0
 12436	 12447 : 0
 12444	 12467 : 0
 12464	 12475 : 0
 12472	 12495 : 0
 12492	 12503 : 0
 12500	 12591 : 0
 12588	 12603 : 0
 12600	 12623 : 0
 12620	 12667 : 0
 12664	 12691 : 0
 12688	 12715 : 0
 12712	 12727 : 0
 12724	 12775 : 0
 12772	 12787 : 0
 12784	 12791 : 0
 12788	 12827 : 0
 12824	 12855 : 0
 12852	 12887 : 0
 12884	 12891 : 0
 12888	 12895 : 0
 12892	 12903 : 0
 12900	 12907 : 0
 12904	 12911 : 0
 12908	 12915 : 0
 12912	 12923 : 0
 12920	 13015 : 0
 13012	 13023 : 0
 13020	 13043 : 0
 13040	 13047 : 0
 13044	 13059 : 0
 13056	 13063 : 0
 13060	 13067 : 0
 13064	 13079 : 0
 13076	 13083 : 0
 13080	 13095 : 0
 13092	 13099 : 0
 13096	 13111 : 0
 13108	 13163 : 0
 13160	 13211 : 0
 13208	 13227 : 0
 13224	 13283 : 0
 13280	 13287 : 0
 13284	 13299 : 1
 13296	 13307 : 0
 13304	 13355 : 0
 13352	 13391 : 0
 13388	 13395 : 0
 13392	 13403 : 0
 13400	 13439 : 0
 13436	 13663 : 0
 13660	 13671 : 0
 13668	 13675 : 0
 13672	 13683 : 1
 13680	 13739 : 0
 13736	 13743 : 0
 13740	 13763 : 0
 13760	 13787 : 0
 13784	 13799 : 0
 13796	 13807 : 0
 13804	 13875 : 0
 13872	 13931 : 0
 13928	 14127 : 0
 14124	 14187 : 0
 14184	 14307 : 0
 14304	 14423 : 1
 14420	 14427 : 0
 14424	 14431 : 1
 14428	 14723 : 0
 14720	 15299 : 1
