     0	   127 : 0
   124	   131 : 0
   128	   475 : 0
   472	   575 : 0
   572	   583 : 1
   580	   587 : 0
   584	   595 : 0
   592	   619 : 0
   616	   627 : 0
   624	   631 : 0
   628	   635 : 0
   632	   639 : 0
   636	   643 : 0
   640	   655 : 0
   652	   663 : 0
   660	   667 : 0
   664	   671 : 0
   668	   683 : 0
   680	   691 : 1
   688	   695 : 0
   692	   699 : 0
   696	   703 : 0
   700	   727 : 0
   724	   731 : 0
   728	   735 : 0
   732	   747 : 0
   744	   767 : 0
   764	   779 : 0
   776	   783 : 0
   780	   791 : 0
   788	   799 : 1
   796	   807 : 0
   804	   811 : 0
   808	   815 : 0
   812	   823 : 0
   820	   899 : 0
   896	   967 : 0
   964	   971 : 0
   968	  1035 : 0
  1032	  1039 : 0
  1036	  1247 : 0
  1244	  1259 : 0
  1256	  1379 : 0
  1376	  1383 : 0
  1380	  1387 : 0
  1384	  1391 : 0
  1388	  1467 : 0
  1464	  1547 : 0
  1544	  1579 : 0
  1576	  1603 : 0
  1600	  1663 : 0
  1660	  1671 : 0
  1668	  1695 : 0
  1692	  1699 : 0
  1696	  1703 : 0
  1700	  1707 : 0
  1704	  1711 : 0
  1708	  1719 : 0
  1716	  1727 : 0
  1724	  1731 : 0
  1728	  1751 : 0
  1748	  1759 : 0
  1756	  1767 : 0
  1764	  1771 : 0
  1768	  1775 : 0
  1772	  1783 : 0
  1780	  1791 : 0
  1788	  1799 : 0
  1796	  1807 : 0
  1804	  1823 : 0
  1820	  1827 : 0
  1824	  1835 : 0
  1832	  1847 : 0
  1844	  1851 : 0
  1848	  2143 : 0
  2140	  2147 : 0
  2144	  2179 : 0
  2176	  2191 : 0
  2188	  2199 : 0
  2196	  2211 : 0
  2208	  2231 : 0
  2228	  2235 : 0
  2232	  2247 : 1
  2244	  2251 : 0
  2248	  2255 : 0
  2252	  2263 : 0
  2260	  2279 : 0
  2276	  2303 : 0
  2300	  2311 : 0
  2308	  2319 : 0
  2316	  2431 : 1
  2428	  2439 : 0
  2436	  2547 : 0
  2544	  2563 : 0
  2560	  2571 : 0
  2568	  2575 : 0
  2572	  2587 : 0
  2584	  2599 : 0
  2596	  2607 : 0
  2604	  2611 : 0
  2608	  3087 : 0
  3084	  3127 : 0
  3124	  3155 : 0
  3152	  3159 : 0
  3156	  3203 : 0
  3200	  3207 : 0
  3204	  3215 : 0
  3212	  3219 : 0
  3216	  3227 : 0
  3224	  3239 : 0
  3236	  3259 : 0
  3256	  3279 : 0
  3276	  3299 : 0
  3296	  3303 : 0
  3300	  3307 : 1
  3304	  3411 : 0
  3408	  3443 : 1
  3440	  3447 : 0
  3444	  3463 : 0
  3460	  3487 : 0
  3484	  3499 : 0
  3496	  3527 : 0
  3524	  3539 : 1
  3536	  3559 : 0
  3556	  3567 : 0
  3564	  3571 : 0
  3568	  3579 : 0
  3576	  3635 : 0
  3632	  3655 : 0
  3652	  3671 : 0
  3668	  4027 : 1
  4024	  4031 : 0
  4028	  4127 : 1
  4124	  4135 : 0
  4132	  4151 : 0
  4148	  4167 : 0
  4164	  4207 : 0
  4204	  4251 : 0
  4248	  4259 : 0
  4256	  4263 : 0
  4260	  4299 : 0
  4296	  4303 : 0
  4300	  4323 : 0
  4320	  4347 : 0
  4344	  4351 : 1
  4348	  4363 : 0
  4360	  4367 : 0
  4364	  4431 : 0
  4428	  4447 : 0
  4444	  4479 : 0
  4476	  4539 : 1
  4536	  4579 : 0
  4576	  4583 : 0
  4580	  4587 : 0
  4584	  4719 : 0
  4716	  4759 : 0
  4756	  4771 : 0
  4768	  4795 : 0
  4792	  4843 : 0
  4840	  4851 : 0
  4848	  4887 : 0
  4884	  4911 : 0
  4908	  4939 : 1
  4936	  4947 : 0
  4944	  5011 : 0
  5008	  5027 : 0
  5024	  5051 : 1
  5048	  5127 : 0
  5124	  5211 : 0
  5208	  5235 : 0
  5232	  5243 : 0
  5240	  5259 : 0
  5256	  5267 : 0
  5264	  5283 : 0
  5280	  5299 : 0
  5296	  5303 : 0
  5300	  5307 : 0
  5304	  5403 : 0
  5400	  5415 : 0
  5412	  5427 : 0
  5424	  5535 : 0
  5532	  5539 : 0
  5536	  5603 : 0
  5600	  5611 : 0
  5608	  5615 : 0
  5612	  5623 : 0
  5620	  5843 : 0
  5840	  5855 : 0
  5852	  5895 : 1
  5892	  5899 : 0
  5896	  5915 : 0
  5912	  5919 : 0
  5916	  5947 : 0
  5944	  5959 : 0
  5956	  5971 : 0
  5968	  5975 : 0
  5972	  6147 : 1
  6144	  6155 : 0
  6152	  6199 : 0
  6196	  6243 : 0
  6240	  6251 : 0
  6248	  6307 : 0
  6304	  6407 : 1
  6404	  6427 : 0
  6424	  6483 : 0
  6480	  6507 : 0
  6504	  6531 : 0
  6528	  6543 : 0
  6540	  6567 : 0
  6564	  6579 : 0
  6576	  6583 : 0
  6580	  6591 : 0
  6588	  6647 : 0
  6644	  6655 : 0
  6652	  6675 : 0
  6672	  6687 : 0
  6684	  6691 : 0
  6688	  6695 : 0
  6692	  6699 : 0
  6696	  6707 : 0
  6704	  6715 : 0
  6712	  6731 : 0
  6728	  6783 : 0
  6780	  6827 : 0
  6824	  6879 : 0
  6876	  6883 : 0
  6880	  6887 : 0
  6884	  6895 : 0
  6892	  6903 : 0
  6900	  6943 : 0
  6940	  6995 : 0
  6992	  7055 : 0
  7052	  7087 : 0
  7084	  7095 : 0
  7092	  7103 : 1
  7100	  7155 : 0
  7152	  7159 : 0
  7156	  7171 : 0
  7168	  7175 : 0
  7172	  7223 : 0
  7220	  7227 : 0
  7224	  7243 : 0
  7240	  7287 : 0
  7284	  7343 : 0
  7340	  7359 : 0
  7356	  7375 : 0
  7372	  7391 : 0
  7388	  7495 : 0
  7492	  7503 : 1
  7500	  7507 : 0
  7504	  7527 : 0
  7524	  7543 : 0
  7540	  7547 : 0
  7544	  7579 : 0
  7576	  7611 : 0
  7608	  7635 : 0
  7632	  7647 : 0
  7644	  7655 : 0
  7652	  7667 : 0
  7664	  7671 : 0
  7668	  7687 : 0
  7684	  7707 : 0
  7704	  7763 : 1
  7760	  7779 : 0
  7776	  7783 : 0
  7780	  7807 : 0
  7804	  7819 : 0
  7816	  7895 : 0
  7892	  7903 : 0
  7900	  7995 : 0
  7992	  8003 : 0
  8000	  8007 : 0
  8004	  8011 : 0
  8008	  8023 : 0
  8020	  8027 : 0
  8024	  8035 : 0
  8032	  8043 : 0
  8040	  8051 : 0
  8048	  8055 : 1
  8052	  8095 : 0
  8092	  8115 : 0
  8112	  8159 : 0
  8156	  8207 : 0
  8204	  8219 : 0
  8216	  8223 : 0
  8220	  8275 : 0
  8272	  8299 : 0
  8296	  8303 : 0
  8300	  8307 : 0
  8304	  8311 : 0
  8308	  8315 : 0
  8312	  8327 : 0
  8324	  8343 : 0
  8340	  8375 : 0
  8372	  8379 : 0
  8376	  8403 : 0
  8400	  8431 : 0
  8428	  8447 : 0
  8444	  8463 : 0
  8460	  8491 : 0
  8488	  8495 : 0
  8492	  8503 : 0
  8500	  8515 : 0
  8512	  8523 : 0
  8520	  8567 : 0
  8564	  8635 : 0
  8632	  8639 : 0
  8636	  8651 : 0
  8648	  8663 : 1
  8660	  8667 : 0
  8664	  8699 : 0
  8696	  8707 : 0
  8704	  8711 : 0
  8708	  8719 : 0
  8716	  8847 : 0
  8844	  8899 : 0
  8896	  8911 : 0
  8908	  9211 : 0
  9208	  9247 : 0
  9244	  9271 : 0
  9268	  9283 : 0
  9280	  9291 : 0
  9288	  9299 : 0
  9296	  9315 : 0
  9312	  9323 : 0
  9320	  9363 : 0
  9360	  9367 : 0
  9364	  9403 : 0
  9400	  9415 : 0
  9412	  9419 : 0
  9416	  9435 : 0
  9432	  9459 : 0
  9456	  9467 : 0
  9464	  9479 : 0
  9476	  9491 : 0
  9488	  9591 : 0
  9588	  9623 : 0
  9620	  9683 : 0
  9680	  9691 : 0
  9688	  9711 : 0
  9708	  9723 : 0
  9720	  9803 : 0
  9800	  9807 : 0
  9804	  9811 : 0
  9808	  9815 : 0
  9812	  9855 : 0
  9852	  9895 : 0
  9892	  9899 : 0
  9896	  9903 : 0
  9900	  9915 : 0
  9912	 10527 : 0
 10524	 10535 : 0
 10532	 10587 : 0
 10584	 10591 : 0
 10588	 10875 : 0
