     0	    19 : 0
    16	    35 : 0
    32	    55 : 0
    52	    71 : 0
    68	    75 : 0
    72	   171 : 0
   168	   175 : 0
   172	   275 : 0
   272	   283 : 1
   280	   375 : 0
   372	   379 : 0
   376	   423 : 0
   420	   471 : 0
   468	   479 : 0
   476	   627 : 0
   624	   635 : 0
   632	   639 : 0
   636	   655 : 0
   652	   659 : 0
   656	   663 : 0
   660	   667 : 0
   664	   683 : 0
   680	   731 : 0
   728	   735 : 0
   732	   791 : 0
   788	   903 : 0
   900	   907 : 0
   904	  1015 : 0
  1012	  1019 : 0
  1016	  1059 : 0
  1056	  1107 : 1
  1104	  1531 : 0
  1528	  1543 : 0
  1540	  1791 : 0
  1788	  1795 : 0
  1792	  2575 : 0
  2572	  2579 : 0
  2576	  3499 : 0
  3496	  5067 : 1
  5064	  5075 : 0
  5072	  5171 : 0
  5168	  5175 : 0
  5172	  5191 : 0
  5188	  5935 : 0
  5932	  5939 : 1
  5936	  6051 : 0
  6048	  6067 : 0
  6064	  6171 : 0
  6168	  6187 : 1
  6184	  6623 : 0
  6620	  6627 : 0
  6624	  6823 : 0
  6820	  6827 : 1
  6824	  8415 : 0
  8412	  8423 : 1
  8420	  9159 : 0
  9156	  9163 : 1
  9160	  9327 : 0
  9324	  9335 : 1
  9332	  9355 : 0
  9352	  9359 : 1
  9356	  9575 : 0
  9572	  9579 : 1
  9576	  9699 : 0
  9696	  9711 : 0
  9708	 10251 : 0
 10248	 10267 : 0
 10264	 10335 : 0
 10332	 10339 : 1
 10336	 10975 : 0
 10972	 10979 : 1
 10976	 11143 : 0
 11140	 11163 : 0
 11160	 11367 : 0
 11364	 11375 : 0
 11372	 11971 : 0
 11968	 11975 : 0
 11972	 12291 : 0
 12288	 12775 : 1
 12772	 12779 : 0
 12776	 12919 : 0
 12916	 12959 : 0
 12956	 12967 : 0
 12964	 12991 : 0
 12988	 13007 : 0
 13004	 13115 : 0
 13112	 13119 : 0
 13116	 13135 : 0
 13132	 13139 : 0
 13136	 13223 : 0
 13220	 13819 : 1
 13816	 13887 : 0
 13884	 13891 : 0
 13888	 14359 : 0
 14356	 14371 : 0
 14368	 14379 : 0
 14376	 14383 : 0
 14380	 14467 : 0
 14464	 14831 : 1
 14828	 14975 : 0
 14972	 14979 : 0
 14976	 15023 : 0
 15020	 15031 : 0
 15028	 15415 : 0
 15412	 15427 : 0
 15424	 15615 : 0
 15612	 15627 : 0
 15624	 15643 : 0
 15640	 15679 : 0
 15676	 15703 : 0
 15700	 15715 : 0
 15712	 15739 : 0
 15736	 15759 : 0
 15756	 15915 : 0
 15912	 15923 : 0
 15920	 15931 : 0
 15928	 15983 : 0
 15980	 15995 : 0
 15992	 16051 : 0
 16048	 16059 : 0
 16056	 16159 : 0
 16156	 16171 : 0
 16168	 16175 : 0
 16172	 16231 : 0
 16228	 16247 : 0
 16244	 16251 : 0
 16248	 16687 : 0
 16684	 16699 : 0
 16696	 16739 : 0
 16736	 16743 : 0
 16740	 16747 : 0
 16744	 16807 : 0
 16804	 16887 : 0
 16884	 16915 : 0
 16912	 16919 : 0
 16916	 16927 : 0
 16924	 16935 : 0
 16932	 16939 : 0
 16936	 16951 : 0
 16948	 16955 : 0
 16952	 16995 : 0
 16992	 16999 : 0
 16996	 17003 : 0
 17000	 17075 : 0
 17072	 17083 : 0
 17080	 17091 : 0
 17088	 17099 : 0
 17096	 17175 : 0
 17172	 17183 : 0
 17180	 17191 : 0
 17188	 17227 : 0
 17224	 17263 : 0
 17260	 17275 : 0
 17272	 17291 : 0
 17288	 17299 : 0
 17296	 17335 : 0
 17332	 17347 : 0
 17344	 17359 : 0
 17356	 17591 : 1
 17588	 17595 : 0
 17592	 17627 : 1
 17624	 17663 : 0
 17660	 17667 : 0
 17664	 17803 : 0
 17800	 17807 : 0
 17804	 17811 : 0
 17808	 17819 : 0
 17816	 18027 : 0
 18024	 18883 : 1
 18880	 18899 : 0
 18896	 18931 : 0
 18928	 18939 : 0
 18936	 18951 : 0
 18948	 18967 : 0
 18964	 18979 : 0
 18976	 18991 : 0
 18988	 19019 : 0
 19016	 19027 : 0
 19024	 19047 : 0
 19044	 19075 : 0
 19072	 19079 : 0
 19076	 19083 : 0
 19080	 19091 : 0
 19088	 19095 : 0
 19092	 19099 : 0
 19096	 19211 : 0
 19208	 19215 : 0
 19212	 19219 : 0
 19216	 19223 : 0
 19220	 19271 : 0
 19268	 19279 : 0
 19276	 19291 : 0
 19288	 19307 : 0
 19304	 19371 : 0
 19368	 19375 : 0
 19372	 19379 : 0
 19376	 19403 : 0
 19400	 19411 : 0
 19408	 19419 : 0
 19416	 19455 : 0
 19452	 19459 : 0
 19456	 19475 : 0
 19472	 19499 : 0
 19496	 19551 : 0
 19548	 19555 : 0
 19552	 19575 : 0
 19572	 19583 : 0
 19580	 19607 : 0
 19604	 19631 : 0
 19628	 19675 : 0
 19672	 19679 : 0
 19676	 19743 : 0
 19740	 19751 : 0
 19748	 19795 : 0
 19792	 19799 : 0
 19796	 19811 : 0
 19808	 19815 : 0
 19812	 19859 : 0
 19856	 19867 : 0
 19864	 19875 : 0
 19872	 19879 : 0
 19876	 19895 : 0
 19892	 19899 : 0
 19896	 19959 : 0
 19956	 19967 : 0
 19964	 20015 : 0
 20012	 20019 : 1
 20016	 20367 : 0
 20364	 20375 : 1
 20372	 20483 : 0
 20480	 20519 : 0
 20516	 20523 : 0
 20520	 20535 : 0
 20532	 20575 : 0
 20572	 20579 : 0
 20576	 20615 : 0
 20612	 20619 : 1
 20616	 21183 : 0
 21180	 21195 : 1
 21192	 21199 : 0
 21196	 21203 : 0
 21200	 21251 : 0
 21248	 21279 : 0
 21276	 21283 : 0
 21280	 21291 : 0
 21288	 21331 : 0
 21328	 21335 : 0
 21332	 21339 : 0
 21336	 21347 : 0
 21344	 21351 : 0
 21348	 21379 : 0
 21376	 21383 : 0
 21380	 21407 : 0
 21404	 21419 : 0
 21416	 21423 : 0
 21420	 21447 : 0
 21444	 21455 : 0
 21452	 21459 : 0
 21456	 21475 : 0
 21472	 21479 : 0
 21476	 21483 : 0
 21480	 21491 : 0
 21488	 21527 : 0
 21524	 21535 : 0
 21532	 21543 : 0
 21540	 21551 : 0
 21548	 21579 : 0
 21576	 21583 : 0
 21580	 21591 : 0
 21588	 21723 : 0
 21720	 22683 : 1
 22680	 22703 : 0
 22700	 22807 : 0
 22804	 22811 : 0
 22808	 22815 : 1
 22812	 22843 : 0
 22840	 22847 : 0
 22844	 22883 : 0
 22880	 22911 : 0
 22908	 22975 : 0
 22972	 22999 : 0
 22996	 23099 : 0
 23096	 23119 : 0
 23116	 23147 : 0
 23144	 23175 : 0
 23172	 23179 : 0
 23176	 23211 : 0
 23208	 23219 : 0
 23216	 23267 : 0
 23264	 23275 : 0
 23272	 23287 : 0
 23284	 23291 : 0
 23288	 23755 : 1
 23752	 23759 : 0
 23756	 23767 : 0
 23764	 23783 : 0
 23780	 23815 : 0
 23812	 23831 : 0
 23828	 23843 : 0
 23840	 23871 : 0
 23868	 23875 : 0
 23872	 23891 : 0
 23888	 23915 : 0
 23912	 23951 : 0
 23948	 23955 : 0
 23952	 23983 : 0
 23980	 23995 : 0
 23992	 23999 : 0
 23996	 24015 : 0
 24012	 24039 : 0
 24036	 24067 : 0
 24064	 24507 : 0
 24504	 24527 : 0
 24524	 24859 : 0
 24856	 25667 : 0
 25664	 26867 : 0
 26864	 27187 : 0
 27184	 27203 : 0
 27200	 27207 : 0
 27204	 27459 : 0
 27456	 27463 : 0
 27460	 27531 : 0
 27528	 27911 : 0
 27908	 27915 : 0
 27912	 27923 : 1
 27920	 28063 : 0
 28060	 28067 : 0
 28064	 28103 : 0
 28100	 28135 : 0
 28132	 28207 : 0
 28204	 28243 : 0
 28240	 28259 : 0
 28256	 28267 : 0
 28264	 28283 : 0
 28280	 28287 : 0
 28284	 28323 : 0
 28320	 28331 : 0
 28328	 28335 : 0
 28332	 28343 : 0
 28340	 28363 : 0
 28360	 28379 : 0
 28376	 28391 : 0
 28388	 28395 : 0
 28392	 28415 : 0
 28412	 28427 : 0
 28424	 28431 : 0
 28428	 28439 : 0
 28436	 28447 : 0
 28444	 28459 : 0
 28456	 28471 : 0
 28468	 28479 : 0
 28476	 28499 : 0
 28496	 28511 : 0
 28508	 28551 : 0
 28548	 28583 : 0
 28580	 28619 : 0
 28616	 28631 : 0
 28628	 28639 : 0
 28636	 28683 : 0
 28680	 28687 : 0
 28684	 28695 : 0
 28692	 28775 : 0
 28772	 28815 : 0
 28812	 28819 : 0
 28816	 28823 : 0
 28820	 28923 : 0
 28920	 28939 : 0
 28936	 29003 : 0
 29000	 29007 : 0
 29004	 29075 : 0
 29072	 29083 : 0
 29080	 29087 : 0
 29084	 29091 : 0
 29088	 29139 : 0
 29136	 29143 : 0
 29140	 29151 : 0
 29148	 29171 : 0
 29168	 29223 : 0
 29220	 29235 : 0
 29232	 29247 : 0
 29244	 29275 : 0
 29272	 29435 : 0
 29432	 29439 : 0
 29436	 29447 : 0
 29444	 29459 : 0
 29456	 29471 : 0
 29468	 29479 : 0
 29476	 29495 : 0
 29492	 29511 : 0
 29508	 29539 : 0
 29536	 29603 : 0
 29600	 29619 : 0
 29616	 29627 : 0
 29624	 29631 : 0
 29628	 29639 : 0
 29636	 29683 : 0
 29680	 29687 : 0
 29684	 29703 : 0
 29700	 29719 : 0
 29716	 29731 : 0
 29728	 29743 : 0
 29740	 29747 : 0
 29744	 29755 : 0
 29752	 29759 : 0
 29756	 29783 : 0
 29780	 29791 : 0
 29788	 29799 : 0
 29796	 29807 : 0
 29804	 29811 : 0
 29808	 29819 : 0
 29816	 29827 : 0
 29824	 29839 : 0
 29836	 29855 : 0
 29852	 29875 : 0
 29872	 29879 : 0
 29876	 29895 : 0
 29892	 29903 : 0
 29900	 30147 : 0
 30144	 30163 : 0
 30160	 30223 : 0
 30220	 30231 : 0
 30228	 30271 : 0
 30268	 30275 : 1
 30272	 30279 : 0
 30276	 30763 : 0
 30760	 30831 : 0
 30828	 30835 : 0
 30832	 30891 : 0
 30888	 30895 : 1
 30892	 31043 : 0
 31040	 31047 : 1
 31044	 31051 : 0
 31048	 31103 : 0
 31100	 31107 : 0
 31104	 31115 : 1
 31112	 31167 : 0
 31164	 31175 : 0
 31172	 31187 : 0
 31184	 31199 : 0
 31196	 31207 : 0
 31204	 31247 : 0
 31244	 31251 : 0
 31248	 31271 : 0
 31268	 31291 : 0
 31288	 31315 : 0
 31312	 31327 : 0
 31324	 31331 : 0
 31328	 31347 : 0
 31344	 31351 : 0
 31348	 31359 : 0
 31356	 31367 : 0
 31364	 31371 : 0
 31368	 31383 : 0
 31380	 31395 : 0
 31392	 31447 : 0
 31444	 31451 : 0
 31448	 31495 : 0
 31492	 31503 : 0
 31500	 31519 : 0
 31516	 31527 : 0
 31524	 31543 : 0
 31540	 31547 : 0
 31544	 31583 : 0
 31580	 31623 : 0
 31620	 31627 : 0
 31624	 31631 : 0
 31628	 31635 : 0
 31632	 31651 : 0
 31648	 31655 : 0
 31652	 31663 : 0
 31660	 31667 : 0
 31664	 31675 : 0
 31672	 31679 : 0
 31676	 31695 : 0
 31692	 31735 : 0
 31732	 31739 : 0
 31736	 31747 : 0
 31744	 31755 : 0
 31752	 31791 : 0
 31788	 31795 : 0
 31792	 31799 : 0
 31796	 31815 : 0
 31812	 31851 : 0
 31848	 31855 : 0
 31852	 31891 : 0
 31888	 31935 : 0
 31932	 31959 : 0
 31956	 31963 : 0
 31960	 31971 : 0
 31968	 31975 : 0
 31972	 32043 : 0
 32040	 32047 : 0
 32044	 32067 : 0
 32064	 32071 : 0
 32068	 32087 : 0
 32084	 32111 : 0
 32108	 32119 : 0
 32116	 32139 : 0
 32136	 32143 : 0
 32140	 32163 : 0
 32160	 32167 : 0
 32164	 32179 : 0
 32176	 32183 : 0
 32180	 32199 : 0
 32196	 32227 : 0
 32224	 32239 : 0
 32236	 32243 : 0
 32240	 32255 : 0
 32252	 32535 : 0
 32532	 32539 : 0
 32536	 32543 : 0
 32540	 32547 : 0
 32544	 32555 : 0
 32552	 32571 : 0
 32568	 32575 : 0
 32572	 32619 : 0
 32616	 32647 : 0
 32644	 32667 : 0
 32664	 32671 : 0
 32668	 32727 : 0
 32724	 32731 : 0
 32728	 32739 : 0
 32736	 32743 : 0
 32740	 32831 : 0
 32828	 32855 : 0
 32852	 32859 : 0
 32856	 32863 : 0
 32860	 33047 : 0
 33044	 33059 : 0
 33056	 33079 : 0
 33076	 33087 : 0
 33084	 33103 : 0
 33100	 33115 : 0
 33112	 33163 : 0
 33160	 33179 : 0
 33176	 33183 : 0
 33180	 33211 : 0
 33208	 33215 : 0
 33212	 33219 : 0
 33216	 33231 : 0
 33228	 33235 : 0
 33232	 33251 : 0
 33248	 33255 : 0
 33252	 33271 : 0
 33268	 33275 : 0
 33272	 33303 : 0
 33300	 33307 : 0
 33304	 33315 : 0
 33312	 33319 : 0
 33316	 33347 : 0
 33344	 33359 : 0
 33356	 33395 : 0
 33392	 33403 : 0
 33400	 33459 : 0
 33456	 33463 : 0
 33460	 33475 : 0
 33472	 33487 : 0
 33484	 33507 : 0
 33504	 33523 : 0
 33520	 33531 : 0
 33528	 33539 : 0
 33536	 33567 : 0
 33564	 33575 : 0
 33572	 33603 : 0
 33600	 33643 : 0
 33640	 33647 : 0
 33644	 33687 : 0
 33684	 33783 : 0
 33780	 33883 : 0
 33880	 33891 : 0
 33888	 33907 : 0
 33904	 33911 : 0
 33908	 33959 : 0
 33956	 33963 : 0
 33960	 33971 : 0
 33968	 33975 : 0
 33972	 33987 : 0
 33984	 34011 : 0
 34008	 34023 : 0
 34020	 34167 : 0
 34164	 34171 : 0
 34168	 34175 : 0
 34172	 34231 : 0
 34228	 34291 : 0
 34288	 34351 : 0
 34348	 34363 : 0
 34360	 34455 : 0
 34452	 34475 : 0
 34472	 34495 : 0
 34492	 34535 : 0
 34532	 34543 : 0
 34540	 34619 : 0
 34616	 34643 : 0
 34640	 34691 : 0
 34688	 34695 : 0
 34692	 34699 : 0
 34696	 34707 : 0
 34704	 34719 : 0
 34716	 34751 : 0
 34748	 34759 : 0
 34756	 34775 : 0
 34772	 34823 : 0
 34820	 34831 : 0
 34828	 34847 : 0
 34844	 34863 : 0
 34860	 34891 : 0
 34888	 34911 : 0
 34908	 34931 : 0
 34928	 34939 : 0
 34936	 34979 : 0
 34976	 34983 : 0
 34980	 34987 : 0
 34984	 34999 : 0
 34996	 35055 : 0
 35052	 35083 : 0
 35080	 35091 : 0
 35088	 35123 : 0
 35120	 35151 : 0
 35148	 35155 : 0
 35152	 35159 : 0
 35156	 35171 : 1
 35168	 35179 : 0
 35176	 35847 : 0
 35844	 35851 : 0
 35848	 35863 : 0
 35860	 35875 : 0
 35872	 35895 : 0
 35892	 35919 : 0
 35916	 35923 : 0
 35920	 35927 : 0
 35924	 35931 : 0
 35928	 35935 : 0
 35932	 35939 : 0
 35936	 35983 : 0
 35980	 36027 : 0
 36024	 36031 : 0
 36028	 36067 : 0
 36064	 36183 : 0
 36180	 36191 : 0
 36188	 36199 : 0
 36196	 36203 : 0
 36200	 36211 : 0
 36208	 36223 : 0
 36220	 36231 : 0
 36228	 36259 : 0
 36256	 36267 : 0
 36264	 36275 : 0
 36272	 36279 : 0
 36276	 36299 : 0
 36296	 36311 : 0
 36308	 36319 : 0
 36316	 36335 : 0
 36332	 36339 : 0
 36336	 36343 : 0
 36340	 36351 : 0
 36348	 36359 : 0
 36356	 36363 : 0
 36360	 36379 : 0
 36376	 36383 : 0
 36380	 36395 : 0
 36392	 36419 : 0
 36416	 36443 : 0
 36440	 36455 : 0
 36452	 36491 : 0
 36488	 36499 : 0
 36496	 36539 : 0
 36536	 36543 : 0
 36540	 36575 : 0
 36572	 36579 : 0
 36576	 36583 : 0
 36580	 36587 : 0
 36584	 36611 : 0
 36608	 36615 : 0
 36612	 36635 : 0
 36632	 36639 : 0
 36636	 36683 : 0
 36680	 36687 : 0
 36684	 36759 : 0
 36756	 36763 : 0
 36760	 36823 : 0
 36820	 36831 : 0
 36828	 36839 : 0
 36836	 36847 : 0
 36844	 36851 : 0
 36848	 36855 : 0
 36852	 36895 : 0
 36892	 36899 : 0
 36896	 37019 : 0
 37016	 37031 : 0
 37028	 37115 : 0
 37112	 37119 : 0
 37116	 37199 : 0
 37196	 37719 : 0
 37716	 37831 : 0
 37828	 37835 : 0
 37832	 37907 : 0
 37904	 37919 : 0
 37916	 37931 : 0
 37928	 37943 : 0
 37940	 37951 : 0
 37948	 37975 : 0
 37972	 38023 : 0
 38020	 38047 : 0
 38044	 38051 : 0
 38048	 38075 : 0
 38072	 38091 : 0
 38088	 38139 : 0
 38136	 38151 : 0
 38148	 38179 : 0
 38176	 38199 : 0
 38196	 38211 : 0
 38208	 38247 : 0
 38244	 38259 : 0
 38256	 38267 : 0
 38264	 38287 : 0
 38284	 38355 : 0
 38352	 38359 : 0
 38356	 38415 : 0
 38412	 38435 : 0
 38432	 38463 : 0
 38460	 38475 : 0
 38472	 39827 : 0
 39824	 39851 : 1
 39848	 39863 : 0
 39860	 39919 : 0
 39916	 39931 : 0
 39928	 39967 : 0
 39964	 39979 : 0
 39976	 39991 : 0
 39988	 40079 : 0
 40076	 40087 : 0
 40084	 40099 : 0
 40096	 40107 : 0
 40104	 40243 : 0
 40240	 40259 : 0
 40256	 40351 : 0
 40348	 40403 : 0
 40400	 40443 : 0
 40440	 40447 : 0
 40444	 40687 : 0
 40684	 40691 : 0
 40688	 40727 : 0
 40724	 40735 : 0
 40732	 40779 : 0
 40776	 40783 : 0
 40780	 40787 : 0
 40784	 40803 : 0
 40800	 41099 : 0
 41096	 41135 : 0
 41132	 41339 : 0
 41336	 41347 : 0
 41344	 41351 : 0
 41348	 41355 : 0
 41352	 41483 : 0
 41480	 41491 : 0
 41488	 41507 : 0
 41504	 41511 : 0
 41508	 41515 : 0
 41512	 41519 : 0
 41516	 41523 : 0
 41520	 41527 : 0
 41524	 41559 : 0
 41556	 41567 : 0
 41564	 41575 : 0
 41572	 41579 : 0
 41576	 41583 : 0
 41580	 41587 : 0
 41584	 41595 : 0
 41592	 41599 : 0
 41596	 41607 : 0
 41604	 41611 : 0
 41608	 41615 : 0
 41612	 41647 : 0
 41644	 41839 : 0
 41836	 41959 : 0
 41956	 42043 : 0
 42040	 42051 : 1
 42048	 42127 : 0
 42124	 42135 : 0
 42132	 42139 : 0
 42136	 42147 : 0
 42144	 42299 : 0
 42296	 42319 : 0
 42316	 42711 : 0
 42708	 42731 : 0
 42728	 42775 : 0
 42772	 42783 : 0
 42780	 42787 : 0
 42784	 42799 : 0
 42796	 43035 : 0
 43032	 43043 : 0
 43040	 43339 : 0
 43336	 43351 : 0
 43348	 43991 : 0
 43988	 43995 : 0
 43992	 43999 : 0
 43996	 44003 : 0
 44000	 44043 : 0
 44040	 44047 : 1
 44044	 44135 : 0
 44132	 44291 : 0
 44288	 44295 : 0
 44292	 44299 : 0
 44296	 44355 : 0
 44352	 44375 : 0
 44372	 44435 : 0
 44432	 44695 : 1
