     0	    23 : 0
    20	    35 : 0
    32	    47 : 1
    44	    55 : 0
    52	    63 : 0
    60	   111 : 0
   108	   299 : 1
   296	   311 : 0
   308	   319 : 0
   316	   323 : 0
   320	   335 : 0
   332	   355 : 0
   352	   359 : 0
   356	   363 : 0
   360	   371 : 0
   368	   415 : 0
   412	   483 : 0
   480	   511 : 0
   508	   519 : 0
   516	   547 : 0
   544	   551 : 0
   548	   623 : 0
   620	   639 : 0
   636	   651 : 0
   648	   659 : 0
   656	   687 : 0
   684	   711 : 0
   708	   735 : 0
   732	   767 : 0
   764	   883 : 0
   880	   931 : 0
   928	   959 : 0
   956	   995 : 0
   992	  1395 : 0
  1392	  1415 : 0
  1412	  1447 : 0
  1444	  1451 : 1
  1448	  1475 : 0
  1472	  1491 : 0
  1488	  1499 : 0
  1496	  1571 : 0
  1568	  1583 : 0
  1580	  1595 : 0
  1592	  1643 : 0
  1640	  1703 : 0
  1700	  1707 : 0
  1704	  1715 : 0
  1712	  1723 : 0
  1720	  1751 : 0
  1748	  1859 : 0
  1856	  1863 : 0
  1860	  1955 : 0
  1952	  1959 : 0
  1956	  2015 : 0
  2012	  2047 : 0
  2044	  2079 : 0
  2076	  2623 : 0
  2620	  2631 : 0
  2628	  2651 : 0
  2648	  2655 : 0
  2652	  2659 : 0
  2656	  2791 : 0
  2788	  3139 : 0
  3136	  3147 : 0
  3144	  3327 : 0
  3324	  3331 : 0
  3328	  3351 : 0
  3348	  3363 : 0
  3360	  3415 : 0
  3412	  3423 : 0
  3420	  3427 : 0
  3424	  3459 : 0
  3456	  3463 : 0
  3460	  3551 : 0
  3548	  3559 : 0
  3556	  3591 : 0
  3588	  3595 : 0
  3592	  3631 : 0
  3628	  3723 : 0
  3720	  3727 : 0
  3724	  3731 : 0
  3728	  3735 : 0
  3732	  3739 : 0
  3736	  3743 : 0
  3740	  3751 : 0
  3748	  3787 : 0
  3784	  3859 : 0
  3856	  4091 : 0
  4088	  4095 : 0
  4092	  4127 : 0
  4124	  4143 : 0
  4140	  4179 : 0
  4176	  4183 : 0
  4180	  4255 : 0
  4252	  4279 : 0
  4276	  4295 : 0
  4292	  4331 : 0
  4328	  4339 : 0
  4336	  4363 : 0
  4360	  4367 : 2
  4364	  4455 : 1
  4452	  4459 : 0
  4456	  4467 : 0
  4464	  4471 : 0
  4468	  4475 : 0
  4472	  4479 : 0
  4476	  4491 : 0
  4488	  4547 : 0
  4544	  4563 : 0
  4560	  4695 : 0
  4692	  4727 : 0
  4724	  4787 : 0
  4784	  4803 : 0
  4800	  4875 : 0
  4872	  5003 : 0
  5000	  5019 : 0
  5016	  5031 : 0
  5028	  5131 : 0
  5128	  5143 : 0
  5140	  5171 : 0
  5168	  5179 : 0
  5176	  5215 : 0
  5212	  5219 : 0
  5216	  5223 : 0
  5220	  5251 : 0
  5248	  5259 : 0
  5256	  7067 : 0
  7064	  7087 : 0
  7084	  7131 : 0
  7128	  7135 : 0
  7132	  7159 : 0
  7156	  7343 : 0
  7340	  7351 : 0
  7348	  7359 : 0
  7356	  7367 : 0
  7364	  7407 : 0
  7404	  7423 : 0
  7420	  7431 : 0
  7428	  7447 : 0
  7444	  7451 : 0
  7448	  7455 : 0
  7452	  7463 : 0
  7460	  7467 : 0
  7464	  7531 : 0
  7528	  7563 : 1
  7560	  7687 : 0
  7684	  7691 : 0
  7688	  7695 : 0
  7692	  7707 : 0
  7704	  7715 : 0
  7712	  7795 : 0
  7792	  8127 : 0
  8124	  8247 : 0
  8244	  8287 : 0
  8284	  8315 : 0
  8312	  8323 : 0
  8320	  8899 : 0
  8896	  8915 : 0
  8912	  8951 : 0
  8948	  8967 : 0
  8964	  9007 : 0
  9004	  9011 : 0
  9008	  9031 : 0
  9028	  9243 : 0
  9240	  9247 : 0
  9244	  9291 : 0
  9288	  9331 : 1
  9328	  9335 : 0
  9332	  9339 : 1
  9336	  9427 : 0
  9424	  9431 : 0
  9428	  9519 : 0
  9516	  9547 : 0
  9544	  9563 : 0
  9560	  9583 : 1
  9580	  9607 : 0
  9604	  9615 : 0
  9612	  9627 : 0
  9624	  9643 : 0
  9640	  9651 : 0
  9648	  9715 : 0
  9712	  9719 : 0
  9716	  9723 : 0
  9720	  9735 : 0
  9732	  9819 : 0
  9816	  9823 : 0
  9820	  9907 : 0
  9904	  9915 : 0
  9912	  9959 : 0
  9956	  9971 : 0
  9968	  9979 : 0
  9976	 10019 : 0
 10016	 10051 : 0
 10048	 10071 : 0
 10068	 10147 : 0
 10144	 10239 : 0
 10236	 10251 : 0
 10248	 10291 : 0
 10288	 10295 : 0
 10292	 10391 : 0
 10388	 10407 : 1
 10404	 10419 : 0
 10416	 10423 : 0
 10420	 10443 : 0
 10440	 10447 : 0
 10444	 10467 : 0
 10464	 10471 : 0
 10468	 10555 : 0
 10552	 10567 : 0
 10564	 10575 : 0
 10572	 10587 : 0
 10584	 10631 : 0
 10628	 10635 : 0
 10632	 10643 : 0
 10640	 10667 : 0
 10664	 10803 : 0
 10800	 10811 : 0
 10808	 10987 : 0
 10984	 10991 : 0
 10988	 10995 : 0
 10992	 11003 : 0
 11000	 11031 : 0
 11028	 11043 : 0
 11040	 11047 : 0
 11044	 11059 : 0
 11056	 11859 : 0
 11856	 11863 : 1
 11860	 12007 : 0
 12004	 12011 : 0
 12008	 12019 : 0
 12016	 12055 : 0
 12052	 12067 : 0
 12064	 12079 : 0
 12076	 12083 : 0
 12080	 12091 : 0
 12088	 12159 : 0
 12156	 12163 : 0
 12160	 12203 : 0
 12200	 12211 : 0
 12208	 12223 : 0
 12220	 12243 : 0
 12240	 12255 : 0
 12252	 12267 : 0
 12264	 12483 : 0
 12480	 12487 : 1
 12484	 12691 : 0
 12688	 12711 : 0
 12708	 12715 : 0
 12712	 12731 : 0
 12728	 12735 : 0
 12732	 12819 : 0
 12816	 12887 : 0
 12884	 12915 : 0
 12912	 13055 : 0
 13052	 13247 : 0
 13244	 13263 : 0
 13260	 13275 : 0
 13272	 13279 : 0
 13276	 13283 : 0
 13280	 13287 : 0
 13284	 13295 : 0
 13292	 13303 : 0
 13300	 13335 : 0
 13332	 13427 : 0
 13424	 13455 : 0
 13452	 13459 : 0
 13456	 13475 : 0
 13472	 13479 : 0
 13476	 13487 : 0
 13484	 13767 : 0
 13764	 13799 : 0
 13796	 13807 : 0
 13804	 13811 : 0
 13808	 13819 : 0
 13816	 13827 : 0
 13824	 13831 : 0
 13828	 13835 : 0
 13832	 13851 : 0
 13848	 13859 : 0
 13856	 13955 : 0
 13952	 13959 : 0
 13956	 13979 : 0
 13976	 14031 : 1
 14028	 14359 : 0
 14356	 14371 : 0
 14368	 14411 : 0
 14408	 14415 : 0
 14412	 14803 : 0
 14800	 14807 : 0
 14804	 14875 : 0
 14872	 14939 : 0
 14936	 15123 : 0
 15120	 15131 : 0
 15128	 15183 : 0
 15180	 15191 : 0
 15188	 15207 : 0
 15204	 15219 : 0
 15216	 15251 : 0
 15248	 15259 : 0
 15256	 15739 : 0
 15736	 16839 : 0
 16836	 16963 : 0
 16960	 17687 : 0
 17684	 17711 : 0
 17708	 17719 : 0
 17716	 18003 : 0
 18000	 18055 : 0
 18052	 18103 : 0
 18100	 18151 : 0
 18148	 18179 : 0
 18176	 18239 : 0
 18236	 18279 : 0
 18276	 18287 : 0
 18284	 18379 : 0
 18376	 18387 : 0
 18384	 18427 : 0
 18424	 18431 : 0
 18428	 18575 : 0
 18572	 18579 : 0
 18576	 18635 : 0
 18632	 18643 : 0
 18640	 18719 : 0
 18716	 18731 : 0
 18728	 18739 : 0
 18736	 18747 : 0
 18744	 19147 : 0
 19144	 19151 : 0
 19148	 19235 : 0
 19232	 19243 : 0
 19240	 19327 : 0
 19324	 19339 : 0
 19336	 19347 : 0
 19344	 19355 : 0
 19352	 19439 : 0
 19436	 19551 : 1
 19548	 19683 : 0
 19680	 19687 : 0
 19684	 19711 : 0
 19708	 20019 : 0
