     0	    15 : 0
    12	    19 : 0
    16	    87 : 0
    84	    91 : 0
    88	   119 : 0
   116	   123 : 0
   120	   211 : 0
   208	   219 : 0
   216	   223 : 0
   220	   231 : 0
   228	   235 : 0
   232	   239 : 0
   236	   251 : 0
   248	   263 : 0
   260	   279 : 0
   276	   403 : 0
   400	   423 : 0
   420	   455 : 0
   452	   463 : 0
   460	   467 : 0
   464	   547 : 0
   544	   575 : 0
   572	   591 : 1
   588	   599 : 0
   596	   667 : 0
   664	   671 : 0
   668	   731 : 0
   728	   743 : 0
   740	  1267 : 0
  1264	  1279 : 0
  1276	  1319 : 0
  1316	  1331 : 0
  1328	  1351 : 0
  1348	  1363 : 0
  1360	  1367 : 0
  1364	  1371 : 0
  1368	  1423 : 0
  1420	  1431 : 0
  1428	  1479 : 0
  1476	  1587 : 0
  1584	  1599 : 0
  1596	  1659 : 0
  1656	  1671 : 0
  1668	  1715 : 0
  1712	  1743 : 1
  1740	  1755 : 0
  1752	  1759 : 0
  1756	  1775 : 0
  1772	  1799 : 0
  1796	  1859 : 0
  1856	  1867 : 1
  1864	  1903 : 0
  1900	  1995 : 0
  1992	  2007 : 0
  2004	  2043 : 0
  2040	  2047 : 0
  2044	  2079 : 0
  2076	  2107 : 0
  2104	  2115 : 0
  2112	  2123 : 0
  2120	  2127 : 0
  2124	  2143 : 0
  2140	  2255 : 0
  2252	  2267 : 0
  2264	  2279 : 0
  2276	  2287 : 0
  2284	  2371 : 0
  2368	  2387 : 0
  2384	  2399 : 0
  2396	  2431 : 0
  2428	  2555 : 0
  2552	  2587 : 0
  2584	  2603 : 0
  2600	  2615 : 0
  2612	  2907 : 0
  2904	  2911 : 0
  2908	  2923 : 0
  2920	  2959 : 0
  2956	  2975 : 0
  2972	  2991 : 0
  2988	  3063 : 0
  3060	  3071 : 0
  3068	  3395 : 0
  3392	  3403 : 0
  3400	  3799 : 0
  3796	  3811 : 0
  3808	  3827 : 0
  3824	  3831 : 0
  3828	  3855 : 0
  3852	  3867 : 0
  3864	  3875 : 0
  3872	  3903 : 0
  3900	  3915 : 0
  3912	  3947 : 0
  3944	  3955 : 0
  3952	  3987 : 0
  3984	  4123 : 0
  4120	  4155 : 0
  4152	  4179 : 0
  4176	  4183 : 0
  4180	  4187 : 0
  4184	  4191 : 0
  4188	  4323 : 0
  4320	  4335 : 0
  4332	  4475 : 0
  4472	  4535 : 0
