     0	   143 : 1
   140	   159 : 0
   156	   171 : 0
   168	   175 : 0
   172	   179 : 1
   176	   187 : 0
   184	   207 : 1
   204	   215 : 0
   212	   263 : 0
   260	   267 : 0
   264	   283 : 0
   280	   299 : 0
   296	   355 : 0
   352	   359 : 0
   356	   379 : 0
   376	   383 : 0
   380	   407 : 0
   404	   423 : 0
   420	   427 : 0
   424	   431 : 0
   428	   435 : 0
   432	   447 : 0
   444	   467 : 0
   464	   479 : 0
   476	   491 : 0
   488	   519 : 0
   516	   527 : 0
   524	   575 : 0
   572	   579 : 0
   576	   595 : 0
   592	   599 : 0
   596	   623 : 0
   620	   631 : 1
   628	   643 : 0
   640	   647 : 0
   644	   663 : 0
   660	   667 : 1
   664	   675 : 0
   672	   763 : 0
   760	   767 : 0
   764	   807 : 0
   804	   811 : 0
   808	   835 : 0
   832	   843 : 0
   840	   899 : 0
   896	   903 : 0
   900	   907 : 0
   904	   911 : 0
   908	   915 : 0
   912	   927 : 0
   924	   935 : 1
   932	   939 : 0
   936	   955 : 0
   952	   959 : 0
   956	   975 : 0
   972	  1007 : 0
  1004	  1055 : 0
  1052	  1095 : 0
  1092	  1111 : 1
  1108	  1119 : 0
  1116	  1131 : 0
  1128	  1135 : 0
  1132	  1139 : 0
  1136	  1143 : 0
  1140	  1183 : 0
  1180	  1195 : 0
  1192	  1251 : 0
  1248	  1255 : 0
  1252	  1275 : 0
  1272	  1343 : 0
  1340	  1351 : 1
  1348	  1367 : 0
  1364	  1387 : 0
  1384	  1471 : 0
  1468	  1479 : 1
  1476	  1495 : 0
  1492	  1519 : 0
  1516	  1523 : 0
  1520	  1543 : 1
  1540	  1547 : 0
  1544	  1551 : 0
  1548	  1563 : 0
  1560	  1591 : 0
  1588	  1595 : 0
  1592	  1599 : 0
  1596	  1603 : 0
  1600	  1703 : 0
  1700	  1711 : 0
  1708	  1719 : 0
  1716	  1727 : 0
  1724	  1787 : 0
  1784	  1799 : 0
  1796	  1803 : 0
  1800	  1819 : 0
  1816	  1827 : 0
  1824	  1839 : 0
  1836	  1843 : 0
  1840	  1847 : 0
  1844	  1863 : 0
  1860	  1879 : 0
  1876	  1907 : 0
  1904	  1911 : 0
  1908	  1919 : 0
  1916	  1927 : 0
  1924	  1959 : 0
  1956	  1963 : 0
  1960	  1983 : 0
  1980	  1987 : 0
  1984	  1991 : 0
  1988	  2015 : 0
  2012	  2023 : 0
  2020	  2035 : 0
  2032	  2059 : 0
  2056	  2063 : 0
  2060	  2067 : 0
  2064	  2083 : 0
  2080	  2087 : 0
  2084	  2103 : 0
  2100	  2107 : 0
  2104	  2111 : 0
  2108	  2171 : 0
  2168	  2183 : 0
  2180	  2187 : 0
  2184	  2199 : 0
  2196	  2215 : 0
  2212	  2223 : 0
  2220	  2227 : 0
  2224	  2263 : 0
  2260	  2271 : 0
  2268	  2319 : 0
  2316	  2351 : 0
  2348	  2375 : 0
  2372	  2391 : 0
  2388	  2435 : 0
  2432	  2439 : 0
  2436	  2547 : 0
  2544	  2551 : 0
  2548	  2579 : 0
  2576	  2583 : 0
  2580	  2623 : 0
  2620	  2631 : 0
  2628	  2635 : 0
  2632	  2647 : 0
  2644	  2659 : 0
  2656	  2679 : 0
  2676	  2703 : 0
  2700	  2727 : 0
  2724	  2731 : 0
  2728	  2751 : 0
  2748	  2771 : 0
  2768	  2795 : 0
  2792	  2827 : 0
  2824	  2935 : 1
  2932	  2939 : 0
  2936	  2951 : 0
  2948	  2955 : 0
  2952	  2967 : 0
  2964	  2971 : 0
  2968	  3067 : 0
  3064	  3079 : 0
  3076	  3103 : 0
  3100	  3107 : 0
  3104	  3119 : 0
  3116	  3127 : 0
  3124	  3139 : 0
  3136	  3143 : 0
  3140	  3159 : 1
  3156	  3171 : 0
  3168	  3219 : 0
  3216	  3231 : 0
  3228	  3255 : 0
  3252	  3259 : 0
  3256	  3287 : 1
  3284	  3291 : 0
  3288	  3295 : 0
  3292	  3299 : 0
  3296	  3303 : 0
  3300	  3307 : 0
  3304	  3311 : 1
  3308	  3315 : 0
  3312	  3335 : 0
  3332	  3547 : 0
  3544	  3551 : 0
  3548	  3555 : 0
  3552	  3563 : 0
  3560	  3579 : 0
  3576	  3583 : 0
  3580	  3599 : 0
  3596	  3607 : 0
  3604	  3647 : 0
  3644	  3651 : 0
  3648	  3671 : 0
  3668	  3675 : 0
  3672	  3927 : 0
  3924	  3983 : 0
  3980	  4055 : 0
  4052	  4059 : 0
  4056	  4063 : 0
  4060	  4071 : 0
  4068	  4103 : 0
  4100	  4111 : 1
  4108	  4119 : 0
  4116	  4127 : 0
  4124	  4215 : 0
  4212	  4259 : 0
  4256	  4323 : 0
  4320	  4343 : 0
  4340	  4351 : 0
  4348	  4355 : 0
  4352	  4363 : 0
  4360	  4407 : 0
  4404	  4411 : 0
  4408	  4443 : 0
  4440	  4467 : 0
  4464	  4479 : 0
  4476	  4483 : 0
  4480	  4515 : 0
  4512	  4531 : 0
  4528	  4551 : 0
  4548	  4591 : 0
  4588	  4675 : 0
  4672	  4807 : 0
  4804	  4823 : 0
  4820	  4835 : 0
  4832	  4839 : 0
  4836	  4935 : 0
  4932	  4943 : 1
  4940	  4951 : 0
  4948	  4995 : 1
  4992	  5155 : 0
  5152	  5167 : 0
  5164	  5175 : 0
  5172	  5255 : 1
  5252	  5291 : 0
  5288	  5327 : 0
  5324	  5379 : 0
  5376	  5383 : 1
  5380	  5387 : 0
  5384	  5415 : 0
  5412	  5419 : 0
  5416	  5535 : 0
  5532	  5563 : 0
  5560	  5579 : 0
  5576	  5807 : 0
  5804	  5827 : 0
  5824	  5835 : 0
  5832	  5863 : 0
  5860	  5871 : 0
  5868	  5883 : 0
  5880	  5931 : 0
  5928	  5967 : 0
  5964	  5983 : 0
  5980	  5987 : 0
  5984	  5991 : 0
  5988	  5995 : 1
  5992	  6011 : 0
  6008	  6019 : 0
  6016	  6023 : 0
  6020	  6031 : 0
  6028	  6035 : 0
  6032	  6039 : 0
  6036	  6047 : 0
  6044	  6063 : 0
  6060	  6091 : 0
  6088	  6111 : 0
  6108	  6123 : 0
  6120	  6131 : 0
  6128	  6143 : 0
  6140	  6159 : 0
  6156	  6199 : 0
  6196	  6207 : 0
  6204	  6215 : 0
  6212	  6219 : 0
  6216	  6227 : 0
  6224	  6235 : 0
  6232	  6251 : 0
  6248	  6275 : 1
  6272	  6299 : 0
  6296	  6303 : 0
  6300	  6311 : 0
  6308	  6315 : 0
  6312	  6335 : 0
  6332	  6351 : 0
  6348	  6355 : 0
  6352	  6371 : 0
  6368	  6387 : 0
  6384	  6391 : 0
  6388	  6427 : 0
  6424	  6431 : 0
  6428	  6495 : 0
  6492	  6499 : 1
  6496	  6567 : 0
  6564	  6603 : 1
  6600	  6627 : 0
  6624	  6631 : 0
  6628	  6639 : 0
  6636	  6663 : 0
  6660	  6679 : 0
  6676	  6711 : 1
  6708	  6715 : 0
  6712	  6771 : 0
  6768	  6775 : 0
  6772	  6827 : 0
  6824	  6843 : 0
  6840	  6847 : 0
  6844	  6943 : 0
  6940	  6971 : 0
  6968	  6979 : 0
  6976	  7007 : 0
  7004	  7027 : 0
  7024	  7055 : 0
  7052	  7059 : 0
  7056	  7091 : 0
  7088	  7583 : 0
  7580	  7607 : 0
  7604	  7635 : 0
  7632	  7699 : 0
  7696	  7711 : 0
  7708	  7715 : 0
  7712	  7743 : 0
  7740	  7747 : 0
  7744	  7775 : 0
  7772	  7799 : 0
  7796	  7863 : 0
  7860	  7911 : 0
  7908	  7987 : 0
  7984	  7991 : 0
  7988	  7999 : 0
  7996	  8023 : 0
  8020	  8059 : 0
  8056	  8087 : 0
  8084	  8167 : 0
  8164	  8179 : 1
  8176	  8327 : 0
  8324	  8363 : 1
  8360	  8371 : 0
  8368	  8375 : 0
  8372	  8395 : 0
  8392	  8399 : 0
  8396	  8407 : 0
  8404	  8447 : 1
  8444	  8451 : 0
  8448	  8455 : 0
  8452	  8463 : 0
  8460	  8475 : 0
  8472	  8515 : 0
  8512	  8527 : 0
  8524	  8631 : 0
  8628	  8639 : 0
  8636	  8707 : 0
  8704	  8731 : 0
  8728	  8763 : 0
  8760	  8767 : 1
  8764	  8783 : 0
  8780	  8791 : 0
  8788	  8795 : 0
  8792	  8835 : 0
  8832	  8951 : 0
  8948	  8963 : 0
  8960	  8971 : 0
  8968	  8983 : 0
  8980	  8991 : 0
  8988	  8995 : 0
  8992	  9015 : 0
  9012	  9019 : 0
  9016	  9027 : 0
  9024	  9259 : 0
  9256	  9263 : 0
  9260	  9299 : 0
  9296	  9303 : 0
  9300	  9315 : 0
  9312	  9327 : 0
  9324	  9411 : 0
  9408	  9415 : 0
  9412	  9443 : 0
  9440	  9451 : 0
  9448	  9455 : 0
  9452	  9459 : 0
  9456	  9467 : 0
  9464	  9527 : 0
  9524	  9559 : 0
  9556	  9807 : 0
  9804	  9827 : 0
  9824	  9835 : 0
  9832	  9855 : 0
  9852	  9891 : 0
  9888	  9903 : 0
  9900	  9911 : 0
  9908	  9927 : 0
  9924	  9971 : 0
  9968	  9983 : 0
  9980	 10059 : 0
 10056	 10071 : 0
 10068	 10091 : 0
 10088	 10095 : 0
 10092	 10311 : 0
 10308	 10319 : 0
 10316	 10331 : 0
 10328	 10375 : 0
 10372	 10703 : 0
 10700	 10707 : 0
 10704	 10723 : 0
 10720	 10739 : 0
 10736	 10743 : 0
 10740	 10751 : 0
 10748	 10755 : 0
 10752	 10759 : 0
 10756	 10767 : 0
 10764	 10779 : 0
 10776	 10783 : 0
 10780	 10795 : 0
 10792	 10803 : 0
 10800	 10823 : 0
 10820	 10827 : 0
 10824	 10831 : 0
 10828	 10847 : 0
 10844	 10851 : 0
 10848	 10867 : 0
 10864	 10871 : 0
 10868	 10895 : 0
 10892	 10903 : 0
 10900	 10919 : 0
 10916	 10927 : 0
 10924	 10931 : 0
 10928	 10979 : 0
 10976	 10983 : 0
 10980	 10999 : 0
 10996	 11067 : 0
 11064	 11107 : 0
 11104	 11127 : 0
 11124	 11155 : 0
 11152	 11171 : 0
 11168	 11175 : 0
 11172	 11191 : 0
 11188	 11211 : 0
 11208	 11271 : 0
 11268	 11287 : 0
 11284	 11371 : 0
 11368	 11375 : 0
 11372	 11379 : 0
 11376	 11391 : 0
 11388	 11395 : 0
 11392	 11407 : 0
 11404	 11415 : 0
 11412	 11423 : 0
 11420	 11463 : 0
 11460	 11467 : 0
 11464	 11559 : 0
 11556	 11563 : 0
 11560	 11567 : 0
 11564	 11587 : 0
 11584	 11591 : 0
 11588	 11595 : 0
 11592	 11667 : 0
 11664	 11671 : 0
 11668	 11731 : 0
 11728	 11739 : 0
 11736	 11743 : 0
 11740	 11767 : 0
 11764	 11775 : 0
 11772	 11803 : 0
 11800	 11823 : 0
 11820	 11827 : 0
 11824	 11839 : 0
 11836	 11847 : 0
 11844	 11851 : 0
 11848	 11859 : 0
 11856	 11987 : 0
 11984	 11991 : 0
 11988	 12043 : 0
 12040	 12067 : 0
 12064	 12119 : 0
 12116	 12131 : 0
 12128	 12211 : 0
 12208	 12215 : 0
 12212	 12315 : 0
 12312	 12327 : 1
 12324	 12439 : 0
 12436	 12471 : 0
 12468	 12475 : 0
 12472	 12543 : 0
 12540	 12563 : 0
 12560	 12603 : 0
 12600	 12607 : 0
 12604	 12627 : 0
 12624	 12631 : 0
 12628	 12635 : 0
 12632	 12747 : 0
 12744	 12767 : 0
 12764	 12783 : 0
 12780	 12795 : 0
 12792	 12831 : 0
 12828	 12835 : 0
 12832	 12851 : 0
 12848	 12883 : 0
 12880	 12891 : 0
 12888	 12895 : 0
 12892	 12907 : 0
 12904	 12919 : 0
 12916	 12923 : 0
 12920	 12935 : 1
 12932	 12939 : 0
 12936	 12951 : 0
 12948	 12991 : 0
 12988	 12999 : 1
 12996	 13003 : 0
 13000	 13007 : 0
 13004	 13015 : 0
 13012	 13055 : 0
 13052	 13067 : 0
 13064	 13083 : 0
 13080	 13107 : 0
 13104	 13119 : 0
 13116	 13131 : 0
 13128	 13147 : 0
 13144	 13151 : 0
 13148	 13155 : 0
 13152	 13187 : 0
 13184	 13191 : 0
 13188	 13195 : 0
 13192	 13199 : 0
 13196	 13215 : 0
 13212	 13223 : 0
 13220	 13251 : 0
 13248	 13255 : 1
 13252	 13259 : 0
 13256	 13295 : 1
 13292	 13319 : 0
 13316	 13371 : 0
 13368	 13383 : 0
 13380	 13403 : 0
 13400	 13419 : 0
 13416	 13435 : 1
 13432	 13447 : 0
 13444	 13459 : 1
 13456	 13563 : 0
 13560	 13571 : 0
 13568	 13955 : 0
 13952	 13959 : 0
 13956	 14467 : 0
 14464	 14471 : 1
 14468	 14475 : 0
 14472	 14483 : 0
 14480	 14495 : 0
 14492	 14499 : 0
 14496	 14511 : 0
 14508	 14515 : 0
 14512	 14543 : 0
 14540	 14547 : 0
 14544	 14575 : 0
 14572	 14579 : 0
 14576	 14603 : 0
 14600	 14607 : 0
 14604	 14611 : 0
 14608	 14619 : 0
 14616	 14627 : 0
 14624	 14631 : 0
 14628	 14635 : 0
 14632	 14639 : 0
 14636	 14663 : 0
 14660	 14667 : 0
 14664	 14683 : 0
 14680	 14687 : 0
 14684	 14691 : 0
 14688	 14695 : 0
 14692	 14703 : 0
 14700	 14863 : 0
 14860	 14867 : 0
 14864	 14895 : 0
 14892	 14939 : 0
 14936	 14951 : 0
 14948	 14963 : 0
 14960	 14967 : 0
 14964	 14987 : 0
 14984	 15139 : 0
 15136	 15207 : 0
 15204	 15291 : 0
 15288	 15367 : 0
 15364	 15391 : 0
 15388	 15399 : 0
 15396	 15447 : 0
 15444	 15451 : 0
 15448	 15475 : 1
 15472	 15479 : 0
 15476	 15491 : 1
 15488	 15495 : 0
 15492	 15523 : 0
 15520	 15527 : 0
 15524	 15559 : 0
 15556	 15563 : 0
 15560	 15679 : 0
 15676	 15683 : 0
 15680	 15739 : 0
 15736	 15751 : 0
 15748	 15815 : 0
 15812	 15823 : 0
 15820	 15827 : 0
 15824	 15831 : 0
 15828	 15855 : 0
 15852	 15859 : 0
 15856	 15887 : 0
 15884	 15907 : 0
 15904	 15911 : 0
 15908	 15915 : 0
 15912	 15947 : 0
 15944	 15955 : 0
 15952	 15959 : 0
 15956	 15971 : 0
 15968	 15979 : 0
 15976	 15987 : 0
 15984	 16007 : 0
 16004	 16023 : 0
 16020	 16027 : 0
 16024	 16099 : 0
 16096	 16107 : 0
 16104	 16119 : 0
 16116	 16123 : 0
 16120	 16127 : 0
 16124	 16131 : 0
 16128	 16167 : 0
 16164	 16175 : 0
 16172	 16203 : 0
 16200	 16227 : 0
 16224	 16231 : 0
 16228	 16235 : 0
 16232	 16243 : 0
 16240	 16255 : 0
 16252	 16327 : 0
 16324	 16335 : 0
 16332	 16367 : 0
 16364	 16371 : 0
 16368	 16375 : 0
 16372	 16387 : 0
 16384	 16451 : 0
 16448	 16455 : 1
 16452	 16471 : 0
 16468	 16511 : 0
 16508	 16535 : 0
 16532	 16571 : 0
 16568	 16583 : 0
 16580	 16591 : 0
 16588	 16595 : 0
 16592	 16599 : 0
 16596	 16727 : 0
 16724	 16763 : 0
 16760	 16771 : 0
 16768	 16787 : 0
 16784	 16795 : 0
 16792	 16819 : 0
 16816	 16879 : 0
 16876	 16919 : 1
 16916	 16923 : 0
 16920	 16927 : 0
 16924	 16947 : 0
 16944	 16955 : 1
 16952	 16967 : 0
 16964	 16979 : 0
 16976	 16983 : 0
 16980	 17031 : 0
 17028	 17035 : 0
 17032	 17043 : 1
 17040	 17047 : 0
 17044	 17063 : 0
 17060	 17071 : 0
 17068	 17075 : 0
 17072	 17083 : 0
 17080	 17087 : 0
 17084	 17099 : 0
 17096	 17111 : 0
 17108	 17119 : 0
 17116	 17127 : 0
 17124	 17151 : 0
 17148	 17179 : 0
 17176	 17255 : 0
 17252	 17263 : 0
 17260	 17267 : 0
 17264	 17271 : 0
 17268	 17359 : 0
 17356	 17363 : 0
 17360	 17375 : 0
 17372	 17379 : 0
 17376	 17411 : 0
 17408	 17415 : 0
 17412	 17423 : 0
 17420	 17435 : 0
 17432	 17443 : 0
 17440	 17463 : 0
 17460	 17475 : 0
 17472	 17483 : 0
 17480	 17487 : 0
 17484	 17495 : 0
 17492	 17503 : 0
 17500	 17519 : 0
 17516	 17523 : 0
 17520	 17567 : 0
 17564	 17587 : 0
 17584	 17591 : 0
 17588	 17631 : 0
 17628	 17635 : 0
 17632	 17647 : 0
 17644	 17667 : 0
 17664	 17671 : 0
 17668	 17675 : 0
 17672	 17687 : 0
 17684	 17699 : 0
 17696	 17707 : 0
 17704	 17711 : 0
 17708	 17775 : 0
 17772	 17795 : 0
 17792	 17807 : 0
 17804	 17839 : 1
 17836	 17847 : 0
 17844	 17859 : 0
 17856	 17943 : 0
 17940	 17971 : 0
 17968	 17983 : 0
 17980	 17987 : 0
 17984	 18027 : 0
 18024	 18035 : 0
 18032	 18051 : 0
 18048	 18095 : 0
 18092	 18123 : 0
 18120	 18127 : 0
 18124	 18131 : 0
 18128	 18135 : 0
 18132	 18151 : 0
 18148	 18163 : 1
 18160	 18259 : 0
 18256	 18275 : 0
 18272	 18291 : 0
 18288	 18299 : 0
 18296	 18323 : 0
 18320	 18343 : 0
 18340	 18367 : 0
 18364	 18371 : 0
 18368	 18379 : 0
 18376	 18471 : 1
 18468	 18483 : 0
 18480	 18527 : 0
 18524	 18531 : 0
 18528	 18571 : 0
 18568	 18575 : 0
 18572	 18751 : 0
 18748	 18819 : 0
 18816	 18827 : 1
 18824	 18911 : 0
 18908	 19003 : 0
 19000	 19011 : 0
 19008	 19019 : 0
 19016	 19095 : 0
 19092	 19103 : 0
 19100	 19107 : 0
 19104	 19115 : 0
 19112	 19119 : 0
 19116	 19155 : 1
 19152	 19175 : 0
 19172	 19195 : 0
 19192	 19243 : 0
 19240	 19251 : 0
 19248	 19263 : 0
 19260	 19275 : 0
 19272	 19279 : 0
 19276	 19291 : 1
 19288	 19299 : 0
 19296	 19315 : 1
 19312	 19451 : 0
 19448	 19471 : 0
 19468	 19575 : 0
 19572	 19599 : 0
 19596	 19723 : 0
 19720	 19763 : 0
 19760	 19775 : 0
 19772	 19791 : 0
 19788	 19803 : 0
 19800	 19807 : 1
 19804	 19887 : 0
 19884	 20019 : 1
 20016	 20035 : 0
 20032	 20039 : 0
 20036	 20043 : 0
 20040	 20075 : 0
 20072	 20095 : 0
 20092	 20099 : 0
 20096	 20199 : 0
 20196	 20215 : 0
 20212	 20223 : 0
 20220	 20279 : 0
 20276	 20311 : 0
 20308	 20323 : 0
 20320	 20327 : 0
 20324	 20331 : 0
 20328	 20335 : 0
 20332	 20367 : 0
 20364	 20371 : 0
 20368	 20503 : 0
 20500	 20511 : 0
 20508	 20523 : 0
 20520	 20535 : 0
 20532	 20539 : 0
 20536	 20555 : 0
 20552	 20575 : 0
 20572	 20603 : 0
 20600	 20607 : 0
 20604	 20615 : 0
 20612	 20635 : 0
 20632	 20639 : 0
 20636	 20671 : 0
 20668	 20679 : 0
 20676	 20795 : 0
 20792	 20803 : 0
 20800	 20823 : 0
 20820	 20839 : 0
 20836	 20855 : 0
 20852	 20895 : 0
 20892	 20927 : 0
 20924	 20943 : 0
 20940	 20947 : 0
 20944	 20955 : 0
 20952	 20963 : 0
 20960	 20995 : 0
 20992	 21011 : 0
 21008	 21027 : 0
 21024	 21039 : 0
 21036	 21047 : 0
 21044	 21059 : 0
 21056	 21071 : 0
 21068	 21083 : 0
 21080	 21115 : 0
 21112	 21135 : 0
 21132	 21183 : 0
 21180	 21231 : 0
 21228	 21235 : 0
 21232	 21275 : 0
 21272	 21279 : 0
 21276	 21291 : 0
 21288	 21311 : 0
 21308	 21343 : 0
 21340	 21351 : 0
 21348	 21355 : 0
 21352	 21387 : 0
 21384	 21399 : 0
 21396	 21407 : 0
 21404	 21519 : 0
 21516	 21523 : 0
 21520	 21531 : 0
 21528	 21539 : 0
 21536	 21559 : 0
 21556	 21571 : 0
 21568	 21651 : 0
 21648	 21799 : 0
 21796	 21823 : 0
 21820	 21859 : 0
 21856	 21899 : 0
 21896	 21947 : 0
 21944	 21955 : 0
 21952	 22023 : 0
 22020	 22031 : 0
 22028	 22035 : 0
 22032	 22039 : 0
 22036	 22047 : 0
 22044	 22071 : 0
 22068	 22075 : 0
 22072	 22227 : 0
 22224	 22243 : 0
 22240	 22247 : 0
 22244	 22251 : 0
 22248	 22255 : 0
 22252	 22259 : 0
 22256	 22295 : 0
 22292	 22299 : 0
 22296	 22307 : 0
 22304	 22315 : 0
 22312	 22371 : 1
 22368	 22415 : 0
 22412	 22459 : 0
 22456	 22467 : 0
 22464	 22499 : 0
 22496	 22511 : 0
 22508	 22515 : 0
 22512	 22523 : 0
 22520	 22527 : 0
 22524	 22531 : 0
 22528	 22539 : 0
 22536	 22615 : 0
 22612	 22623 : 0
 22620	 22631 : 0
 22628	 22647 : 0
 22644	 22659 : 0
 22656	 22667 : 0
 22664	 22699 : 0
 22696	 22703 : 0
 22700	 22727 : 0
 22724	 22735 : 0
 22732	 22763 : 0
 22760	 22767 : 0
 22764	 22791 : 0
 22788	 22827 : 0
 22824	 22835 : 0
 22832	 22843 : 0
 22840	 22847 : 0
 22844	 22859 : 0
 22856	 22903 : 0
 22900	 22951 : 0
 22948	 22963 : 0
 22960	 22967 : 0
 22964	 23047 : 0
 23044	 23051 : 0
 23048	 23083 : 0
 23080	 23087 : 0
 23084	 23091 : 0
 23088	 23131 : 0
 23128	 23139 : 0
 23136	 23171 : 0
 23168	 23207 : 0
 23204	 23223 : 0
 23220	 23231 : 0
 23228	 23247 : 0
 23244	 23259 : 0
 23256	 23271 : 0
 23268	 23291 : 0
 23288	 23311 : 0
 23308	 23343 : 0
 23340	 23347 : 0
 23344	 23355 : 0
 23352	 23359 : 0
 23356	 23387 : 0
 23384	 23391 : 0
 23388	 23519 : 0
 23516	 23523 : 0
 23520	 23527 : 0
 23524	 23531 : 0
 23528	 23543 : 0
 23540	 23551 : 0
 23548	 23559 : 0
 23556	 23667 : 0
 23664	 23671 : 0
 23668	 23679 : 0
 23676	 23743 : 0
 23740	 23751 : 0
 23748	 23755 : 0
 23752	 23771 : 0
 23768	 23775 : 0
 23772	 23803 : 0
 23800	 23807 : 0
 23804	 23831 : 0
 23828	 23847 : 0
 23844	 23867 : 0
 23864	 23883 : 0
 23880	 23891 : 1
 23888	 23899 : 0
 23896	 23903 : 0
 23900	 23907 : 0
 23904	 23939 : 0
 23936	 23951 : 0
 23948	 23955 : 0
 23952	 23991 : 0
 23988	 24015 : 0
 24012	 24027 : 0
 24024	 24031 : 0
 24028	 24047 : 0
 24044	 24063 : 1
 24060	 24067 : 0
 24064	 24071 : 0
 24068	 24083 : 0
 24080	 24087 : 0
 24084	 24123 : 0
 24120	 24135 : 0
 24132	 24139 : 0
 24136	 24155 : 0
 24152	 24163 : 0
 24160	 24179 : 0
 24176	 24187 : 0
 24184	 24195 : 0
 24192	 24199 : 0
 24196	 24203 : 0
 24200	 24219 : 0
 24216	 24243 : 0
 24240	 24247 : 0
 24244	 24271 : 0
 24268	 24275 : 0
 24272	 24347 : 0
 24344	 24351 : 0
 24348	 24387 : 0
 24384	 24507 : 0
 24504	 24531 : 1
 24528	 24547 : 0
 24544	 24559 : 0
 24556	 24571 : 0
 24568	 24579 : 0
 24576	 24647 : 0
 24644	 24659 : 0
 24656	 24695 : 0
 24692	 24711 : 0
 24708	 24723 : 0
 24720	 24727 : 0
 24724	 24755 : 0
 24752	 24759 : 0
 24756	 24771 : 0
 24768	 24783 : 0
 24780	 24799 : 0
 24796	 24807 : 0
 24804	 24815 : 0
 24812	 24819 : 0
 24816	 24835 : 0
 24832	 24843 : 0
 24840	 24847 : 0
 24844	 24895 : 0
 24892	 25043 : 0
 25040	 25071 : 0
 25068	 25199 : 0
 25196	 25219 : 0
 25216	 25235 : 0
 25232	 25239 : 1
 25236	 25347 : 0
 25344	 25371 : 1
 25368	 25383 : 0
 25380	 25391 : 0
 25388	 25415 : 0
 25412	 25443 : 0
 25440	 25519 : 0
 25516	 25587 : 0
 25584	 25591 : 0
 25588	 25595 : 1
 25592	 25599 : 0
 25596	 25627 : 0
 25624	 25635 : 0
 25632	 25639 : 0
 25636	 25683 : 0
 25680	 25695 : 0
 25692	 25715 : 0
 25712	 25727 : 0
 25724	 25735 : 0
 25732	 25755 : 0
 25752	 25791 : 0
 25788	 25795 : 1
 25792	 25867 : 0
 25864	 25943 : 0
 25940	 25967 : 0
 25964	 25979 : 0
 25976	 26059 : 0
 26056	 26087 : 1
 26084	 26095 : 0
 26092	 26099 : 0
 26096	 26103 : 0
 26100	 26115 : 0
 26112	 26119 : 0
 26116	 26131 : 0
 26128	 26143 : 0
 26140	 26155 : 0
 26152	 26163 : 0
 26160	 26167 : 0
 26164	 26227 : 0
 26224	 26299 : 0
 26296	 26315 : 0
 26312	 26319 : 0
 26316	 26347 : 0
 26344	 26363 : 0
 26360	 26375 : 0
 26372	 26379 : 0
 26376	 26455 : 0
 26452	 26483 : 0
 26480	 26551 : 0
 26548	 26555 : 0
 26552	 26583 : 0
 26580	 26587 : 0
 26584	 26595 : 0
 26592	 26607 : 0
 26604	 26631 : 0
 26628	 26635 : 1
 26632	 26747 : 0
 26744	 26811 : 1
 26808	 26927 : 0
 26924	 26943 : 0
 26940	 26955 : 0
 26952	 26967 : 0
 26964	 26971 : 0
 26968	 27007 : 0
 27004	 27015 : 0
 27012	 27031 : 0
 27028	 27035 : 0
 27032	 27039 : 0
 27036	 27047 : 0
 27044	 27059 : 0
 27056	 27067 : 0
 27064	 27075 : 0
 27072	 27083 : 0
 27080	 27095 : 0
 27092	 27099 : 0
 27096	 27111 : 0
 27108	 27115 : 0
 27112	 27147 : 0
 27144	 27155 : 0
 27152	 27175 : 0
 27172	 27191 : 0
 27188	 27283 : 0
 27280	 27291 : 0
 27288	 27311 : 0
 27308	 27335 : 0
 27332	 27583 : 0
 27580	 27623 : 0
 27620	 27631 : 0
 27628	 27639 : 0
 27636	 27687 : 0
 27684	 27691 : 0
 27688	 27707 : 0
 27704	 27751 : 0
 27748	 27899 : 0
 27896	 27915 : 0
 27912	 27927 : 0
 27924	 27931 : 0
 27928	 27935 : 0
 27932	 27987 : 0
 27984	 28043 : 0
 28040	 28075 : 0
 28072	 28123 : 0
 28120	 28175 : 0
 28172	 28215 : 0
 28212	 28259 : 0
 28256	 28263 : 0
 28260	 28267 : 0
 28264	 28307 : 1
 28304	 28327 : 0
 28324	 28379 : 0
 28376	 28391 : 0
 28388	 28415 : 0
 28412	 28431 : 0
 28428	 28463 : 1
 28460	 28555 : 0
 28552	 28659 : 0
 28656	 28671 : 0
 28668	 28675 : 0
 28672	 28679 : 0
 28676	 28715 : 0
 28712	 28731 : 0
 28728	 28747 : 0
 28744	 28759 : 0
 28756	 28767 : 0
 28764	 28839 : 0
 28836	 28851 : 0
 28848	 28883 : 0
 28880	 28903 : 0
 28900	 28915 : 0
 28912	 28983 : 0
 28980	 28995 : 0
 28992	 28999 : 0
 28996	 29023 : 0
 29020	 29035 : 0
 29032	 29039 : 0
 29036	 29123 : 0
 29120	 29163 : 0
 29160	 29167 : 0
 29164	 29259 : 0
 29256	 29267 : 0
 29264	 29271 : 0
 29268	 29283 : 0
 29280	 29307 : 0
 29304	 29331 : 0
 29328	 29339 : 0
 29336	 29347 : 0
 29344	 29355 : 0
 29352	 29359 : 0
 29356	 29383 : 0
 29380	 29395 : 0
 29392	 29459 : 0
 29456	 29463 : 0
 29460	 29479 : 0
 29476	 29499 : 0
 29496	 29503 : 0
 29500	 29599 : 0
 29596	 29603 : 0
 29600	 29611 : 1
 29608	 29615 : 0
 29612	 29671 : 1
 29668	 29703 : 0
 29700	 29751 : 1
 29748	 29759 : 0
 29756	 29763 : 0
 29760	 29775 : 0
 29772	 29779 : 0
 29776	 29923 : 0
 29920	 29927 : 0
 29924	 29951 : 0
 29948	 29955 : 0
 29952	 29959 : 0
 29956	 29963 : 0
 29960	 29991 : 0
 29988	 29999 : 0
 29996	 30003 : 0
 30000	 30011 : 0
 30008	 30039 : 0
 30036	 30043 : 0
 30040	 30063 : 0
 30060	 30075 : 0
 30072	 30099 : 0
 30096	 30103 : 0
 30100	 30111 : 0
 30108	 30119 : 0
 30116	 30127 : 0
 30124	 30131 : 0
 30128	 30143 : 0
 30140	 30163 : 0
 30160	 30171 : 0
 30168	 30203 : 0
 30200	 30215 : 0
 30212	 30283 : 0
 30280	 30287 : 0
 30284	 30291 : 0
 30288	 30299 : 0
 30296	 30315 : 0
 30312	 30319 : 0
 30316	 30327 : 1
 30324	 30335 : 0
 30332	 30347 : 0
 30344	 30375 : 0
 30372	 30387 : 0
 30384	 30395 : 0
 30392	 30403 : 0
 30400	 30423 : 0
 30420	 30435 : 0
 30432	 30467 : 0
 30464	 30479 : 0
 30476	 30491 : 0
 30488	 30495 : 0
 30492	 30499 : 0
 30496	 30503 : 0
 30500	 30507 : 0
 30504	 30511 : 0
 30508	 30527 : 0
 30524	 30531 : 0
 30528	 30555 : 0
 30552	 30563 : 1
 30560	 30583 : 0
 30580	 30607 : 0
 30604	 30627 : 0
 30624	 30631 : 0
 30628	 30635 : 0
 30632	 30683 : 0
 30680	 30691 : 0
 30688	 30723 : 0
 30720	 30763 : 0
 30760	 30779 : 0
 30776	 30831 : 0
 30828	 30835 : 0
 30832	 30839 : 0
 30836	 30859 : 0
 30856	 30871 : 0
 30868	 30875 : 0
 30872	 30879 : 0
 30876	 30911 : 0
 30908	 30915 : 0
 30912	 30943 : 0
 30940	 30951 : 0
 30948	 30959 : 0
 30956	 30967 : 0
 30964	 30987 : 0
 30984	 30995 : 0
 30992	 30999 : 0
 30996	 31007 : 0
 31004	 31011 : 0
 31008	 31015 : 0
 31012	 31023 : 0
 31020	 31043 : 0
 31040	 31051 : 0
 31048	 31075 : 0
 31072	 31079 : 0
 31076	 31083 : 0
 31080	 31091 : 0
 31088	 31123 : 0
 31120	 31151 : 0
 31148	 31155 : 0
 31152	 31163 : 0
 31160	 31167 : 0
 31164	 31171 : 0
 31168	 31199 : 0
 31196	 31207 : 0
 31204	 31263 : 0
 31260	 31267 : 0
 31264	 31287 : 0
 31284	 31291 : 0
 31288	 31319 : 0
 31316	 31323 : 0
 31320	 31399 : 0
 31396	 31415 : 0
 31412	 31439 : 0
 31436	 31443 : 0
 31440	 31459 : 0
 31456	 31467 : 0
 31464	 31475 : 0
 31472	 31483 : 0
 31480	 31487 : 0
 31484	 31547 : 0
 31544	 31551 : 0
 31548	 31563 : 0
 31560	 31567 : 0
 31564	 31647 : 1
 31644	 31715 : 0
 31712	 31751 : 0
 31748	 31763 : 0
 31760	 31783 : 0
 31780	 31799 : 0
 31796	 31815 : 0
 31812	 31871 : 0
 31868	 31923 : 0
 31920	 31935 : 0
 31932	 31939 : 0
 31936	 31951 : 0
 31948	 31971 : 0
 31968	 31999 : 0
 31996	 32003 : 0
 32000	 32163 : 0
 32160	 32211 : 0
 32208	 32219 : 0
 32216	 32243 : 0
 32240	 32247 : 0
 32244	 32279 : 0
 32276	 32283 : 0
 32280	 32295 : 0
 32292	 32415 : 0
 32412	 32431 : 0
 32428	 32435 : 0
 32432	 32443 : 1
 32440	 32495 : 0
 32492	 32523 : 0
 32520	 32571 : 0
 32568	 32587 : 0
 32584	 32595 : 0
 32592	 32603 : 0
 32600	 32635 : 0
 32632	 32639 : 0
 32636	 32747 : 0
 32744	 32751 : 0
 32748	 32763 : 0
 32760	 32779 : 0
 32776	 32783 : 0
 32780	 32787 : 1
 32784	 32791 : 0
 32788	 32795 : 1
 32792	 32799 : 0
 32796	 32839 : 1
 32836	 32939 : 0
 32936	 32971 : 0
 32968	 32995 : 0
 32992	 32999 : 0
 32996	 33003 : 0
 33000	 33023 : 0
 33020	 33039 : 0
 33036	 33055 : 0
 33052	 33063 : 0
 33060	 33079 : 0
 33076	 33083 : 0
 33080	 33091 : 0
 33088	 33099 : 0
 33096	 33123 : 0
 33120	 33127 : 0
 33124	 33167 : 1
 33164	 33171 : 0
 33168	 33179 : 0
 33176	 33231 : 0
 33228	 33263 : 0
 33260	 33279 : 0
 33276	 33283 : 0
 33280	 33343 : 0
 33340	 33375 : 0
 33372	 33379 : 0
 33376	 33435 : 0
 33432	 33447 : 0
 33444	 33451 : 0
 33448	 33463 : 0
 33460	 33467 : 0
 33464	 33471 : 0
 33468	 33475 : 0
 33472	 33479 : 0
 33476	 33483 : 0
 33480	 33491 : 0
 33488	 33499 : 0
 33496	 33511 : 0
 33508	 33519 : 1
 33516	 33539 : 0
 33536	 33543 : 0
 33540	 33647 : 0
 33644	 33651 : 0
 33648	 33695 : 0
 33692	 33703 : 0
 33700	 33707 : 0
 33704	 33711 : 0
 33708	 33835 : 0
 33832	 33839 : 0
 33836	 33843 : 0
 33840	 33883 : 0
 33880	 33915 : 0
 33912	 33919 : 0
 33916	 33999 : 0
 33996	 34003 : 0
 34000	 34007 : 0
 34004	 34035 : 0
 34032	 34127 : 0
 34124	 34131 : 0
 34128	 34187 : 0
 34184	 34195 : 0
 34192	 34199 : 0
 34196	 34207 : 0
 34204	 34247 : 0
 34244	 34255 : 1
 34252	 34271 : 0
 34268	 34279 : 1
 34276	 34283 : 0
 34280	 34291 : 1
 34288	 34383 : 0
 34380	 34395 : 0
 34392	 34447 : 0
 34444	 34451 : 0
 34448	 34463 : 0
 34460	 34507 : 0
 34504	 34515 : 0
 34512	 34519 : 0
 34516	 34527 : 0
 34524	 34535 : 0
 34532	 34539 : 0
 34536	 34547 : 0
 34544	 34555 : 0
 34552	 34595 : 0
 34592	 34599 : 0
 34596	 34603 : 0
 34600	 34615 : 0
 34612	 34619 : 0
 34616	 34627 : 0
 34624	 34639 : 0
 34636	 34727 : 0
 34724	 34731 : 0
 34728	 34743 : 0
 34740	 34751 : 0
 34748	 34755 : 0
 34752	 34759 : 0
 34756	 34771 : 0
 34768	 34787 : 1
 34784	 34887 : 0
 34884	 34975 : 0
 34972	 35003 : 0
 35000	 35043 : 1
 35040	 35091 : 0
 35088	 35099 : 0
 35096	 35135 : 0
 35132	 35171 : 0
 35168	 35191 : 0
 35188	 35195 : 0
 35192	 35251 : 0
 35248	 35263 : 0
 35260	 35287 : 0
 35284	 35299 : 0
 35296	 35311 : 0
 35308	 35315 : 0
 35312	 35335 : 0
 35332	 35343 : 0
 35340	 35439 : 0
 35436	 35447 : 0
 35444	 35503 : 0
 35500	 35507 : 0
 35504	 35519 : 0
 35516	 35535 : 0
 35532	 35599 : 0
 35596	 35603 : 0
 35600	 35611 : 0
 35608	 35619 : 0
 35616	 35775 : 0
 35772	 35787 : 0
 35784	 35807 : 0
 35804	 35811 : 0
 35808	 35823 : 0
 35820	 35855 : 0
 35852	 35963 : 0
 35960	 35967 : 0
 35964	 35995 : 0
 35992	 36007 : 0
 36004	 36099 : 0
 36096	 36103 : 0
 36100	 36147 : 0
 36144	 36163 : 0
 36160	 36167 : 0
 36164	 36187 : 0
 36184	 36191 : 0
 36188	 36195 : 0
 36192	 36199 : 0
 36196	 36203 : 0
 36200	 36223 : 0
 36220	 36227 : 0
 36224	 36235 : 0
 36232	 36239 : 0
 36236	 36259 : 0
 36256	 36271 : 0
 36268	 36315 : 0
 36312	 36319 : 0
 36316	 36375 : 0
 36372	 36387 : 0
 36384	 36415 : 0
 36412	 36419 : 0
 36416	 36431 : 0
 36428	 36455 : 0
 36452	 36471 : 0
 36468	 36479 : 0
 36476	 36495 : 0
 36492	 36511 : 0
 36508	 36531 : 0
 36528	 36547 : 0
 36544	 36551 : 0
 36548	 36555 : 0
 36552	 36559 : 0
 36556	 36571 : 0
 36568	 36607 : 0
 36604	 36619 : 0
 36616	 36623 : 0
 36620	 36639 : 0
 36636	 36647 : 0
 36644	 36671 : 0
 36668	 36675 : 0
 36672	 36687 : 0
 36684	 36691 : 0
 36688	 36695 : 0
 36692	 36711 : 0
 36708	 36719 : 1
 36716	 36883 : 0
 36880	 36887 : 0
 36884	 36899 : 0
 36896	 36911 : 0
 36908	 36919 : 0
 36916	 36943 : 0
 36940	 36951 : 0
 36948	 36975 : 0
 36972	 36979 : 0
 36976	 36987 : 0
 36984	 36991 : 0
 36988	 37027 : 0
 37024	 37031 : 0
 37028	 37047 : 0
 37044	 37055 : 0
 37052	 37075 : 0
 37072	 37079 : 0
 37076	 37095 : 0
 37092	 37099 : 0
 37096	 37103 : 0
 37100	 37107 : 0
 37104	 37219 : 0
 37216	 37227 : 0
 37224	 37239 : 0
 37236	 37247 : 0
 37244	 37283 : 0
 37280	 37287 : 0
 37284	 37311 : 0
 37308	 37315 : 0
 37312	 37335 : 0
 37332	 37343 : 0
 37340	 37419 : 0
 37416	 37423 : 0
 37420	 37459 : 0
 37456	 37495 : 0
 37492	 37507 : 0
 37504	 37535 : 0
 37532	 37563 : 0
 37560	 37631 : 0
 37628	 37663 : 0
 37660	 37735 : 0
 37732	 37739 : 0
 37736	 37743 : 0
 37740	 37759 : 0
 37756	 37815 : 0
 37812	 37867 : 0
 37864	 37871 : 0
 37868	 37875 : 0
 37872	 37903 : 0
 37900	 37919 : 0
 37916	 37975 : 0
 37972	 38071 : 0
 38068	 38079 : 0
 38076	 38127 : 0
 38124	 38131 : 0
 38128	 38135 : 0
 38132	 38163 : 0
 38160	 38171 : 0
 38168	 38271 : 0
 38268	 38303 : 0
 38300	 38363 : 0
 38360	 38383 : 0
 38380	 38455 : 0
 38452	 38463 : 0
 38460	 38471 : 0
 38468	 38479 : 1
 38476	 38483 : 0
 38480	 38487 : 0
 38484	 38495 : 0
 38492	 38499 : 0
 38496	 38519 : 0
 38516	 38539 : 0
 38536	 38643 : 0
 38640	 38647 : 0
 38644	 38655 : 0
 38652	 38663 : 0
 38660	 38667 : 0
 38664	 38699 : 0
 38696	 38727 : 0
 38724	 38731 : 0
 38728	 38743 : 0
 38740	 38755 : 1
 38752	 38795 : 0
 38792	 38799 : 0
 38796	 38807 : 0
 38804	 38823 : 0
 38820	 38831 : 0
 38828	 38851 : 0
 38848	 38859 : 0
 38856	 38867 : 0
 38864	 38871 : 0
 38868	 38879 : 0
 38876	 38939 : 0
 38936	 38943 : 0
 38940	 38947 : 0
 38944	 38983 : 0
 38980	 39015 : 0
 39012	 39075 : 0
 39072	 39083 : 0
 39080	 39095 : 0
 39092	 39147 : 0
 39144	 39151 : 0
 39148	 39163 : 0
 39160	 39183 : 0
 39180	 39191 : 0
 39188	 39211 : 0
 39208	 39227 : 0
 39224	 39235 : 0
 39232	 39307 : 0
 39304	 39375 : 0
 39372	 39395 : 0
 39392	 39419 : 0
 39416	 39639 : 0
 39636	 39655 : 0
 39652	 39663 : 0
 39660	 39679 : 1
 39676	 39687 : 0
 39684	 39719 : 0
 39716	 39723 : 0
 39720	 39783 : 0
 39780	 39791 : 0
 39788	 39843 : 0
 39840	 39851 : 0
 39848	 39879 : 0
 39876	 39883 : 0
 39880	 39891 : 0
 39888	 39915 : 0
 39912	 39923 : 0
 39920	 40111 : 0
 40108	 40123 : 0
 40120	 40159 : 0
 40156	 40167 : 0
 40164	 40223 : 0
 40220	 40227 : 0
 40224	 40371 : 0
 40368	 40375 : 0
 40372	 40379 : 0
 40376	 40383 : 0
 40380	 40395 : 0
 40392	 40459 : 0
 40456	 40471 : 0
 40468	 40495 : 0
 40492	 40499 : 0
 40496	 40527 : 0
 40524	 40591 : 0
 40588	 40595 : 0
 40592	 40611 : 0
 40608	 40627 : 0
 40624	 40671 : 0
 40668	 40691 : 0
 40688	 40695 : 0
 40692	 40707 : 0
 40704	 40715 : 0
 40712	 40719 : 0
 40716	 40727 : 0
 40724	 40731 : 0
 40728	 40751 : 0
 40748	 40759 : 1
 40756	 40855 : 0
 40852	 40867 : 0
 40864	 40883 : 0
 40880	 40887 : 0
 40884	 40891 : 0
 40888	 40915 : 0
 40912	 40923 : 0
 40920	 40959 : 0
 40956	 40971 : 0
 40968	 40979 : 0
 40976	 40995 : 0
 40992	 41007 : 0
 41004	 41011 : 0
 41008	 41019 : 1
 41016	 41023 : 0
 41020	 41031 : 0
 41028	 41039 : 0
 41036	 41059 : 0
 41056	 41075 : 0
 41072	 41167 : 0
 41164	 41171 : 0
 41168	 41175 : 0
 41172	 41179 : 0
 41176	 41195 : 0
 41192	 41199 : 0
 41196	 41219 : 0
 41216	 41375 : 0
 41372	 41415 : 1
 41412	 41435 : 0
 41432	 41487 : 0
 41484	 41499 : 0
 41496	 41523 : 0
 41520	 41587 : 0
 41584	 41603 : 1
 41600	 41611 : 0
 41608	 41627 : 0
 41624	 41639 : 0
 41636	 41655 : 0
 41652	 41659 : 0
 41656	 41767 : 0
 41764	 41803 : 0
 41800	 41819 : 0
 41816	 41835 : 0
 41832	 41855 : 0
 41852	 42195 : 0
 42192	 42199 : 0
 42196	 42223 : 0
 42220	 42275 : 0
 42272	 42287 : 0
 42284	 42303 : 0
 42300	 42315 : 0
 42312	 42347 : 0
 42344	 42367 : 0
 42364	 42379 : 0
 42376	 42427 : 0
 42424	 42435 : 0
 42432	 42451 : 0
 42448	 42563 : 0
 42560	 42567 : 0
 42564	 42587 : 0
 42584	 42731 : 0
 42728	 42743 : 0
 42740	 42747 : 0
 42744	 42815 : 0
 42812	 42831 : 0
 42828	 42851 : 0
 42848	 43095 : 0
 43092	 43103 : 0
 43100	 43119 : 0
 43116	 43131 : 0
 43128	 43143 : 0
 43140	 43147 : 0
 43144	 43179 : 0
 43176	 43219 : 0
 43216	 43223 : 0
 43220	 43267 : 1
 43264	 43271 : 0
 43268	 43291 : 0
 43288	 43299 : 0
 43296	 43307 : 0
 43304	 43315 : 0
 43312	 43447 : 0
 43444	 43451 : 0
 43448	 43467 : 0
 43464	 43479 : 0
 43476	 43631 : 0
 43628	 43635 : 0
 43632	 44071 : 0
 44068	 44091 : 0
 44088	 44115 : 0
 44112	 44139 : 0
 44136	 44143 : 0
 44140	 44163 : 0
 44160	 44167 : 0
 44164	 44171 : 0
 44168	 44179 : 0
 44176	 44183 : 0
 44180	 44187 : 0
 44184	 44195 : 0
 44192	 44207 : 0
 44204	 44255 : 0
 44252	 44283 : 0
 44280	 44431 : 0
 44428	 44711 : 0
 44708	 44727 : 0
 44724	 44731 : 0
 44728	 44735 : 0
 44732	 44827 : 1
 44824	 45063 : 0
 45060	 45071 : 0
 45068	 45075 : 0
 45072	 45087 : 0
 45084	 45091 : 0
 45088	 45099 : 0
 45096	 45107 : 0
 45104	 45123 : 1
 45120	 45127 : 0
 45124	 45135 : 0
 45132	 45143 : 0
 45140	 45159 : 0
 45156	 45167 : 0
 45164	 45179 : 0
 45176	 45211 : 0
 45208	 45215 : 0
 45212	 45231 : 0
 45228	 45267 : 0
 45264	 45275 : 0
 45272	 45295 : 0
 45292	 45299 : 0
 45296	 45311 : 0
 45308	 45399 : 0
 45396	 45435 : 0
 45432	 45471 : 0
 45468	 45483 : 0
 45480	 45507 : 0
 45504	 45515 : 0
 45512	 45523 : 0
 45520	 45535 : 0
 45532	 45547 : 0
 45544	 45563 : 0
 45560	 45567 : 0
 45564	 45591 : 0
 45588	 45595 : 0
 45592	 45623 : 0
 45620	 45627 : 0
 45624	 45643 : 0
 45640	 45651 : 0
 45648	 45655 : 0
 45652	 45683 : 0
 45680	 45687 : 0
 45684	 45711 : 0
 45708	 45715 : 0
 45712	 45779 : 0
 45776	 45791 : 0
 45788	 45795 : 0
 45792	 45803 : 0
 45800	 45895 : 0
 45892	 45899 : 1
 45896	 45915 : 0
 45912	 45939 : 0
 45936	 46007 : 0
 46004	 46015 : 0
 46012	 46035 : 0
 46032	 46055 : 0
 46052	 46063 : 0
 46060	 46067 : 0
 46064	 46075 : 0
 46072	 46083 : 0
 46080	 46087 : 0
 46084	 46099 : 0
 46096	 46115 : 0
 46112	 46147 : 0
 46144	 46151 : 0
 46148	 46155 : 0
 46152	 46159 : 0
 46156	 46163 : 0
 46160	 46171 : 0
 46168	 46179 : 0
 46176	 46183 : 0
 46180	 46239 : 0
 46236	 46247 : 0
 46244	 46267 : 0
 46264	 46275 : 0
 46272	 46295 : 0
 46292	 46299 : 0
 46296	 46303 : 0
 46300	 46307 : 0
 46304	 46323 : 0
 46320	 46375 : 0
 46372	 46379 : 0
 46376	 46391 : 0
 46388	 46427 : 1
 46424	 46447 : 0
 46444	 46455 : 1
 46452	 46495 : 0
 46492	 46519 : 0
 46516	 46523 : 0
 46520	 46635 : 0
 46632	 46639 : 0
 46636	 46715 : 0
 46712	 46723 : 0
 46720	 46755 : 0
 46752	 46759 : 0
 46756	 46775 : 1
 46772	 46823 : 0
 46820	 46855 : 0
 46852	 46859 : 0
 46856	 46995 : 1
 46992	 46999 : 0
 46996	 47003 : 1
 47000	 47027 : 0
 47024	 47039 : 0
 47036	 47243 : 0
 47240	 47247 : 0
 47244	 47275 : 0
 47272	 47291 : 0
 47288	 47443 : 0
 47440	 47507 : 0
 47504	 47683 : 0
 47680	 47691 : 0
 47688	 47795 : 0
 47792	 47839 : 1
 47836	 47843 : 0
 47840	 47855 : 1
 47852	 47875 : 0
 47872	 47911 : 0
 47908	 47939 : 0
 47936	 47943 : 0
 47940	 47975 : 0
 47972	 48015 : 0
 48012	 48103 : 0
 48100	 48107 : 0
 48104	 48119 : 0
 48116	 48227 : 0
 48224	 48231 : 0
 48228	 48243 : 0
 48240	 48331 : 0
 48328	 48335 : 0
 48332	 48347 : 0
 48344	 48427 : 0
 48424	 48475 : 0
 48472	 48495 : 0
 48492	 48595 : 0
 48592	 48635 : 0
 48632	 48683 : 0
 48680	 48691 : 0
 48688	 48787 : 0
 48784	 48795 : 0
 48792	 48823 : 0
 48820	 48871 : 0
 48868	 48875 : 0
 48872	 48883 : 0
 48880	 48891 : 0
 48888	 48907 : 0
 48904	 48987 : 0
 48984	 48999 : 0
 48996	 49075 : 0
 49072	 49091 : 0
 49088	 49099 : 0
 49096	 49139 : 0
 49136	 49171 : 0
 49168	 49195 : 0
 49192	 49219 : 0
 49216	 49227 : 0
 49224	 49263 : 0
 49260	 49303 : 0
 49300	 49331 : 0
 49328	 49343 : 0
 49340	 49399 : 0
 49396	 49407 : 1
 49404	 49431 : 0
 49428	 49439 : 0
 49436	 49443 : 0
 49440	 49451 : 1
 49448	 49455 : 0
 49452	 49459 : 1
 49456	 49467 : 0
 49464	 49487 : 0
 49484	 49491 : 0
 49488	 49535 : 0
 49532	 49539 : 0
 49536	 49583 : 0
 49580	 49587 : 0
 49584	 49659 : 0
 49656	 49663 : 0
 49660	 49671 : 0
 49668	 49679 : 0
 49676	 49835 : 0
 49832	 49839 : 0
 49836	 49863 : 0
 49860	 49883 : 0
 49880	 49891 : 0
 49888	 49895 : 0
 49892	 49903 : 0
 49900	 49931 : 0
 49928	 49935 : 0
 49932	 49951 : 0
 49948	 49959 : 0
 49956	 49963 : 0
 49960	 49975 : 0
 49972	 49983 : 0
 49980	 49995 : 0
 49992	 50003 : 0
 50000	 50011 : 0
 50008	 50015 : 0
 50012	 50019 : 0
 50016	 50027 : 0
 50024	 50031 : 0
 50028	 50103 : 0
 50100	 50119 : 0
 50116	 50515 : 0
 50512	 50527 : 1
 50524	 50531 : 0
 50528	 50551 : 0
 50548	 50587 : 0
 50584	 50595 : 0
 50592	 50655 : 0
 50652	 50691 : 0
 50688	 50775 : 0
 50772	 50783 : 0
 50780	 50843 : 0
 50840	 50851 : 0
 50848	 50995 : 0
 50992	 51003 : 0
 51000	 51227 : 0
 51224	 51239 : 0
 51236	 51339 : 0
 51336	 51351 : 0
 51348	 51459 : 0
 51456	 51463 : 1
 51460	 51507 : 0
 51504	 51515 : 1
 51512	 51551 : 0
 51548	 51555 : 0
 51552	 51575 : 0
 51572	 51583 : 0
 51580	 51615 : 0
 51612	 51623 : 1
 51620	 51675 : 0
 51672	 51679 : 1
 51676	 51723 : 0
 51720	 51727 : 1
 51724	 51883 : 0
 51880	 51891 : 0
 51888	 51907 : 0
 51904	 51915 : 0
 51912	 51919 : 0
 51916	 51935 : 0
 51932	 52047 : 0
 52044	 52055 : 0
 52052	 52067 : 0
 52064	 52095 : 0
 52092	 52107 : 0
 52104	 52127 : 0
 52124	 52143 : 0
 52140	 52151 : 0
 52148	 52167 : 0
 52164	 52191 : 0
 52188	 52223 : 0
 52220	 52227 : 0
 52224	 52251 : 0
 52248	 52299 : 0
 52296	 52307 : 0
 52304	 52359 : 0
 52356	 52379 : 0
 52376	 52387 : 0
 52384	 52391 : 0
 52388	 52395 : 0
 52392	 52407 : 0
 52404	 52419 : 0
 52416	 52519 : 0
 52516	 52523 : 0
 52520	 52611 : 0
 52608	 52643 : 0
 52640	 52651 : 0
 52648	 52655 : 0
 52652	 52659 : 0
 52656	 52687 : 0
 52684	 52711 : 0
 52708	 52727 : 0
 52724	 52731 : 0
 52728	 52751 : 0
 52748	 52755 : 0
 52752	 52763 : 1
 52760	 52771 : 0
 52768	 52775 : 0
 52772	 52787 : 0
 52784	 52811 : 0
 52808	 52827 : 0
 52824	 52831 : 0
 52828	 52843 : 0
 52840	 52879 : 0
 52876	 52883 : 0
 52880	 52915 : 0
 52912	 52919 : 0
 52916	 52935 : 0
 52932	 52947 : 0
 52944	 53087 : 0
 53084	 53091 : 0
 53088	 53119 : 0
 53116	 53127 : 0
 53124	 53151 : 0
 53148	 53167 : 0
 53164	 53175 : 0
 53172	 53239 : 0
 53236	 53259 : 0
 53256	 53263 : 0
 53260	 53323 : 0
 53320	 53331 : 0
 53328	 53347 : 0
 53344	 53359 : 0
 53356	 53371 : 0
 53368	 53375 : 0
 53372	 53399 : 0
 53396	 53419 : 0
 53416	 53431 : 0
 53428	 53487 : 0
 53484	 53499 : 0
 53496	 53503 : 0
 53500	 53507 : 0
 53504	 53511 : 0
 53508	 53539 : 0
 53536	 53567 : 0
 53564	 53571 : 0
 53568	 53575 : 0
 53572	 53583 : 0
 53580	 53595 : 0
 53592	 53651 : 0
 53648	 53667 : 0
 53664	 53671 : 1
 53668	 53679 : 0
 53676	 53683 : 0
 53680	 53747 : 0
 53744	 53755 : 1
 53752	 53803 : 0
 53800	 53855 : 1
 53852	 53859 : 0
 53856	 53867 : 0
 53864	 53875 : 0
 53872	 53883 : 0
 53880	 53943 : 0
 53940	 53951 : 1
 53948	 53959 : 0
 53956	 53963 : 0
 53960	 54003 : 0
 54000	 54007 : 0
 54004	 54019 : 0
 54016	 54027 : 0
 54024	 54047 : 0
 54044	 54075 : 0
 54072	 54079 : 0
 54076	 54139 : 0
 54136	 54147 : 0
 54144	 54171 : 0
 54168	 54175 : 0
 54172	 54259 : 0
 54256	 54267 : 0
 54264	 54395 : 0
 54392	 54735 : 0
 54732	 54739 : 0
 54736	 54775 : 0
 54772	 54783 : 0
 54780	 54787 : 0
 54784	 54791 : 0
 54788	 54819 : 0
 54816	 54823 : 0
 54820	 54835 : 0
 54832	 54839 : 0
 54836	 54863 : 0
 54860	 54871 : 0
 54868	 55115 : 0
 55112	 55175 : 0
