     0	    55 : 0
    52	   115 : 0
   112	   187 : 0
   184	   255 : 0
   252	   259 : 0
   256	   295 : 0
   292	   367 : 0
   364	   483 : 0
   480	   515 : 0
   512	   523 : 0
   520	   527 : 1
   524	   591 : 0
   588	   599 : 0
   596	   619 : 0
   616	   667 : 0
   664	   751 : 0
   748	   903 : 1
   900	   919 : 0
   916	   923 : 0
   920	   939 : 0
   936	   987 : 0
   984	  1019 : 0
  1016	  1027 : 0
  1024	  1031 : 0
  1028	  1035 : 0
  1032	  1039 : 0
  1036	  1043 : 0
  1040	  1059 : 0
  1056	  1071 : 0
  1068	  1087 : 0
  1084	  1095 : 0
  1092	  1107 : 0
  1104	  1111 : 0
  1108	  1175 : 0
  1172	  1179 : 0
  1176	  1183 : 0
  1180	  1267 : 0
  1264	  1283 : 0
  1280	  1299 : 0
  1296	  1343 : 0
  1340	  1363 : 0
  1360	  1367 : 0
  1364	  1371 : 0
  1368	  1431 : 0
  1428	  1435 : 0
  1432	  1467 : 0
  1464	  1475 : 1
  1472	  1503 : 0
  1500	  1507 : 0
  1504	  1511 : 0
  1508	  1515 : 0
  1512	  1519 : 0
  1516	  1563 : 1
  1560	  1575 : 0
  1572	  1599 : 0
  1596	  1647 : 0
  1644	  1651 : 0
  1648	  1679 : 0
  1676	  1683 : 0
  1680	  1763 : 0
  1760	  1771 : 0
  1768	  1775 : 0
  1772	  1787 : 0
  1784	  1819 : 0
  1816	  1827 : 0
  1824	  1831 : 0
  1828	  1939 : 0
  1936	  2023 : 0
  2020	  2027 : 0
  2024	  2123 : 0
  2120	  2131 : 0
  2128	  2135 : 0
  2132	  2139 : 0
  2136	  2147 : 0
  2144	  2155 : 0
  2152	  2159 : 0
  2156	  2163 : 0
  2160	  2167 : 0
  2164	  2211 : 0
  2208	  2231 : 0
  2228	  2235 : 0
  2232	  2251 : 0
  2248	  2267 : 0
  2264	  2279 : 0
  2276	  2295 : 0
  2292	  2311 : 0
  2308	  2343 : 0
  2340	  2355 : 0
  2352	  2507 : 0
  2504	  2511 : 0
  2508	  2523 : 0
  2520	  2531 : 0
  2528	  2535 : 1
  2532	  2691 : 0
  2688	  2703 : 0
  2700	  2715 : 0
  2712	  2739 : 0
  2736	  2743 : 0
  2740	  2751 : 0
  2748	  2759 : 0
  2756	  2791 : 0
  2788	  2811 : 0
  2808	  2815 : 0
  2812	  2839 : 0
  2836	  2871 : 0
  2868	  2903 : 0
  2900	  2947 : 0
  2944	  2963 : 0
  2960	  3035 : 0
  3032	  3039 : 0
  3036	  3043 : 1
  3040	  3059 : 0
  3056	  3083 : 0
  3080	  3087 : 0
  3084	  3091 : 0
  3088	  3099 : 0
  3096	  3103 : 0
  3100	  3111 : 0
  3108	  3127 : 0
  3124	  3159 : 0
  3156	  3163 : 0
  3160	  3215 : 0
  3212	  3283 : 0
  3280	  3291 : 0
  3288	  3323 : 0
  3320	  3331 : 0
  3328	  3371 : 0
  3368	  3379 : 0
  3376	  3455 : 0
  3452	  3459 : 0
  3456	  3471 : 0
  3468	  3503 : 0
  3500	  3511 : 0
  3508	  3543 : 0
  3540	  3547 : 0
  3544	  3759 : 0
  3756	  3791 : 0
  3788	  3811 : 0
  3808	  3827 : 0
  3824	  3839 : 0
  3836	  3851 : 0
  3848	  3855 : 0
  3852	  3895 : 0
  3892	  3899 : 0
  3896	  3979 : 0
  3976	  3983 : 0
  3980	  3987 : 1
  3984	  3991 : 0
  3988	  3995 : 0
  3992	  3999 : 0
  3996	  4003 : 0
  4000	  4011 : 0
  4008	  4019 : 0
  4016	  4135 : 0
  4132	  4139 : 1
  4136	  4171 : 0
  4168	  4199 : 0
  4196	  4235 : 0
  4232	  4247 : 0
  4244	  4255 : 0
  4252	  4259 : 0
  4256	  4271 : 0
  4268	  4275 : 0
  4272	  4279 : 0
  4276	  4295 : 0
  4292	  4375 : 0
  4372	  4379 : 1
  4376	  4439 : 0
  4436	  4443 : 0
  4440	  4451 : 0
  4448	  4459 : 0
  4456	  4463 : 0
  4460	  4475 : 0
  4472	  4479 : 0
  4476	  4499 : 0
  4496	  4507 : 0
  4504	  4523 : 0
  4520	  4527 : 0
  4524	  4531 : 1
  4528	  4543 : 0
  4540	  4635 : 0
  4632	  4671 : 0
  4668	  4695 : 0
  4692	  4715 : 0
  4712	  4719 : 0
  4716	  4903 : 0
  4900	  4907 : 1
  4904	  4975 : 0
  4972	  5011 : 0
  5008	  5095 : 0
  5092	  5107 : 0
  5104	  5111 : 0
  5108	  5127 : 0
  5124	  5135 : 0
  5132	  5155 : 0
  5152	  5179 : 0
  5176	  5395 : 1
  5392	  5643 : 0
  5640	  5647 : 0
  5644	  5651 : 0
  5648	  5919 : 0
  5916	  5927 : 0
  5924	  5935 : 0
  5932	  5939 : 0
  5936	  5951 : 0
  5948	  5959 : 0
  5956	  5967 : 0
  5964	  5971 : 0
  5968	  5975 : 0
  5972	  6183 : 0
  6180	  6243 : 0
  6240	  6247 : 0
  6244	  6251 : 1
  6248	  6379 : 0
  6376	  6383 : 1
  6380	  6395 : 0
  6392	  6419 : 0
  6416	  6423 : 0
  6420	  6427 : 0
  6424	  6431 : 0
  6428	  6435 : 0
  6432	  6563 : 0
  6560	  6567 : 0
  6564	  6571 : 0
  6568	  6583 : 0
  6580	  6595 : 0
  6592	  6611 : 0
  6608	  6711 : 0
  6708	  6743 : 0
  6740	  6771 : 0
  6768	  6815 : 0
  6812	  6955 : 0
  6952	  6959 : 0
  6956	  6967 : 0
  6964	  6999 : 0
  6996	  7015 : 0
  7012	  7023 : 0
  7020	  7047 : 0
  7044	  7059 : 0
  7056	  7099 : 0
  7096	  7135 : 0
  7132	  7199 : 0
  7196	  7599 : 1
