     0	   115 : 0
   112	   275 : 0
   272	   283 : 1
   280	   371 : 0
   368	   379 : 1
   376	   439 : 0
   436	   443 : 1
   440	   471 : 0
   468	   479 : 1
   476	   567 : 0
   564	   583 : 0
   580	   607 : 0
   604	   619 : 0
   616	   623 : 0
   620	   643 : 0
   640	   647 : 0
   644	   651 : 2
   648	   655 : 1
   652	   659 : 0
   656	   683 : 0
   680	   695 : 0
   692	   699 : 0
   696	   715 : 0
   712	   735 : 1
   732	   779 : 0
   776	   855 : 0
   852	   895 : 0
   892	   951 : 0
   948	   999 : 0
   996	  1003 : 1
  1000	  1007 : 0
  1004	  1015 : 0
  1012	  1023 : 0
  1020	  1027 : 0
  1024	  1035 : 0
  1032	  1051 : 0
  1048	  1099 : 0
  1096	  1171 : 1
  1168	  1243 : 0
  1240	  1251 : 1
  1248	  1307 : 0
  1304	  1331 : 0
  1328	  1339 : 0
  1336	  1363 : 1
  1360	  1367 : 0
  1364	  1375 : 1
  1372	  1379 : 0
  1376	  1387 : 0
  1384	  1407 : 0
  1404	  1415 : 1
  1412	  1439 : 0
  1436	  1459 : 1
  1456	  1471 : 0
  1468	  1479 : 1
  1476	  1555 : 0
  1552	  1559 : 1
  1556	  1591 : 0
  1588	  1599 : 1
  1596	  1647 : 0
  1644	  1675 : 1
  1672	  1679 : 0
  1676	  1695 : 0
  1692	  1715 : 0
  1712	  1759 : 1
  1756	  1767 : 0
  1764	  1775 : 0
  1772	  1783 : 0
  1780	  1791 : 1
  1788	  1811 : 0
  1808	  1815 : 0
  1812	  1819 : 0
  1816	  1859 : 0
  1856	  1867 : 0
  1864	  1871 : 0
  1868	  1875 : 0
  1872	  1879 : 1
  1876	  1895 : 0
  1892	  1899 : 1
  1896	  1951 : 0
  1948	  1959 : 1
  1956	  2079 : 0
  2076	  2095 : 1
  2092	  2099 : 0
  2096	  2111 : 0
  2108	  2119 : 0
  2116	  2123 : 0
  2120	  2127 : 0
  2124	  2131 : 1
  2128	  2251 : 0
  2248	  2259 : 1
  2256	  2291 : 0
  2288	  2303 : 0
  2300	  2359 : 0
  2356	  2363 : 1
  2360	  2443 : 0
  2440	  2451 : 1
  2448	  2503 : 0
  2500	  2511 : 1
  2508	  2559 : 0
  2556	  2563 : 1
  2560	  2583 : 0
  2580	  2587 : 0
  2584	  2599 : 0
  2596	  2615 : 0
  2612	  2707 : 0
  2704	  2711 : 1
  2708	  2715 : 0
  2712	  2771 : 0
  2768	  2819 : 0
  2816	  2835 : 0
  2832	  2839 : 0
  2836	  2847 : 1
  2844	  2931 : 0
  2928	  2939 : 0
  2936	  2991 : 0
  2988	  3023 : 0
  3020	  3127 : 0
  3124	  3135 : 1
  3132	  3139 : 0
  3136	  3143 : 0
  3140	  3151 : 0
  3148	  3155 : 0
  3152	  3163 : 0
  3160	  3179 : 0
  3176	  3291 : 0
  3288	  3295 : 1
  3292	  3551 : 0
  3548	  3559 : 1
  3556	  3615 : 0
  3612	  3623 : 1
  3620	  3635 : 0
  3632	  3639 : 0
  3636	  3651 : 0
  3648	  3667 : 1
  3664	  3675 : 0
  3672	  3691 : 0
  3688	  3711 : 0
  3708	  3719 : 0
  3716	  3723 : 0
  3720	  3735 : 0
  3732	  3739 : 0
  3736	  3747 : 0
  3744	  3775 : 0
  3772	  3779 : 1
  3776	  3871 : 0
  3868	  3879 : 1
  3876	  3883 : 0
  3880	  3923 : 0
  3920	  3951 : 0
  3948	  3963 : 0
  3960	  3967 : 0
  3964	  3971 : 0
  3968	  3991 : 0
  3988	  3999 : 1
  3996	  4003 : 0
  4000	  4015 : 1
  4012	  4099 : 0
  4096	  4103 : 0
  4100	  4191 : 0
  4188	  4211 : 1
  4208	  4243 : 0
  4240	  4247 : 1
  4244	  4315 : 0
  4312	  4327 : 1
  4324	  4331 : 0
  4328	  4351 : 0
  4348	  4407 : 0
  4404	  4435 : 1
  4432	  4475 : 0
  4472	  4483 : 0
  4480	  4491 : 0
  4488	  4499 : 0
  4496	  4507 : 0
  4504	  4511 : 0
  4508	  4519 : 0
  4516	  4527 : 1
  4524	  4595 : 0
  4592	  4599 : 1
  4596	  4623 : 0
  4620	  4631 : 0
  4628	  4723 : 0
  4720	  4727 : 1
  4724	  4735 : 0
  4732	  4747 : 0
  4744	  4783 : 0
  4780	  4787 : 0
  4784	  4823 : 0
  4820	  4887 : 1
  4884	  4903 : 0
  4900	  4935 : 0
  4932	  4955 : 0
  4952	  4963 : 0
  4960	  4971 : 0
  4968	  4975 : 0
  4972	  4983 : 0
  4980	  4991 : 0
  4988	  4995 : 0
  4992	  4999 : 1
  4996	  5043 : 0
  5040	  5059 : 1
  5056	  5063 : 0
  5060	  5087 : 0
  5084	  5171 : 0
  5168	  5179 : 1
  5176	  5191 : 0
  5188	  5211 : 0
  5208	  5227 : 0
  5224	  5235 : 1
  5232	  5423 : 0
  5420	  5427 : 1
  5424	  5475 : 0
  5472	  5483 : 0
  5480	  5491 : 0
  5488	  5495 : 1
  5492	  5579 : 0
  5576	  5583 : 1
  5580	  5751 : 0
  5748	  5839 : 1
  5836	  5847 : 0
  5844	  5851 : 0
  5848	  5923 : 0
  5920	  5943 : 1
  5940	  5947 : 0
  5944	  5955 : 0
  5952	  5963 : 0
  5960	  5971 : 1
  5968	  6023 : 0
  6020	  6055 : 0
  6052	  6059 : 0
  6056	  6063 : 1
  6060	  6067 : 0
  6064	  6071 : 0
  6068	  6075 : 0
  6072	  6095 : 0
  6092	  6135 : 0
  6132	  6143 : 1
  6140	  6167 : 0
  6164	  6175 : 1
  6172	  6235 : 0
  6232	  6251 : 0
  6248	  6259 : 0
  6256	  6267 : 1
  6264	  6295 : 0
  6292	  6299 : 1
  6296	  6315 : 0
  6312	  6323 : 1
  6320	  6343 : 0
  6340	  6355 : 0
  6352	  6363 : 0
  6360	  6367 : 1
  6364	  6403 : 0
  6400	  6503 : 1
  6500	  6531 : 0
  6528	  6535 : 1
  6532	  6591 : 0
  6588	  6615 : 1
  6612	  6631 : 0
  6628	  6639 : 0
  6636	  6643 : 0
  6640	  6647 : 1
  6644	  6723 : 0
  6720	  6731 : 1
  6728	  6859 : 0
  6856	  6863 : 0
  6860	  6883 : 0
  6880	  6887 : 0
  6884	  6911 : 0
  6908	  7171 : 0
