     0	    91 : 0
    88	   135 : 0
   132	   139 : 0
   136	   159 : 0
   156	   163 : 0
   160	   199 : 0
   196	   239 : 0
   236	   291 : 0
   288	   307 : 0
   304	   399 : 0
   396	   435 : 0
   432	   447 : 0
   444	   467 : 0
   464	   667 : 0
   664	   691 : 0
   688	   707 : 0
   704	   715 : 0
   712	   739 : 0
   736	   755 : 0
   752	   775 : 0
   772	   783 : 0
   780	   791 : 0
   788	   799 : 0
   796	   811 : 0
   808	   827 : 0
   824	   835 : 0
   832	   851 : 0
   848	   855 : 0
   852	   871 : 0
   868	   887 : 0
   884	   927 : 0
   924	   939 : 0
   936	   951 : 0
   948	  1015 : 0
  1012	  1019 : 0
  1016	  1047 : 0
  1044	  1051 : 0
  1048	  1059 : 0
  1056	  1063 : 0
  1060	  1067 : 0
  1064	  1143 : 0
  1140	  1155 : 0
  1152	  1175 : 0
  1172	  1183 : 0
  1180	  1215 : 0
  1212	  1231 : 0
  1228	  1251 : 0
  1248	  1279 : 0
  1276	  1299 : 0
  1296	  1311 : 0
  1308	  1327 : 0
  1324	  1347 : 0
  1344	  1359 : 0
  1356	  1363 : 0
  1360	  1367 : 0
  1364	  1375 : 0
  1372	  1395 : 0
  1392	  1419 : 0
  1416	  1487 : 0
  1484	  1503 : 0
  1500	  1551 : 0
  1548	  1559 : 0
  1556	  1563 : 0
  1560	  1567 : 0
  1564	  1615 : 0
  1612	  1671 : 0
  1668	  1679 : 0
  1676	  1783 : 0
  1780	  1787 : 0
  1784	  1839 : 0
  1836	  1855 : 0
  1852	  1875 : 0
  1872	  1879 : 0
  1876	  1903 : 0
  1900	  1911 : 0
  1908	  1919 : 0
  1916	  1927 : 0
  1924	  1939 : 0
  1936	  1947 : 0
  1944	  2003 : 0
  2000	  2011 : 0
  2008	  2027 : 0
  2024	  2043 : 0
  2040	  2115 : 0
  2112	  2119 : 0
  2116	  2127 : 0
  2124	  2131 : 0
  2128	  2135 : 0
  2132	  2143 : 0
  2140	  2155 : 0
  2152	  2163 : 0
  2160	  2195 : 0
  2192	  2199 : 0
  2196	  2283 : 0
  2280	  2287 : 0
  2284	  2299 : 0
  2296	  2303 : 0
  2300	  2307 : 0
  2304	  2311 : 0
  2308	  2403 : 0
  2400	  2467 : 0
  2464	  2479 : 0
  2476	  2507 : 0
  2504	  2843 : 0
  2840	  2855 : 0
  2852	  2859 : 0
  2856	  2871 : 0
  2868	  2983 : 0
  2980	  2987 : 0
  2984	  3067 : 0
  3064	  3075 : 0
  3072	  3103 : 0
  3100	  3123 : 0
  3120	  3139 : 0
  3136	  3159 : 0
  3156	  3179 : 0
  3176	  3331 : 0
  3328	  3339 : 0
  3336	  3363 : 0
  3360	  3371 : 0
  3368	  3383 : 0
  3380	  3391 : 0
  3388	  3415 : 0
  3412	  3451 : 0
  3448	  3483 : 0
  3480	  3563 : 0
  3560	  3567 : 0
  3564	  3627 : 0
  3624	  3635 : 0
  3632	  3647 : 0
  3644	  3655 : 0
  3652	  3667 : 0
  3664	  3683 : 0
  3680	  3755 : 0
  3752	  3763 : 0
  3760	  3771 : 0
  3768	  3775 : 0
  3772	  3799 : 0
  3796	  3843 : 0
  3840	  3851 : 0
  3848	  3859 : 0
  3856	  3867 : 0
  3864	  3875 : 0
  3872	  4039 : 0
  4036	  4055 : 0
  4052	  4095 : 0
  4092	  4163 : 0
  4160	  4171 : 0
  4168	  4179 : 0
  4176	  4183 : 0
  4180	  4235 : 0
  4232	  4251 : 0
  4248	  4255 : 0
  4252	  4267 : 0
  4264	  4399 : 0
  4396	  4415 : 0
  4412	  4427 : 0
  4424	  4435 : 0
  4432	  4443 : 0
  4440	  4447 : 0
  4444	  4459 : 0
  4456	  4475 : 0
  4472	  4479 : 0
  4476	  4491 : 0
  4488	  4507 : 0
  4504	  4547 : 0
  4544	  4551 : 0
  4548	  4563 : 0
  4560	  4567 : 0
  4564	  4583 : 0
  4580	  4627 : 0
  4624	  4667 : 0
  4664	  4831 : 0
  4828	  4883 : 0
  4880	  4891 : 0
  4888	  4971 : 0
  4968	  4987 : 0
  4984	  5007 : 0
  5004	  5027 : 0
  5024	  5047 : 0
  5044	  5251 : 0
  5248	  5259 : 0
  5256	  5331 : 0
  5328	  5335 : 0
  5332	  5423 : 0
  5420	  5443 : 0
  5440	  5451 : 0
  5448	  5475 : 0
  5472	  5507 : 0
  5504	  5527 : 0
  5524	  5531 : 0
  5528	  5535 : 0
  5532	  5547 : 0
  5544	  5551 : 0
  5548	  5579 : 0
  5576	  5603 : 0
  5600	  5615 : 0
  5612	  5619 : 0
  5616	  5655 : 0
  5652	  5663 : 0
  5660	  5667 : 0
  5664	  5683 : 0
  5680	  5695 : 0
  5692	  5763 : 0
  5760	  5771 : 0
  5768	  5779 : 0
  5776	  5787 : 1
  5784	  5875 : 0
  5872	  5903 : 0
  5900	  5919 : 0
  5916	  5931 : 0
  5928	  5935 : 0
  5932	  5943 : 0
  5940	  5947 : 0
  5944	  5955 : 0
  5952	  5963 : 0
  5960	  5995 : 0
  5992	  5999 : 0
  5996	  6047 : 0
  6044	  6051 : 0
  6048	  6175 : 0
  6172	  6187 : 0
  6184	  6263 : 0
  6260	  6275 : 0
  6272	  6279 : 0
  6276	  6283 : 0
  6280	  6287 : 0
  6284	  6351 : 0
  6348	  6363 : 0
  6360	  6367 : 0
  6364	  6375 : 0
  6372	  6407 : 0
  6404	  6411 : 0
  6408	  6427 : 0
  6424	  6431 : 0
  6428	  6443 : 0
  6440	  6463 : 0
  6460	  6507 : 0
  6504	  6515 : 0
  6512	  6527 : 0
  6524	  6559 : 0
  6556	  6699 : 0
  6696	  6703 : 0
  6700	  6707 : 0
  6704	  6711 : 0
  6708	  6723 : 0
  6720	  6727 : 0
  6724	  6783 : 0
  6780	  6787 : 0
  6784	  6823 : 0
  6820	  6851 : 0
  6848	  6867 : 0
  6864	  6875 : 0
  6872	  6879 : 0
  6876	  6887 : 0
  6884	  6915 : 0
  6912	  6919 : 0
  6916	  6923 : 0
  6920	  6927 : 0
  6924	  6963 : 0
  6960	  6975 : 0
  6972	  6987 : 0
  6984	  6999 : 0
  6996	  7003 : 0
  7000	  7015 : 0
  7012	  7019 : 0
  7016	  7055 : 0
  7052	  7075 : 0
  7072	  7079 : 0
  7076	  7083 : 0
  7080	  7167 : 0
  7164	  7171 : 0
  7168	  7299 : 0
  7296	  7335 : 0
  7332	  7359 : 0
  7356	  7407 : 0
  7404	  7423 : 0
  7420	  7443 : 0
  7440	  7451 : 0
  7448	  7459 : 0
  7456	  7463 : 0
  7460	  7475 : 0
  7472	  7507 : 0
  7504	  7515 : 0
  7512	  7519 : 0
  7516	  7527 : 0
  7524	  7531 : 0
  7528	  7539 : 0
  7536	  7547 : 0
  7544	  7563 : 0
  7560	  7571 : 0
  7568	  7599 : 0
  7596	  7631 : 0
  7628	  7647 : 0
  7644	  7703 : 0
  7700	  7723 : 0
  7720	  7767 : 0
  7764	  7783 : 0
  7780	  7787 : 0
  7784	  7835 : 0
  7832	  7855 : 0
  7852	  7859 : 0
  7856	  7867 : 0
  7864	  7895 : 0
  7892	  7907 : 0
  7904	  7939 : 0
  7936	  7943 : 0
  7940	  7959 : 0
  7956	  7963 : 0
  7960	  7999 : 0
  7996	  8015 : 0
  8012	  8019 : 0
  8016	  8039 : 0
  8036	  8047 : 0
  8044	  8063 : 0
  8060	  8075 : 0
  8072	  8087 : 0
  8084	  8123 : 0
  8120	  8127 : 0
  8124	  8147 : 0
  8144	  8159 : 0
  8156	  8179 : 0
  8176	  8199 : 0
  8196	  8223 : 0
  8220	  8263 : 0
  8260	  8295 : 0
  8292	  8315 : 1
  8312	  8319 : 0
  8316	  8327 : 0
  8324	  8347 : 0
  8344	  8371 : 0
  8368	  8479 : 0
  8476	  8499 : 0
  8496	  8591 : 0
  8588	  8595 : 1
  8592	  8599 : 0
  8596	  8655 : 0
  8652	  8703 : 0
  8700	  8715 : 0
  8712	  8783 : 0
  8780	  8795 : 0
  8792	  8803 : 0
  8800	  8811 : 0
  8808	  8815 : 0
  8812	  8839 : 0
  8836	  8875 : 0
  8872	  8879 : 0
  8876	  8895 : 0
  8892	  8903 : 0
  8900	  8915 : 0
  8912	  8919 : 0
  8916	  8943 : 0
  8940	  8947 : 0
  8944	  8999 : 0
  8996	  9011 : 0
  9008	  9019 : 0
  9016	  9039 : 0
  9036	  9051 : 0
  9048	  9067 : 0
  9064	  9087 : 0
  9084	  9095 : 0
  9092	  9139 : 0
  9136	  9147 : 0
  9144	  9163 : 0
  9160	  9175 : 0
  9172	  9187 : 0
  9184	  9199 : 0
  9196	  9283 : 0
  9280	  9339 : 0
  9336	  9347 : 0
  9344	  9355 : 0
  9352	  9363 : 0
  9360	  9367 : 0
  9364	  9375 : 0
  9372	  9379 : 0
  9376	  9387 : 0
  9384	  9395 : 0
  9392	  9439 : 0
  9436	  9455 : 0
  9452	  9467 : 0
  9464	  9479 : 0
  9476	  9483 : 0
  9480	  9503 : 0
  9500	  9507 : 0
  9504	  9511 : 0
  9508	  9523 : 0
  9520	  9535 : 0
  9532	  9579 : 0
  9576	  9623 : 0
  9620	  9627 : 0
  9624	  9631 : 0
  9628	  9639 : 0
  9636	  9651 : 0
  9648	  9675 : 0
  9672	  9691 : 0
  9688	  9707 : 0
  9704	  9719 : 0
  9716	  9723 : 0
  9720	  9739 : 0
  9736	  9743 : 0
  9740	  9747 : 0
  9744	  9771 : 0
  9768	  9783 : 0
  9780	 10039 : 0
 10036	 10043 : 0
 10040	 10139 : 0
 10136	 10143 : 0
 10140	 10171 : 0
 10168	 10175 : 0
 10172	 10183 : 0
 10180	 10195 : 0
 10192	 10223 : 0
 10220	 10227 : 0
 10224	 10235 : 0
 10232	 10247 : 0
 10244	 10267 : 0
 10264	 10271 : 0
 10268	 10359 : 0
 10356	 10371 : 0
 10368	 10467 : 0
 10464	 10471 : 0
 10468	 10543 : 0
 10540	 10547 : 0
 10544	 10563 : 0
 10560	 10583 : 0
 10580	 10595 : 0
 10592	 10603 : 0
 10600	 10607 : 0
 10604	 10615 : 0
 10612	 10619 : 0
 10616	 10623 : 0
 10620	 10647 : 0
 10644	 10651 : 0
 10648	 10667 : 0
 10664	 10675 : 0
 10672	 10691 : 0
 10688	 10703 : 0
 10700	 10711 : 0
 10708	 10731 : 0
 10728	 10799 : 0
 10796	 10803 : 0
 10800	 10823 : 0
 10820	 10831 : 0
 10828	 10871 : 0
 10868	 10883 : 0
 10880	 10891 : 0
 10888	 10895 : 0
 10892	 10903 : 0
 10900	 10939 : 0
 10936	 10955 : 0
 10952	 11007 : 0
 11004	 11119 : 0
 11116	 11135 : 0
 11132	 11147 : 0
 11144	 11151 : 0
 11148	 11231 : 0
 11228	 11235 : 0
 11232	 11251 : 0
 11248	 11255 : 0
 11252	 11275 : 0
 11272	 11287 : 0
 11284	 11291 : 0
 11288	 11315 : 0
 11312	 11319 : 0
 11316	 11327 : 0
 11324	 11335 : 0
 11332	 11383 : 0
 11380	 11435 : 0
 11432	 11451 : 0
 11448	 11487 : 0
 11484	 11491 : 0
 11488	 11507 : 0
 11504	 11511 : 0
 11508	 11519 : 0
 11516	 11535 : 0
 11532	 11559 : 0
 11556	 11563 : 0
 11560	 11595 : 0
 11592	 11607 : 0
 11604	 11623 : 0
 11620	 11663 : 0
 11660	 11667 : 0
 11664	 11683 : 0
 11680	 11699 : 0
 11696	 11703 : 0
 11700	 11711 : 0
 11708	 11779 : 0
 11776	 11811 : 0
 11808	 11851 : 0
 11848	 11867 : 0
 11864	 11871 : 0
 11868	 11891 : 0
 11888	 11939 : 0
 11936	 11947 : 0
 11944	 11955 : 0
 11952	 12007 : 0
 12004	 12027 : 0
 12024	 12043 : 0
 12040	 12051 : 0
 12048	 12063 : 0
 12060	 12079 : 0
 12076	 12083 : 0
 12080	 12091 : 0
 12088	 12107 : 0
 12104	 12135 : 0
 12132	 12139 : 0
 12136	 12183 : 0
 12180	 12211 : 0
 12208	 12219 : 0
 12216	 12419 : 0
 12416	 12451 : 0
 12448	 12523 : 0
 12520	 12527 : 0
 12524	 12571 : 0
 12568	 12599 : 0
 12596	 12691 : 0
 12688	 12719 : 0
 12716	 12787 : 0
 12784	 12815 : 0
 12812	 12891 : 0
 12888	 12903 : 0
 12900	 12915 : 0
 12912	 13099 : 0
 13096	 13115 : 0
 13112	 13139 : 0
 13136	 13143 : 0
 13140	 13175 : 0
 13172	 13179 : 0
 13176	 13195 : 0
 13192	 13431 : 0
 13428	 13439 : 1
 13436	 13463 : 0
 13460	 13467 : 0
 13464	 13471 : 0
 13468	 13479 : 0
 13476	 13555 : 0
 13552	 13563 : 0
 13560	 13687 : 0
 13684	 13727 : 0
 13724	 13731 : 0
 13728	 13739 : 0
 13736	 13743 : 0
 13740	 13763 : 0
 13760	 13787 : 0
 13784	 13799 : 0
 13796	 13847 : 0
 13844	 13855 : 0
 13852	 13879 : 0
 13876	 13883 : 0
 13880	 13891 : 0
 13888	 13907 : 0
 13904	 13947 : 0
 13944	 13959 : 0
 13956	 13963 : 0
 13960	 13967 : 0
 13964	 13979 : 0
 13976	 13983 : 0
 13980	 13995 : 0
 13992	 14003 : 0
 14000	 14007 : 0
 14004	 14015 : 0
 14012	 14039 : 0
 14036	 14051 : 0
 14048	 14059 : 0
 14056	 14103 : 0
 14100	 14115 : 0
 14112	 14147 : 0
 14144	 14151 : 0
 14148	 14179 : 0
 14176	 14183 : 0
 14180	 14227 : 0
 14224	 14263 : 0
 14260	 14271 : 0
 14268	 14275 : 0
 14272	 14279 : 0
 14276	 14287 : 0
 14284	 14291 : 0
 14288	 14419 : 0
 14416	 14423 : 0
 14420	 14447 : 0
 14444	 14479 : 0
 14476	 14567 : 0
 14564	 14571 : 0
 14568	 14575 : 0
 14572	 14583 : 0
 14580	 14711 : 0
 14708	 14815 : 0
 14812	 14819 : 0
 14816	 14823 : 0
 14820	 14835 : 0
 14832	 14847 : 0
 14844	 14851 : 0
 14848	 15007 : 0
 15004	 15027 : 0
 15024	 15031 : 0
 15028	 15047 : 0
 15044	 15055 : 0
 15052	 15203 : 0
 15200	 15211 : 0
 15208	 15243 : 0
 15240	 15263 : 0
 15260	 15283 : 0
 15280	 15291 : 0
 15288	 15299 : 0
 15296	 15303 : 0
 15300	 15327 : 0
 15324	 15331 : 0
 15328	 15423 : 0
 15420	 15427 : 0
 15424	 15459 : 0
 15456	 15483 : 0
 15480	 15499 : 0
 15496	 15535 : 0
 15532	 15547 : 0
 15544	 15551 : 0
 15548	 15563 : 0
 15560	 15615 : 0
 15612	 15691 : 0
 15688	 15707 : 0
 15704	 15723 : 0
 15720	 15727 : 0
 15724	 15735 : 0
 15732	 15755 : 0
 15752	 15763 : 0
 15760	 15771 : 0
 15768	 15775 : 0
 15772	 15799 : 0
 15796	 15831 : 0
 15828	 15835 : 0
 15832	 15871 : 0
 15868	 15875 : 0
 15872	 15947 : 0
 15944	 15955 : 0
 15952	 16043 : 0
 16040	 16091 : 0
 16088	 16103 : 0
 16100	 16115 : 0
 16112	 16123 : 0
 16120	 16127 : 0
 16124	 16167 : 0
 16164	 16171 : 0
 16168	 16251 : 0
 16248	 16255 : 0
 16252	 16343 : 0
 16340	 16347 : 0
 16344	 16399 : 0
 16396	 16407 : 0
 16404	 16515 : 0
 16512	 16527 : 0
 16524	 16531 : 0
 16528	 16535 : 0
 16532	 16571 : 0
 16568	 16607 : 0
 16604	 16811 : 0
 16808	 16831 : 0
 16828	 16907 : 0
 16904	 16915 : 0
 16912	 16923 : 0
 16920	 16931 : 0
 16928	 16955 : 0
 16952	 16963 : 0
 16960	 16979 : 0
 16976	 16987 : 0
 16984	 17027 : 0
 17024	 17099 : 0
 17096	 17103 : 0
 17100	 17247 : 0
 17244	 17251 : 0
 17248	 17355 : 0
 17352	 17371 : 0
 17368	 17379 : 0
 17376	 17435 : 0
 17432	 17439 : 0
 17436	 17467 : 0
 17464	 17475 : 0
 17472	 17523 : 0
 17520	 17559 : 0
 17556	 17739 : 0
 17736	 17751 : 0
 17748	 17759 : 0
 17756	 17763 : 0
 17760	 17847 : 0
 17844	 17851 : 0
 17848	 17919 : 0
 17916	 17931 : 0
 17928	 18023 : 0
 18020	 18063 : 0
 18060	 18075 : 0
 18072	 18107 : 0
 18104	 18247 : 0
 18244	 18251 : 0
 18248	 18255 : 0
 18252	 18263 : 0
 18260	 18267 : 0
 18264	 18291 : 0
 18288	 18327 : 0
 18324	 18395 : 0
 18392	 18399 : 0
 18396	 18411 : 0
 18408	 18463 : 0
 18460	 18479 : 0
 18476	 18543 : 0
 18540	 18579 : 1
