     0	   199 : 0
   196	   667 : 0
   664	   675 : 0
   672	   967 : 0
   964	   971 : 0
   968	  1559 : 0
  1556	  1567 : 1
  1564	  1883 : 0
  1880	  1887 : 1
  1884	  1891 : 0
  1888	  2175 : 0
  2172	  2179 : 0
  2176	  2875 : 1
  2872	  2879 : 0
  2876	  2883 : 1
  2880	  3175 : 0
  3172	  3183 : 1
  3180	  3491 : 0
  3488	  3779 : 1
  3776	  3787 : 0
  3784	  3807 : 0
  3804	  3815 : 0
  3812	  3839 : 0
  3836	  4047 : 0
  4044	  4051 : 1
  4048	  4703 : 0
  4700	  4711 : 1
  4708	  5043 : 0
  5040	  5047 : 1
  5044	  5255 : 0
  5252	  5399 : 0
