     0	    71 : 0
    68	   631 : 0
   628	   719 : 1
   716	   763 : 0
   760	   779 : 1
   776	   783 : 0
   780	   807 : 1
   804	   823 : 0
   820	   831 : 0
   828	   843 : 0
   840	   851 : 1
   848	   867 : 0
   864	   871 : 0
   868	   875 : 0
   872	   883 : 1
   880	   891 : 0
   888	   907 : 0
   904	   931 : 0
   928	   935 : 1
   932	   959 : 0
   956	   963 : 0
   960	   975 : 0
   972	   983 : 1
   980	   987 : 0
   984	   999 : 0
   996	  1003 : 0
  1000	  1015 : 0
  1012	  1023 : 0
  1020	  1035 : 1
  1032	  1043 : 0
  1040	  1075 : 0
  1072	  1083 : 0
  1080	  1095 : 1
  1092	  1139 : 0
  1136	  1147 : 1
  1144	  1183 : 0
  1180	  1187 : 1
  1184	  1223 : 0
  1220	  1231 : 1
  1228	  1267 : 0
  1264	  1275 : 1
  1272	  1311 : 0
  1308	  1327 : 1
  1324	  1363 : 0
  1360	  1367 : 1
  1364	  1371 : 0
  1368	  1419 : 0
  1416	  1423 : 0
  1420	  1427 : 1
  1424	  1467 : 0
  1464	  1503 : 1
  1500	  1515 : 0
  1512	  1519 : 1
  1516	  1559 : 0
  1556	  1567 : 1
  1564	  1591 : 0
  1588	  1599 : 1
  1596	  1635 : 0
  1632	  1643 : 1
  1640	  1727 : 0
  1724	  1763 : 1
  1760	  1799 : 0
  1796	  1803 : 1
  1800	  1839 : 0
  1836	  1847 : 0
  1844	  1879 : 0
  1876	  1883 : 1
  1880	  1923 : 0
  1920	  1927 : 1
  1924	  1943 : 0
  1940	  1947 : 0
  1944	  1971 : 0
  1968	  1979 : 1
  1976	  2031 : 0
  2028	  2039 : 1
  2036	  2095 : 0
  2092	  2099 : 1
  2096	  2187 : 0
  2184	  2231 : 1
  2228	  2271 : 0
  2268	  2275 : 1
  2272	  2303 : 0
  2300	  2311 : 1
  2308	  2383 : 0
  2380	  2387 : 0
  2384	  2403 : 0
  2400	  2411 : 1
  2408	  2463 : 0
  2460	  2467 : 1
  2464	  2479 : 0
  2476	  2483 : 0
  2480	  2491 : 0
  2488	  2519 : 0
  2516	  2583 : 0
  2580	  2591 : 1
  2588	  2619 : 0
  2616	  2623 : 0
  2620	  2639 : 0
  2636	  2647 : 1
  2644	  2655 : 0
  2652	  2675 : 0
  2672	  2763 : 0
  2760	  3135 : 1
  3132	  3143 : 0
  3140	  3159 : 0
  3156	  3203 : 0
  3200	  3211 : 1
  3208	  3271 : 0
  3268	  3287 : 0
  3284	  3291 : 0
  3288	  3307 : 0
  3304	  3315 : 0
  3312	  3319 : 0
  3316	  3359 : 0
  3356	  3383 : 0
  3380	  3387 : 0
  3384	  3467 : 0
  3464	  3551 : 0
  3548	  3559 : 1
  3556	  3603 : 0
  3600	  3615 : 0
  3612	  3627 : 0
  3624	  3631 : 0
  3628	  3643 : 0
  3640	  3651 : 1
  3648	  3743 : 0
  3740	  3751 : 1
  3748	  3839 : 0
  3836	  3847 : 1
  3844	  3895 : 0
  3892	  3927 : 0
  3924	  3939 : 0
  3936	  3943 : 0
  3940	  3947 : 0
  3944	  3955 : 1
  3952	  4063 : 0
  4060	  4067 : 0
  4064	  4387 : 0
  4384	  4395 : 1
  4392	  4443 : 0
  4440	  4471 : 1
  4468	  4535 : 0
  4532	  4559 : 0
  4556	  4563 : 0
  4560	  4567 : 0
  4564	  4611 : 0
  4608	  4615 : 2
  4612	  4627 : 0
  4624	  4679 : 0
  4676	  4703 : 0
  4700	  4707 : 0
  4704	  4711 : 0
  4708	  4755 : 0
  4752	  4767 : 1
  4764	  4779 : 0
  4776	  4783 : 0
  4780	  4823 : 0
  4820	  4831 : 1
  4828	  5103 : 0
  5100	  5243 : 1
  5240	  5335 : 0
  5332	  5367 : 0
