     0	    27 : 1
    24	   143 : 0
   140	   147 : 1
   144	   275 : 0
   272	   291 : 0
   288	   319 : 0
   316	   327 : 1
   324	   331 : 0
   328	   391 : 0
   388	   403 : 0
   400	   411 : 0
   408	   423 : 0
   420	   427 : 0
   424	   443 : 0
   440	   459 : 0
   456	   535 : 0
   532	   571 : 0
   568	   579 : 0
   576	   583 : 0
   580	   587 : 0
   584	   595 : 0
   592	   603 : 0
   600	   623 : 1
   620	   639 : 0
   636	   651 : 1
   648	   671 : 0
   668	   727 : 0
   724	   755 : 0
   752	   763 : 1
   760	   775 : 0
   772	   783 : 0
   780	   799 : 0
   796	   803 : 0
   800	   823 : 0
   820	   827 : 1
   824	   847 : 0
   844	   919 : 0
   916	   943 : 0
   940	   947 : 1
   944	   999 : 0
   996	  1003 : 0
  1000	  1023 : 0
  1020	  1043 : 0
  1040	  1059 : 0
  1056	  1087 : 0
  1084	  1135 : 0
  1132	  1143 : 1
  1140	  1183 : 0
  1180	  1191 : 0
  1188	  1199 : 0
  1196	  1203 : 1
  1200	  1231 : 0
  1228	  1235 : 0
  1232	  1327 : 0
  1324	  1339 : 0
  1336	  1343 : 0
  1340	  1539 : 0
  1536	  1595 : 0
  1592	  1667 : 0
  1664	  1671 : 0
  1668	  1675 : 0
  1672	  1755 : 0
  1752	  1759 : 0
  1756	  1771 : 0
  1768	  1807 : 0
  1804	  1843 : 0
  1840	  1923 : 0
  1920	  1931 : 0
  1928	  2043 : 0
  2040	  2055 : 0
  2052	  2079 : 0
  2076	  2115 : 0
  2112	  2135 : 1
  2132	  2167 : 0
  2164	  2179 : 0
  2176	  2219 : 0
  2216	  2223 : 1
  2220	  2243 : 0
  2240	  2251 : 0
  2248	  2283 : 0
  2280	  2287 : 0
  2284	  2331 : 0
  2328	  2335 : 0
  2332	  2347 : 0
  2344	  2351 : 0
  2348	  2387 : 0
  2384	  2407 : 0
  2404	  2411 : 0
  2408	  2415 : 0
  2412	  2423 : 0
  2420	  2427 : 0
  2424	  2431 : 0
  2428	  2439 : 1
  2436	  2451 : 0
  2448	  2479 : 0
  2476	  2515 : 0
  2512	  2543 : 0
  2540	  2547 : 0
  2544	  2587 : 0
  2584	  2611 : 0
  2608	  2635 : 1
  2632	  2651 : 0
  2648	  2659 : 0
  2656	  2687 : 0
  2684	  2691 : 0
  2688	  2811 : 0
  2808	  2819 : 0
  2816	  2919 : 0
  2916	  2923 : 0
  2920	  2955 : 0
  2952	  2959 : 0
  2956	  2979 : 0
  2976	  2983 : 0
  2980	  2999 : 0
  2996	  3007 : 1
  3004	  3023 : 0
  3020	  3035 : 0
  3032	  3047 : 0
  3044	  3163 : 0
  3160	  3171 : 0
  3168	  3195 : 0
  3192	  3227 : 0
  3224	  3235 : 0
  3232	  3267 : 0
  3264	  3275 : 0
  3272	  3375 : 0
  3372	  3391 : 0
  3388	  3491 : 0
  3488	  3531 : 0
  3528	  3679 : 0
  3676	  3683 : 0
  3680	  3703 : 0
  3700	  3735 : 1
  3732	  3787 : 0
  3784	  3791 : 0
  3788	  3819 : 0
  3816	  3823 : 0
  3820	  3827 : 0
  3824	  3831 : 0
  3828	  3835 : 0
  3832	  3919 : 0
  3916	  3927 : 0
  3924	  4007 : 0
  4004	  4047 : 0
  4044	  4059 : 0
  4056	  4075 : 0
  4072	  4083 : 1
  4080	  4103 : 0
  4100	  4131 : 0
  4128	  4151 : 0
  4148	  4159 : 1
  4156	  4191 : 0
  4188	  4203 : 0
  4200	  4215 : 0
  4212	  4227 : 0
  4224	  4247 : 0
  4244	  4263 : 0
  4260	  4267 : 0
  4264	  4275 : 0
  4272	  4279 : 0
  4276	  4307 : 0
  4304	  4311 : 0
  4308	  4315 : 1
  4312	  4355 : 0
  4352	  4359 : 1
  4356	  4467 : 0
  4464	  4471 : 1
  4468	  4627 : 0
  4624	  4631 : 0
  4628	  4799 : 0
  4796	  4803 : 0
  4800	  4831 : 0
  4828	  4839 : 0
  4836	  4871 : 0
  4868	  4883 : 0
  4880	  4899 : 0
  4896	  4903 : 0
  4900	  4907 : 0
  4904	  4923 : 0
  4920	  4931 : 0
  4928	  4963 : 0
  4960	  4983 : 0
  4980	  5023 : 0
  5020	  5035 : 0
  5032	  5051 : 0
  5048	  5271 : 0
  5268	  5307 : 1
  5304	  5363 : 0
  5360	  5367 : 0
  5364	  5391 : 0
  5388	  5395 : 1
  5392	  5439 : 0
  5436	  5443 : 0
  5440	  5463 : 0
  5460	  5471 : 0
  5468	  5563 : 0
  5560	  5575 : 0
  5572	  5587 : 0
  5584	  5595 : 0
  5592	  5631 : 0
  5628	  5639 : 1
  5636	  5655 : 0
  5652	  5659 : 0
  5656	  5667 : 0
  5664	  5675 : 0
  5672	  5679 : 0
  5676	  5683 : 0
  5680	  5691 : 0
  5688	  5699 : 0
  5696	  5735 : 0
  5732	  5739 : 0
  5736	  5755 : 0
  5752	  5767 : 0
  5764	  5775 : 0
  5772	  5787 : 0
  5784	  5803 : 0
  5800	  5807 : 0
  5804	  5839 : 0
  5836	  5843 : 0
  5840	  5863 : 0
  5860	  5867 : 0
  5864	  5875 : 0
  5872	  5891 : 0
  5888	  5915 : 0
  5912	  5919 : 0
  5916	  5931 : 0
  5928	  5947 : 0
  5944	  5955 : 0
  5952	  5963 : 0
  5960	  5975 : 0
  5972	  6163 : 1
