     0	   235 : 0
   232	   347 : 0
   344	   359 : 0
   356	   375 : 0
   372	   379 : 0
   376	   431 : 0
   428	   435 : 0
   432	   491 : 0
   488	   615 : 1
   612	   619 : 0
   616	   627 : 0
   624	   635 : 0
   632	   647 : 0
   644	   735 : 0
   732	   763 : 0
   760	   767 : 0
   764	   779 : 1
   776	   783 : 0
   780	   787 : 1
   784	   795 : 0
   792	   819 : 0
   816	   823 : 0
   820	   831 : 0
   828	   835 : 0
   832	   843 : 0
   840	   859 : 0
   856	   887 : 0
   884	   915 : 0
   912	   923 : 0
   920	   931 : 0
   928	   955 : 0
   952	   959 : 0
   956	   963 : 0
   960	   987 : 0
   984	   999 : 0
   996	  1015 : 0
  1012	  1023 : 0
  1020	  1035 : 0
  1032	  1039 : 0
  1036	  1051 : 0
  1048	  1055 : 0
  1052	  1071 : 0
  1068	  1075 : 0
  1072	  1083 : 0
  1080	  1127 : 0
  1124	  1131 : 0
  1128	  1179 : 0
  1176	  1199 : 0
  1196	  1255 : 1
  1252	  1259 : 0
  1256	  1291 : 0
  1288	  1331 : 0
  1328	  1387 : 0
  1384	  1403 : 0
  1400	  1415 : 0
  1412	  1419 : 0
  1416	  1459 : 0
  1456	  1483 : 0
  1480	  1491 : 0
  1488	  1495 : 0
  1492	  1503 : 0
  1500	  1507 : 0
  1504	  1511 : 0
  1508	  1519 : 0
  1516	  1527 : 0
  1524	  1547 : 0
  1544	  1551 : 0
  1548	  1571 : 0
  1568	  1575 : 0
  1572	  1583 : 0
  1580	  1595 : 0
  1592	  1607 : 0
  1604	  1615 : 0
  1612	  1619 : 0
  1616	  1631 : 0
  1628	  1635 : 0
  1632	  1647 : 0
  1644	  1707 : 0
  1704	  1779 : 0
  1776	  1783 : 0
  1780	  1787 : 1
  1784	  1875 : 0
  1872	  1895 : 0
  1892	  1919 : 0
  1916	  1935 : 0
  1932	  1951 : 0
  1948	  1955 : 0
  1952	  1979 : 0
  1976	  1983 : 0
  1980	  2251 : 0
  2248	  2339 : 1
  2336	  2343 : 0
  2340	  2359 : 1
  2356	  2371 : 0
  2368	  2387 : 0
  2384	  2403 : 0
  2400	  2407 : 0
  2404	  2419 : 0
  2416	  2427 : 0
  2424	  2431 : 0
  2428	  2443 : 1
  2440	  2447 : 0
  2444	  2451 : 0
  2448	  2463 : 0
  2460	  2467 : 1
  2464	  2515 : 0
  2512	  2535 : 0
  2532	  2539 : 0
  2536	  2543 : 0
  2540	  2547 : 0
  2544	  2551 : 0
  2548	  2559 : 0
  2556	  2567 : 0
  2564	  2571 : 0
  2568	  2579 : 0
  2576	  2587 : 0
  2584	  2591 : 0
  2588	  2623 : 0
  2620	  2627 : 0
  2624	  2639 : 0
  2636	  2719 : 0
  2716	  2723 : 0
  2720	  2743 : 0
  2740	  2755 : 0
  2752	  2763 : 0
  2760	  2771 : 0
  2768	  2775 : 0
  2772	  2791 : 0
  2788	  2811 : 0
  2808	  2819 : 0
  2816	  3007 : 0
  3004	  3043 : 0
  3040	  3119 : 0
  3116	  3171 : 0
  3168	  3179 : 0
  3176	  3183 : 0
  3180	  3187 : 1
  3184	  3207 : 0
  3204	  3227 : 0
  3224	  3231 : 0
  3228	  3243 : 0
  3240	  3279 : 0
  3276	  3283 : 0
  3280	  3307 : 0
  3304	  3315 : 0
  3312	  3335 : 0
  3332	  3343 : 0
  3340	  3355 : 0
  3352	  3367 : 0
  3364	  3603 : 0
  3600	  3675 : 1
  3672	  3687 : 0
  3684	  3695 : 0
  3692	  3703 : 0
  3700	  3743 : 0
  3740	  3763 : 0
  3760	  3779 : 0
  3776	  3807 : 0
  3804	  3815 : 1
  3812	  3819 : 0
  3816	  3843 : 0
  3840	  3847 : 0
  3844	  3863 : 0
  3860	  3867 : 0
  3864	  3875 : 1
  3872	  3883 : 0
  3880	  3907 : 1
  3904	  3947 : 0
  3944	  3951 : 0
  3948	  3967 : 0
  3964	  4035 : 0
  4032	  4115 : 0
  4112	  4131 : 0
  4128	  4159 : 0
  4156	  4191 : 0
  4188	  4227 : 0
  4224	  4291 : 0
  4288	  4307 : 0
  4304	  4339 : 0
  4336	  4343 : 0
  4340	  4347 : 0
  4344	  4355 : 0
  4352	  4359 : 0
  4356	  4367 : 0
  4364	  4371 : 0
  4368	  4379 : 0
  4376	  4419 : 0
  4416	  4423 : 0
  4420	  4487 : 0
  4484	  4503 : 0
  4500	  4511 : 0
  4508	  4519 : 0
  4516	  4527 : 0
  4524	  4579 : 0
  4576	  4619 : 0
  4616	  4631 : 0
  4628	  4635 : 0
  4632	  4639 : 0
  4636	  4667 : 0
  4664	  4671 : 0
  4668	  4675 : 0
  4672	  4679 : 0
  4676	  4687 : 0
  4684	  4711 : 0
  4708	  4719 : 0
  4716	  4727 : 0
  4724	  4755 : 0
  4752	  4775 : 0
  4772	  4783 : 0
  4780	  4799 : 0
  4796	  4839 : 0
  4836	  4843 : 0
  4840	  4847 : 0
  4844	  4883 : 0
  4880	  4911 : 0
  4908	  4923 : 0
  4920	  4983 : 0
  4980	  4987 : 0
  4984	  5027 : 0
  5024	  5035 : 0
  5032	  5043 : 1
  5040	  5059 : 0
  5056	  5079 : 0
  5076	  5091 : 0
  5088	  5131 : 0
  5128	  5135 : 0
  5132	  5151 : 0
  5148	  5155 : 0
  5152	  5167 : 0
  5164	  5183 : 0
  5180	  5223 : 0
  5220	  5243 : 0
  5240	  5251 : 0
  5248	  5255 : 0
  5252	  5315 : 0
  5312	  5319 : 0
  5316	  5343 : 0
  5340	  5363 : 0
  5360	  5371 : 0
  5368	  5391 : 0
  5388	  5411 : 0
  5408	  5471 : 0
  5468	  5519 : 0
  5516	  5523 : 0
  5520	  5527 : 0
  5524	  5551 : 0
  5548	  5563 : 0
  5560	  5651 : 0
  5648	  5659 : 0
  5656	  5727 : 0
  5724	  5731 : 0
  5728	  5755 : 0
  5752	  5759 : 0
  5756	  5763 : 0
  5760	  5779 : 0
  5776	  5783 : 0
  5780	  5791 : 0
  5788	  5883 : 0
  5880	  5895 : 0
  5892	  6355 : 0
  6352	  6639 : 1
  6636	  6643 : 0
  6640	  6799 : 0
