     0	    11 : 0
     8	    15 : 0
    12	    23 : 0
    20	    67 : 0
    64	    83 : 0
    80	    87 : 0
    84	    91 : 0
    88	    99 : 0
    96	   107 : 0
   104	   123 : 0
   120	   127 : 0
   124	   147 : 0
   144	   155 : 0
   152	   219 : 1
   216	   223 : 0
   220	   231 : 0
   228	   235 : 0
   232	   255 : 0
   252	   259 : 0
   256	   283 : 0
   280	   287 : 0
   284	   311 : 0
   308	   323 : 0
   320	   327 : 0
   324	   331 : 0
   328	   335 : 0
   332	   339 : 0
   336	   351 : 0
   348	   371 : 0
   368	   431 : 0
   428	   451 : 0
   448	   475 : 0
   472	   479 : 0
   476	   487 : 0
   484	   495 : 0
   492	   515 : 0
   512	   527 : 0
   524	   539 : 0
   536	   547 : 0
   544	   555 : 0
   552	   587 : 0
   584	   591 : 0
   588	   595 : 0
   592	   603 : 0
   600	   619 : 0
   616	   651 : 1
   648	   659 : 0
   656	   667 : 0
   664	   671 : 0
   668	   679 : 0
   676	   691 : 0
   688	   699 : 0
   696	   719 : 0
   716	   827 : 0
   824	   847 : 0
   844	   887 : 0
   884	   891 : 0
   888	   895 : 0
   892	   899 : 0
   896	   911 : 0
   908	   915 : 0
   912	   959 : 0
   956	   963 : 0
   960	   995 : 0
   992	  1015 : 0
  1012	  1019 : 0
  1016	  1023 : 0
  1020	  1067 : 0
  1064	  1079 : 0
  1076	  1087 : 0
  1084	  1091 : 0
  1088	  1099 : 0
  1096	  1119 : 0
  1116	  1151 : 0
  1148	  1167 : 0
  1164	  1175 : 0
  1172	  1223 : 0
  1220	  1235 : 0
  1232	  1263 : 0
  1260	  1271 : 0
  1268	  1275 : 0
  1272	  1291 : 0
  1288	  1295 : 0
  1292	  1307 : 0
  1304	  1351 : 0
  1348	  1363 : 0
  1360	  1375 : 0
  1372	  1415 : 1
  1412	  1427 : 0
  1424	  1431 : 0
  1428	  1435 : 0
  1432	  1443 : 0
  1440	  1463 : 0
  1460	  1491 : 0
  1488	  1499 : 0
  1496	  1507 : 0
  1504	  1523 : 0
  1520	  1539 : 0
  1536	  1575 : 0
  1572	  1595 : 0
  1592	  1599 : 0
  1596	  1615 : 0
  1612	  1647 : 0
  1644	  1663 : 0
  1660	  1743 : 0
  1740	  1811 : 1
  1808	  1855 : 0
  1852	  1867 : 0
  1864	  1943 : 0
  1940	  1979 : 0
  1976	  2011 : 0
  2008	  2019 : 0
  2016	  2051 : 0
  2048	  2107 : 0
  2104	  2139 : 0
  2136	  2155 : 0
  2152	  2167 : 0
  2164	  2207 : 0
  2204	  2287 : 0
  2284	  2375 : 0
  2372	  2387 : 0
  2384	  2419 : 0
  2416	  2427 : 0
  2424	  2431 : 0
  2428	  2435 : 0
  2432	  2475 : 0
  2472	  2559 : 0
  2556	  2607 : 0
  2604	  2615 : 0
  2612	  2627 : 0
  2624	  2631 : 0
  2628	  2655 : 1
  2652	  2659 : 0
  2656	  2663 : 0
  2660	  2667 : 0
  2664	  2699 : 0
  2696	  2739 : 0
  2736	  2779 : 0
  2776	  2843 : 0
  2840	  2867 : 0
  2864	  2875 : 0
  2872	  2879 : 0
  2876	  2895 : 0
  2892	  2899 : 0
  2896	  2959 : 0
  2956	  2963 : 0
  2960	  2983 : 0
  2980	  2987 : 0
  2984	  2999 : 0
  2996	  3011 : 0
  3008	  3039 : 0
  3036	  3051 : 0
  3048	  3059 : 0
  3056	  3067 : 0
  3064	  3071 : 0
  3068	  3075 : 0
  3072	  3079 : 0
  3076	  3087 : 0
  3084	  3091 : 0
  3088	  3123 : 0
  3120	  3143 : 0
  3140	  3191 : 0
  3188	  3267 : 0
  3264	  3275 : 0
  3272	  3287 : 0
  3284	  3299 : 0
  3296	  3355 : 0
  3352	  3359 : 0
  3356	  3379 : 0
  3376	  3411 : 0
  3408	  3419 : 0
  3416	  3435 : 0
  3432	  3539 : 0
  3536	  3543 : 0
  3540	  3555 : 0
  3552	  3563 : 0
  3560	  3575 : 0
  3572	  3583 : 1
  3580	  3595 : 0
  3592	  3619 : 0
  3616	  3623 : 0
  3620	  3627 : 0
  3624	  3639 : 0
  3636	  3643 : 1
  3640	  3715 : 0
  3712	  3727 : 0
  3724	  3731 : 0
  3728	  3739 : 0
  3736	  3747 : 0
  3744	  3751 : 0
  3748	  3847 : 0
  3844	  3859 : 1
  3856	  3871 : 0
  3868	  3879 : 0
  3876	  3915 : 0
  3912	  3943 : 0
  3940	  3967 : 0
  3964	  3979 : 0
  3976	  4027 : 0
  4024	  4059 : 0
  4056	  4063 : 0
  4060	  4079 : 0
  4076	  4095 : 0
  4092	  4099 : 0
  4096	  4111 : 0
  4108	  4123 : 0
  4120	  4127 : 0
  4124	  4139 : 0
  4136	  4143 : 0
  4140	  4211 : 0
  4208	  4223 : 0
  4220	  4247 : 0
  4244	  4251 : 0
  4248	  4279 : 0
  4276	  4311 : 0
  4308	  4335 : 0
  4332	  4339 : 0
  4336	  4379 : 0
  4376	  4391 : 0
  4388	  4455 : 0
  4452	  4463 : 0
  4460	  4483 : 0
  4480	  4507 : 0
  4504	  4535 : 0
  4532	  4575 : 0
  4572	  4583 : 0
  4580	  4603 : 0
  4600	  4615 : 0
  4612	  4631 : 0
  4628	  4659 : 0
  4656	  4663 : 0
  4660	  4675 : 0
  4672	  4683 : 0
  4680	  4691 : 0
  4688	  4723 : 0
  4720	  4731 : 0
  4728	  4779 : 0
  4776	  4811 : 0
  4808	  4827 : 0
  4824	  4831 : 0
  4828	  4855 : 0
  4852	  4867 : 1
  4864	  4915 : 0
  4912	  4939 : 0
  4936	  5043 : 0
  5040	  5055 : 0
  5052	  5083 : 0
  5080	  5095 : 0
  5092	  5107 : 0
  5104	  5111 : 0
  5108	  5163 : 0
  5160	  5203 : 0
  5200	  5219 : 0
  5216	  5227 : 0
  5224	  5231 : 0
  5228	  5243 : 1
  5240	  5255 : 0
  5252	  5291 : 0
  5288	  5307 : 0
  5304	  5331 : 0
  5328	  5335 : 0
  5332	  5367 : 0
  5364	  5399 : 0
  5396	  5415 : 0
  5412	  5451 : 0
  5448	  5467 : 0
  5464	  5475 : 0
  5472	  5483 : 0
  5480	  5491 : 0
  5488	  5511 : 0
  5508	  5519 : 0
  5516	  5531 : 0
  5528	  5539 : 0
  5536	  5555 : 0
  5552	  5599 : 0
  5596	  5615 : 0
  5612	  5623 : 0
  5620	  5631 : 1
  5628	  5635 : 0
  5632	  5643 : 0
  5640	  5683 : 0
  5680	  5727 : 0
  5724	  5735 : 0
  5732	  5759 : 0
  5756	  5791 : 0
  5788	  5803 : 0
  5800	  5819 : 0
  5816	  5843 : 0
  5840	  5851 : 0
  5848	  5859 : 0
  5856	  5863 : 0
  5860	  5867 : 0
  5864	  5883 : 0
  5880	  5891 : 0
  5888	  5907 : 0
  5904	  5911 : 0
  5908	  5919 : 0
  5916	  5935 : 0
  5932	  5939 : 0
  5936	  5947 : 1
  5944	  5999 : 0
  5996	  6007 : 0
  6004	  6011 : 0
  6008	  6015 : 0
  6012	  6023 : 0
  6020	  6027 : 0
  6024	  6039 : 0
  6036	  6059 : 0
  6056	  6103 : 0
  6100	  6119 : 0
  6116	  6143 : 0
  6140	  6151 : 0
  6148	  6155 : 0
  6152	  6171 : 0
  6168	  6179 : 0
  6176	  6191 : 0
  6188	  6199 : 0
  6196	  6203 : 0
  6200	  6207 : 0
  6204	  6279 : 0
  6276	  6287 : 0
  6284	  6291 : 1
  6288	  6295 : 0
  6292	  6327 : 1
  6324	  6335 : 0
  6332	  6339 : 0
  6336	  6351 : 0
  6348	  6363 : 0
  6360	  6367 : 0
  6364	  6383 : 0
  6380	  6387 : 0
  6384	  6399 : 0
  6396	  6419 : 0
  6416	  6423 : 0
  6420	  6427 : 0
  6424	  6443 : 0
  6440	  6447 : 0
  6444	  6519 : 0
  6516	  6567 : 0
  6564	  6587 : 0
  6584	  6611 : 0
  6608	  6631 : 0
  6628	  6647 : 0
  6644	  6659 : 0
  6656	  6663 : 0
  6660	  6667 : 0
  6664	  6715 : 0
  6712	  6735 : 0
  6732	  6739 : 0
  6736	  6743 : 0
  6740	  6747 : 0
  6744	  6779 : 0
  6776	  6799 : 0
  6796	  6815 : 0
  6812	  6871 : 0
  6868	  6895 : 0
  6892	  6911 : 0
  6908	  6915 : 0
  6912	  6927 : 0
  6924	  6939 : 0
  6936	  6971 : 0
  6968	  6975 : 0
  6972	  7039 : 0
  7036	  7103 : 0
  7100	  7107 : 0
  7104	  7123 : 0
  7120	  7139 : 0
  7136	  7163 : 0
  7160	  7171 : 0
  7168	  7215 : 0
  7212	  7231 : 0
  7228	  7235 : 0
  7232	  7239 : 0
  7236	  7251 : 0
  7248	  7307 : 0
  7304	  7315 : 0
  7312	  7367 : 0
  7364	  7415 : 1
  7412	  7419 : 0
  7416	  7423 : 0
  7420	  7459 : 0
  7456	  7467 : 0
  7464	  7471 : 0
  7468	  7491 : 0
  7488	  7495 : 0
  7492	  7511 : 0
  7508	  7515 : 0
  7512	  7551 : 0
  7548	  7559 : 0
  7556	  7571 : 0
  7568	  7575 : 0
  7572	  7599 : 0
  7596	  7615 : 0
  7612	  7691 : 0
  7688	  7751 : 0
  7748	  7755 : 0
  7752	  7779 : 0
  7776	  7783 : 0
  7780	  7795 : 0
  7792	  7799 : 0
  7796	  7807 : 0
  7804	  7867 : 0
  7864	  7871 : 0
  7868	  7927 : 0
  7924	  7943 : 0
  7940	  7955 : 0
  7952	  7967 : 0
  7964	  7971 : 0
  7968	  8043 : 0
  8040	  8055 : 0
  8052	  8059 : 0
  8056	  8067 : 0
  8064	  8079 : 0
  8076	  8083 : 0
  8080	  8119 : 0
  8116	  8127 : 0
  8124	  8143 : 0
  8140	  8147 : 0
  8144	  8155 : 0
  8152	  8203 : 0
  8200	  8207 : 0
  8204	  8215 : 0
  8212	  8223 : 0
  8220	  8227 : 0
  8224	  8231 : 0
  8228	  8247 : 0
  8244	  8251 : 0
  8248	  8279 : 0
  8276	  8339 : 0
  8336	  8383 : 0
  8380	  8395 : 0
  8392	  8407 : 0
  8404	  8411 : 0
  8408	  8423 : 0
  8420	  8427 : 0
  8424	  8431 : 0
  8428	  8447 : 0
  8444	  8451 : 0
  8448	  8463 : 0
  8460	  8539 : 0
  8536	  8547 : 0
  8544	  8655 : 0
  8652	  8679 : 0
  8676	  8695 : 0
  8692	  8719 : 0
