     0	   247 : 0
   244	   267 : 1
   264	   275 : 0
   272	   375 : 0
   372	   395 : 0
   392	   399 : 0
   396	   431 : 0
   428	   451 : 0
   448	   487 : 0
   484	   499 : 0
   496	   527 : 0
   524	   575 : 0
   572	   699 : 0
   696	   703 : 0
   700	   719 : 0
   716	   731 : 0
   728	   735 : 0
   732	   799 : 1
   796	   803 : 0
   800	   863 : 0
   860	   899 : 0
   896	   911 : 0
   908	   923 : 0
   920	   959 : 0
   956	   967 : 0
   964	   983 : 0
   980	   987 : 0
   984	   991 : 0
   988	  1015 : 0
  1012	  1031 : 0
  1028	  1039 : 0
  1036	  1051 : 0
  1048	  1059 : 0
  1056	  1083 : 0
  1080	  1091 : 0
  1088	  1099 : 0
  1096	  1119 : 0
  1116	  1123 : 0
  1120	  1131 : 0
  1128	  1235 : 0
  1232	  1267 : 0
  1264	  1347 : 1
  1344	  1355 : 0
  1352	  1527 : 0
  1524	  1547 : 0
  1544	  1591 : 0
  1588	  1603 : 0
  1600	  1611 : 0
  1608	  1615 : 0
  1612	  1787 : 0
  1784	  1791 : 0
  1788	  1795 : 1
  1792	  1931 : 0
  1928	  2007 : 0
  2004	  2175 : 0
  2172	  2203 : 0
  2200	  2291 : 0
  2288	  2391 : 0
  2388	  2407 : 0
  2404	  2431 : 0
  2428	  2479 : 0
  2476	  2499 : 0
  2496	  2551 : 0
  2548	  2555 : 0
  2552	  2651 : 0
  2648	  2655 : 0
  2652	  2703 : 0
  2700	  2719 : 0
  2716	  2723 : 0
  2720	  2735 : 0
  2732	  2759 : 0
  2756	  2767 : 0
  2764	  2799 : 0
  2796	  2811 : 0
  2808	  2907 : 0
  2904	  2943 : 0
  2940	  2947 : 0
  2944	  2963 : 1
  2960	  2979 : 0
  2976	  2991 : 0
  2988	  2995 : 0
  2992	  3011 : 0
  3008	  3015 : 0
  3012	  3019 : 0
  3016	  3031 : 0
  3028	  3039 : 0
  3036	  3043 : 0
  3040	  3047 : 0
  3044	  3063 : 0
  3060	  3075 : 0
  3072	  3091 : 0
  3088	  3095 : 0
  3092	  3099 : 0
  3096	  3103 : 0
  3100	  3115 : 0
  3112	  3131 : 0
  3128	  3147 : 0
  3144	  3155 : 0
  3152	  3163 : 0
  3160	  3171 : 0
  3168	  3179 : 0
  3176	  3183 : 0
  3180	  3187 : 0
  3184	  3191 : 0
  3188	  3207 : 0
  3204	  3211 : 0
  3208	  3219 : 0
  3216	  3231 : 0
  3228	  3235 : 0
  3232	  3643 : 0
  3640	  3651 : 0
  3648	  3655 : 0
  3652	  3659 : 0
  3656	  3675 : 0
  3672	  3679 : 0
  3676	  3691 : 0
  3688	  3695 : 0
  3692	  3703 : 0
  3700	  3719 : 0
  3716	  3727 : 0
  3724	  3731 : 0
  3728	  3751 : 0
  3748	  3755 : 0
  3752	  3771 : 0
  3768	  3775 : 0
  3772	  3779 : 0
  3776	  3783 : 0
  3780	  3787 : 0
  3784	  3791 : 0
  3788	  3799 : 0
  3796	  3811 : 0
  3808	  3819 : 0
  3816	  3823 : 0
  3820	  3827 : 0
  3824	  3843 : 0
  3840	  3895 : 1
  3892	  3907 : 0
  3904	  3923 : 0
  3920	  3927 : 0
  3924	  4347 : 0
  4344	  4351 : 0
  4348	  4371 : 0
  4368	  4395 : 0
  4392	  4399 : 0
  4396	  4403 : 0
  4400	  4467 : 0
  4464	  4475 : 0
  4472	  4479 : 0
  4476	  4483 : 0
  4480	  4591 : 0
  4588	  4599 : 0
  4596	  4639 : 0
  4636	  5123 : 0
  5120	  5131 : 0
  5128	  5143 : 0
  5140	  5175 : 0
  5172	  5211 : 0
  5208	  5291 : 0
  5288	  5307 : 0
  5304	  5327 : 0
  5324	  5335 : 0
  5332	  5359 : 0
  5356	  5363 : 0
  5360	  5467 : 0
  5464	  5547 : 0
  5544	  5571 : 0
  5568	  5667 : 0
  5664	  5711 : 0
  5708	  5943 : 0
  5940	  5947 : 0
  5944	  5963 : 0
  5960	  5975 : 0
  5972	  5983 : 0
  5980	  6011 : 0
  6008	  6023 : 0
  6020	  6031 : 0
  6028	  6035 : 0
  6032	  6047 : 0
  6044	  6095 : 0
  6092	  6159 : 0
  6156	  6295 : 0
  6292	  6299 : 1
  6296	  6303 : 0
  6300	  6327 : 0
  6324	  6359 : 0
  6356	  6371 : 0
  6368	  6379 : 0
  6376	  6475 : 0
  6472	  6655 : 0
  6652	  6659 : 1
  6656	  6699 : 0
  6696	  6707 : 0
  6704	  6763 : 0
  6760	  6815 : 0
  6812	  6819 : 0
  6816	  6843 : 0
  6840	  6847 : 0
  6844	  6863 : 0
  6860	  6903 : 0
  6900	  6935 : 0
  6932	  7067 : 0
  7064	  7075 : 1
  7072	  7487 : 0
  7484	  7627 : 0
  7624	  7879 : 0
  7876	  7927 : 0
