     0	    23 : 0
    20	    67 : 0
    64	    79 : 0
    76	    83 : 0
    80	   103 : 1
   100	   107 : 0
   104	   123 : 1
   120	   127 : 0
   124	   155 : 1
   152	   159 : 0
   156	   163 : 1
   160	   171 : 0
   168	   175 : 1
   172	   183 : 0
   180	   211 : 1
   208	   215 : 0
   212	   227 : 0
   224	   231 : 0
   228	   239 : 0
   236	   247 : 0
   244	   267 : 0
   264	   279 : 0
   276	   331 : 0
   328	   343 : 0
   340	   411 : 0
   408	   427 : 0
   424	   435 : 1
   432	   439 : 0
   436	   479 : 0
   476	   487 : 0
   484	   555 : 0
   552	   563 : 0
   560	   567 : 0
   564	   583 : 0
   580	   635 : 1
   632	   643 : 0
   640	   651 : 0
   648	   655 : 0
   652	   687 : 0
   684	   691 : 0
   688	   695 : 0
   692	   699 : 0
   696	   707 : 0
   704	   711 : 0
   708	   723 : 0
   720	   739 : 0
   736	   767 : 0
   764	   815 : 0
   812	   823 : 1
   820	   827 : 0
   824	   883 : 0
   880	   911 : 0
   908	   919 : 0
   916	  1011 : 0
  1008	  1219 : 0
  1216	  1223 : 0
  1220	  1375 : 0
  1372	  1379 : 0
  1376	  1383 : 0
  1380	  1387 : 0
  1384	  1531 : 0
  1528	  1535 : 0
  1532	  1571 : 0
  1568	  1603 : 0
  1600	  1671 : 0
  1668	  1719 : 0
  1716	  1747 : 0
  1744	  1751 : 0
  1748	  1815 : 0
  1812	  1819 : 0
  1816	  1839 : 1
  1836	  1847 : 0
  1844	  1851 : 1
  1848	  1855 : 0
  1852	  1859 : 0
  1856	  1863 : 0
  1860	  1871 : 1
  1868	  1879 : 0
  1876	  1883 : 0
  1880	  1887 : 0
  1884	  1895 : 0
  1892	  1899 : 0
  1896	  1907 : 0
  1904	  1915 : 0
  1912	  1935 : 0
  1932	  1939 : 0
  1936	  1963 : 0
  1960	  1967 : 0
  1964	  1971 : 0
  1968	  1975 : 0
  1972	  1983 : 0
  1980	  1987 : 0
  1984	  1991 : 0
  1988	  2003 : 0
  2000	  2019 : 0
  2016	  2027 : 0
  2024	  2039 : 0
  2036	  2043 : 0
  2040	  2059 : 0
  2056	  2063 : 0
  2060	  2071 : 1
  2068	  2079 : 0
  2076	  2083 : 0
  2080	  2087 : 0
  2084	  2091 : 0
  2088	  2095 : 0
  2092	  2099 : 1
  2096	  2123 : 0
  2120	  2127 : 0
  2124	  2135 : 0
  2132	  2143 : 0
  2140	  2147 : 0
  2144	  2171 : 1
  2168	  2183 : 0
  2180	  2191 : 0
  2188	  2219 : 0
  2216	  2227 : 0
  2224	  2323 : 0
  2320	  2327 : 0
  2324	  2407 : 0
  2404	  2415 : 1
  2412	  2431 : 0
  2428	  2435 : 0
  2432	  2455 : 0
  2452	  2459 : 0
  2456	  2467 : 0
  2464	  2479 : 0
  2476	  2559 : 0
  2556	  2567 : 1
  2564	  2575 : 0
  2572	  2591 : 0
  2588	  2603 : 0
  2600	  2607 : 0
  2604	  2611 : 0
  2608	  2627 : 0
  2624	  2631 : 0
  2628	  2659 : 0
  2656	  2663 : 0
  2660	  2671 : 0
  2668	  2695 : 0
  2692	  2711 : 1
  2708	  2735 : 0
  2732	  2859 : 0
  2856	  2863 : 0
  2860	  3003 : 0
  3000	  3027 : 0
  3024	  3059 : 0
  3056	  3143 : 0
  3140	  3155 : 0
  3152	  3163 : 0
  3160	  3243 : 0
  3240	  3283 : 0
  3280	  3315 : 1
  3312	  3319 : 0
  3316	  3335 : 0
  3332	  3347 : 0
  3344	  3387 : 1
  3384	  3395 : 0
  3392	  3427 : 0
  3424	  3523 : 0
  3520	  3527 : 0
  3524	  3535 : 0
  3532	  3547 : 0
  3544	  3603 : 0
  3600	  3611 : 0
  3608	  3615 : 0
  3612	  3659 : 0
  3656	  3687 : 0
  3684	  3707 : 0
  3704	  3787 : 0
  3784	  3791 : 0
  3788	  3875 : 0
  3872	  3879 : 1
  3876	  3931 : 0
  3928	  3939 : 1
  3936	  3979 : 0
  3976	  3987 : 1
  3984	  4027 : 0
  4024	  4107 : 1
  4104	  4111 : 0
  4108	  4135 : 1
  4132	  4139 : 0
  4136	  4155 : 0
  4152	  4159 : 0
  4156	  4167 : 0
  4164	  4191 : 0
  4188	  4195 : 0
  4192	  4215 : 0
  4212	  4267 : 1
  4264	  4275 : 0
  4272	  4279 : 0
  4276	  4283 : 0
  4280	  4291 : 0
  4288	  4303 : 0
  4300	  4331 : 0
  4328	  4335 : 0
  4332	  4339 : 1
  4336	  4343 : 0
  4340	  4419 : 0
  4416	  4435 : 0
  4432	  4471 : 0
  4468	  4491 : 0
  4488	  4495 : 0
  4492	  4503 : 0
  4500	  4551 : 0
  4548	  4599 : 0
  4596	  4607 : 0
  4604	  4631 : 0
  4628	  4635 : 0
  4632	  4663 : 0
  4660	  4679 : 1
  4676	  4683 : 0
  4680	  4711 : 0
  4708	  4751 : 0
  4748	  4771 : 0
  4768	  4775 : 0
  4772	  4795 : 0
  4792	  4823 : 0
  4820	  4835 : 1
  4832	  4915 : 0
  4912	  4935 : 0
  4932	  4951 : 0
  4948	  4955 : 0
  4952	  4975 : 0
  4972	  4987 : 0
  4984	  4999 : 0
  4996	  5003 : 0
  5000	  5019 : 0
  5016	  5027 : 1
  5024	  5059 : 0
  5056	  5063 : 0
  5060	  5103 : 0
  5100	  5107 : 0
  5104	  5115 : 0
  5112	  5119 : 1
  5116	  5155 : 0
  5152	  5159 : 0
  5156	  5163 : 0
  5160	  5171 : 0
  5168	  5175 : 0
  5172	  5187 : 0
  5184	  5203 : 0
  5200	  5211 : 0
  5208	  5227 : 0
  5224	  5279 : 1
  5276	  5283 : 0
  5280	  5287 : 1
  5284	  5315 : 0
  5312	  5331 : 1
  5328	  5379 : 0
  5376	  5395 : 1
  5392	  5419 : 0
  5416	  5423 : 1
  5420	  5459 : 0
  5456	  5503 : 0
  5500	  5511 : 0
  5508	  5539 : 1
  5536	  5551 : 0
  5548	  5559 : 1
  5556	  5563 : 0
  5560	  5615 : 0
  5612	  5639 : 0
  5636	  5647 : 1
  5644	  5651 : 0
  5648	  5663 : 1
  5660	  5695 : 0
  5692	  5699 : 1
  5696	  5727 : 0
  5724	  5759 : 1
  5756	  5763 : 0
  5760	  5815 : 0
  5812	  5835 : 0
  5832	  5887 : 1
  5884	  5915 : 0
  5912	  6019 : 1
  6016	  6063 : 0
  6060	  6067 : 1
  6064	  6099 : 0
  6096	  6119 : 0
  6116	  6139 : 0
  6136	  6171 : 0
  6168	  6219 : 0
  6216	  6223 : 1
