     0	   495 : 0
   492	   499 : 0
   496	   615 : 0
   612	   623 : 0
   620	   795 : 0
   792	   799 : 0
   796	   819 : 0
   816	   843 : 0
   840	  1023 : 0
  1020	  1027 : 0
  1024	  1059 : 0
  1056	  1095 : 0
  1092	  1103 : 0
  1100	  1115 : 0
  1112	  1155 : 0
  1152	  1159 : 0
  1156	  1163 : 0
  1160	  1167 : 0
  1164	  1187 : 0
  1184	  1195 : 0
  1192	  1227 : 0
  1224	  1231 : 0
  1228	  1299 : 1
  1296	  1303 : 0
  1300	  1323 : 0
  1320	  1363 : 0
  1360	  1403 : 1
  1400	  1471 : 0
  1468	  1539 : 1
  1536	  1543 : 0
  1540	  1563 : 1
  1560	  1571 : 0
  1568	  1579 : 1
  1576	  1587 : 0
  1584	  1643 : 0
  1640	  1651 : 0
  1648	  1655 : 1
  1652	  1671 : 0
  1668	  1683 : 0
  1680	  1691 : 0
  1688	  1695 : 1
  1692	  1703 : 0
  1700	  1747 : 0
  1744	  1871 : 0
  1868	  2099 : 1
  2096	  2107 : 0
  2104	  2123 : 0
  2120	  2127 : 0
  2124	  2139 : 0
  2136	  2143 : 0
  2140	  2279 : 0
  2276	  2283 : 0
  2280	  2299 : 0
  2296	  2303 : 0
  2300	  2335 : 0
  2332	  2339 : 0
  2336	  2379 : 0
  2376	  2383 : 0
  2380	  2431 : 0
  2428	  2435 : 0
  2432	  2463 : 0
  2460	  2471 : 0
  2468	  2551 : 0
  2548	  2555 : 0
  2552	  2615 : 0
  2612	  2623 : 0
  2620	  2651 : 1
  2648	  2667 : 0
  2664	  2771 : 0
  2768	  2815 : 0
  2812	  2827 : 0
  2824	  2843 : 0
  2840	  2847 : 0
  2844	  2851 : 0
  2848	  2903 : 0
  2900	  2919 : 0
  2916	  2959 : 0
  2956	  2971 : 0
  2968	  2979 : 1
  2976	  3031 : 0
  3028	  3063 : 0
  3060	  3075 : 0
  3072	  3111 : 0
  3108	  3139 : 0
  3136	  3195 : 0
  3192	  3203 : 0
  3200	  3223 : 0
  3220	  3227 : 0
  3224	  3251 : 0
  3248	  3255 : 0
  3252	  3271 : 0
  3268	  3275 : 0
  3272	  3291 : 0
  3288	  3295 : 0
  3292	  3315 : 0
  3312	  3319 : 0
  3316	  3411 : 1
  3408	  3415 : 0
  3412	  3423 : 0
  3420	  3455 : 0
  3452	  3463 : 1
  3460	  3475 : 0
  3472	  3503 : 0
  3500	  3527 : 0
  3524	  3535 : 0
  3532	  3567 : 0
  3564	  3583 : 0
  3580	  3607 : 0
  3604	  3639 : 0
  3636	  3647 : 0
  3644	  3751 : 0
  3748	  3871 : 0
  3868	  3967 : 0
  3964	  4051 : 0
  4048	  4099 : 0
  4096	  4247 : 0
  4244	  4259 : 1
  4256	  4279 : 0
  4276	  4339 : 0
  4336	  4343 : 0
  4340	  4427 : 0
  4424	  4543 : 0
  4540	  4583 : 1
  4580	  4707 : 0
  4704	  4743 : 1
  4740	  4771 : 0
  4768	  4863 : 0
  4860	  5063 : 0
  5060	  5071 : 1
  5068	  5299 : 0
  5296	  5499 : 1
  5496	  5627 : 0
  5624	  5647 : 0
  5644	  5663 : 0
  5660	  5671 : 0
  5668	  5871 : 0
  5868	  5883 : 1
  5880	  6007 : 0
  6004	  6023 : 0
  6020	  6055 : 0
  6052	  6071 : 0
  6068	  6163 : 0
  6160	  6203 : 0
  6200	  6231 : 0
  6228	  6239 : 0
  6236	  6255 : 0
  6252	  6259 : 0
  6256	  6263 : 0
  6260	  6271 : 0
  6268	  6671 : 0
  6668	  6699 : 1
