     0	   111 : 0
   108	   115 : 0
   112	   183 : 0
   180	   247 : 0
   244	   255 : 1
   252	   275 : 0
   272	   287 : 0
   284	   315 : 0
   312	   355 : 0
   352	   367 : 0
   364	   407 : 0
   404	   511 : 0
   508	   523 : 0
   520	   691 : 0
   688	   695 : 1
   692	   731 : 0
   728	   739 : 1
   736	   811 : 0
   808	   819 : 1
   816	   859 : 0
   856	   875 : 0
   872	   911 : 0
   908	   919 : 0
   916	   943 : 0
   940	   951 : 1
   948	  1011 : 0
  1008	  1015 : 0
  1012	  1031 : 0
  1028	  1039 : 1
  1036	  1075 : 0
  1072	  1103 : 1
  1100	  1119 : 0
  1116	  1123 : 0
  1120	  1131 : 0
  1128	  1135 : 0
  1132	  1167 : 0
  1164	  1175 : 0
  1172	  1207 : 0
  1204	  1223 : 1
  1220	  1239 : 0
  1236	  1263 : 0
  1260	  1287 : 0
  1284	  1319 : 0
  1316	  1383 : 0
  1380	  1387 : 1
  1384	  1451 : 0
  1448	  1471 : 0
  1468	  1499 : 0
  1496	  1539 : 1
  1536	  1551 : 0
  1548	  1587 : 0
  1584	  1607 : 0
  1604	  1611 : 0
  1608	  1623 : 0
  1620	  1627 : 0
  1624	  1631 : 0
  1628	  1643 : 0
  1640	  1651 : 0
  1648	  1675 : 0
  1672	  1683 : 0
  1680	  1703 : 0
  1700	  1711 : 0
  1708	  1723 : 0
  1720	  1731 : 0
  1728	  1735 : 0
  1732	  1771 : 0
  1768	  1779 : 0
  1776	  1971 : 0
  1968	  1979 : 0
  1976	  2083 : 0
  2080	  2095 : 1
  2092	  2107 : 0
  2104	  2115 : 0
  2112	  2143 : 0
  2140	  2147 : 0
  2144	  2151 : 0
  2148	  2163 : 0
  2160	  2223 : 0
  2220	  2227 : 0
  2224	  2231 : 0
  2228	  2243 : 1
  2240	  2247 : 0
  2244	  2275 : 0
  2272	  2359 : 0
  2356	  2367 : 0
  2364	  2403 : 0
  2400	  2423 : 0
  2420	  2459 : 0
  2456	  2475 : 1
  2472	  2483 : 0
  2480	  2503 : 0
  2500	  2511 : 0
  2508	  2515 : 0
  2512	  2523 : 0
  2520	  2563 : 0
  2560	  2567 : 0
  2564	  2599 : 0
  2596	  2643 : 0
  2640	  2651 : 0
  2648	  2751 : 0
  2748	  2755 : 1
  2752	  2839 : 0
  2836	  2847 : 1
  2844	  2879 : 0
  2876	  2887 : 1
  2884	  2891 : 0
  2888	  2895 : 0
  2892	  2899 : 0
  2896	  2919 : 0
  2916	  2991 : 0
  2988	  2995 : 0
  2992	  2999 : 0
  2996	  3007 : 0
  3004	  3039 : 0
  3036	  3043 : 0
  3040	  3215 : 0
  3212	  3235 : 0
  3232	  3243 : 0
  3240	  3251 : 0
  3248	  3263 : 0
  3260	  3271 : 0
  3268	  3303 : 0
  3300	  3315 : 0
  3312	  3331 : 0
  3328	  3335 : 1
  3332	  3419 : 0
  3416	  3431 : 0
  3428	  3435 : 0
  3432	  3471 : 0
  3468	  3623 : 0
  3620	  3627 : 1
  3624	  3995 : 0
  3992	  4035 : 1
  4032	  4115 : 0
  4112	  4119 : 1
  4116	  4235 : 0
  4232	  4239 : 1
  4236	  4255 : 0
  4252	  4271 : 0
  4268	  4359 : 0
  4356	  4411 : 0
  4408	  4415 : 0
  4412	  4419 : 0
  4416	  4563 : 0
  4560	  4595 : 0
  4592	  4715 : 0
  4712	  4719 : 0
  4716	  4835 : 0
  4832	  4847 : 1
  4844	  4863 : 0
  4860	  4871 : 1
  4868	  4895 : 0
  4892	  4903 : 2
  4900	  4907 : 0
  4904	  4927 : 0
  4924	  4959 : 1
  4956	  4963 : 2
  4960	  5015 : 0
  5012	  5023 : 0
  5020	  5043 : 0
  5040	  5055 : 1
  5052	  5075 : 0
  5072	  5107 : 1
  5104	  5111 : 2
  5108	  5155 : 0
  5152	  5163 : 0
  5160	  5171 : 0
  5168	  5267 : 0
  5264	  5279 : 1
  5276	  5311 : 0
  5308	  5327 : 1
  5324	  5331 : 0
  5328	  5355 : 0
  5352	  5359 : 0
  5356	  5363 : 0
  5360	  5367 : 0
  5364	  5419 : 0
  5416	  5459 : 0
  5456	  5463 : 1
  5460	  5575 : 0
  5572	  5579 : 0
  5576	  5591 : 0
  5588	  5603 : 0
  5600	  5643 : 0
  5640	  5711 : 1
  5708	  5719 : 0
  5716	  5723 : 0
