     0	    75 : 0
    72	    79 : 0
    76	    83 : 0
    80	   111 : 0
   108	   115 : 0
   112	   171 : 0
   168	   195 : 1
   192	   203 : 0
   200	   219 : 0
   216	   235 : 0
   232	   359 : 1
   356	   375 : 0
   372	   379 : 1
   376	   399 : 0
   396	   427 : 0
   424	   431 : 0
   428	   443 : 0
   440	   459 : 0
   456	   475 : 0
   472	   499 : 0
   496	   503 : 1
   500	   519 : 0
   516	   523 : 0
   520	   527 : 0
   524	   531 : 1
   528	   555 : 0
   552	   559 : 0
   556	   567 : 0
   564	   571 : 1
   568	   639 : 0
   636	   643 : 0
   640	   647 : 0
   644	   707 : 0
   704	   711 : 0
   708	   755 : 0
   752	   775 : 0
   772	   779 : 0
   776	   791 : 0
   788	   799 : 1
   796	   807 : 0
   804	   811 : 0
   808	   819 : 0
   816	   831 : 1
   828	   863 : 0
   860	   891 : 0
   888	   895 : 0
   892	   899 : 1
   896	   903 : 0
   900	   907 : 0
   904	   911 : 2
   908	   963 : 1
   960	   983 : 0
   980	   991 : 1
   988	   995 : 0
   992	  1003 : 0
  1000	  1039 : 0
  1036	  1043 : 1
  1040	  1059 : 0
  1056	  1071 : 0
  1068	  1075 : 0
  1072	  1079 : 0
  1076	  1095 : 0
  1092	  1099 : 1
  1096	  1103 : 0
  1100	  1111 : 1
  1108	  1115 : 0
  1112	  1123 : 0
  1120	  1139 : 0
  1136	  1171 : 1
  1168	  1175 : 0
  1172	  1179 : 0
  1176	  1207 : 0
  1204	  1211 : 0
  1208	  1219 : 0
  1216	  1223 : 1
  1220	  1227 : 0
  1224	  1247 : 1
  1244	  1251 : 0
  1248	  1255 : 0
  1252	  1259 : 0
  1256	  1267 : 0
  1264	  1287 : 0
  1284	  1291 : 2
  1288	  1311 : 1
  1308	  1319 : 0
  1316	  1327 : 1
  1324	  1331 : 0
  1328	  1351 : 0
  1348	  1355 : 2
  1352	  1375 : 0
  1372	  1387 : 1
  1384	  1391 : 0
  1388	  1399 : 1
  1396	  1403 : 0
  1400	  1411 : 1
  1408	  1415 : 0
  1412	  1435 : 0
  1432	  1451 : 0
  1448	  1487 : 1
  1484	  1499 : 0
  1496	  1519 : 1
  1516	  1523 : 0
  1520	  1543 : 1
  1540	  1599 : 0
  1596	  1627 : 1
  1624	  1631 : 0
  1628	  1643 : 1
  1640	  1647 : 0
  1644	  1655 : 1
  1652	  1671 : 0
  1668	  1683 : 1
  1680	  1695 : 0
  1692	  1711 : 0
  1708	  1723 : 0
  1720	  1727 : 1
  1724	  1743 : 0
  1740	  1751 : 1
  1748	  1759 : 0
  1756	  1763 : 0
  1760	  1771 : 0
  1768	  1779 : 0
  1776	  1803 : 0
  1800	  1815 : 1
  1812	  1819 : 0
  1816	  1823 : 0
  1820	  1827 : 0
  1824	  1847 : 0
  1844	  1851 : 0
  1848	  1871 : 0
  1868	  1875 : 0
  1872	  1883 : 1
  1880	  1899 : 0
  1896	  1907 : 0
  1904	  1919 : 0
  1916	  1931 : 0
  1928	  1935 : 0
  1932	  1939 : 0
  1936	  1943 : 0
  1940	  1947 : 0
  1944	  1955 : 0
  1952	  1971 : 0
  1968	  1995 : 0
  1992	  1999 : 2
  1996	  2011 : 1
  2008	  2023 : 0
  2020	  2035 : 0
  2032	  2071 : 0
  2068	  2107 : 1
  2104	  2123 : 0
  2120	  2155 : 0
  2152	  2159 : 0
  2156	  2167 : 1
  2164	  2199 : 0
  2196	  2207 : 1
  2204	  2215 : 0
  2212	  2219 : 0
  2216	  2223 : 0
  2220	  2227 : 0
  2224	  2231 : 0
  2228	  2239 : 0
  2236	  2243 : 0
  2240	  2247 : 0
  2244	  2255 : 0
  2252	  2259 : 0
  2256	  2263 : 0
  2260	  2275 : 1
  2272	  2279 : 0
  2276	  2319 : 0
  2316	  2327 : 0
  2324	  2335 : 1
  2332	  2351 : 0
  2348	  2359 : 1
  2356	  2383 : 0
  2380	  2415 : 0
  2412	  2419 : 0
  2416	  2427 : 1
  2424	  2435 : 0
  2432	  2439 : 0
  2436	  2451 : 0
  2448	  2467 : 0
  2464	  2471 : 2
  2468	  2487 : 0
  2484	  2499 : 0
  2496	  2507 : 1
  2504	  2511 : 0
  2508	  2563 : 1
  2560	  2571 : 0
  2568	  2583 : 0
  2580	  2595 : 0
  2592	  2603 : 1
  2600	  2607 : 0
  2604	  2651 : 1
  2648	  2667 : 0
  2664	  2675 : 1
  2672	  2679 : 0
  2676	  2687 : 1
  2684	  2691 : 0
  2688	  2695 : 1
  2692	  2699 : 0
  2696	  2707 : 1
  2704	  2723 : 0
  2720	  2731 : 1
  2728	  2755 : 0
  2752	  2775 : 0
  2772	  2803 : 0
  2800	  2811 : 1
  2808	  2819 : 0
  2816	  2835 : 1
  2832	  2843 : 0
  2840	  2867 : 0
  2864	  2879 : 0
  2876	  2899 : 1
  2896	  2907 : 0
  2904	  2915 : 1
  2912	  2919 : 0
  2916	  2927 : 0
  2924	  2931 : 0
  2928	  2935 : 1
  2932	  2943 : 0
  2940	  2947 : 0
  2944	  2971 : 0
  2968	  2975 : 1
  2972	  2991 : 0
  2988	  2995 : 1
  2992	  3015 : 0
  3012	  3019 : 1
  3016	  3075 : 0
  3072	  3087 : 1
  3084	  3091 : 0
  3088	  3131 : 0
  3128	  3143 : 0
  3140	  3191 : 1
  3188	  3195 : 0
  3192	  3199 : 1
  3196	  3243 : 0
  3240	  3247 : 0
  3244	  3267 : 0
  3264	  3275 : 1
  3272	  3279 : 0
  3276	  3315 : 1
  3312	  3339 : 0
  3336	  3343 : 1
  3340	  3355 : 0
  3352	  3363 : 0
  3360	  3371 : 0
  3368	  3387 : 0
  3384	  3391 : 0
  3388	  3403 : 0
  3400	  3411 : 0
  3408	  3435 : 1
  3432	  3443 : 0
  3440	  3451 : 1
  3448	  3503 : 0
  3500	  3515 : 1
  3512	  3539 : 0
  3536	  3547 : 1
  3544	  3563 : 0
  3560	  3571 : 1
  3568	  3583 : 0
  3580	  3615 : 1
  3612	  3627 : 0
  3624	  3635 : 1
  3632	  3643 : 0
  3640	  3667 : 1
  3664	  3679 : 0
  3676	  3699 : 1
  3696	  3715 : 0
  3712	  3735 : 1
  3732	  3739 : 0
  3736	  3743 : 0
  3740	  3751 : 0
  3748	  3759 : 0
  3756	  3771 : 0
  3768	  3775 : 1
  3772	  3779 : 0
  3776	  3799 : 0
  3796	  3803 : 0
  3800	  3823 : 0
  3820	  3831 : 0
  3828	  3839 : 1
  3836	  3843 : 0
  3840	  3855 : 0
  3852	  3867 : 0
  3864	  3875 : 1
  3872	  3891 : 0
  3888	  3899 : 1
  3896	  3911 : 0
  3908	  3923 : 0
  3920	  3935 : 0
  3932	  3943 : 1
  3940	  3947 : 0
  3944	  3955 : 0
  3952	  3959 : 0
  3956	  3967 : 1
  3964	  3975 : 0
  3972	  3979 : 0
  3976	  3995 : 0
  3992	  4007 : 1
  4004	  4011 : 0
  4008	  4027 : 0
  4024	  4055 : 0
  4052	  4063 : 1
  4060	  4079 : 0
  4076	  4083 : 0
  4080	  4087 : 0
  4084	  4095 : 1
  4092	  4099 : 0
  4096	  4107 : 0
  4104	  4151 : 0
  4148	  4155 : 1
  4152	  4175 : 0
  4172	  4179 : 0
  4176	  4195 : 0
  4192	  4199 : 1
  4196	  4203 : 0
  4200	  4231 : 0
  4228	  4239 : 0
  4236	  4247 : 1
  4244	  4251 : 0
  4248	  4283 : 0
  4280	  4287 : 0
  4284	  4323 : 0
  4320	  4343 : 0
  4340	  4379 : 0
  4376	  4431 : 0
  4428	  4439 : 1
  4436	  4443 : 0
  4440	  4451 : 1
  4448	  4455 : 0
  4452	  4479 : 0
  4476	  4487 : 0
  4484	  4495 : 1
  4492	  4511 : 0
  4508	  4563 : 1
  4560	  4575 : 0
  4572	  4579 : 0
  4576	  4583 : 0
  4580	  4591 : 1
  4588	  4599 : 0
  4596	  4603 : 0
  4600	  4607 : 0
  4604	  4619 : 0
  4616	  4627 : 0
  4624	  4655 : 0
  4652	  4663 : 0
  4660	  4667 : 0
  4664	  4671 : 0
  4668	  4695 : 1
  4692	  4707 : 0
  4704	  4719 : 0
  4716	  4743 : 0
  4740	  4751 : 1
  4748	  4763 : 0
  4760	  4807 : 0
  4804	  4811 : 0
  4808	  4823 : 0
  4820	  4839 : 0
  4836	  4879 : 1
  4876	  4923 : 0
  4920	  4931 : 1
  4928	  4939 : 0
  4936	  4943 : 0
  4940	  4947 : 0
  4944	  4951 : 0
  4948	  4959 : 0
  4956	  4979 : 0
  4976	  4987 : 0
  4984	  5007 : 1
  5004	  5019 : 0
  5016	  5027 : 0
  5024	  5035 : 0
  5032	  5043 : 1
  5040	  5067 : 0
  5064	  5071 : 0
  5068	  5075 : 0
  5072	  5079 : 1
  5076	  5087 : 0
  5084	  5091 : 0
  5088	  5099 : 0
  5096	  5151 : 0
  5148	  5159 : 0
  5156	  5163 : 0
  5160	  5171 : 0
  5168	  5183 : 1
  5180	  5187 : 0
  5184	  5223 : 0
  5220	  5227 : 0
  5224	  5243 : 1
  5240	  5247 : 2
  5244	  5299 : 1
  5296	  5303 : 0
  5300	  5319 : 0
  5316	  5327 : 0
  5324	  5331 : 0
  5328	  5335 : 0
  5332	  5371 : 0
  5368	  5387 : 0
  5384	  5391 : 1
  5388	  5411 : 0
  5408	  5419 : 1
  5416	  5443 : 0
  5440	  5503 : 1
  5500	  5507 : 0
  5504	  5531 : 0
  5528	  5535 : 0
  5532	  5559 : 0
  5556	  5563 : 0
  5560	  5575 : 0
  5572	  5583 : 0
  5580	  5615 : 0
  5612	  5619 : 0
  5616	  5659 : 1
  5656	  5663 : 0
  5660	  5695 : 0
  5692	  5719 : 0
  5716	  5751 : 1
  5748	  5771 : 0
  5768	  5779 : 1
  5776	  5791 : 0
  5788	  5803 : 0
  5800	  5807 : 0
  5804	  5859 : 1
  5856	  5863 : 0
  5860	  5875 : 0
  5872	  5883 : 0
  5880	  5899 : 0
  5896	  5915 : 0
  5912	  5919 : 0
  5916	  5923 : 0
  5920	  5927 : 0
  5924	  5935 : 0
  5932	  5951 : 1
  5948	  5955 : 0
  5952	  5971 : 0
  5968	  5975 : 0
  5972	  5983 : 0
  5980	  6019 : 0
  6016	  6031 : 1
  6028	  6039 : 0
  6036	  6043 : 0
  6040	  6055 : 0
  6052	  6091 : 0
  6088	  6095 : 0
  6092	  6107 : 0
  6104	  6147 : 0
  6144	  6159 : 1
  6156	  6171 : 0
  6168	  6187 : 0
  6184	  6191 : 0
  6188	  6211 : 0
  6208	  6239 : 0
  6236	  6331 : 0
  6328	  6335 : 0
  6332	  6339 : 1
  6336	  6351 : 0
  6348	  6367 : 0
  6364	  6375 : 0
  6372	  6423 : 0
  6420	  6427 : 0
  6424	  6439 : 1
  6436	  6443 : 0
  6440	  6455 : 0
  6452	  6459 : 0
  6456	  6479 : 0
  6476	  6483 : 0
  6480	  6487 : 0
  6484	  6491 : 0
  6488	  6499 : 1
  6496	  6503 : 0
  6500	  6507 : 1
  6504	  6515 : 0
  6512	  6531 : 0
  6528	  6535 : 0
  6532	  6555 : 0
  6552	  6567 : 0
  6564	  6571 : 0
  6568	  6583 : 0
  6580	  6587 : 0
  6584	  6591 : 0
  6588	  6743 : 0
  6740	  6747 : 0
  6744	  7079 : 0
  7076	  7087 : 0
  7084	  7147 : 0
  7144	  7151 : 0
  7148	  7195 : 0
  7192	  7211 : 0
  7208	  7439 : 0
