     0	    51 : 0
    48	    55 : 0
    52	    71 : 0
    68	    75 : 0
    72	    83 : 0
    80	    87 : 0
    84	   219 : 0
   216	   403 : 0
   400	   411 : 0
   408	   435 : 0
   432	   451 : 0
   448	   467 : 0
   464	   483 : 0
   480	   495 : 0
   492	   503 : 0
   500	   507 : 0
   504	   531 : 0
   528	   535 : 0
   532	   615 : 0
   612	   939 : 0
   936	  1027 : 0
  1024	  1191 : 0
  1188	  1275 : 0
  1272	  1279 : 0
  1276	  1287 : 0
  1284	  1327 : 0
  1324	  1343 : 0
  1340	  1355 : 0
  1352	  1367 : 0
  1364	  1379 : 0
  1376	  1383 : 0
  1380	  1459 : 0
  1456	  1463 : 0
  1460	  1471 : 0
  1468	  1507 : 0
  1504	  1511 : 0
  1508	  1587 : 0
  1584	  1591 : 0
  1588	  1595 : 0
  1592	  1599 : 0
  1596	  1659 : 0
  1656	  1663 : 0
  1660	  1667 : 0
  1664	  1907 : 0
  1904	  2007 : 0
  2004	  2063 : 0
  2060	  2123 : 1
  2120	  5595 : 0
  5592	  5619 : 1
