     0	    59 : 0
    56	    67 : 1
    64	    91 : 0
    88	    99 : 0
    96	   175 : 0
   172	   183 : 0
   180	   231 : 0
   228	   243 : 0
   240	   255 : 0
   252	   259 : 0
   256	   263 : 0
   260	   267 : 0
   264	   275 : 0
   272	   283 : 0
   280	   307 : 0
   304	   327 : 0
   324	   331 : 0
   328	   339 : 0
   336	   343 : 0
   340	   351 : 0
   348	   363 : 0
   360	   379 : 0
   376	   383 : 0
   380	   387 : 0
   384	   471 : 0
   468	   479 : 0
   476	   483 : 0
   480	   495 : 0
   492	   499 : 0
   496	   503 : 0
   500	   615 : 0
   612	   623 : 0
   620	   635 : 0
   632	   639 : 0
   636	   643 : 0
   640	   647 : 0
   644	   655 : 0
   652	   659 : 0
   656	   663 : 0
   660	   683 : 0
   680	   687 : 2
   684	   719 : 0
   716	   727 : 0
   724	   735 : 0
   732	   767 : 0
   764	   839 : 0
   836	   843 : 0
   840	   871 : 0
   868	   887 : 0
   884	   915 : 0
   912	   971 : 0
   968	  1079 : 0
  1076	  1083 : 1
  1080	  1167 : 0
  1164	  1171 : 1
  1168	  1183 : 0
  1180	  1203 : 0
  1200	  1231 : 0
  1228	  1247 : 0
  1244	  1251 : 0
  1248	  1263 : 0
  1260	  1267 : 0
  1264	  1279 : 0
  1276	  1283 : 0
  1280	  1347 : 0
  1344	  1367 : 0
  1364	  1375 : 0
  1372	  1423 : 0
  1420	  1439 : 0
  1436	  1463 : 0
  1460	  1491 : 0
  1488	  1515 : 0
  1512	  1539 : 0
  1536	  1579 : 0
  1576	  1591 : 0
  1588	  1603 : 0
  1600	  1651 : 0
  1648	  1671 : 0
  1668	  1683 : 1
  1680	  1695 : 0
  1692	  1719 : 0
  1716	  1727 : 0
  1724	  1799 : 0
  1796	  1855 : 0
  1852	  1863 : 0
  1860	  2011 : 0
  2008	  2015 : 0
  2012	  2119 : 0
  2116	  2147 : 0
  2144	  2151 : 0
  2148	  2155 : 0
  2152	  2255 : 0
  2252	  2259 : 0
  2256	  2291 : 0
  2288	  2299 : 0
  2296	  2439 : 0
  2436	  2443 : 0
  2440	  2447 : 0
  2444	  2451 : 0
  2448	  2463 : 0
  2460	  2467 : 0
  2464	  2471 : 0
  2468	  2475 : 0
  2472	  2515 : 0
  2512	  2543 : 0
  2540	  2567 : 0
  2564	  2571 : 0
  2568	  2627 : 0
  2624	  2631 : 0
  2628	  2643 : 0
  2640	  2647 : 0
  2644	  2651 : 0
  2648	  2707 : 0
  2704	  2715 : 0
  2712	  2735 : 0
  2732	  2763 : 0
  2760	  2803 : 0
  2800	  2807 : 0
  2804	  2931 : 0
  2928	  2939 : 0
  2936	  2943 : 0
  2940	  2967 : 0
  2964	  2975 : 0
  2972	  2983 : 0
  2980	  2987 : 0
  2984	  3015 : 0
  3012	  3035 : 0
  3032	  3179 : 0
  3176	  3195 : 0
  3192	  3223 : 0
  3220	  3247 : 0
  3244	  3351 : 0
  3348	  3383 : 0
  3380	  3451 : 0
  3448	  3467 : 0
  3464	  3475 : 0
  3472	  3483 : 0
  3480	  3495 : 0
  3492	  3519 : 0
  3516	  3523 : 0
  3520	  3531 : 1
  3528	  3535 : 0
  3532	  3559 : 0
  3556	  3563 : 0
  3560	  3571 : 0
  3568	  3583 : 0
  3580	  3591 : 0
  3588	  3615 : 0
  3612	  3623 : 0
  3620	  3667 : 0
  3664	  3675 : 1
  3672	  3783 : 0
  3780	  3787 : 0
  3784	  3803 : 0
  3800	  3807 : 0
  3804	  3815 : 0
  3812	  3835 : 0
  3832	  3855 : 0
  3852	  3859 : 0
  3856	  3863 : 0
  3860	  3867 : 0
  3864	  3915 : 0
  3912	  3923 : 0
  3920	  4155 : 0
  4152	  4159 : 0
  4156	  4179 : 0
  4176	  4195 : 0
  4192	  4267 : 0
  4264	  4319 : 0
  4316	  4323 : 0
  4320	  4335 : 0
  4332	  4391 : 0
  4388	  4415 : 0
  4412	  4427 : 0
  4424	  4431 : 0
  4428	  4439 : 0
  4436	  4447 : 0
  4444	  4463 : 0
  4460	  4475 : 0
  4472	  4483 : 0
  4480	  4511 : 0
  4508	  4515 : 0
  4512	  4519 : 0
  4516	  4559 : 0
  4556	  4595 : 0
  4592	  4643 : 0
  4640	  4659 : 0
  4656	  4683 : 0
  4680	  4687 : 0
  4684	  4695 : 0
  4692	  4699 : 0
  4696	  4703 : 0
  4700	  4711 : 0
  4708	  4719 : 0
  4716	  4723 : 0
  4720	  4747 : 0
  4744	  4763 : 0
  4760	  4799 : 0
  4796	  4807 : 0
  4804	  4847 : 0
  4844	  4855 : 0
  4852	  4871 : 0
  4868	  4879 : 0
  4876	  4971 : 0
  4968	  4995 : 0
  4992	  5003 : 0
  5000	  5015 : 0
  5012	  5019 : 0
  5016	  5039 : 0
  5036	  5059 : 0
  5056	  5107 : 0
  5104	  5127 : 0
  5124	  5131 : 1
  5128	  5231 : 0
  5228	  5239 : 0
  5236	  5263 : 0
  5260	  5267 : 0
  5264	  5279 : 0
  5276	  5283 : 0
  5280	  5359 : 0
  5356	  5375 : 0
  5372	  5555 : 0
  5552	  5567 : 0
  5564	  5711 : 0
  5708	  5723 : 0
  5720	  5727 : 0
  5724	  5807 : 0
  5804	  5835 : 0
  5832	  5843 : 0
  5840	  5879 : 0
  5876	  5895 : 0
  5892	  5927 : 0
  5924	  5939 : 0
  5936	  5951 : 0
  5948	  5987 : 0
  5984	  6135 : 0
  6132	  6139 : 0
  6136	  6195 : 0
  6192	  6199 : 1
  6196	  6287 : 0
  6284	  6299 : 0
  6296	  6303 : 0
  6300	  6315 : 1
  6312	  6419 : 0
  6416	  6423 : 0
  6420	  6427 : 0
  6424	  6431 : 1
  6428	  6459 : 0
  6456	  6467 : 0
  6464	  6475 : 0
  6472	  6503 : 0
  6500	  6559 : 0
  6556	  6563 : 1
  6560	  6871 : 0
  6868	  6875 : 0
  6872	  6903 : 0
  6900	  6911 : 1
  6908	  6927 : 0
  6924	  6947 : 0
  6944	  6951 : 0
  6948	  6963 : 0
  6960	  6971 : 0
  6968	  6975 : 0
  6972	  7015 : 0
  7012	  7023 : 0
  7020	  7299 : 0
  7296	  7303 : 1
  7300	  7463 : 0
  7460	  7491 : 0
  7488	  7507 : 0
  7504	  7515 : 0
  7512	  7519 : 0
  7516	  7535 : 0
  7532	  7539 : 0
  7536	  7563 : 0
  7560	  7607 : 0
  7604	  7611 : 0
  7608	  7615 : 0
  7612	  7619 : 0
  7616	  7735 : 0
  7732	  7739 : 0
  7736	  7743 : 0
  7740	  7755 : 0
  7752	  7767 : 0
  7764	  7803 : 0
  7800	  7811 : 0
  7808	  7827 : 0
  7824	  7831 : 0
  7828	  7843 : 0
  7840	  7851 : 0
  7848	  7859 : 0
  7856	  7875 : 0
  7872	  7891 : 0
  7888	  7899 : 0
  7896	  7919 : 0
  7916	  7955 : 0
  7952	  7959 : 0
  7956	  7971 : 0
  7968	  7975 : 0
  7972	  7995 : 0
  7992	  8023 : 0
  8020	  8047 : 0
  8044	  8059 : 0
  8056	  8071 : 0
  8068	  8087 : 0
  8084	  8115 : 0
  8112	  8123 : 0
  8120	  8151 : 0
  8148	  8155 : 0
  8152	  8159 : 0
  8156	  8171 : 0
  8168	  8187 : 0
  8184	  8191 : 0
  8188	  8195 : 0
  8192	  8211 : 0
  8208	  8215 : 0
  8212	  8227 : 0
  8224	  8279 : 0
  8276	  8283 : 0
  8280	  8315 : 0
  8312	  8335 : 0
  8332	  8359 : 0
  8356	  8363 : 1
  8360	  8387 : 0
  8384	  8391 : 0
  8388	  8443 : 0
  8440	  8447 : 0
  8444	  8451 : 0
  8448	  8459 : 0
  8456	  8463 : 0
  8460	  8467 : 0
  8464	  8479 : 0
  8476	  8483 : 0
  8480	  8507 : 0
  8504	  8531 : 0
  8528	  8539 : 0
  8536	  8551 : 0
  8548	  8559 : 0
  8556	  8563 : 0
  8560	  8619 : 0
  8616	  8623 : 0
  8620	  8647 : 0
  8644	  8699 : 0
  8696	  8719 : 0
  8716	  8727 : 0
  8724	  8731 : 0
  8728	  8735 : 0
  8732	  8739 : 0
  8736	  8743 : 0
  8740	  8839 : 0
  8836	  8851 : 0
  8848	  8911 : 0
  8908	  8967 : 0
  8964	  8975 : 0
  8972	  8999 : 0
  8996	  9015 : 0
  9012	  9039 : 0
  9036	  9083 : 0
  9080	  9095 : 0
  9092	  9183 : 0
  9180	  9207 : 0
  9204	  9223 : 0
  9220	  9235 : 0
  9232	  9239 : 0
  9236	  9267 : 0
  9264	  9315 : 0
  9312	  9319 : 0
  9316	  9379 : 0
  9376	  9383 : 0
  9380	  9439 : 0
  9436	  9451 : 0
  9448	  9467 : 0
  9464	  9479 : 0
  9476	  9491 : 0
  9488	  9495 : 0
  9492	  9543 : 0
  9540	  9547 : 0
  9544	  9551 : 0
  9548	  9587 : 0
  9584	  9591 : 0
  9588	  9595 : 0
  9592	  9603 : 0
  9600	  9615 : 0
  9612	  9619 : 0
  9616	  9623 : 0
  9620	  9627 : 0
  9624	  9639 : 0
  9636	  9699 : 0
  9696	  9715 : 0
  9712	  9727 : 0
  9724	  9731 : 0
  9728	  9739 : 0
  9736	  9747 : 0
  9744	  9775 : 0
  9772	  9803 : 0
  9800	  9807 : 0
  9804	  9819 : 0
  9816	  9839 : 0
  9836	  9911 : 0
  9908	  9935 : 0
  9932	  9955 : 0
  9952	  9963 : 0
  9960	  9971 : 0
  9968	 10003 : 0
 10000	 10007 : 0
 10004	 10015 : 0
 10012	 10035 : 0
 10032	 10043 : 0
 10040	 10063 : 0
 10060	 10071 : 0
 10068	 10095 : 0
 10092	 10099 : 0
 10096	 10103 : 0
 10100	 10115 : 0
 10112	 10119 : 0
 10116	 10123 : 0
 10120	 10135 : 0
 10132	 10147 : 0
 10144	 10151 : 0
 10148	 10191 : 0
 10188	 10195 : 0
 10192	 10199 : 0
 10196	 10203 : 0
 10200	 10227 : 0
 10224	 10231 : 0
 10228	 10267 : 0
 10264	 10303 : 0
 10300	 10311 : 0
 10308	 10315 : 0
 10312	 10351 : 0
 10348	 10371 : 0
 10368	 10375 : 0
 10372	 10387 : 0
 10384	 10391 : 0
 10388	 10407 : 0
 10404	 10427 : 0
 10424	 10467 : 0
 10464	 10471 : 0
 10468	 10491 : 0
 10488	 10499 : 0
 10496	 10503 : 0
 10500	 10519 : 0
 10516	 10527 : 0
 10524	 10535 : 0
 10532	 10539 : 0
 10536	 10543 : 0
 10540	 10571 : 1
 10568	 10587 : 0
 10584	 10603 : 0
 10600	 10611 : 0
 10608	 10703 : 0
 10700	 10751 : 0
 10748	 10779 : 0
 10776	 10795 : 0
 10792	 10803 : 0
 10800	 10811 : 0
 10808	 10819 : 0
 10816	 10911 : 0
 10908	 10915 : 0
 10912	 10923 : 0
 10920	 10927 : 0
 10924	 10947 : 0
 10944	 10963 : 0
 10960	 10971 : 0
 10968	 10999 : 0
 10996	 11003 : 0
 11000	 11007 : 0
 11004	 11015 : 0
 11012	 11023 : 0
 11020	 11087 : 0
 11084	 11091 : 0
 11088	 11199 : 0
 11196	 11235 : 0
 11232	 11259 : 0
 11256	 11271 : 0
 11268	 11275 : 0
 11272	 11279 : 0
 11276	 11307 : 0
 11304	 11327 : 0
 11324	 11331 : 0
 11328	 11391 : 0
 11388	 11411 : 0
 11408	 11415 : 0
 11412	 11427 : 0
 11424	 11431 : 1
 11428	 11435 : 0
 11432	 11439 : 0
 11436	 11475 : 0
 11472	 11491 : 0
 11488	 11507 : 0
 11504	 11519 : 0
 11516	 11555 : 0
 11552	 11595 : 1
 11592	 11683 : 0
 11680	 11691 : 0
 11688	 11695 : 0
 11692	 11711 : 0
 11708	 11783 : 0
 11780	 11791 : 0
 11788	 11799 : 0
 11796	 11807 : 0
 11804	 11819 : 0
 11816	 11855 : 0
 11852	 11903 : 0
 11900	 11915 : 1
 11912	 12027 : 0
 12024	 13611 : 1
