     0	    39 : 0
    36	    59 : 1
    56	    87 : 0
    84	    99 : 0
    96	   143 : 0
   140	   155 : 0
   152	   175 : 0
   172	   187 : 0
   184	   207 : 0
   204	   227 : 1
   224	   263 : 0
   260	   271 : 0
   268	   275 : 0
   272	   279 : 0
   276	   303 : 0
   300	   315 : 1
   312	   327 : 0
   324	   371 : 0
   368	   407 : 0
   404	   435 : 1
   432	   439 : 0
   436	   443 : 1
   440	   499 : 0
   496	   503 : 1
   500	   507 : 0
   504	   511 : 0
   508	   515 : 0
   512	   523 : 0
   520	   527 : 0
   524	   539 : 0
   536	   575 : 0
   572	   607 : 0
   604	   611 : 0
   608	   631 : 1
   628	   839 : 0
   836	   847 : 1
   844	   863 : 0
   860	   867 : 1
   864	   907 : 0
   904	   911 : 1
   908	   915 : 0
   912	   935 : 0
   932	   951 : 0
   948	   955 : 1
   952	   975 : 0
   972	   979 : 1
   976	   983 : 0
   980	  1059 : 0
  1056	  1063 : 0
  1060	  1083 : 0
  1080	  1087 : 0
  1084	  1115 : 0
  1112	  1119 : 2
  1116	  1339 : 1
  1336	  1343 : 0
  1340	  1351 : 0
  1348	  1355 : 0
  1352	  1431 : 0
  1428	  1467 : 0
  1464	  1475 : 1
  1472	  1479 : 0
  1476	  1491 : 0
  1488	  1499 : 0
  1496	  1503 : 1
  1500	  1527 : 0
  1524	  1531 : 1
  1528	  1535 : 0
  1532	  1539 : 0
  1536	  1543 : 0
  1540	  1575 : 0
  1572	  1583 : 0
  1580	  1587 : 1
  1584	  1611 : 0
  1608	  1651 : 1
  1648	  1663 : 0
  1660	  1695 : 0
  1692	  1727 : 0
  1724	  1731 : 0
  1728	  1739 : 0
  1736	  1743 : 1
  1740	  1771 : 0
  1768	  1775 : 0
  1772	  1819 : 0
  1816	  1831 : 0
  1828	  1835 : 0
  1832	  1843 : 0
  1840	  1855 : 0
  1852	  1863 : 1
  1860	  1903 : 0
  1900	  1911 : 1
  1908	  1919 : 0
  1916	  1939 : 0
  1936	  1943 : 0
  1940	  1947 : 0
  1944	  1959 : 0
  1956	  1991 : 1
  1988	  1995 : 0
  1992	  1999 : 0
  1996	  2003 : 0
  2000	  2023 : 0
  2020	  2039 : 0
  2036	  2047 : 1
  2044	  2067 : 0
  2064	  2099 : 0
  2096	  2123 : 0
  2120	  2131 : 1
  2128	  2163 : 0
  2160	  2167 : 0
  2164	  2195 : 0
  2192	  2203 : 0
  2200	  2219 : 0
  2216	  2227 : 1
  2224	  2231 : 0
  2228	  2263 : 0
  2260	  2275 : 0
  2272	  2287 : 0
  2284	  2295 : 0
  2292	  2299 : 1
  2296	  2311 : 0
  2308	  2315 : 0
  2312	  2319 : 0
  2316	  2323 : 0
  2320	  2327 : 0
  2324	  2335 : 0
  2332	  2339 : 0
  2336	  2359 : 0
  2356	  2383 : 0
  2380	  2387 : 0
  2384	  2391 : 0
  2388	  2415 : 1
  2412	  2423 : 0
  2420	  2451 : 1
  2448	  2467 : 0
  2464	  2475 : 0
  2472	  2483 : 0
  2480	  2519 : 0
  2516	  2559 : 0
  2556	  2575 : 1
  2572	  2587 : 0
  2584	  2591 : 0
  2588	  2599 : 0
  2596	  2607 : 1
  2604	  2623 : 0
  2620	  2635 : 1
  2632	  2643 : 0
  2640	  2679 : 1
  2676	  2779 : 0
  2776	  2787 : 1
  2784	  2851 : 0
  2848	  2859 : 1
  2856	  2891 : 0
  2888	  2895 : 0
  2892	  2899 : 0
  2896	  2907 : 1
  2904	  2911 : 0
  2908	  2931 : 0
  2928	  3123 : 0
  3120	  3127 : 1
  3124	  3135 : 0
  3132	  3139 : 0
  3136	  3147 : 0
  3144	  3163 : 1
  3160	  3183 : 0
  3180	  3187 : 1
  3184	  3191 : 0
  3188	  3195 : 0
  3192	  3203 : 0
  3200	  3215 : 0
  3212	  3239 : 0
  3236	  3283 : 1
  3280	  3339 : 0
  3336	  3343 : 1
  3340	  3355 : 0
  3352	  3363 : 1
  3360	  3383 : 0
  3380	  3391 : 1
  3388	  3399 : 0
  3396	  3407 : 1
  3404	  3427 : 0
  3424	  3431 : 1
  3428	  3447 : 0
  3444	  3451 : 0
  3448	  3467 : 0
  3464	  3491 : 0
  3488	  3523 : 0
  3520	  3527 : 1
  3524	  3531 : 0
  3528	  3551 : 0
  3548	  3555 : 0
  3552	  3563 : 1
  3560	  3567 : 0
  3564	  3571 : 0
  3568	  3575 : 0
  3572	  3587 : 0
  3584	  3591 : 0
  3588	  3627 : 1
  3624	  3635 : 0
  3632	  3735 : 0
  3732	  3759 : 0
  3756	  3775 : 0
  3772	  3779 : 0
  3776	  3787 : 1
  3784	  3807 : 0
  3804	  3811 : 0
  3808	  3819 : 0
  3816	  3835 : 0
  3832	  3839 : 0
  3836	  3851 : 0
  3848	  3855 : 0
  3852	  3867 : 0
  3864	  3871 : 0
  3868	  3891 : 0
  3888	  3903 : 0
  3900	  3911 : 1
  3908	  3915 : 0
  3912	  3923 : 0
  3920	  3931 : 0
  3928	  3935 : 1
  3932	  3959 : 0
  3956	  3983 : 1
  3980	  3991 : 0
  3988	  4003 : 0
  4000	  4011 : 0
  4008	  4015 : 1
  4012	  4031 : 0
  4028	  4059 : 0
  4056	  4063 : 0
  4060	  4067 : 0
  4064	  4095 : 0
  4092	  4103 : 1
  4100	  4127 : 0
  4124	  4131 : 1
  4128	  4151 : 0
  4148	  4155 : 1
  4152	  4179 : 0
  4176	  4191 : 1
  4188	  4199 : 0
  4196	  4227 : 0
  4224	  4235 : 0
  4232	  4247 : 0
  4244	  4315 : 0
  4312	  4319 : 1
  4316	  4335 : 0
  4332	  4339 : 1
  4336	  4343 : 2
  4340	  4363 : 0
  4360	  4367 : 0
  4364	  4371 : 0
  4368	  4379 : 0
  4376	  4403 : 0
  4400	  4419 : 0
  4416	  4427 : 0
  4424	  4431 : 1
  4428	  4507 : 0
  4504	  4539 : 1
  4536	  4543 : 0
  4540	  4555 : 0
  4552	  4567 : 0
  4564	  4619 : 1
  4616	  4687 : 0
  4684	  4691 : 1
  4688	  4699 : 0
  4696	  4703 : 0
  4700	  4707 : 0
  4704	  4723 : 1
  4720	  4727 : 0
  4724	  4779 : 0
  4776	  4871 : 0
  4868	  4879 : 1
  4876	  4919 : 0
  4916	  4923 : 1
  4920	  4963 : 0
  4960	  4967 : 1
  4964	  4979 : 0
  4976	  4987 : 1
  4984	  5159 : 0
  5156	  5199 : 0
  5196	  5203 : 0
  5200	  5211 : 1
  5208	  5215 : 0
  5212	  5243 : 0
  5240	  5323 : 0
  5320	  5335 : 1
  5332	  5339 : 0
  5336	  5359 : 0
  5356	  5363 : 0
  5360	  5395 : 0
  5392	  5399 : 0
  5396	  5427 : 1
  5424	  5483 : 0
  5480	  5487 : 1
  5484	  5507 : 0
  5504	  5519 : 1
  5516	  5527 : 0
  5524	  5539 : 0
  5536	  5787 : 0
  5784	  5795 : 1
  5792	  5811 : 0
  5808	  5815 : 1
  5812	  5827 : 0
  5824	  5839 : 1
  5836	  5843 : 0
  5840	  5847 : 1
  5844	  5855 : 0
  5852	  5859 : 1
  5856	  5863 : 0
  5860	  5867 : 1
  5864	  5871 : 0
  5868	  5875 : 1
  5872	  5879 : 0
  5876	  5891 : 0
  5888	  5895 : 0
  5892	  5899 : 1
  5896	  5963 : 0
  5960	  5971 : 1
  5968	  5975 : 0
  5972	  5983 : 1
  5980	  6007 : 0
  6004	  6015 : 1
  6012	  6031 : 0
  6028	  6039 : 0
  6036	  6047 : 0
  6044	  6063 : 1
  6060	  6067 : 0
  6064	  6071 : 0
  6068	  6075 : 0
  6072	  6119 : 1
  6116	  6123 : 0
  6120	  6127 : 0
  6124	  6131 : 0
  6128	  6135 : 0
  6132	  6143 : 0
  6140	  6147 : 0
  6144	  6151 : 0
  6148	  6183 : 1
  6180	  6219 : 0
  6216	  6239 : 1
  6236	  6267 : 0
  6264	  6275 : 0
  6272	  6323 : 0
  6320	  6367 : 0
  6364	  6387 : 0
  6384	  6395 : 0
  6392	  6467 : 0
  6464	  6535 : 1
  6532	  6587 : 0
  6584	  6591 : 0
  6588	  6615 : 0
  6612	  6627 : 0
  6624	  6635 : 0
  6632	  6671 : 1
  6668	  6683 : 0
  6680	  6691 : 0
  6688	  6695 : 0
  6692	  6707 : 0
  6704	  6771 : 0
  6768	  6799 : 1
  6796	  6851 : 0
  6848	  6859 : 0
  6856	  6867 : 0
  6864	  6879 : 0
  6876	  6907 : 0
  6904	  6943 : 1
  6940	  7035 : 0
  7032	  7131 : 0
  7128	  7139 : 0
  7136	  7171 : 0
  7168	  7247 : 0
  7244	  7267 : 1
  7264	  7271 : 0
  7268	  7279 : 1
  7276	  7315 : 0
  7312	  7335 : 0
  7332	  7507 : 0
  7504	  7519 : 0
  7516	  7627 : 0
  7624	  7723 : 0
  7720	  7823 : 0
  7820	  7831 : 0
  7828	  7879 : 0
  7876	  7911 : 0
  7908	  7951 : 0
  7948	  7959 : 1
  7956	  8043 : 0
  8040	  8047 : 0
  8044	  8051 : 0
  8048	  8055 : 0
  8052	  8067 : 0
  8064	  8091 : 0
  8088	  8103 : 0
  8100	  8111 : 0
  8108	  8135 : 0
  8132	  8139 : 0
  8136	  8147 : 0
  8144	  8183 : 1
  8180	  8187 : 0
  8184	  8199 : 1
  8196	  8279 : 0
  8276	  8311 : 1
  8308	  8319 : 0
  8316	  8327 : 1
  8324	  8415 : 0
  8412	  8419 : 1
  8416	  8539 : 0
  8536	  8563 : 1
  8560	  8799 : 0
  8796	  8827 : 0
  8824	  8943 : 0
  8940	  8951 : 0
  8948	  9027 : 0
  9024	  9031 : 0
  9028	  9119 : 0
  9116	  9135 : 0
  9132	  9139 : 0
  9136	  9147 : 0
  9144	  9155 : 0
  9152	  9215 : 1
  9212	  9223 : 0
  9220	  9251 : 1
  9248	  9275 : 0
  9272	  9287 : 1
  9284	  9299 : 0
  9296	  9411 : 0
  9408	  9479 : 0
  9476	  9495 : 0
  9492	  9503 : 0
  9500	  9759 : 0
