     0	    27 : 0
    24	   463 : 0
   460	   519 : 0
   516	   555 : 0
   552	   567 : 1
   564	   655 : 0
   652	   663 : 1
   660	   723 : 0
   720	   731 : 1
   728	   783 : 0
   780	   795 : 1
   792	   815 : 0
   812	   827 : 0
   824	   831 : 0
   828	   839 : 0
   836	   879 : 0
   876	   987 : 1
   984	  1031 : 0
  1028	  1035 : 1
  1032	  1079 : 0
  1076	  1087 : 1
  1084	  1147 : 0
  1144	  1155 : 1
  1152	  1199 : 0
  1196	  1207 : 1
  1204	  1219 : 0
  1216	  1227 : 0
  1224	  1327 : 0
  1324	  1331 : 0
  1328	  1339 : 0
  1336	  1351 : 0
  1348	  1371 : 0
  1368	  1379 : 1
  1376	  1415 : 0
  1412	  1427 : 0
  1424	  1463 : 0
  1460	  1475 : 1
  1472	  1479 : 0
  1476	  1487 : 0
  1484	  1503 : 0
  1500	  1507 : 1
  1504	  1519 : 0
  1516	  1531 : 0
  1528	  1535 : 0
  1532	  1539 : 0
  1536	  1547 : 0
  1544	  1563 : 1
  1560	  1587 : 0
  1584	  1595 : 0
  1592	  1603 : 0
  1600	  1607 : 0
  1604	  1623 : 0
  1620	  1631 : 0
  1628	  1643 : 0
  1640	  1663 : 0
  1660	  1667 : 0
  1664	  1691 : 0
  1688	  1695 : 0
  1692	  1703 : 0
  1700	  1711 : 0
  1708	  1715 : 1
  1712	  1727 : 0
  1724	  1739 : 1
  1736	  1827 : 0
  1824	  1871 : 1
  1868	  1875 : 0
  1872	  1983 : 1
  1980	  1995 : 0
  1992	  1999 : 0
  1996	  2007 : 0
  2004	  2015 : 1
  2012	  2019 : 0
  2016	  2023 : 0
  2020	  2055 : 0
  2052	  2067 : 0
  2064	  2127 : 0
  2124	  2135 : 0
  2132	  2147 : 0
  2144	  2159 : 1
  2156	  2163 : 0
  2160	  2167 : 0
  2164	  2179 : 0
  2176	  2183 : 0
  2180	  2195 : 0
  2192	  2199 : 0
  2196	  2203 : 0
  2200	  2215 : 0
  2212	  2219 : 0
  2216	  2231 : 0
  2228	  2243 : 0
  2240	  2259 : 0
  2256	  2263 : 0
  2260	  2267 : 0
  2264	  2315 : 0
  2312	  2319 : 0
  2316	  2331 : 0
  2328	  2335 : 0
  2332	  2339 : 0
  2336	  2347 : 1
  2344	  2351 : 0
  2348	  2383 : 1
  2380	  2387 : 0
  2384	  2395 : 0
  2392	  2399 : 0
  2396	  2403 : 1
  2400	  2407 : 0
  2404	  2411 : 0
  2408	  2423 : 0
  2420	  2427 : 1
  2424	  2479 : 0
  2476	  2483 : 1
  2480	  2487 : 0
  2484	  2543 : 0
  2540	  2555 : 0
  2552	  2563 : 0
  2560	  2599 : 0
  2596	  2603 : 0
  2600	  2607 : 0
  2604	  2611 : 1
  2608	  2655 : 0
  2652	  2663 : 0
  2660	  2699 : 0
  2696	  2711 : 1
  2708	  2719 : 0
  2716	  2743 : 1
  2740	  2751 : 0
  2748	  2759 : 0
  2756	  2771 : 0
  2768	  2783 : 1
  2780	  2787 : 0
  2784	  2791 : 1
  2788	  2839 : 0
  2836	  2847 : 1
  2844	  2863 : 0
  2860	  2871 : 0
  2868	  2883 : 0
  2880	  2927 : 1
  2924	  2975 : 0
  2972	  3023 : 1
  3020	  3027 : 0
  3024	  3035 : 0
  3032	  3071 : 0
  3068	  3127 : 1
  3124	  3167 : 0
  3164	  3227 : 0
  3224	  3263 : 0
  3260	  3275 : 0
  3272	  3283 : 0
  3280	  3311 : 0
  3308	  3315 : 0
  3312	  3371 : 0
  3368	  3419 : 0
  3416	  3423 : 1
  3420	  3431 : 0
  3428	  3435 : 0
  3432	  3479 : 0
  3476	  3487 : 1
  3484	  3523 : 0
  3520	  3547 : 0
  3544	  3591 : 0
  3588	  3599 : 0
  3596	  3639 : 0
  3636	  3747 : 0
  3744	  3751 : 0
  3748	  3755 : 0
  3752	  3763 : 0
  3760	  3767 : 0
  3764	  3771 : 0
  3768	  3775 : 0
  3772	  3875 : 0
  3872	  3883 : 0
  3880	  3887 : 0
  3884	  3891 : 0
  3888	  3895 : 0
  3892	  3911 : 0
  3908	  3915 : 0
  3912	  3919 : 1
  3916	  3923 : 0
  3920	  3931 : 1
  3928	  3939 : 0
  3936	  3975 : 0
  3972	  3979 : 0
  3976	  3987 : 1
  3984	  4031 : 0
  4028	  4039 : 0
  4036	  4043 : 0
  4040	  4047 : 0
  4044	  4051 : 0
  4048	  4063 : 1
  4060	  4099 : 0
  4096	  4115 : 1
  4112	  4151 : 0
  4148	  4211 : 0
  4208	  4215 : 0
  4212	  4219 : 1
  4216	  4223 : 0
  4220	  4331 : 1
  4328	  4371 : 0
  4368	  4383 : 0
  4380	  4427 : 0
  4424	  4435 : 0
  4432	  4439 : 0
  4436	  4455 : 1
  4452	  4503 : 0
  4500	  4551 : 1
  4548	  4555 : 0
  4552	  4559 : 0
  4556	  4567 : 0
  4564	  4575 : 0
  4572	  4579 : 0
  4576	  4583 : 0
  4580	  4587 : 0
  4584	  4599 : 0
  4596	  4603 : 0
  4600	  4607 : 0
  4604	  4615 : 0
  4612	  4619 : 0
  4616	  4627 : 0
  4624	  4631 : 0
  4628	  4679 : 0
  4676	  4747 : 1
  4744	  4751 : 0
  4748	  4759 : 0
  4756	  4851 : 0
  4848	  4859 : 1
  4856	  4879 : 0
  4876	  4963 : 0
  4960	  4971 : 0
  4968	  4975 : 0
  4972	  4991 : 0
  4988	  5003 : 1
  5000	  5219 : 0
  5216	  5311 : 1
  5308	  5315 : 0
  5312	  5439 : 0
  5436	  5451 : 0
  5448	  5467 : 0
  5464	  5491 : 0
  5488	  5499 : 0
  5496	  5571 : 0
  5568	  5591 : 1
  5588	  5603 : 0
  5600	  5611 : 1
  5608	  5651 : 0
  5648	  5679 : 1
  5676	  5711 : 0
  5708	  5715 : 1
  5712	  5743 : 0
  5740	  5763 : 0
  5760	  5815 : 0
  5812	  5839 : 1
  5836	  5847 : 0
  5844	  5863 : 0
  5860	  5875 : 0
  5872	  5887 : 1
  5884	  5919 : 0
  5916	  5931 : 1
  5928	  5943 : 0
  5940	  6015 : 0
  6012	  6043 : 0
  6040	  6059 : 1
  6056	  6067 : 0
  6064	  6075 : 1
  6072	  6111 : 0
  6108	  6119 : 1
  6116	  6123 : 0
  6120	  6139 : 0
  6136	  6147 : 0
  6144	  6151 : 0
  6148	  6155 : 0
  6152	  6159 : 0
  6156	  6175 : 0
  6172	  6179 : 1
  6176	  6191 : 0
  6188	  6199 : 1
  6196	  6211 : 0
  6208	  6215 : 1
  6212	  6279 : 0
  6276	  6303 : 1
  6300	  6311 : 0
  6308	  6319 : 1
  6316	  6327 : 0
  6324	  6335 : 1
  6332	  6339 : 0
  6336	  6343 : 0
  6340	  6347 : 0
  6344	  6351 : 0
  6348	  6363 : 0
  6360	  6367 : 0
  6364	  6379 : 0
  6376	  6387 : 0
  6384	  6395 : 0
  6392	  6403 : 1
  6400	  6411 : 0
  6408	  6451 : 0
  6448	  6459 : 0
  6456	  6463 : 0
  6460	  6471 : 0
  6468	  6479 : 1
  6476	  6491 : 0
  6488	  6495 : 0
  6492	  6519 : 0
  6516	  6523 : 0
  6520	  6535 : 0
  6532	  6539 : 1
  6536	  6551 : 0
  6548	  6555 : 0
  6552	  6567 : 0
  6564	  6571 : 0
  6568	  6579 : 0
  6576	  6587 : 1
  6584	  6595 : 0
  6592	  6599 : 1
  6596	  6611 : 0
  6608	  6619 : 1
  6616	  6651 : 0
  6648	  6663 : 1
  6660	  6691 : 0
  6688	  6695 : 1
  6692	  6699 : 0
  6696	  6703 : 1
  6700	  6707 : 0
  6704	  6743 : 0
  6740	  6751 : 0
  6748	  6759 : 1
  6756	  6763 : 0
  6760	  6807 : 0
  6804	  6823 : 0
  6820	  6883 : 0
  6880	  6955 : 0
  6952	  6959 : 1
  6956	  6963 : 0
  6960	  7015 : 0
  7012	  7019 : 0
  7016	  7039 : 0
  7036	  7047 : 0
  7044	  7051 : 1
  7048	  7055 : 0
  7052	  7059 : 0
  7056	  7071 : 0
  7068	  7087 : 1
  7084	  7099 : 0
  7096	  7107 : 1
  7104	  7115 : 0
  7112	  7123 : 1
  7120	  7143 : 0
  7140	  7271 : 0
  7268	  7291 : 0
  7288	  7587 : 0
