     0	    23 : 0
    20	    27 : 0
    24	    35 : 1
    32	    55 : 0
    52	   227 : 0
   224	   235 : 0
   232	   307 : 0
   304	   355 : 0
   352	   359 : 1
   356	   431 : 0
   428	   439 : 0
   436	   447 : 0
   444	   519 : 1
   516	   531 : 0
   528	   543 : 0
   540	   551 : 0
   548	   555 : 1
   552	   567 : 0
   564	   587 : 0
   584	   591 : 0
   588	   599 : 0
   596	   611 : 0
   608	   663 : 0
   660	   667 : 0
   664	   671 : 0
   668	   687 : 0
   684	   719 : 1
   716	   723 : 0
   720	   767 : 1
   764	   771 : 0
   768	   775 : 1
   772	   779 : 0
   776	   799 : 0
   796	   815 : 0
   812	   819 : 0
   816	   823 : 0
   820	   839 : 0
   836	   843 : 0
   840	   859 : 1
   856	   863 : 0
   860	   867 : 0
   864	   875 : 0
   872	   883 : 0
   880	   887 : 0
   884	   895 : 0
   892	   903 : 0
   900	   915 : 0
   912	   919 : 0
   916	   939 : 0
   936	   947 : 0
   944	   951 : 0
   948	   955 : 0
   952	   963 : 1
   960	   967 : 0
   964	   975 : 0
   972	   979 : 0
   976	   991 : 0
   988	   999 : 0
   996	  1003 : 1
  1000	  1011 : 0
  1008	  1015 : 0
  1012	  1019 : 0
  1016	  1023 : 1
  1020	  1067 : 0
  1064	  1071 : 0
  1068	  1079 : 0
  1076	  1083 : 0
  1080	  1107 : 0
  1104	  1139 : 1
  1136	  1143 : 0
  1140	  1163 : 0
  1160	  1167 : 0
  1164	  1171 : 0
  1168	  1183 : 0
  1180	  1191 : 0
  1188	  1223 : 0
  1220	  1231 : 0
  1228	  1235 : 0
  1232	  1239 : 0
  1236	  1247 : 0
  1244	  1275 : 0
  1272	  1279 : 0
  1276	  1291 : 0
  1288	  1403 : 0
  1400	  1431 : 1
  1428	  1435 : 0
  1432	  1439 : 0
  1436	  1455 : 0
  1452	  1459 : 0
  1456	  1499 : 0
  1496	  1587 : 0
  1584	  1607 : 0
  1604	  1611 : 0
  1608	  1619 : 0
  1616	  1643 : 1
  1640	  1651 : 0
  1648	  1667 : 0
  1664	  1671 : 0
  1668	  1683 : 0
  1680	  1695 : 0
  1692	  1707 : 1
  1704	  1711 : 0
  1708	  1719 : 0
  1716	  1751 : 0
  1748	  1755 : 0
  1752	  1771 : 0
  1768	  1775 : 0
  1772	  1799 : 0
  1796	  1803 : 0
  1800	  1823 : 0
  1820	  1827 : 0
  1824	  1859 : 0
  1856	  1863 : 0
  1860	  1867 : 0
  1864	  1871 : 0
  1868	  1971 : 0
  1968	  1975 : 1
  1972	  1979 : 0
  1976	  1995 : 0
  1992	  2071 : 0
  2068	  2075 : 1
  2072	  2079 : 0
  2076	  2091 : 0
  2088	  2115 : 0
  2112	  2119 : 0
  2116	  2191 : 0
  2188	  2203 : 1
  2200	  2207 : 0
  2204	  2227 : 1
  2224	  2255 : 0
  2252	  2267 : 0
  2264	  2303 : 0
  2300	  2319 : 0
  2316	  2335 : 0
  2332	  2343 : 0
  2340	  2371 : 0
  2368	  2415 : 0
  2412	  2475 : 0
  2472	  2479 : 0
  2476	  2567 : 0
  2564	  2575 : 1
  2572	  2587 : 0
  2584	  2591 : 1
  2588	  2595 : 0
  2592	  2599 : 0
  2596	  2603 : 0
  2600	  2643 : 0
  2640	  2647 : 0
  2644	  2675 : 0
  2672	  2695 : 0
  2692	  2735 : 0
  2732	  2739 : 0
  2736	  2799 : 0
  2796	  2803 : 0
  2800	  2819 : 1
  2816	  2823 : 0
  2820	  2843 : 0
  2840	  2847 : 0
  2844	  2895 : 0
  2892	  2923 : 0
  2920	  2931 : 0
  2928	  2939 : 0
  2936	  2967 : 0
  2964	  2979 : 0
  2976	  2991 : 0
  2988	  3203 : 0
  3200	  3207 : 1
  3204	  3323 : 0
  3320	  3331 : 0
  3328	  3355 : 0
  3352	  3447 : 0
  3444	  3451 : 0
  3448	  3459 : 0
  3456	  3467 : 0
  3464	  3475 : 0
  3472	  3495 : 0
  3492	  3511 : 0
  3508	  3515 : 0
  3512	  3523 : 0
  3520	  3587 : 0
  3584	  3603 : 1
  3600	  3607 : 0
  3604	  3619 : 0
  3616	  3631 : 0
  3628	  3643 : 0
  3640	  3699 : 0
  3696	  3707 : 1
  3704	  3775 : 0
  3772	  3783 : 1
  3780	  3839 : 0
  3836	  3847 : 0
  3844	  3919 : 0
  3916	  4059 : 1
  4056	  4063 : 0
  4060	  4067 : 0
  4064	  4095 : 0
  4092	  4107 : 0
  4104	  4139 : 0
  4136	  4151 : 1
  4148	  4171 : 0
  4168	  4175 : 1
  4172	  4183 : 0
  4180	  4187 : 1
  4184	  4191 : 0
  4188	  4219 : 1
  4216	  4223 : 0
  4220	  4239 : 1
  4236	  4271 : 0
  4268	  4287 : 0
  4284	  4295 : 0
  4292	  4299 : 0
  4296	  4303 : 0
  4300	  4311 : 0
  4308	  4319 : 0
  4316	  4359 : 0
  4356	  4375 : 0
  4372	  4379 : 0
  4376	  4383 : 0
  4380	  4387 : 0
  4384	  4395 : 0
  4392	  4407 : 0
  4404	  4427 : 0
  4424	  4431 : 0
  4428	  4439 : 0
  4436	  4483 : 0
  4480	  4491 : 0
  4488	  4495 : 0
  4492	  4503 : 0
  4500	  4511 : 0
  4508	  4523 : 0
  4520	  4531 : 0
  4528	  4535 : 0
  4532	  4539 : 0
  4536	  4543 : 0
  4540	  4563 : 0
  4560	  4567 : 0
  4564	  4575 : 0
  4572	  4583 : 0
  4580	  4619 : 1
  4616	  4755 : 0
  4752	  4775 : 0
  4772	  4787 : 0
  4784	  4799 : 0
  4796	  4811 : 0
  4808	  4819 : 1
  4816	  4827 : 0
  4824	  4867 : 0
  4864	  4887 : 0
  4884	  5087 : 1
  5084	  5111 : 0
  5108	  5147 : 0
  5144	  5155 : 0
  5152	  5183 : 1
  5180	  5239 : 0
  5236	  5291 : 0
  5288	  5299 : 0
  5296	  5455 : 0
  5452	  5459 : 0
  5456	  5595 : 0
