     0	   127 : 0
   124	   131 : 0
   128	   155 : 1
   152	   263 : 0
   260	   299 : 0
   296	   303 : 0
   300	   367 : 0
   364	   371 : 0
   368	   375 : 0
   372	   379 : 0
   376	   623 : 0
   620	   631 : 0
   628	   647 : 0
   644	   711 : 0
   708	   771 : 0
   768	   879 : 0
   876	   927 : 0
   924	   931 : 0
   928	  1047 : 0
  1044	  1051 : 0
  1048	  1055 : 1
  1052	  1067 : 0
  1064	  1087 : 0
  1084	  1103 : 0
  1100	  1215 : 0
  1212	  1279 : 0
  1276	  1283 : 1
  1280	  1399 : 0
  1396	  1403 : 0
  1400	  1511 : 0
  1508	  1515 : 1
  1512	  1551 : 0
  1548	  1699 : 0
  1696	  1727 : 0
  1724	  1739 : 0
  1736	  1743 : 0
  1740	  1751 : 0
  1748	  1755 : 0
  1752	  1799 : 0
  1796	  1955 : 0
  1952	  1959 : 1
  1956	  2051 : 0
  2048	  2143 : 0
  2140	  2147 : 0
  2144	  2163 : 0
  2160	  2175 : 0
  2172	  2207 : 0
  2204	  2343 : 0
  2340	  2399 : 1
  2396	  2407 : 0
  2404	  2411 : 0
  2408	  2423 : 0
  2420	  2431 : 1
  2428	  2523 : 0
  2520	  2719 : 0
  2716	  2723 : 0
  2720	  2799 : 0
  2796	  2867 : 0
  2864	  2879 : 0
  2876	  2919 : 0
  2916	  3135 : 0
  3132	  3303 : 0
  3300	  3307 : 1
  3304	  3327 : 0
  3324	  3387 : 0
  3384	  3391 : 0
  3388	  3395 : 0
  3392	  3399 : 0
  3396	  3419 : 0
  3416	  3447 : 0
  3444	  3459 : 0
  3456	  3483 : 0
  3480	  3487 : 0
  3484	  3531 : 0
  3528	  3535 : 1
  3532	  3591 : 0
  3588	  3655 : 0
  3652	  3675 : 0
  3672	  3679 : 0
  3676	  3711 : 0
  3708	  3719 : 1
  3716	  3727 : 0
  3724	  3747 : 1
  3744	  3751 : 0
  3748	  3827 : 0
  3824	  3903 : 0
  3900	  3911 : 1
  3908	  3935 : 0
  3932	  4015 : 0
  4012	  4075 : 0
  4072	  4107 : 0
  4104	  4115 : 0
  4112	  4119 : 0
  4116	  4135 : 0
  4132	  4147 : 0
  4144	  4191 : 0
  4188	  4367 : 0
  4364	  4435 : 0
  4432	  4455 : 0
  4452	  4463 : 0
  4460	  4491 : 0
  4488	  4495 : 0
  4492	  4507 : 0
  4504	  4587 : 0
  4584	  4615 : 0
  4612	  4839 : 0
  4836	  4851 : 0
  4848	  4959 : 0
  4956	  4963 : 1
  4960	  4967 : 2
  4964	  5307 : 0
  5304	  5339 : 0
  5336	  5347 : 0
  5344	  5515 : 0
  5512	  5615 : 0
  5612	  5619 : 0
  5616	  5651 : 0
  5648	  5659 : 1
  5656	  5791 : 0
  5788	  6243 : 0
  6240	  6255 : 0
  6252	  6351 : 0
  6348	  6439 : 0
  6436	  6491 : 0
  6488	  6671 : 0
  6668	  6675 : 1
  6672	  7063 : 0
  7060	  7067 : 1
  7064	  7163 : 0
  7160	  7175 : 0
  7172	  7203 : 0
  7200	  7275 : 0
  7272	  7283 : 0
  7280	  7315 : 0
  7312	  7339 : 0
  7336	  7427 : 1
  7424	  7595 : 0
  7592	  7731 : 0
  7728	  8631 : 0
  8628	  8635 : 1
  8632	  8975 : 0
  8972	  8983 : 1
  8980	  9023 : 0
  9020	  9031 : 0
  9028	  9063 : 0
  9060	  9067 : 0
  9064	  9087 : 0
  9084	  9091 : 0
  9088	  9123 : 0
  9120	  9195 : 1
  9192	  9307 : 0
  9304	  9311 : 1
  9308	  9395 : 0
  9392	  9399 : 0
  9396	  9515 : 0
  9512	  9567 : 0
  9564	  9655 : 0
  9652	  9659 : 0
  9656	  9663 : 0
  9660	  9679 : 0
  9676	  9691 : 0
  9688	  9751 : 0
  9748	  9787 : 0
  9784	  9791 : 0
  9788	 10111 : 0
 10108	 10255 : 1
 10252	 10263 : 0
 10260	 10419 : 0
 10416	 10467 : 0
 10464	 10487 : 0
 10484	 10495 : 0
 10492	 10507 : 0
 10504	 10651 : 0
 10648	 10691 : 0
 10688	 10739 : 0
 10736	 10763 : 0
 10760	 10891 : 0
 10888	 10947 : 0
 10944	 10963 : 0
 10960	 10979 : 0
 10976	 11143 : 0
 11140	 11151 : 0
 11148	 11207 : 0
 11204	 11411 : 0
 11408	 11447 : 0
 11444	 11511 : 0
 11508	 11627 : 0
 11624	 11791 : 0
 11788	 11795 : 0
 11792	 11903 : 0
 11900	 11947 : 0
 11944	 11967 : 0
 11964	 11971 : 0
 11968	 11975 : 0
 11972	 12259 : 0
 12256	 12263 : 0
 12260	 12283 : 0
 12280	 12295 : 0
 12292	 12331 : 0
 12328	 12347 : 0
 12344	 12363 : 0
 12360	 12571 : 0
 12568	 12575 : 0
 12572	 13379 : 1
 13376	 13395 : 0
 13392	 13471 : 0
 13468	 13483 : 0
 13480	 13515 : 0
 13512	 13519 : 0
 13516	 13535 : 0
 13532	 13587 : 0
 13584	 13859 : 0
 13856	 13863 : 0
 13860	 13883 : 0
 13880	 13891 : 0
 13888	 14339 : 0
 14336	 14387 : 0
 14384	 14399 : 0
 14396	 14667 : 0
 14664	 14671 : 0
 14668	 14675 : 0
 14672	 14759 : 0
 14756	 14783 : 0
 14780	 14995 : 0
 14992	 15051 : 0
 15048	 15067 : 0
 15064	 15091 : 0
 15088	 15295 : 1
 15292	 15303 : 0
 15300	 15307 : 0
 15304	 15315 : 0
 15312	 15411 : 0
 15408	 15419 : 0
 15416	 15455 : 0
 15452	 15463 : 0
 15460	 15495 : 0
 15492	 15531 : 0
 15528	 15535 : 1
 15532	 15547 : 0
 15544	 15563 : 0
 15560	 15643 : 0
 15640	 15711 : 0
 15708	 15739 : 0
 15736	 15763 : 0
 15760	 15775 : 0
 15772	 15787 : 0
 15784	 15795 : 0
 15792	 15827 : 0
 15824	 15831 : 0
 15828	 15863 : 0
 15860	 15871 : 0
 15868	 15875 : 0
 15872	 15899 : 0
 15896	 15935 : 0
 15932	 15939 : 0
 15936	 15959 : 0
 15956	 15963 : 0
 15960	 15967 : 0
 15964	 15971 : 0
 15968	 15987 : 0
 15984	 15991 : 0
 15988	 15999 : 0
 15996	 16083 : 0
 16080	 16115 : 0
 16112	 16175 : 0
 16172	 16187 : 0
 16184	 16223 : 0
 16220	 16235 : 0
 16232	 16435 : 0
 16432	 16439 : 0
 16436	 16559 : 0
 16556	 16619 : 0
 16616	 16823 : 0
 16820	 16875 : 0
 16872	 16891 : 0
 16888	 16895 : 0
 16892	 16955 : 0
 16952	 17035 : 0
 17032	 17079 : 0
 17076	 17119 : 0
 17116	 17139 : 0
 17136	 17183 : 0
 17180	 17187 : 0
 17184	 17191 : 0
 17188	 17283 : 0
 17280	 17291 : 0
 17288	 17335 : 0
 17332	 17363 : 0
 17360	 17387 : 0
 17384	 17419 : 0
 17416	 17491 : 0
 17488	 17495 : 0
 17492	 17499 : 0
 17496	 17539 : 0
 17536	 17579 : 0
 17576	 17583 : 0
 17580	 17603 : 0
 17600	 17679 : 0
 17676	 17687 : 0
 17684	 17775 : 0
 17772	 17927 : 0
 17924	 17935 : 0
 17932	 17975 : 0
 17972	 17995 : 0
 17992	 18031 : 0
 18028	 18035 : 0
 18032	 18043 : 0
 18040	 18047 : 0
 18044	 18311 : 0
 18308	 18319 : 0
 18316	 18335 : 0
 18332	 18355 : 0
 18352	 18555 : 0
 18552	 18559 : 0
 18556	 18567 : 0
 18564	 18587 : 0
 18584	 18623 : 0
 18620	 18635 : 0
 18632	 18639 : 0
 18636	 18691 : 0
 18688	 18695 : 0
 18692	 18711 : 0
 18708	 18807 : 0
 18804	 18811 : 0
 18808	 18831 : 0
 18828	 18835 : 0
 18832	 18843 : 0
 18840	 18859 : 0
 18856	 18863 : 0
 18860	 18895 : 0
 18892	 18983 : 0
 18980	 18987 : 0
 18984	 18999 : 0
 18996	 19023 : 0
 19020	 19027 : 0
 19024	 19039 : 0
 19036	 19151 : 0
 19148	 19167 : 0
 19164	 19375 : 0
 19372	 19451 : 0
 19448	 19463 : 0
 19460	 19471 : 0
 19468	 19663 : 0
 19660	 19707 : 0
 19704	 19731 : 0
 19728	 19735 : 0
 19732	 19739 : 0
 19736	 19743 : 0
 19740	 19783 : 0
 19780	 19803 : 0
 19800	 19975 : 0
 19972	 19999 : 0
 19996	 20003 : 0
 20000	 20019 : 0
 20016	 20023 : 0
 20020	 20043 : 0
 20040	 20047 : 0
 20044	 20055 : 0
 20052	 20083 : 0
 20080	 20087 : 0
 20084	 20091 : 0
 20088	 20095 : 0
 20092	 20183 : 0
 20180	 20187 : 0
 20184	 20547 : 0
 20544	 20571 : 0
 20568	 20871 : 0
 20868	 20875 : 0
 20872	 20887 : 0
 20884	 20899 : 0
 20896	 20903 : 0
 20900	 20931 : 0
 20928	 20939 : 0
 20936	 20951 : 0
 20948	 20959 : 0
 20956	 20995 : 0
 20992	 20999 : 0
 20996	 21035 : 0
 21032	 21099 : 0
 21096	 21119 : 0
 21116	 21151 : 0
 21148	 21159 : 0
 21156	 21203 : 0
 21200	 21231 : 0
 21228	 21259 : 0
 21256	 21263 : 0
 21260	 21295 : 0
 21292	 21339 : 0
 21336	 21347 : 0
 21344	 21351 : 1
 21348	 21379 : 0
 21376	 21395 : 0
 21392	 21427 : 0
 21424	 21443 : 0
 21440	 21499 : 0
 21496	 21503 : 0
 21500	 21507 : 0
 21504	 21575 : 0
 21572	 21607 : 0
 21604	 21611 : 0
 21608	 21615 : 0
 21612	 21631 : 1
 21628	 21635 : 0
 21632	 21643 : 0
 21640	 21647 : 0
 21644	 21655 : 0
 21652	 21667 : 0
 21664	 21671 : 1
 21668	 21675 : 0
 21672	 21691 : 0
 21688	 21707 : 0
 21704	 21711 : 1
 21708	 21827 : 0
 21824	 21843 : 0
 21840	 21859 : 0
 21856	 21883 : 0
 21880	 21935 : 0
 21932	 21939 : 0
 21936	 21947 : 0
 21944	 21991 : 0
 21988	 22011 : 0
 22008	 22063 : 0
 22060	 22071 : 0
 22068	 22083 : 0
 22080	 22131 : 0
 22128	 22135 : 0
 22132	 22143 : 0
 22140	 22147 : 0
 22144	 22199 : 0
 22196	 22211 : 0
 22208	 22223 : 0
 22220	 22235 : 0
 22232	 22271 : 0
 22268	 22291 : 0
 22288	 22307 : 0
 22304	 22311 : 0
 22308	 22315 : 0
 22312	 22323 : 0
 22320	 22339 : 0
 22336	 22359 : 0
 22356	 22383 : 0
 22380	 22391 : 0
 22388	 22395 : 0
 22392	 22411 : 0
 22408	 22471 : 0
 22468	 22491 : 0
 22488	 22863 : 0
 22860	 22867 : 1
 22864	 22903 : 0
 22900	 22983 : 0
 22980	 22991 : 0
 22988	 23075 : 0
 23072	 23147 : 0
 23144	 23155 : 0
 23152	 23167 : 0
 23164	 23191 : 0
 23188	 23203 : 0
 23200	 23207 : 1
 23204	 23255 : 0
 23252	 23271 : 1
 23268	 23283 : 0
 23280	 23287 : 0
 23284	 23311 : 0
 23308	 23315 : 1
 23312	 23439 : 0
 23436	 23451 : 0
 23448	 23455 : 0
 23452	 23459 : 1
 23456	 23659 : 0
 23656	 23663 : 1
 23660	 23763 : 0
 23760	 23767 : 0
 23764	 23791 : 0
 23788	 23887 : 0
 23884	 23943 : 0
 23940	 23947 : 0
 23944	 24183 : 0
 24180	 24463 : 0
 24460	 24467 : 0
 24464	 24515 : 0
 24512	 24683 : 0
 24680	 24719 : 0
 24716	 24735 : 0
 24732	 24771 : 0
 24768	 24851 : 0
 24848	 24863 : 0
 24860	 24951 : 0
 24948	 24967 : 0
 24964	 25119 : 0
 25116	 25323 : 0
 25320	 25391 : 0
 25388	 25399 : 0
 25396	 25415 : 0
 25412	 25431 : 0
 25428	 25547 : 0
 25544	 25551 : 1
 25548	 25555 : 0
 25552	 25559 : 1
 25556	 25679 : 0
 25676	 25687 : 1
 25684	 25747 : 0
 25744	 25755 : 0
 25752	 25859 : 0
 25856	 25899 : 0
 25896	 25911 : 0
 25908	 25971 : 0
 25968	 25979 : 0
 25976	 25983 : 0
 25980	 25995 : 0
 25992	 25999 : 0
 25996	 26027 : 0
 26024	 26035 : 1
 26032	 26039 : 0
 26036	 26047 : 0
 26044	 26051 : 0
 26048	 26055 : 1
 26052	 26059 : 0
 26056	 26067 : 0
 26064	 26071 : 0
 26068	 26075 : 0
 26072	 26083 : 0
 26080	 26087 : 1
 26084	 26091 : 0
 26088	 26099 : 0
 26096	 26103 : 0
 26100	 26107 : 0
 26104	 26123 : 0
 26120	 26131 : 0
 26128	 26135 : 0
 26132	 26143 : 0
 26140	 26147 : 0
 26144	 26151 : 1
 26148	 26159 : 0
 26156	 26163 : 0
 26160	 26167 : 0
 26164	 26171 : 0
 26168	 26175 : 0
 26172	 26187 : 1
 26184	 26191 : 0
 26188	 26199 : 1
 26196	 26231 : 0
 26228	 26235 : 0
 26232	 26243 : 0
 26240	 26251 : 0
 26248	 26259 : 0
 26256	 26263 : 1
 26260	 26267 : 0
 26264	 26391 : 0
 26388	 26407 : 0
 26404	 26451 : 0
 26448	 26523 : 0
 26520	 26587 : 1
 26584	 26643 : 0
 26640	 26731 : 0
 26728	 26759 : 0
 26756	 26771 : 0
 26768	 26791 : 0
 26788	 26843 : 0
 26840	 26947 : 0
 26944	 26963 : 0
 26960	 26967 : 0
 26964	 27103 : 0
 27100	 27107 : 0
 27104	 27263 : 1
 27260	 27267 : 0
 27264	 27291 : 0
 27288	 27307 : 0
 27304	 27319 : 0
 27316	 27331 : 0
 27328	 27339 : 0
 27336	 27359 : 0
 27356	 27367 : 0
 27364	 27459 : 0
 27456	 27583 : 1
 27580	 28379 : 0
 28376	 28747 : 1
