     0	   115 : 0
   112	   119 : 0
   116	   127 : 0
   124	   135 : 0
   132	   139 : 0
   136	   151 : 0
   148	   155 : 0
   152	   159 : 0
   156	   179 : 0
   176	   183 : 0
   180	   187 : 0
   184	   191 : 0
   188	   199 : 0
   196	   203 : 0
   200	   211 : 0
   208	   239 : 0
   236	   247 : 0
   244	   259 : 0
   256	   263 : 0
   260	   283 : 0
   280	   295 : 0
   292	   307 : 0
   304	   443 : 0
   440	   455 : 0
   452	   551 : 0
   548	   567 : 0
   564	   579 : 0
   576	   587 : 0
   584	   723 : 0
   720	   811 : 0
   808	   835 : 1
   832	   883 : 0
   880	   891 : 0
   888	   907 : 0
   904	   911 : 0
   908	   915 : 0
   912	   923 : 0
   920	   927 : 0
   924	   943 : 0
   940	   967 : 0
   964	   975 : 0
   972	  1027 : 0
  1024	  1039 : 1
  1036	  1055 : 0
  1052	  1087 : 0
  1084	  1155 : 0
  1152	  1159 : 1
  1156	  1235 : 0
  1232	  1247 : 1
  1244	  1443 : 0
  1440	  1447 : 1
  1444	  1467 : 0
  1464	  1483 : 0
  1480	  1519 : 0
  1516	  1535 : 0
  1532	  1555 : 0
  1552	  1639 : 0
  1636	  1651 : 0
  1648	  1667 : 1
  1664	  1715 : 0
  1712	  1723 : 1
  1720	  1771 : 0
  1768	  1775 : 1
  1772	  1843 : 0
  1840	  1871 : 1
  1868	  1911 : 0
  1908	  1975 : 0
  1972	  1979 : 0
  1976	  2035 : 0
  2032	  2039 : 0
  2036	  2147 : 1
  2144	  2155 : 0
  2152	  2167 : 0
  2164	  2215 : 0
  2212	  2243 : 1
  2240	  2323 : 0
  2320	  2431 : 0
  2428	  2459 : 0
  2456	  2675 : 1
  2672	  2687 : 0
  2684	  2699 : 0
  2696	  2703 : 0
  2700	  2715 : 0
  2712	  2727 : 0
  2724	  2731 : 0
  2728	  2743 : 0
  2740	  2755 : 0
  2752	  2767 : 0
  2764	  2811 : 1
  2808	  2819 : 0
  2816	  2851 : 0
  2848	  2891 : 0
  2888	  2963 : 0
  2960	  2967 : 0
  2964	  2971 : 2
  2968	  3051 : 0
  3048	  3071 : 0
  3068	  3091 : 1
  3088	  3107 : 0
  3104	  3127 : 0
  3124	  3131 : 0
  3128	  3175 : 0
  3172	  3207 : 0
  3204	  3223 : 0
  3220	  3231 : 0
  3228	  3239 : 0
  3236	  3251 : 0
  3248	  3259 : 0
  3256	  3267 : 0
  3264	  3331 : 0
  3328	  3339 : 0
  3336	  3343 : 0
  3340	  3347 : 0
  3344	  3383 : 0
  3380	  3427 : 0
  3424	  3459 : 1
  3456	  3467 : 0
  3464	  3483 : 1
  3480	  3547 : 0
  3544	  3647 : 0
  3644	  3651 : 0
  3648	  3663 : 0
  3660	  3691 : 0
  3688	  3695 : 1
  3692	  3779 : 0
  3776	  3851 : 1
  3848	  3871 : 0
  3868	  3899 : 0
  3896	  3907 : 0
  3904	  3911 : 0
  3908	  3959 : 0
  3956	  3975 : 1
  3972	  3979 : 0
  3976	  3983 : 0
  3980	  4103 : 0
  4100	  4119 : 0
  4116	  4123 : 0
  4120	  4155 : 0
  4152	  4159 : 0
  4156	  4295 : 0
  4292	  4299 : 0
  4296	  4443 : 1
  4440	  4447 : 0
  4444	  4471 : 0
  4468	  4491 : 0
  4488	  4547 : 0
  4544	  4555 : 0
  4552	  4595 : 1
  4592	  4599 : 0
  4596	  4675 : 0
  4672	  4711 : 0
  4708	  4803 : 0
  4800	  4899 : 0
  4896	  4903 : 1
  4900	  4999 : 0
  4996	  5007 : 1
  5004	  5095 : 0
  5092	  5111 : 0
  5108	  5155 : 0
  5152	  5339 : 1
  5336	  5359 : 0
  5356	  5387 : 0
  5384	  5395 : 0
  5392	  5415 : 0
  5412	  5467 : 0
  5464	  5475 : 1
  5472	  5535 : 0
  5532	  5539 : 1
  5536	  5615 : 0
  5612	  5619 : 1
  5616	  5715 : 0
  5712	  5771 : 1
  5768	  5827 : 0
  5824	  5867 : 0
  5864	  5899 : 0
  5896	  5919 : 0
  5916	  5931 : 0
  5928	  6019 : 0
  6016	  6023 : 0
  6020	  6027 : 1
  6024	  6079 : 0
  6076	  6095 : 0
  6092	  6159 : 0
  6156	  6163 : 1
  6160	  6167 : 2
  6164	  6179 : 0
  6176	  6227 : 0
  6224	  6271 : 0
  6268	  6291 : 0
  6288	  6359 : 0
  6356	  6363 : 0
  6360	  6383 : 0
  6380	  6395 : 0
  6392	  6427 : 1
  6424	  6431 : 0
  6428	  6435 : 0
  6432	  6479 : 0
  6476	  6483 : 1
  6480	  6499 : 0
  6496	  6527 : 0
  6524	  6531 : 0
  6528	  6615 : 1
  6612	  6643 : 0
  6640	  6739 : 0
  6736	  6755 : 0
  6752	  6827 : 0
  6824	  6939 : 0
  6936	  7007 : 1
  7004	  7027 : 0
  7024	  7163 : 1
