     0	    19 : 1
    16	   135 : 0
   132	   151 : 0
   148	   171 : 0
   168	   175 : 0
   172	   183 : 0
   180	   195 : 0
   192	   199 : 0
   196	   203 : 0
   200	   227 : 0
   224	   247 : 0
   244	   255 : 0
   252	   283 : 0
   280	   299 : 0
   296	   307 : 0
   304	   315 : 0
   312	   319 : 0
   316	   343 : 0
   340	   347 : 0
   344	   355 : 0
   352	   395 : 0
   392	   455 : 0
   452	   475 : 0
   472	   543 : 0
   540	   563 : 0
   560	   575 : 0
   572	   583 : 0
   580	   591 : 0
   588	   603 : 0
   600	   663 : 0
   660	   687 : 0
   684	   807 : 0
   804	   815 : 0
   812	   859 : 0
   856	   863 : 0
   860	   867 : 0
   864	   871 : 0
   868	   879 : 0
   876	   887 : 0
   884	   903 : 0
   900	   931 : 0
   928	   935 : 0
   932	   983 : 0
   980	   995 : 0
   992	  1019 : 0
  1016	  1027 : 0
  1024	  1035 : 0
  1032	  1043 : 0
  1040	  1059 : 0
  1056	  1107 : 0
  1104	  1119 : 0
  1116	  1155 : 0
  1152	  1163 : 0
  1160	  1207 : 0
  1204	  1251 : 0
  1248	  1279 : 0
  1276	  1283 : 0
  1280	  1307 : 0
  1304	  1355 : 0
  1352	  1463 : 0
  1460	  1479 : 0
  1476	  1555 : 0
  1552	  1635 : 0
  1632	  1643 : 0
  1640	  1827 : 0
  1824	  1839 : 0
  1836	  1843 : 0
  1840	  1851 : 0
  1848	  1863 : 0
  1860	  1867 : 0
  1864	  1875 : 1
  1872	  1883 : 0
  1880	  1959 : 0
  1956	  2011 : 0
  2008	  2019 : 0
  2016	  2023 : 0
  2020	  2115 : 0
  2112	  2119 : 0
  2116	  2139 : 0
  2136	  2223 : 0
  2220	  2227 : 0
  2224	  2235 : 0
  2232	  2247 : 0
  2244	  2255 : 0
  2252	  2263 : 0
  2260	  2303 : 0
  2300	  2319 : 0
  2316	  2323 : 0
  2320	  2375 : 0
  2372	  2383 : 0
  2380	  2415 : 0
  2412	  2427 : 0
  2424	  2447 : 0
  2444	  2455 : 0
  2452	  2463 : 0
  2460	  2467 : 0
  2464	  2483 : 0
  2480	  2551 : 0
  2548	  2571 : 0
  2568	  2579 : 0
  2576	  2631 : 0
  2628	  2683 : 0
  2680	  2719 : 0
  2716	  2735 : 0
  2732	  2743 : 0
  2740	  2791 : 0
  2788	  2795 : 0
  2792	  2799 : 0
  2796	  2811 : 0
  2808	  2823 : 0
  2820	  2827 : 0
  2824	  2851 : 0
  2848	  2855 : 0
  2852	  2867 : 0
  2864	  2871 : 0
  2868	  2943 : 0
  2940	  2951 : 0
  2948	  2959 : 0
  2956	  2995 : 0
  2992	  3083 : 0
  3080	  3091 : 0
  3088	  3095 : 0
  3092	  3107 : 0
  3104	  3171 : 0
  3168	  3183 : 0
  3180	  3255 : 0
  3252	  3259 : 0
  3256	  3271 : 0
  3268	  3279 : 0
  3276	  3299 : 0
  3296	  3307 : 0
  3304	  3327 : 0
  3324	  3339 : 0
  3336	  3343 : 0
  3340	  3395 : 0
  3392	  3423 : 0
  3420	  3435 : 0
  3432	  3463 : 0
  3460	  3471 : 0
  3468	  3483 : 0
  3480	  3487 : 0
  3484	  3507 : 0
  3504	  3511 : 0
  3508	  3547 : 0
  3544	  3551 : 0
  3548	  3575 : 0
  3572	  3579 : 0
  3576	  3607 : 0
  3604	  3619 : 0
  3616	  3623 : 0
  3620	  3639 : 0
  3636	  3651 : 0
  3648	  3655 : 0
  3652	  3695 : 0
  3692	  3715 : 0
  3712	  3739 : 0
  3736	  3743 : 0
  3740	  3759 : 0
  3756	  3871 : 0
  3868	  3903 : 0
  3900	  3911 : 0
  3908	  3947 : 0
  3944	  3959 : 0
  3956	  3967 : 0
  3964	  3987 : 0
  3984	  3999 : 0
  3996	  4023 : 0
  4020	  4035 : 0
  4032	  4051 : 0
  4048	  4059 : 0
  4056	  4095 : 0
  4092	  4103 : 0
  4100	  4111 : 0
  4108	  4115 : 0
  4112	  4123 : 0
  4120	  4131 : 0
  4128	  4143 : 0
  4140	  4151 : 0
  4148	  4163 : 0
  4160	  4167 : 0
  4164	  4171 : 0
  4168	  4191 : 0
  4188	  4195 : 0
  4192	  4255 : 0
  4252	  4259 : 0
  4256	  4271 : 0
  4268	  4371 : 0
  4368	  4375 : 0
  4372	  4403 : 0
  4400	  4415 : 0
  4412	  4423 : 0
  4420	  4427 : 0
  4424	  4443 : 0
  4440	  4459 : 0
  4456	  4475 : 0
  4472	  4483 : 0
  4480	  4495 : 0
  4492	  4503 : 0
  4500	  4579 : 0
  4576	  4587 : 0
  4584	  4603 : 0
  4600	  4607 : 0
  4604	  4631 : 0
  4628	  4635 : 0
  4632	  4655 : 0
  4652	  4659 : 0
  4656	  4679 : 0
  4676	  4851 : 0
  4848	  4895 : 0
  4892	  4899 : 0
  4896	  4927 : 0
  4924	  4935 : 0
  4932	  4939 : 0
  4936	  4943 : 0
  4940	  4955 : 0
  4952	  4963 : 0
  4960	  4979 : 0
  4976	  4983 : 0
  4980	  5011 : 0
  5008	  5015 : 0
  5012	  5035 : 0
  5032	  5039 : 0
  5036	  5043 : 0
  5040	  5047 : 0
  5044	  5063 : 0
  5060	  5079 : 0
  5076	  5099 : 0
  5096	  5107 : 0
  5104	  5119 : 0
  5116	  5127 : 0
  5124	  5183 : 0
  5180	  5191 : 0
  5188	  5231 : 0
  5228	  5239 : 0
  5236	  5251 : 0
  5248	  5259 : 0
  5256	  5263 : 0
  5260	  5267 : 0
  5264	  5307 : 0
  5304	  5335 : 0
  5332	  5347 : 0
  5344	  5355 : 0
  5352	  5371 : 0
  5368	  5375 : 0
  5372	  5411 : 0
  5408	  5431 : 0
  5428	  5447 : 0
  5444	  5479 : 0
  5476	  5491 : 0
  5488	  5495 : 0
  5492	  5515 : 0
  5512	  5519 : 0
  5516	  5531 : 0
  5528	  5543 : 0
  5540	  5547 : 0
  5544	  5559 : 0
  5556	  5571 : 0
  5568	  5579 : 0
  5576	  5607 : 0
  5604	  5615 : 0
  5612	  5623 : 0
  5620	  5635 : 0
  5632	  5639 : 0
  5636	  5647 : 0
  5644	  5675 : 0
  5672	  5715 : 0
  5712	  5719 : 0
  5716	  5735 : 0
  5732	  5743 : 0
  5740	  5755 : 0
  5752	  5767 : 0
  5764	  5771 : 0
  5768	  5775 : 0
  5772	  5787 : 0
  5784	  5791 : 0
  5788	  5795 : 0
  5792	  5799 : 0
  5796	  5803 : 0
  5800	  5807 : 0
  5804	  5811 : 0
  5808	  5875 : 0
  5872	  5883 : 0
  5880	  5891 : 0
  5888	  5907 : 0
  5904	  5911 : 0
  5908	  5915 : 0
  5912	  5923 : 0
  5920	  5943 : 0
  5940	  5947 : 0
  5944	  5951 : 0
  5948	  5967 : 0
  5964	  5971 : 0
  5968	  6023 : 0
  6020	  6035 : 0
  6032	  6099 : 0
  6096	  6103 : 0
  6100	  6119 : 0
  6116	  6123 : 0
  6120	  6155 : 0
  6152	  6163 : 0
  6160	  6183 : 0
  6180	  6207 : 0
  6204	  6211 : 1
  6208	  6227 : 0
  6224	  6231 : 0
  6228	  6239 : 0
  6236	  6243 : 0
  6240	  6259 : 0
  6256	  6275 : 0
  6272	  6303 : 0
  6300	  6307 : 0
  6304	  6311 : 0
  6308	  6315 : 0
  6312	  6319 : 0
  6316	  6343 : 0
  6340	  6347 : 0
  6344	  6383 : 0
  6380	  6387 : 0
  6384	  6419 : 0
  6416	  6423 : 0
  6420	  6431 : 0
  6428	  6443 : 0
  6440	  6447 : 0
  6444	  6455 : 0
  6452	  6487 : 0
  6484	  6503 : 0
  6500	  6527 : 0
  6524	  6543 : 0
  6540	  6555 : 0
  6552	  6595 : 0
  6592	  6603 : 0
  6600	  6631 : 0
  6628	  6643 : 0
  6640	  6667 : 0
  6664	  6671 : 0
  6668	  6683 : 0
  6680	  6687 : 0
  6684	  6699 : 0
  6696	  6759 : 0
  6756	  6763 : 0
  6760	  6783 : 0
  6780	  6787 : 0
  6784	  6807 : 0
  6804	  6819 : 0
  6816	  6835 : 0
  6832	  6871 : 0
  6868	  6887 : 0
  6884	  6903 : 0
  6900	  6915 : 0
  6912	  6959 : 0
  6956	  7007 : 0
  7004	  7015 : 0
  7012	  7027 : 0
  7024	  7043 : 0
  7040	  7067 : 0
  7064	  7095 : 0
  7092	  7103 : 0
  7100	  7123 : 0
  7120	  7151 : 0
  7148	  7159 : 0
  7156	  7167 : 0
  7164	  7191 : 0
  7188	  7203 : 0
  7200	  7207 : 0
  7204	  7239 : 0
  7236	  7247 : 0
  7244	  7255 : 0
  7252	  7259 : 0
  7256	  7343 : 0
  7340	  7347 : 0
  7344	  7359 : 0
  7356	  7367 : 0
  7364	  7375 : 0
  7372	  7383 : 0
  7380	  7387 : 0
  7384	  7431 : 0
  7428	  7435 : 0
  7432	  7447 : 0
  7444	  7491 : 0
  7488	  7495 : 0
  7492	  7531 : 0
  7528	  7539 : 0
  7536	  7551 : 0
  7548	  7559 : 0
  7556	  7563 : 0
  7560	  7615 : 0
  7612	  7627 : 0
  7624	  7635 : 0
  7632	  7639 : 0
  7636	  7675 : 0
  7672	  7707 : 0
  7704	  7719 : 0
  7716	  7731 : 0
  7728	  7739 : 0
  7736	  7755 : 0
  7752	  7767 : 0
  7764	  7831 : 0
  7828	  7859 : 0
  7856	  7867 : 0
  7864	  7883 : 0
  7880	  7899 : 0
  7896	  7907 : 0
  7904	  8003 : 0
  8000	  8007 : 0
  8004	  8035 : 0
  8032	  8039 : 0
  8036	  8067 : 0
  8064	  8071 : 0
  8068	  8087 : 0
  8084	  8103 : 0
  8100	  8107 : 0
  8104	  8127 : 0
  8124	  8143 : 0
  8140	  8195 : 0
  8192	  8199 : 0
  8196	  8243 : 0
  8240	  8247 : 0
  8244	  8299 : 0
  8296	  8303 : 0
  8300	  8315 : 0
  8312	  8319 : 0
  8316	  8327 : 0
  8324	  8335 : 0
  8332	  8339 : 0
  8336	  8347 : 0
  8344	  8363 : 0
  8360	  8371 : 0
  8368	  8375 : 0
  8372	  8423 : 0
  8420	  8427 : 0
  8424	  8455 : 0
  8452	  8467 : 0
  8464	  8471 : 0
  8468	  8519 : 0
  8516	  8523 : 0
  8520	  8551 : 0
  8548	  8563 : 0
  8560	  8583 : 0
  8580	  8591 : 0
  8588	  8595 : 0
  8592	  8643 : 0
  8640	  8647 : 0
  8644	  8695 : 0
  8692	  8703 : 0
  8700	  8711 : 0
  8708	  8715 : 0
  8712	  8735 : 0
  8732	  8779 : 0
  8776	  8807 : 0
  8804	  8819 : 0
  8816	  8827 : 0
  8824	  8831 : 0
  8828	  8835 : 1
  8832	  8855 : 0
  8852	  8859 : 0
  8856	  8883 : 0
  8880	  8935 : 0
  8932	  8939 : 0
  8936	  8955 : 0
  8952	  9003 : 0
  9000	  9007 : 0
  9004	  9027 : 0
  9024	  9059 : 0
  9056	  9107 : 0
  9104	  9131 : 0
  9128	  9151 : 0
  9148	  9179 : 0
  9176	  9195 : 0
  9192	  9207 : 0
  9204	  9251 : 0
  9248	  9267 : 0
  9264	  9271 : 0
  9268	  9275 : 0
  9272	  9295 : 0
  9292	  9299 : 0
  9296	  9303 : 0
  9300	  9323 : 0
  9320	  9335 : 0
  9332	  9351 : 0
  9348	  9375 : 0
  9372	  9407 : 0
  9404	  9415 : 0
  9412	  9423 : 0
  9420	  9431 : 0
  9428	  9443 : 0
  9440	  9459 : 0
  9456	  9487 : 0
  9484	  9515 : 0
  9512	  9543 : 0
  9540	  9547 : 0
  9544	  9575 : 0
  9572	  9583 : 0
  9580	  9619 : 0
  9616	  9627 : 0
  9624	  9639 : 0
  9636	  9647 : 0
  9644	  9651 : 0
  9648	  9699 : 0
  9696	  9719 : 0
  9716	  9747 : 0
  9744	  9763 : 0
  9760	  9767 : 0
  9764	  9791 : 0
  9788	  9795 : 0
  9792	  9803 : 0
  9800	  9807 : 0
  9804	  9847 : 0
  9844	  9851 : 0
  9848	  9871 : 0
  9868	  9895 : 0
  9892	  9907 : 0
  9904	  9915 : 0
  9912	  9931 : 0
  9928	  9935 : 0
  9932	  9951 : 0
  9948	  9959 : 0
  9956	  9979 : 0
  9976	  9983 : 0
  9980	 10007 : 0
 10004	 10015 : 0
 10012	 10023 : 0
 10020	 10039 : 0
 10036	 10063 : 0
 10060	 10067 : 0
 10064	 10075 : 0
 10072	 10083 : 0
 10080	 10107 : 0
 10104	 10115 : 0
 10112	 10151 : 0
 10148	 10215 : 0
 10212	 10263 : 0
 10260	 10275 : 0
 10272	 10323 : 0
 10320	 10351 : 0
 10348	 10355 : 0
 10352	 10363 : 0
 10360	 10375 : 0
 10372	 10479 : 0
 10476	 10491 : 0
 10488	 10499 : 0
 10496	 10507 : 0
 10504	 10511 : 0
 10508	 10515 : 0
 10512	 10519 : 0
 10516	 10559 : 0
 10556	 10563 : 0
 10560	 10567 : 0
 10564	 10583 : 0
 10580	 10591 : 0
 10588	 10595 : 0
 10592	 10651 : 0
 10648	 10659 : 0
 10656	 10675 : 0
 10672	 10679 : 0
 10676	 10687 : 0
 10684	 10691 : 0
 10688	 10771 : 0
 10768	 10775 : 0
 10772	 10795 : 0
 10792	 10811 : 0
 10808	 10823 : 0
 10820	 10831 : 0
 10828	 10835 : 0
 10832	 10843 : 0
 10840	 10855 : 0
 10852	 10859 : 0
 10856	 10879 : 0
 10876	 10887 : 0
 10884	 10935 : 0
 10932	 10939 : 0
 10936	 10971 : 0
 10968	 10975 : 0
 10972	 10987 : 0
 10984	 10991 : 0
 10988	 10995 : 0
 10992	 10999 : 0
 10996	 11003 : 0
 11000	 11031 : 0
 11028	 11075 : 0
 11072	 11079 : 0
 11076	 11111 : 0
 11108	 11115 : 0
 11112	 11127 : 0
 11124	 11135 : 0
 11132	 11151 : 0
 11148	 11155 : 0
 11152	 11179 : 0
 11176	 11183 : 0
 11180	 11207 : 0
 11204	 11215 : 0
 11212	 11223 : 0
 11220	 11239 : 0
 11236	 11251 : 0
 11248	 11263 : 0
 11260	 11311 : 0
 11308	 11315 : 0
 11312	 11323 : 0
 11320	 11335 : 0
 11332	 11367 : 0
 11364	 11403 : 0
 11400	 11407 : 0
 11404	 11415 : 0
 11412	 11427 : 0
 11424	 11431 : 0
 11428	 11435 : 0
 11432	 11439 : 0
 11436	 11443 : 0
 11440	 11455 : 0
 11452	 11495 : 0
 11492	 11503 : 0
 11500	 11507 : 0
 11504	 11523 : 0
 11520	 11543 : 0
 11540	 11551 : 0
 11548	 11555 : 0
 11552	 11571 : 0
 11568	 11575 : 1
 11572	 11603 : 0
 11600	 11607 : 0
 11604	 11615 : 0
 11612	 11651 : 1
 11648	 11675 : 0
 11672	 11679 : 0
 11676	 11691 : 0
 11688	 11707 : 0
 11704	 11711 : 0
 11708	 11727 : 1
 11724	 11743 : 0
 11740	 11747 : 0
 11744	 11751 : 0
 11748	 11775 : 0
 11772	 11787 : 0
 11784	 11807 : 0
 11804	 11811 : 0
 11808	 11851 : 1
 11848	 11855 : 0
 11852	 11907 : 0
 11904	 11911 : 0
 11908	 11935 : 0
 11932	 11947 : 0
 11944	 11975 : 1
 11972	 11979 : 0
 11976	 11991 : 0
 11988	 12003 : 0
 12000	 12019 : 0
 12016	 12023 : 0
 12020	 12027 : 0
 12024	 12031 : 0
 12028	 12043 : 1
 12040	 12055 : 0
 12052	 12071 : 0
 12068	 12075 : 0
 12072	 12111 : 1
 12108	 12115 : 0
 12112	 12139 : 0
 12136	 12143 : 0
 12140	 12151 : 0
 12148	 12155 : 0
 12152	 12235 : 0
 12232	 12255 : 0
 12252	 12271 : 0
 12268	 12331 : 0
 12328	 12375 : 0
 12372	 12391 : 0
 12388	 12399 : 0
 12396	 12447 : 0
 12444	 12483 : 0
 12480	 12499 : 0
 12496	 12507 : 0
 12504	 12519 : 0
 12516	 12555 : 0
 12552	 12679 : 0
 12676	 12695 : 1
