     0	    99 : 0
    96	   103 : 0
   100	   159 : 0
   156	   179 : 0
   176	   451 : 0
   448	   471 : 0
   468	   491 : 0
   488	   507 : 0
   504	   527 : 0
   524	   539 : 0
   536	   543 : 1
   540	   655 : 0
   652	   663 : 1
   660	   683 : 0
   680	   687 : 0
   684	   695 : 0
   692	   703 : 1
   700	   767 : 0
   764	   831 : 1
   828	   879 : 0
   876	   887 : 0
   884	   915 : 0
   912	   923 : 1
   920	   927 : 0
   924	   939 : 0
   936	   951 : 0
   948	   979 : 0
   976	   983 : 0
   980	   987 : 0
   984	   991 : 0
   988	   999 : 1
   996	  1027 : 0
  1024	  1035 : 1
  1032	  1051 : 0
  1048	  1055 : 0
  1052	  1103 : 0
  1100	  1111 : 0
  1108	  1123 : 0
  1120	  1131 : 1
  1128	  1167 : 0
  1164	  1187 : 1
  1184	  1191 : 0
  1188	  1203 : 0
  1200	  1219 : 0
  1216	  1243 : 0
  1240	  1251 : 0
  1248	  1255 : 1
  1252	  1267 : 0
  1264	  1279 : 0
  1276	  1291 : 0
  1288	  1295 : 0
  1292	  1327 : 0
  1324	  1335 : 0
  1332	  1347 : 0
  1344	  1427 : 0
  1424	  1507 : 0
  1504	  1515 : 1
  1512	  1543 : 0
  1540	  1547 : 1
  1544	  1603 : 0
  1600	  1607 : 1
  1604	  1651 : 0
  1648	  1655 : 1
  1652	  1695 : 0
  1692	  1707 : 0
  1704	  1731 : 0
  1728	  1735 : 1
  1732	  1783 : 0
  1780	  1791 : 1
  1788	  1803 : 0
  1800	  1847 : 0
  1844	  1891 : 0
  1888	  1895 : 1
  1892	  1947 : 0
  1944	  1991 : 1
  1988	  1995 : 0
  1992	  2027 : 0
  2024	  2043 : 0
  2040	  2067 : 0
  2064	  2079 : 0
  2076	  2083 : 0
  2080	  2087 : 0
  2084	  2091 : 1
  2088	  2099 : 0
  2096	  2103 : 0
  2100	  2151 : 0
  2148	  2179 : 1
  2176	  2295 : 0
  2292	  2303 : 1
  2300	  2307 : 0
  2304	  2315 : 0
  2312	  2335 : 0
  2332	  2347 : 0
  2344	  2359 : 0
  2356	  2367 : 1
  2364	  2383 : 0
  2380	  2391 : 0
  2388	  2411 : 0
  2408	  2427 : 1
  2424	  2455 : 0
  2452	  2463 : 1
  2460	  2555 : 0
  2552	  2563 : 1
  2560	  2623 : 0
  2620	  2627 : 1
  2624	  2691 : 0
  2688	  2695 : 2
  2692	  2743 : 0
  2740	  2823 : 1
  2820	  2899 : 0
  2896	  2923 : 1
  2920	  2971 : 0
  2968	  2979 : 1
  2976	  3039 : 0
  3036	  3043 : 1
  3040	  3115 : 0
  3112	  3175 : 0
  3172	  3187 : 0
  3184	  3191 : 0
  3188	  3255 : 0
  3252	  3267 : 0
  3264	  3271 : 0
  3268	  3279 : 0
  3276	  3299 : 0
  3296	  3311 : 0
  3308	  3343 : 0
  3340	  3371 : 0
  3368	  3383 : 0
  3380	  3423 : 0
  3420	  3455 : 0
  3452	  3511 : 0
  3508	  3527 : 0
  3524	  3543 : 0
  3540	  3559 : 0
  3556	  3587 : 0
  3584	  3611 : 0
  3608	  3623 : 0
  3620	  3679 : 0
  3676	  3687 : 1
  3684	  3759 : 0
  3756	  3767 : 1
  3764	  3803 : 0
  3800	  3811 : 0
  3808	  3815 : 0
  3812	  3843 : 0
  3840	  3859 : 0
  3856	  3899 : 0
  3896	  3935 : 0
  3932	  3943 : 1
  3940	  3947 : 0
  3944	  3955 : 0
  3952	  3967 : 0
  3964	  3971 : 0
  3968	  3995 : 0
  3992	  4003 : 1
  4000	  4023 : 0
  4020	  4031 : 0
  4028	  4051 : 0
  4048	  4091 : 1
  4088	  4123 : 0
  4120	  4163 : 1
  4160	  4199 : 0
  4196	  4207 : 1
  4204	  4235 : 0
  4232	  4239 : 0
  4236	  4247 : 0
  4244	  4255 : 1
  4252	  4287 : 0
  4284	  4311 : 0
  4308	  4323 : 0
  4320	  4343 : 0
  4340	  4431 : 0
  4428	  4447 : 0
  4444	  4451 : 0
  4448	  4531 : 1
  4528	  4551 : 0
  4548	  4571 : 0
  4568	  4575 : 0
  4572	  4579 : 0
  4576	  4583 : 0
  4580	  4587 : 0
  4584	  4591 : 0
  4588	  4595 : 0
  4592	  4607 : 0
  4604	  4699 : 1
  4696	  4771 : 0
  4768	  4787 : 0
  4784	  4791 : 0
  4788	  4795 : 0
  4792	  4811 : 0
  4808	  4823 : 0
  4820	  4839 : 0
  4836	  4847 : 0
  4844	  4859 : 0
  4856	  4871 : 0
  4868	  4951 : 0
  4948	  4975 : 0
  4972	  4979 : 0
  4976	  4991 : 0
  4988	  5251 : 0
  5248	  5263 : 1
