     0	   123 : 0
   120	   215 : 0
   212	   335 : 0
   332	   339 : 0
   336	   399 : 0
   396	   467 : 0
   464	   503 : 0
   500	   795 : 0
   792	   803 : 1
   800	   827 : 0
   824	   839 : 0
   836	   983 : 0
   980	   991 : 1
   988	  1147 : 0
  1144	  1155 : 1
  1152	  1223 : 0
  1220	  1263 : 0
  1260	  1283 : 0
  1280	  1291 : 0
  1288	  1295 : 0
  1292	  1335 : 0
  1332	  1387 : 0
  1384	  1391 : 0
  1388	  1395 : 0
  1392	  1399 : 0
  1396	  1419 : 0
  1416	  1435 : 0
  1432	  1523 : 0
  1520	  1527 : 0
  1524	  1531 : 0
  1528	  1535 : 0
  1532	  1539 : 0
  1536	  1543 : 0
  1540	  1547 : 0
  1544	  1551 : 0
  1548	  1899 : 0
  1896	  1903 : 1
  1900	  1951 : 0
  1948	  1959 : 1
  1956	  2035 : 0
  2032	  2039 : 1
  2036	  2047 : 0
  2044	  2063 : 0
  2060	  2191 : 0
  2188	  2211 : 0
  2208	  2255 : 0
  2252	  2259 : 1
  2256	  2283 : 0
  2280	  2287 : 0
  2284	  2299 : 0
  2296	  2311 : 0
  2308	  2331 : 0
  2328	  2355 : 0
  2352	  2371 : 0
  2368	  2387 : 0
  2384	  2391 : 0
  2388	  2411 : 0
  2408	  2435 : 0
  2432	  2531 : 0
  2528	  2759 : 0
  2756	  2843 : 0
  2840	  2847 : 0
  2844	  2963 : 0
  2960	  2999 : 0
  2996	  3007 : 0
  3004	  3095 : 0
  3092	  3099 : 0
  3096	  3327 : 0
  3324	  3371 : 0
  3368	  3403 : 0
  3400	  3415 : 0
  3412	  3431 : 0
  3428	  3435 : 0
  3432	  3443 : 0
  3440	  3451 : 0
  3448	  3487 : 0
  3484	  3511 : 0
  3508	  3575 : 0
  3572	  3607 : 0
  3604	  3867 : 0
  3864	  3899 : 0
  3896	  3903 : 0
  3900	  3907 : 0
  3904	  3923 : 0
  3920	  3987 : 0
  3984	  4071 : 0
  4068	  4091 : 0
  4088	  4127 : 0
  4124	  4131 : 0
  4128	  4147 : 0
  4144	  4155 : 0
  4152	  4159 : 0
  4156	  4163 : 0
  4160	  4175 : 0
  4172	  4199 : 0
  4196	  4207 : 0
  4204	  4243 : 0
  4240	  4271 : 0
  4268	  4279 : 0
  4276	  4295 : 0
  4292	  4311 : 0
  4308	  4443 : 0
  4440	  4475 : 1
  4472	  4495 : 0
  4492	  4507 : 0
  4504	  4519 : 0
  4516	  4531 : 0
  4528	  4543 : 0
  4540	  4547 : 0
  4544	  4567 : 0
  4564	  4575 : 0
  4572	  4603 : 0
  4600	  4611 : 1
  4608	  4771 : 0
  4768	  4775 : 1
  4772	  4791 : 0
  4788	  4799 : 0
  4796	  4843 : 0
  4840	  4851 : 1
  4848	  4943 : 0
  4940	  4951 : 1
  4948	  4983 : 0
  4980	  5003 : 0
  5000	  5047 : 0
  5044	  5059 : 0
  5056	  5079 : 0
  5076	  5083 : 0
  5080	  5099 : 0
  5096	  5187 : 0
  5184	  5191 : 0
  5188	  5195 : 0
  5192	  5231 : 0
  5228	  5255 : 0
  5252	  5283 : 0
  5280	  5291 : 0
  5288	  5411 : 0
  5408	  5415 : 0
  5412	  5699 : 0
  5696	  5703 : 1
  5700	  5707 : 0
  5704	  5723 : 0
  5720	  5731 : 0
  5728	  5759 : 0
  5756	  5791 : 0
  5788	  5807 : 0
  5804	  5839 : 0
  5836	  5851 : 0
  5848	  5855 : 0
  5852	  5863 : 0
  5860	  5867 : 0
  5864	  5895 : 0
  5892	  5931 : 0
  5928	  5947 : 0
  5944	  5955 : 0
  5952	  5971 : 0
  5968	  6007 : 0
  6004	  6011 : 1
  6008	  6019 : 0
  6016	  6023 : 0
  6020	  6079 : 0
  6076	  6091 : 0
  6088	  6343 : 0
  6340	  6391 : 0
  6388	  6399 : 0
  6396	  6419 : 0
  6416	  6459 : 0
  6456	  6475 : 0
  6472	  6479 : 0
  6476	  6503 : 0
  6500	  6511 : 0
  6508	  6531 : 0
  6528	  6623 : 0
  6620	  6671 : 0
  6668	  6675 : 0
  6672	  6687 : 0
  6684	  6691 : 0
  6688	  6719 : 0
  6716	  6727 : 0
  6724	  6751 : 0
  6748	  6791 : 0
  6788	  6799 : 0
  6796	  6807 : 0
  6804	  6815 : 1
  6812	  6963 : 0
  6960	  6971 : 0
  6968	  7187 : 0
  7184	  7195 : 0
  7192	  7259 : 0
  7256	  7271 : 0
  7268	  7719 : 0
  7716	  7723 : 0
  7720	  7783 : 0
  7780	  7803 : 0
  7800	  7815 : 0
  7812	  7823 : 0
  7820	  7923 : 0
  7920	  7931 : 0
  7928	  8139 : 0
  8136	  8147 : 1
  8144	  8311 : 0
  8308	  8323 : 0
  8320	  8539 : 0
  8536	  8543 : 1
  8540	  8727 : 0
  8724	  8731 : 0
  8728	  8755 : 0
  8752	  8759 : 0
  8756	  8851 : 0
  8848	  8867 : 1
  8864	  9063 : 0
  9060	  9083 : 0
  9080	  9091 : 0
  9088	  9135 : 0
  9132	  9347 : 0
  9344	  9395 : 0
  9392	  9411 : 0
  9408	  9415 : 0
  9412	  9547 : 0
  9544	  9551 : 0
  9548	  9843 : 0
  9840	  9851 : 1
  9848	  9859 : 0
  9856	  9871 : 1
  9868	  9875 : 0
  9872	  9879 : 0
  9876	  9883 : 0
  9880	  9895 : 0
  9892	  9899 : 0
  9896	  9903 : 0
  9900	  9987 : 0
  9984	  9991 : 1
  9988	 10067 : 0
 10064	 10071 : 0
 10068	 10103 : 0
 10100	 10119 : 0
 10116	 10299 : 0
 10296	 10303 : 1
 10300	 10383 : 0
 10380	 10407 : 0
 10404	 10415 : 0
 10412	 10459 : 0
 10456	 10463 : 0
 10460	 10479 : 0
 10476	 10483 : 0
 10480	 10599 : 0
 10596	 10663 : 0
 10660	 10667 : 0
 10664	 10683 : 0
 10680	 10687 : 0
 10684	 10707 : 0
 10704	 10755 : 0
 10752	 10759 : 0
 10756	 10807 : 0
 10804	 10879 : 0
 10876	 10883 : 1
 10880	 10995 : 0
 10992	 11147 : 1
 11144	 11167 : 0
 11164	 11183 : 0
 11180	 11187 : 0
 11184	 11287 : 0
 11284	 11291 : 0
 11288	 11427 : 0
 11424	 11431 : 0
 11428	 11459 : 0
 11456	 11499 : 0
 11496	 11559 : 0
 11556	 11563 : 0
 11560	 11567 : 0
 11564	 11647 : 0
 11644	 11867 : 0
 11864	 11871 : 0
 11868	 12007 : 0
 12004	 12027 : 0
 12024	 12035 : 1
 12032	 12591 : 0
 12588	 12599 : 1
 12596	 12895 : 0
 12892	 12903 : 1
 12900	 13163 : 0
 13160	 13179 : 1
 13176	 13247 : 0
 13244	 13251 : 1
 13248	 13395 : 0
 13392	 13415 : 1
 13412	 13439 : 0
 13436	 13443 : 0
 13440	 13447 : 0
 13444	 13471 : 0
 13468	 13507 : 0
 13504	 13703 : 1
 13700	 13763 : 0
 13760	 13767 : 1
 13764	 13811 : 0
 13808	 13819 : 1
 13816	 13907 : 0
 13904	 13911 : 1
 13908	 13915 : 2
 13912	 13979 : 0
 13976	 13987 : 1
 13984	 14023 : 0
 14020	 14027 : 0
 14024	 14075 : 0
 14072	 14143 : 1
 14140	 14147 : 0
 14144	 14151 : 0
 14148	 14211 : 0
 14208	 14215 : 1
 14212	 14287 : 0
 14284	 14295 : 1
 14292	 14419 : 0
 14416	 14427 : 1
 14424	 14531 : 0
 14528	 14547 : 1
 14544	 14579 : 0
 14576	 14583 : 1
 14580	 14595 : 0
 14592	 14599 : 1
 14596	 14847 : 0
 14844	 14859 : 0
 14856	 14871 : 0
 14868	 14899 : 0
 14896	 15023 : 0
 15020	 15027 : 1
 15024	 15211 : 0
 15208	 15215 : 1
 15212	 15247 : 0
 15244	 15271 : 0
 15268	 15387 : 0
 15384	 15443 : 0
 15440	 15447 : 0
 15444	 15451 : 0
 15448	 15459 : 0
 15456	 15471 : 0
 15468	 15503 : 0
 15500	 15567 : 0
 15564	 15571 : 0
 15568	 15583 : 0
 15580	 15591 : 0
 15588	 15599 : 0
 15596	 15619 : 0
 15616	 15643 : 0
 15640	 15659 : 0
 15656	 15675 : 0
 15672	 15687 : 0
 15684	 15695 : 1
 15692	 15699 : 0
 15696	 15703 : 0
 15700	 15707 : 0
 15704	 15723 : 1
 15720	 15735 : 0
 15732	 15739 : 0
 15736	 15755 : 0
 15752	 15807 : 1
 15804	 15859 : 0
 15856	 15867 : 1
 15864	 15879 : 0
 15876	 15887 : 0
 15884	 15891 : 0
 15888	 15895 : 0
 15892	 15899 : 0
 15896	 15907 : 1
 15904	 15911 : 0
 15908	 15919 : 0
 15916	 15927 : 0
 15924	 15987 : 0
 15984	 15995 : 0
 15992	 15999 : 1
 15996	 16159 : 0
 16156	 16171 : 0
 16168	 16183 : 0
 16180	 16203 : 0
 16200	 16319 : 0
 16316	 16331 : 0
 16328	 16411 : 0
 16408	 16415 : 1
 16412	 16427 : 0
 16424	 16431 : 0
 16428	 16451 : 0
 16448	 16471 : 0
 16468	 16483 : 0
 16480	 16499 : 0
 16496	 16507 : 0
 16504	 16511 : 0
 16508	 16515 : 0
 16512	 16531 : 0
 16528	 16595 : 0
 16592	 16619 : 0
 16616	 16623 : 0
 16620	 16703 : 1
 16700	 16707 : 0
 16704	 16775 : 0
 16772	 16783 : 0
 16780	 16799 : 0
 16796	 16807 : 0
 16804	 16815 : 0
 16812	 16903 : 0
 16900	 17083 : 0
 17080	 17095 : 0
 17092	 17295 : 0
 17292	 17371 : 0
 17368	 17375 : 1
 17372	 17507 : 0
 17504	 17511 : 0
 17508	 17603 : 0
 17600	 17607 : 0
 17604	 17615 : 0
 17612	 17635 : 0
 17632	 17767 : 0
 17764	 17775 : 1
 17772	 17807 : 0
 17804	 17815 : 0
 17812	 17859 : 0
 17856	 17871 : 1
 17868	 17875 : 0
 17872	 17883 : 0
 17880	 17987 : 0
 17984	 18011 : 0
 18008	 18071 : 0
 18068	 18307 : 1
 18304	 18575 : 0
 18572	 18587 : 1
 18584	 18619 : 0
 18616	 18623 : 1
 18620	 18927 : 0
 18924	 18939 : 1
 18936	 18943 : 0
 18940	 18987 : 0
 18984	 18991 : 0
 18988	 19035 : 0
 19032	 19063 : 0
 19060	 19067 : 0
 19064	 19075 : 0
 19072	 19083 : 0
 19080	 19099 : 0
 19096	 19103 : 0
 19100	 19147 : 0
 19144	 19163 : 0
 19160	 19171 : 0
 19168	 19191 : 0
 19188	 19195 : 0
 19192	 19199 : 0
 19196	 19207 : 0
 19204	 19239 : 0
 19236	 19295 : 0
 19292	 19303 : 0
 19300	 19367 : 0
 19364	 19387 : 0
 19384	 19399 : 0
 19396	 19403 : 0
 19400	 19419 : 0
 19416	 19427 : 0
 19424	 19451 : 0
 19448	 19455 : 0
 19452	 19459 : 0
 19456	 19475 : 0
 19472	 19507 : 0
 19504	 19523 : 0
 19520	 19527 : 0
 19524	 19535 : 0
 19532	 19539 : 0
 19536	 19551 : 0
 19548	 19555 : 0
 19552	 19567 : 0
 19564	 19571 : 0
 19568	 19583 : 0
 19580	 19591 : 0
 19588	 19615 : 0
 19612	 19619 : 0
 19616	 19635 : 0
 19632	 19671 : 0
 19668	 19707 : 0
 19704	 19711 : 0
 19708	 19723 : 0
 19720	 19731 : 0
 19728	 19739 : 1
 19736	 19819 : 0
 19816	 19907 : 0
 19904	 19915 : 0
 19912	 19943 : 0
 19940	 20059 : 0
 20056	 20071 : 0
 20068	 20075 : 0
 20072	 20079 : 0
 20076	 20151 : 0
 20148	 20175 : 0
 20172	 20191 : 0
 20188	 20203 : 0
 20200	 20287 : 0
 20284	 20311 : 0
 20308	 20335 : 0
 20332	 20363 : 0
 20360	 20371 : 0
 20368	 20383 : 0
 20380	 20391 : 0
 20388	 20395 : 0
 20392	 20407 : 0
 20404	 20419 : 0
 20416	 20423 : 0
 20420	 20467 : 0
 20464	 20631 : 0
 20628	 20639 : 0
 20636	 20683 : 0
 20680	 20691 : 1
 20688	 20727 : 0
 20724	 20779 : 0
 20776	 20823 : 0
 20820	 20951 : 0
 20948	 21167 : 0
 21164	 21207 : 1
 21204	 21219 : 0
 21216	 21223 : 1
 21220	 21231 : 0
 21228	 21251 : 1
 21248	 21259 : 0
 21256	 21263 : 0
 21260	 21275 : 0
 21272	 21303 : 0
 21300	 21315 : 0
 21312	 21319 : 0
 21316	 21327 : 0
 21324	 21335 : 0
 21332	 21339 : 0
 21336	 21363 : 0
 21360	 21375 : 0
 21372	 21391 : 0
 21388	 21403 : 0
 21400	 21415 : 1
 21412	 21419 : 0
 21416	 21435 : 0
 21432	 21455 : 0
 21452	 21463 : 1
 21460	 21491 : 0
 21488	 21523 : 0
 21520	 21579 : 0
 21576	 21583 : 1
 21580	 21615 : 0
 21612	 21627 : 0
 21624	 21687 : 0
 21684	 21695 : 1
 21692	 21711 : 0
 21708	 21715 : 0
 21712	 21731 : 0
 21728	 21739 : 0
 21736	 21743 : 0
 21740	 21755 : 1
 21752	 21759 : 0
 21756	 21779 : 0
 21776	 21791 : 0
 21788	 21803 : 0
 21800	 21831 : 0
 21828	 21839 : 0
 21836	 21859 : 0
 21856	 21863 : 0
 21860	 21867 : 0
 21864	 21875 : 0
 21872	 21903 : 0
 21900	 21907 : 0
 21904	 21983 : 0
 21980	 21995 : 0
 21992	 22035 : 0
 22032	 22039 : 0
 22036	 22059 : 0
 22056	 22067 : 0
 22064	 22075 : 0
 22072	 22083 : 0
 22080	 22087 : 0
 22084	 22111 : 0
 22108	 22139 : 0
 22136	 22143 : 0
 22140	 22175 : 0
 22172	 22179 : 1
 22176	 22203 : 0
 22200	 22243 : 1
 22240	 22247 : 0
 22244	 22255 : 0
 22252	 22259 : 0
 22256	 22275 : 0
 22272	 22303 : 0
 22300	 22311 : 1
 22308	 22363 : 0
 22360	 22371 : 1
 22368	 22515 : 0
 22512	 22519 : 0
 22516	 22527 : 0
 22524	 22535 : 1
 22532	 22579 : 0
 22576	 22595 : 1
 22592	 22599 : 0
 22596	 22603 : 0
 22600	 22607 : 0
 22604	 22611 : 0
 22608	 22615 : 0
 22612	 22627 : 0
 22624	 22631 : 0
 22628	 22639 : 1
 22636	 22863 : 0
 22860	 22871 : 1
 22868	 22879 : 0
 22876	 22899 : 0
 22896	 22907 : 0
 22904	 22915 : 1
 22912	 22919 : 0
 22916	 22927 : 0
 22924	 22931 : 0
 22928	 22939 : 0
 22936	 22947 : 0
 22944	 22959 : 0
 22956	 22963 : 0
 22960	 22979 : 1
 22976	 22983 : 0
 22980	 22987 : 0
 22984	 22995 : 0
 22992	 23003 : 0
 23000	 23007 : 0
 23004	 23043 : 0
 23040	 23047 : 0
 23044	 23055 : 0
 23052	 23059 : 0
 23056	 23067 : 0
 23064	 23071 : 0
 23068	 23127 : 1
 23124	 23159 : 0
 23156	 23167 : 1
 23164	 23175 : 0
 23172	 23203 : 1
 23200	 23247 : 0
 23244	 23251 : 0
 23248	 23275 : 0
 23272	 23283 : 1
 23280	 23347 : 0
 23344	 23351 : 0
 23348	 23379 : 0
 23376	 23383 : 1
 23380	 23415 : 0
 23412	 23435 : 0
 23432	 23443 : 0
 23440	 23467 : 0
 23464	 23503 : 0
 23500	 23507 : 0
 23504	 23511 : 0
 23508	 23519 : 0
 23516	 23535 : 0
 23532	 23543 : 1
 23540	 23615 : 0
 23612	 23619 : 1
 23616	 23651 : 0
 23648	 23675 : 0
 23672	 23963 : 0
 23960	 23967 : 1
 23964	 24051 : 0
 24048	 24067 : 0
 24064	 24075 : 0
 24072	 24083 : 0
 24080	 24103 : 0
 24100	 24107 : 0
 24104	 24147 : 0
 24144	 24155 : 1
 24152	 24215 : 0
 24212	 24223 : 1
 24220	 24283 : 0
 24280	 24287 : 0
 24284	 24295 : 0
 24292	 24299 : 0
 24296	 24323 : 0
 24320	 24327 : 0
 24324	 24655 : 0
 24652	 24659 : 1
 24656	 24691 : 0
 24688	 24779 : 0
 24776	 24807 : 0
 24804	 24811 : 0
 24808	 24855 : 0
 24852	 24919 : 0
 24916	 24931 : 0
 24928	 24943 : 0
 24940	 24947 : 0
 24944	 24983 : 0
 24980	 24987 : 0
 24984	 25147 : 0
 25144	 25159 : 0
 25156	 25227 : 0
 25224	 25311 : 0
 25308	 25319 : 1
 25316	 25367 : 0
 25364	 25371 : 1
 25368	 25431 : 0
 25428	 25435 : 0
 25432	 25471 : 0
 25468	 25475 : 0
 25472	 25491 : 0
 25488	 25495 : 1
 25492	 25559 : 0
 25556	 25567 : 1
 25564	 25631 : 0
 25628	 25643 : 0
 25640	 25787 : 0
 25784	 25795 : 1
 25792	 25811 : 0
 25808	 26027 : 1
 26024	 26035 : 0
 26032	 26051 : 0
 26048	 26055 : 0
 26052	 26067 : 0
 26064	 26123 : 0
 26120	 26127 : 1
 26124	 26139 : 0
 26136	 26143 : 0
 26140	 26299 : 0
 26296	 26303 : 0
 26300	 26459 : 0
 26456	 26463 : 1
 26460	 26587 : 0
 26584	 26635 : 1
 26632	 26643 : 0
 26640	 26715 : 0
 26712	 26899 : 0
 26896	 27035 : 0
 27032	 27039 : 0
 27036	 27163 : 0
 27160	 27227 : 0
 27224	 27355 : 1
 27352	 27419 : 0
 27416	 27451 : 1
 27448	 27519 : 0
 27516	 27611 : 1
 27608	 27615 : 0
 27612	 27643 : 1
 27640	 27707 : 0
 27704	 27739 : 1
 27736	 27803 : 0
 27800	 27835 : 1
 27832	 27903 : 0
 27900	 28027 : 1
 28024	 28095 : 0
 28092	 28219 : 1
 28216	 28287 : 0
 28284	 28411 : 1
 28408	 28475 : 0
 28472	 28507 : 1
 28504	 28571 : 0
 28568	 28603 : 1
 28600	 28667 : 0
 28664	 28699 : 1
 28696	 28763 : 0
 28760	 28891 : 1
 28888	 28959 : 0
 28956	 28987 : 1
 28984	 29055 : 0
 29052	 29083 : 1
 29080	 29147 : 0
 29144	 29179 : 1
 29176	 29247 : 0
 29244	 29275 : 1
 29272	 29343 : 0
 29340	 29371 : 1
 29368	 29435 : 0
 29432	 29467 : 1
 29464	 29531 : 0
 29528	 29651 : 1
 29648	 29659 : 0
 29656	 29891 : 0
 29888	 29895 : 0
 29892	 30035 : 0
 30032	 30039 : 0
 30036	 30187 : 0
 30184	 30299 : 0
 30296	 30323 : 0
 30320	 30331 : 0
 30328	 30423 : 0
 30420	 30515 : 0
 30512	 30875 : 0
