     0	   111 : 0
   108	   127 : 0
   124	   259 : 0
   256	   327 : 0
   324	   331 : 0
   328	   611 : 0
   608	   639 : 0
   636	   651 : 1
   648	   655 : 0
   652	   671 : 1
   668	   675 : 0
   672	   691 : 0
   688	   715 : 0
   712	   719 : 0
   716	   735 : 0
   732	   775 : 1
   772	   795 : 0
   792	   799 : 0
   796	   803 : 0
   800	   811 : 0
   808	   855 : 0
   852	   859 : 1
   856	   895 : 0
   892	   899 : 1
   896	   943 : 0
   940	   991 : 1
   988	  1027 : 0
  1024	  1031 : 1
  1028	  1035 : 0
  1032	  1071 : 0
  1068	  1119 : 0
  1116	  1151 : 1
  1148	  1155 : 0
  1152	  1195 : 1
  1192	  1199 : 0
  1196	  1239 : 0
  1236	  1243 : 0
  1240	  1251 : 0
  1248	  1271 : 0
  1268	  1275 : 1
  1272	  1303 : 0
  1300	  1307 : 0
  1304	  1339 : 0
  1336	  1343 : 0
  1340	  1359 : 0
  1356	  1363 : 2
  1360	  1415 : 1
  1412	  1455 : 0
  1452	  1531 : 1
  1528	  1535 : 0
  1532	  1543 : 1
  1540	  1555 : 0
  1552	  1571 : 0
  1568	  1575 : 0
  1572	  1599 : 1
  1596	  1607 : 0
  1604	  1619 : 1
  1616	  1627 : 0
  1624	  1635 : 1
  1632	  1651 : 0
  1648	  1663 : 1
  1660	  1711 : 0
  1708	  1715 : 1
  1712	  1723 : 0
  1720	  1739 : 0
  1736	  1743 : 0
  1740	  1759 : 0
  1756	  1763 : 0
  1760	  1791 : 1
  1788	  1823 : 0
  1820	  1827 : 1
  1824	  1875 : 0
  1872	  1911 : 1
  1908	  1915 : 0
  1912	  1935 : 1
  1932	  1939 : 0
  1936	  1947 : 1
  1944	  1967 : 0
  1964	  1991 : 0
  1988	  1995 : 0
  1992	  2051 : 1
  2048	  2079 : 0
  2076	  2099 : 1
  2096	  2103 : 0
  2100	  2111 : 1
  2108	  2115 : 0
  2112	  2139 : 1
  2136	  2147 : 0
  2144	  2155 : 0
  2152	  2167 : 0
  2164	  2175 : 1
  2172	  2195 : 0
  2192	  2199 : 1
  2196	  2203 : 0
  2200	  2211 : 0
  2208	  2227 : 0
  2224	  2247 : 0
  2244	  2251 : 0
  2248	  2263 : 0
  2260	  2267 : 0
  2264	  2287 : 0
  2284	  2291 : 0
  2288	  2343 : 0
  2340	  2375 : 0
  2372	  2387 : 1
  2384	  2403 : 0
  2400	  2407 : 1
  2404	  2411 : 0
  2408	  2435 : 0
  2432	  2455 : 0
  2452	  2459 : 1
  2456	  2467 : 0
  2464	  2483 : 0
  2480	  2503 : 0
  2500	  2527 : 1
  2524	  2535 : 0
  2532	  2547 : 0
  2544	  2551 : 0
  2548	  2579 : 1
  2576	  2583 : 0
  2580	  2587 : 1
  2584	  2631 : 0
  2628	  2635 : 0
  2632	  2639 : 0
  2636	  2647 : 1
  2644	  2695 : 0
  2692	  2699 : 1
  2696	  2723 : 0
  2720	  2727 : 1
  2724	  2747 : 0
  2744	  2803 : 1
  2800	  2819 : 0
  2816	  2823 : 0
  2820	  2851 : 0
  2848	  2879 : 1
  2876	  2915 : 0
  2912	  2919 : 1
  2916	  2923 : 0
  2920	  2931 : 1
  2928	  2947 : 0
  2944	  2955 : 1
  2952	  2979 : 0
  2976	  2999 : 0
  2996	  3027 : 0
  3024	  3031 : 1
  3028	  3051 : 0
  3048	  3063 : 1
  3060	  3095 : 0
  3092	  3099 : 0
  3096	  3111 : 0
  3108	  3115 : 0
  3112	  3127 : 0
  3124	  3131 : 1
  3128	  3151 : 0
  3148	  3175 : 1
  3172	  3195 : 0
  3192	  3199 : 0
  3196	  3203 : 0
  3200	  3207 : 1
  3204	  3223 : 0
  3220	  3231 : 0
  3228	  3235 : 0
  3232	  3267 : 0
  3264	  3271 : 0
  3268	  3279 : 0
  3276	  3343 : 0
  3340	  3347 : 0
  3344	  3391 : 0
  3388	  3427 : 1
  3424	  3451 : 0
  3448	  3467 : 1
  3464	  3483 : 0
  3480	  3507 : 0
  3504	  3527 : 0
  3524	  3531 : 1
  3528	  3551 : 0
  3548	  3579 : 0
  3576	  3603 : 0
  3600	  3659 : 1
  3656	  3679 : 0
  3676	  3703 : 1
  3700	  3707 : 0
  3704	  3735 : 1
  3732	  3807 : 0
  3804	  3831 : 1
  3828	  3835 : 0
  3832	  3847 : 0
  3844	  3855 : 0
  3852	  3879 : 0
  3876	  3927 : 0
  3924	  3935 : 1
  3932	  3939 : 0
  3936	  3975 : 0
  3972	  3979 : 0
  3976	  3983 : 1
  3980	  4083 : 0
  4080	  4087 : 1
  4084	  4135 : 0
  4132	  4191 : 1
  4188	  4219 : 0
  4216	  4223 : 1
  4220	  4243 : 0
  4240	  4271 : 1
  4268	  4275 : 0
  4272	  4279 : 1
  4276	  4295 : 0
  4292	  4303 : 0
  4300	  4315 : 0
  4312	  4319 : 1
  4316	  4327 : 0
  4324	  4335 : 0
  4332	  4339 : 0
  4336	  4351 : 0
  4348	  4375 : 0
  4372	  4391 : 0
  4388	  4395 : 0
  4392	  4407 : 1
  4404	  4423 : 0
  4420	  4431 : 1
  4428	  4455 : 0
  4452	  4459 : 1
  4456	  4463 : 0
  4460	  4495 : 0
  4492	  4523 : 0
  4520	  4527 : 1
  4524	  4547 : 0
  4544	  4551 : 0
  4548	  4579 : 0
  4576	  4611 : 0
  4608	  4663 : 0
  4660	  4683 : 0
  4680	  4699 : 0
  4696	  4711 : 0
  4708	  4719 : 0
  4716	  4739 : 0
  4736	  4747 : 0
  4744	  4819 : 0
  4816	  4823 : 0
  4820	  4855 : 0
  4852	  4863 : 0
  4860	  4899 : 0
  4896	  4935 : 0
  4932	  4951 : 1
  4948	  4995 : 0
  4992	  4999 : 0
  4996	  5047 : 0
  5044	  5063 : 0
  5060	  5075 : 0
  5072	  5083 : 0
  5080	  5091 : 0
  5088	  5099 : 1
  5096	  5103 : 0
  5100	  5115 : 1
  5112	  5135 : 0
  5132	  5187 : 1
  5184	  5219 : 0
  5216	  5227 : 0
  5224	  5231 : 0
  5228	  5235 : 1
  5232	  5243 : 0
  5240	  5247 : 0
  5244	  5323 : 0
  5320	  5327 : 0
  5324	  5331 : 0
  5328	  5379 : 1
  5376	  5387 : 0
  5384	  5395 : 0
  5392	  5399 : 0
  5396	  5407 : 0
  5404	  5411 : 0
  5408	  5479 : 0
  5476	  5483 : 0
  5480	  5535 : 1
  5532	  5583 : 0
  5580	  5587 : 1
  5584	  5599 : 0
  5596	  5603 : 0
  5600	  5627 : 0
  5624	  5639 : 0
  5636	  5659 : 0
  5656	  5663 : 1
  5660	  5667 : 0
  5664	  5671 : 0
  5668	  5683 : 0
  5680	  5695 : 0
  5692	  5715 : 0
  5712	  5723 : 0
  5720	  5747 : 0
  5744	  5767 : 0
  5764	  5771 : 0
  5768	  5779 : 1
  5776	  5823 : 0
  5820	  5875 : 1
  5872	  5927 : 0
  5924	  5943 : 1
  5940	  5983 : 0
  5980	  5987 : 1
  5984	  6003 : 0
  6000	  6011 : 1
  6008	  6055 : 0
  6052	  6063 : 1
  6060	  6079 : 0
  6076	  6083 : 0
  6080	  6091 : 0
  6088	  6099 : 0
  6096	  6115 : 0
  6112	  6123 : 0
  6120	  6127 : 0
  6124	  6135 : 0
  6132	  6159 : 0
  6156	  6167 : 0
  6164	  6243 : 0
  6240	  6247 : 1
  6244	  6263 : 0
  6260	  6279 : 0
  6276	  6319 : 0
  6316	  6327 : 1
  6324	  6411 : 0
  6408	  6427 : 0
  6424	  6431 : 0
  6428	  6447 : 0
  6444	  6487 : 0
  6484	  6495 : 0
  6492	  6507 : 0
  6504	  6511 : 1
  6508	  6611 : 0
  6608	  6707 : 1
  6704	  6723 : 0
  6720	  6731 : 0
  6728	  6787 : 0
  6784	  6791 : 1
  6788	  6859 : 0
  6856	  6863 : 1
  6860	  6911 : 0
  6908	  6915 : 0
  6912	  6919 : 0
  6916	  6923 : 1
  6920	  6943 : 0
  6940	  7155 : 0
  7152	  7175 : 0
  7172	  7223 : 0
