     0	   443 : 0
   440	   459 : 0
   456	   463 : 0
   460	   467 : 0
   464	   475 : 1
   472	   595 : 0
   592	   615 : 0
   612	   623 : 0
   620	   635 : 0
   632	   639 : 0
   636	   663 : 0
   660	   823 : 0
   820	   827 : 1
   824	   879 : 0
   876	   883 : 1
   880	   887 : 0
   884	   899 : 0
   896	   915 : 0
   912	   927 : 0
   924	   935 : 0
   932	   939 : 0
   936	   943 : 0
   940	   947 : 0
   944	  1207 : 0
  1204	  1215 : 1
  1212	  1223 : 0
  1220	  1231 : 1
  1228	  1239 : 0
  1236	  1247 : 0
  1244	  1263 : 0
  1260	  1279 : 0
  1276	  1395 : 0
  1392	  1403 : 1
  1400	  1463 : 0
  1460	  1539 : 1
  1536	  1543 : 0
  1540	  1551 : 0
  1548	  1555 : 0
  1552	  1563 : 1
  1560	  1587 : 0
  1584	  1611 : 1
  1608	  1615 : 0
  1612	  1639 : 0
  1636	  1643 : 0
  1640	  1659 : 1
  1656	  1667 : 0
  1664	  1679 : 0
  1676	  1691 : 0
  1688	  1711 : 0
  1708	  1715 : 0
  1712	  1739 : 0
  1736	  1743 : 0
  1740	  1779 : 0
  1776	  1819 : 0
  1816	  1855 : 0
  1852	  1867 : 0
  1864	  1871 : 0
  1868	  1935 : 0
  1932	  1975 : 0
  1972	  2007 : 0
  2004	  2035 : 0
  2032	  2067 : 0
  2064	  2071 : 0
  2068	  2083 : 0
  2080	  2087 : 0
  2084	  2507 : 0
  2504	  2519 : 0
  2516	  2523 : 0
  2520	  2527 : 0
  2524	  2535 : 0
  2532	  2539 : 0
  2536	  2543 : 0
  2540	  2555 : 0
  2552	  2691 : 0
  2688	  2711 : 0
  2708	  2715 : 0
  2712	  2723 : 1
  2720	  2767 : 0
  2764	  2771 : 0
  2768	  2855 : 0
  2852	  2859 : 1
  2856	  2863 : 0
  2860	  2887 : 0
  2884	  2895 : 0
  2892	  2899 : 0
  2896	  2959 : 0
  2956	  2971 : 0
  2968	  2987 : 0
  2984	  2991 : 0
  2988	  3019 : 0
  3016	  3023 : 0
  3020	  3035 : 0
  3032	  3039 : 1
  3036	  3043 : 0
  3040	  3047 : 1
  3044	  3127 : 0
  3124	  3131 : 1
  3128	  3135 : 0
  3132	  3147 : 0
  3144	  3155 : 0
  3152	  3175 : 1
  3172	  3251 : 0
  3248	  3263 : 0
  3260	  3267 : 0
  3264	  3271 : 1
  3268	  3275 : 0
  3272	  3299 : 1
  3296	  3307 : 0
  3304	  3363 : 0
  3360	  3371 : 0
  3368	  3375 : 1
  3372	  3379 : 0
  3376	  3395 : 1
  3392	  3579 : 0
  3576	  3583 : 0
  3580	  3591 : 0
  3588	  3615 : 0
  3612	  3623 : 0
  3620	  3643 : 0
  3640	  3663 : 0
  3660	  3679 : 0
  3676	  3683 : 0
  3680	  3707 : 0
  3704	  3719 : 0
  3716	  3775 : 1
  3772	  3799 : 0
  3796	  3811 : 0
  3808	  3827 : 0
  3824	  3831 : 0
  3828	  3851 : 0
  3848	  3859 : 0
  3856	  4123 : 0
  4120	  4131 : 0
  4128	  4155 : 0
  4152	  4235 : 0
  4232	  4275 : 0
  4272	  4339 : 0
  4336	  4435 : 0
  4432	  4443 : 0
  4440	  4483 : 0
  4480	  4499 : 0
  4496	  4503 : 0
  4500	  4531 : 0
  4528	  4547 : 0
  4544	  4579 : 0
  4576	  4683 : 0
  4680	  4731 : 0
  4728	  4735 : 0
  4732	  4799 : 0
  4796	  4803 : 0
  4800	  4831 : 0
  4828	  4835 : 0
  4832	  4879 : 0
  4876	  5071 : 0
  5068	  5079 : 0
  5076	  5107 : 0
  5104	  5111 : 0
  5108	  5119 : 0
  5116	  5291 : 0
