     0	    79 : 0
    76	   119 : 0
   116	   251 : 0
   248	   259 : 0
   256	   263 : 0
   260	   283 : 0
   280	   311 : 1
   308	   315 : 0
   312	   319 : 0
   316	   323 : 0
   320	   335 : 1
   332	   359 : 0
   356	   491 : 1
   488	   495 : 0
   492	   539 : 0
   536	   547 : 0
   544	   563 : 0
   560	   571 : 0
   568	   643 : 1
   640	   651 : 0
   648	   703 : 1
   700	   707 : 0
   704	   747 : 0
   744	   751 : 0
   748	   771 : 1
   768	   783 : 0
   780	   827 : 0
   824	   831 : 0
   828	   887 : 0
   884	   891 : 0
   888	   911 : 0
   908	   915 : 0
   912	   951 : 0
   948	   955 : 0
   952	   991 : 1
   988	   995 : 0
   992	  1011 : 1
  1008	  1031 : 0
  1028	  1035 : 0
  1032	  1039 : 0
  1036	  1051 : 0
  1048	  1079 : 0
  1076	  1091 : 1
  1088	  1095 : 0
  1092	  1199 : 0
  1196	  1243 : 0
  1240	  1311 : 0
  1308	  1323 : 0
  1320	  1351 : 0
  1348	  1355 : 0
  1352	  1407 : 0
  1404	  1415 : 0
  1412	  1475 : 1
  1472	  1479 : 0
  1476	  1591 : 0
  1588	  1595 : 0
  1592	  1599 : 0
  1596	  1607 : 0
  1604	  1655 : 0
  1652	  1667 : 0
  1664	  1679 : 0
  1676	  1723 : 0
  1720	  1755 : 1
  1752	  1759 : 0
  1756	  1775 : 0
  1772	  1791 : 0
  1788	  1827 : 1
  1824	  1839 : 0
  1836	  1867 : 1
  1864	  1903 : 0
  1900	  1951 : 0
  1948	  1955 : 0
  1952	  1983 : 1
  1980	  1987 : 0
  1984	  2011 : 0
  2008	  2015 : 0
  2012	  2039 : 0
  2036	  2047 : 0
  2044	  2075 : 1
  2072	  2079 : 0
  2076	  2099 : 0
  2096	  2103 : 0
  2100	  2107 : 0
  2104	  2127 : 0
  2124	  2139 : 0
  2136	  2147 : 0
  2144	  2159 : 0
  2156	  2171 : 0
  2168	  2227 : 1
  2224	  2239 : 0
  2236	  2275 : 1
  2272	  2287 : 0
  2284	  2307 : 1
  2304	  2327 : 0
  2324	  2339 : 0
  2336	  2343 : 0
  2340	  2355 : 1
  2352	  2367 : 0
  2364	  2379 : 0
  2376	  2407 : 0
  2404	  2411 : 1
  2408	  2419 : 0
  2416	  2427 : 1
  2424	  2451 : 0
  2448	  2455 : 0
  2452	  2459 : 0
  2456	  2483 : 0
  2480	  2487 : 0
  2484	  2527 : 0
  2524	  2531 : 0
  2528	  2555 : 1
  2552	  2571 : 0
  2568	  2615 : 1
  2612	  2655 : 0
  2652	  2675 : 0
  2672	  2679 : 0
  2676	  2703 : 0
  2700	  2711 : 0
  2708	  2723 : 0
  2720	  2727 : 0
  2724	  2735 : 1
  2732	  2739 : 0
  2736	  2743 : 1
  2740	  2751 : 0
  2748	  2755 : 0
  2752	  2759 : 0
  2756	  2767 : 1
  2764	  2787 : 0
  2784	  2795 : 0
  2792	  2799 : 0
  2796	  2811 : 1
  2808	  2827 : 0
  2824	  2851 : 0
  2848	  2875 : 0
  2872	  2907 : 0
  2904	  2915 : 0
  2912	  2931 : 1
  2928	  2963 : 0
  2960	  2979 : 0
  2976	  2983 : 0
  2980	  2991 : 0
  2988	  2999 : 0
  2996	  3011 : 1
  3008	  3027 : 0
  3024	  3051 : 1
  3048	  3071 : 0
  3068	  3091 : 1
  3088	  3095 : 0
  3092	  3115 : 1
  3112	  3123 : 0
  3120	  3163 : 1
  3160	  3167 : 0
  3164	  3223 : 1
  3220	  3227 : 0
  3224	  3371 : 0
  3368	  3379 : 0
  3376	  3391 : 0
  3388	  3399 : 0
  3396	  3435 : 0
  3432	  3443 : 0
  3440	  3455 : 1
  3452	  3459 : 0
  3456	  3475 : 1
  3472	  3487 : 0
  3484	  3539 : 1
  3536	  3551 : 0
  3548	  3555 : 1
  3552	  3571 : 0
  3568	  3603 : 1
  3600	  3623 : 0
  3620	  3643 : 1
  3640	  3655 : 0
  3652	  3667 : 1
  3664	  3675 : 0
  3672	  3687 : 1
  3684	  3715 : 0
  3712	  3723 : 1
  3720	  3739 : 0
  3736	  3755 : 0
  3752	  3795 : 0
  3792	  3799 : 0
  3796	  3819 : 0
  3816	  3831 : 1
  3828	  3839 : 0
  3836	  3891 : 0
  3888	  3895 : 0
  3892	  3903 : 1
  3900	  3915 : 0
  3912	  3919 : 0
  3916	  3927 : 0
  3924	  3939 : 1
  3936	  3947 : 0
  3944	  3955 : 0
  3952	  3963 : 0
  3960	  3979 : 0
  3976	  3987 : 0
  3984	  3999 : 0
  3996	  4003 : 0
  4000	  4035 : 1
  4032	  4047 : 0
  4044	  4059 : 0
  4056	  4071 : 0
  4068	  4079 : 0
  4076	  4091 : 0
  4088	  4107 : 0
  4104	  4111 : 0
  4108	  4115 : 0
  4112	  4119 : 0
  4116	  4127 : 0
  4124	  4131 : 0
  4128	  4135 : 0
  4132	  4155 : 0
  4152	  4163 : 1
  4160	  4167 : 0
  4164	  4195 : 1
  4192	  4199 : 0
  4196	  4211 : 1
  4208	  4219 : 0
  4216	  4227 : 0
  4224	  4231 : 0
  4228	  4283 : 1
  4280	  4323 : 0
  4320	  4331 : 1
  4328	  4363 : 0
  4360	  4371 : 1
  4368	  4395 : 0
  4392	  4407 : 0
  4404	  4411 : 0
  4408	  4419 : 0
  4416	  4423 : 0
  4420	  4431 : 0
  4428	  4447 : 0
  4444	  4455 : 1
  4452	  4463 : 0
  4460	  4471 : 1
  4468	  4479 : 0
  4476	  4483 : 0
  4480	  4487 : 0
  4484	  4539 : 0
  4536	  4543 : 0
  4540	  4551 : 0
  4548	  4555 : 0
  4552	  4559 : 0
  4556	  4567 : 0
  4564	  4679 : 0
