     0	    71 : 0
    68	    83 : 0
    80	    87 : 0
    84	   107 : 0
   104	   115 : 0
   112	   627 : 0
   624	   703 : 0
   700	   743 : 0
   740	   755 : 0
   752	   763 : 0
   760	   767 : 0
   764	   815 : 0
   812	  1239 : 0
  1236	  1243 : 0
  1240	  1247 : 0
  1244	  1403 : 0
  1400	  1407 : 0
  1404	  1415 : 0
  1412	  1427 : 0
  1424	  1431 : 0
  1428	  1507 : 0
  1504	  1511 : 0
  1508	  1515 : 0
  1512	  1947 : 0
  1944	  1951 : 1
  1948	  2143 : 0
  2140	  2147 : 0
  2144	  2219 : 0
  2216	  2223 : 1
  2220	  2227 : 0
  2224	  2231 : 0
  2228	  2239 : 0
  2236	  2311 : 0
  2308	  2487 : 0
  2484	  2491 : 1
  2488	  2787 : 0
  2784	  2931 : 0
  2928	  3215 : 0
  3212	  3255 : 0
  3252	  3275 : 0
  3272	  3283 : 0
  3280	  3287 : 0
  3284	  3291 : 0
  3288	  3319 : 0
  3316	  3331 : 1
  3328	  3339 : 0
  3336	  3367 : 0
  3364	  3547 : 0
  3544	  3559 : 0
  3556	  3643 : 0
  3640	  3655 : 0
  3652	  3691 : 0
  3688	  3695 : 0
  3692	  3707 : 0
  3704	  4043 : 0
  4040	  4063 : 0
  4060	  4111 : 0
  4108	  4123 : 0
  4120	  4359 : 0
  4356	  4367 : 0
  4364	  4495 : 0
  4492	  4587 : 0
  4584	  4875 : 0
