     0	    27 : 0
    24	    91 : 0
    88	   123 : 1
   120	   127 : 0
   124	   135 : 0
   132	   163 : 0
   160	   187 : 0
   184	   191 : 0
   188	   203 : 1
   200	   207 : 0
   204	   211 : 0
   208	   271 : 0
   268	   411 : 1
   408	   427 : 0
   424	   471 : 0
   468	   491 : 0
   488	   583 : 0
   580	   595 : 0
   592	   719 : 0
   716	   919 : 0
   916	   927 : 1
   924	  1055 : 0
  1052	  1059 : 1
  1056	  1063 : 0
  1060	  1095 : 1
  1092	  1099 : 0
  1096	  1127 : 1
  1124	  1131 : 0
  1128	  1135 : 1
  1132	  1139 : 0
  1136	  1203 : 0
  1200	  1207 : 0
  1204	  1283 : 0
  1280	  1287 : 0
  1284	  1391 : 1
  1388	  1495 : 0
  1492	  1503 : 1
  1500	  1599 : 0
  1596	  1659 : 1
  1656	  1671 : 0
  1668	  1691 : 1
  1688	  1707 : 0
  1704	  1735 : 0
  1732	  1843 : 0
  1840	  1851 : 1
  1848	  1907 : 0
  1904	  1943 : 0
  1940	  1963 : 0
  1960	  1979 : 0
  1976	  2091 : 0
  2088	  2107 : 0
  2104	  2299 : 0
  2296	  2307 : 1
  2304	  2403 : 0
  2400	  2411 : 1
  2408	  2427 : 0
  2424	  2447 : 0
  2444	  2467 : 0
  2464	  2475 : 1
  2472	  2571 : 0
  2568	  2591 : 0
  2588	  2655 : 0
  2652	  2663 : 1
  2660	  2675 : 0
  2672	  2687 : 0
  2684	  2735 : 0
  2732	  2739 : 0
  2736	  2779 : 0
  2776	  2783 : 0
  2780	  2791 : 0
  2788	  2795 : 0
  2792	  2799 : 0
  2796	  2807 : 0
  2804	  2823 : 0
  2820	  2831 : 0
  2828	  2835 : 0
  2832	  2839 : 0
  2836	  2843 : 0
  2840	  2851 : 0
  2848	  2855 : 0
  2852	  2883 : 0
  2880	  2959 : 0
  2956	  3015 : 0
  3012	  3075 : 0
  3072	  3087 : 1
  3084	  3091 : 0
  3088	  3099 : 0
  3096	  3171 : 0
  3168	  3175 : 1
  3172	  3199 : 0
  3196	  3207 : 1
  3204	  3223 : 0
  3220	  3231 : 0
  3228	  3251 : 0
  3248	  3255 : 1
  3252	  3267 : 0
  3264	  3271 : 1
  3268	  3323 : 0
  3320	  3327 : 1
  3324	  3395 : 0
  3392	  3403 : 1
  3400	  3423 : 0
  3420	  3475 : 0
  3472	  3607 : 0
  3604	  3615 : 1
  3612	  3831 : 0
  3828	  3919 : 1
  3916	  3935 : 0
  3932	  3939 : 0
  3936	  3943 : 0
  3940	  3947 : 0
  3944	  3983 : 0
  3980	  4131 : 1
  4128	  4135 : 0
  4132	  4275 : 1
  4272	  4399 : 0
  4396	  4411 : 0
  4408	  4439 : 0
  4436	  4443 : 1
  4440	  4507 : 0
  4504	  4515 : 0
  4512	  4551 : 0
  4548	  4555 : 0
  4552	  4567 : 0
  4564	  4571 : 0
  4568	  4619 : 0
  4616	  4627 : 0
  4624	  4703 : 0
  4700	  4715 : 0
  4712	  4723 : 0
  4720	  4727 : 0
  4724	  4755 : 0
  4752	  4795 : 0
  4792	  4811 : 0
  4808	  4815 : 1
  4812	  4839 : 0
  4836	  4879 : 1
  4876	  4939 : 0
  4936	  4947 : 1
  4944	  5139 : 0
  5136	  5143 : 1
  5140	  5383 : 0
  5380	  5403 : 1
  5400	  5427 : 0
  5424	  5435 : 0
  5432	  5519 : 0
  5516	  5523 : 0
  5520	  5527 : 0
  5524	  5531 : 0
  5528	  5539 : 0
  5536	  5543 : 0
  5540	  5599 : 0
  5596	  5675 : 0
  5672	  5679 : 0
  5676	  5687 : 0
  5684	  5703 : 0
  5700	  5707 : 0
  5704	  5731 : 0
  5728	  5743 : 1
  5740	  5751 : 0
  5748	  5755 : 0
  5752	  5799 : 0
  5796	  5811 : 1
  5808	  5899 : 0
  5896	  5907 : 1
  5904	  5979 : 0
  5976	  5983 : 0
  5980	  5995 : 0
  5992	  5999 : 0
  5996	  6003 : 0
  6000	  6007 : 0
  6004	  6011 : 0
  6008	  6027 : 0
  6024	  6031 : 0
  6028	  6035 : 1
  6032	  6091 : 0
  6088	  6099 : 0
  6096	  6103 : 0
  6100	  6115 : 0
  6112	  6119 : 0
  6116	  6127 : 1
  6124	  6151 : 0
  6148	  6155 : 0
  6152	  6195 : 0
  6192	  6215 : 0
  6212	  6255 : 0
  6252	  6259 : 0
  6256	  6263 : 0
  6260	  6267 : 1
  6264	  6323 : 0
  6320	  6331 : 1
  6328	  6431 : 0
  6428	  6499 : 1
  6496	  6511 : 0
  6508	  6531 : 0
  6528	  6539 : 0
  6536	  6583 : 0
  6580	  6587 : 0
  6584	  6591 : 1
  6588	  6711 : 0
  6708	  6719 : 1
  6716	  6815 : 0
  6812	  6835 : 0
  6832	  6843 : 0
  6840	  6851 : 0
  6848	  6855 : 0
  6852	  6863 : 0
  6860	  6867 : 0
  6864	  6923 : 0
  6920	  6927 : 0
  6924	  6939 : 0
  6936	  6943 : 2
  6940	  6955 : 0
  6952	  6959 : 0
  6956	  6963 : 0
  6960	  7027 : 0
  7024	  7051 : 0
  7048	  7091 : 0
  7088	  7163 : 1
  7160	  7171 : 0
  7168	  7175 : 1
  7172	  7199 : 0
  7196	  7203 : 0
  7200	  7211 : 0
  7208	  7215 : 0
  7212	  7219 : 0
  7216	  7239 : 0
  7236	  7275 : 0
  7272	  7307 : 0
  7304	  7315 : 0
  7312	  7339 : 0
  7336	  7387 : 0
  7384	  7403 : 0
  7400	  7407 : 0
  7404	  7419 : 0
  7416	  7427 : 0
  7424	  7443 : 0
  7440	  7547 : 0
  7544	  7551 : 1
  7548	  7659 : 0
  7656	  7827 : 1
  7824	  8015 : 0
  8012	  8023 : 1
  8020	  8083 : 0
  8080	  8087 : 1
  8084	  8151 : 0
  8148	  8155 : 1
  8152	  8351 : 0
  8348	  8355 : 1
  8352	  8415 : 0
  8412	  8515 : 1
  8512	  8663 : 0
  8660	  8671 : 1
  8668	  8687 : 0
  8684	  8695 : 0
  8692	  8775 : 0
  8772	  8779 : 1
  8776	  8875 : 0
  8872	  8895 : 1
  8892	  8919 : 0
  8916	  8955 : 0
  8952	  8967 : 0
  8964	  9051 : 0
  9048	  9171 : 0
  9168	  9179 : 1
  9176	  9291 : 0
  9288	  9303 : 1
  9300	  9375 : 0
  9372	  9395 : 0
  9392	  9411 : 0
  9408	  9423 : 0
  9420	  9435 : 0
  9432	  9443 : 1
  9440	  9563 : 0
  9560	  9623 : 1
  9620	  9631 : 0
  9628	  9771 : 0
  9768	  9775 : 0
  9772	  9779 : 1
  9776	  9783 : 0
  9780	  9787 : 0
  9784	  9815 : 0
  9812	  9819 : 0
  9816	  9863 : 0
  9860	  9867 : 0
  9864	  9875 : 0
  9872	  9879 : 0
  9876	  9927 : 0
  9924	  9939 : 0
  9936	  9995 : 0
  9992	  9999 : 0
  9996	 10015 : 0
 10012	 10027 : 0
 10024	 10051 : 0
 10048	 10059 : 1
 10056	 10203 : 0
 10200	 10207 : 1
 10204	 10215 : 0
 10212	 10227 : 0
 10224	 10255 : 0
 10252	 10259 : 0
 10256	 10267 : 0
 10264	 10275 : 0
 10272	 10279 : 0
 10276	 10287 : 0
 10284	 10291 : 0
 10288	 10307 : 0
 10304	 10311 : 0
 10308	 10335 : 0
 10332	 10351 : 0
 10348	 10359 : 0
 10356	 10367 : 0
 10364	 10387 : 0
 10384	 10407 : 0
 10404	 10419 : 0
 10416	 10431 : 0
 10428	 10439 : 0
 10436	 10443 : 0
 10440	 10455 : 1
 10452	 10459 : 0
 10456	 10471 : 0
 10468	 10475 : 0
 10472	 10523 : 0
 10520	 10531 : 0
 10528	 10535 : 0
 10532	 10543 : 0
 10540	 10547 : 0
 10544	 10559 : 0
 10556	 10567 : 0
 10564	 10587 : 0
 10584	 10591 : 0
 10588	 10611 : 0
 10608	 10615 : 0
 10612	 10619 : 0
 10616	 10631 : 0
 10628	 10635 : 0
 10632	 10643 : 1
 10640	 10743 : 0
 10740	 10751 : 1
 10748	 10847 : 0
 10844	 10879 : 0
 10876	 10883 : 0
 10880	 10891 : 0
 10888	 10903 : 0
 10900	 10907 : 1
 10904	 10983 : 0
 10980	 10987 : 0
 10984	 11215 : 0
 11212	 11223 : 1
 11220	 11239 : 0
 11236	 11247 : 1
 11244	 11351 : 0
 11348	 11387 : 0
 11384	 11435 : 0
 11432	 11447 : 0
 11444	 11467 : 0
 11464	 11479 : 0
 11476	 11483 : 0
 11480	 11487 : 0
 11484	 11763 : 0
 11760	 11767 : 1
 11764	 11875 : 0
 11872	 11883 : 1
 11880	 11923 : 0
 11920	 12031 : 0
 12028	 12087 : 0
 12084	 12095 : 1
 12092	 12255 : 0
 12252	 12259 : 1
 12256	 12555 : 0
 12552	 12671 : 1
 12668	 12715 : 0
 12712	 12719 : 1
 12716	 12743 : 0
 12740	 12759 : 0
 12756	 12775 : 0
 12772	 12783 : 0
 12780	 12799 : 0
 12796	 12815 : 0
 12812	 12831 : 0
 12828	 12919 : 0
 12916	 12927 : 0
 12924	 12999 : 0
 12996	 13067 : 0
 13064	 13139 : 1
 13136	 13147 : 0
 13144	 13151 : 0
 13148	 13203 : 0
 13200	 13223 : 1
 13220	 13415 : 0
 13412	 13423 : 1
 13420	 13499 : 0
 13496	 13503 : 0
 13500	 13507 : 0
 13504	 13511 : 0
 13508	 13515 : 0
 13512	 13519 : 0
 13516	 13531 : 0
 13528	 13539 : 0
 13536	 13567 : 0
 13564	 13575 : 1
 13572	 13671 : 0
 13668	 13675 : 0
 13672	 13679 : 0
 13676	 13687 : 0
 13684	 13711 : 0
 13708	 13747 : 0
 13744	 13751 : 0
 13748	 13755 : 0
 13752	 13803 : 0
 13800	 13887 : 1
 13884	 13899 : 0
 13896	 13931 : 0
 13928	 13935 : 0
 13932	 13939 : 1
 13936	 13983 : 0
 13980	 13991 : 1
 13988	 14007 : 0
 14004	 14015 : 0
 14012	 14071 : 0
 14068	 14215 : 0
 14212	 14327 : 0
 14324	 14375 : 0
 14372	 14383 : 0
 14380	 14391 : 0
 14388	 14399 : 0
 14396	 14407 : 0
 14404	 14423 : 0
 14420	 14427 : 1
 14424	 14487 : 0
 14484	 14491 : 0
 14488	 14559 : 0
 14556	 14567 : 1
 14564	 14711 : 0
 14708	 14719 : 1
 14716	 14783 : 0
 14780	 14787 : 1
 14784	 14847 : 0
 14844	 14851 : 1
 14848	 14899 : 0
 14896	 15035 : 0
 15032	 15047 : 0
 15044	 15055 : 1
 15052	 15155 : 0
 15152	 15223 : 0
 15220	 15335 : 0
 15332	 15339 : 0
 15336	 15367 : 0
 15364	 15375 : 1
 15372	 15463 : 0
 15460	 15475 : 1
 15472	 15503 : 0
 15500	 15519 : 0
 15516	 15527 : 0
 15524	 15531 : 0
 15528	 15559 : 0
 15556	 15567 : 1
 15564	 15651 : 0
 15648	 15659 : 1
 15656	 15811 : 0
 15808	 16023 : 1
 16020	 16027 : 0
 16024	 16047 : 0
 16044	 16055 : 0
 16052	 16075 : 0
 16072	 16083 : 0
 16080	 16095 : 0
 16092	 16115 : 0
 16112	 16119 : 0
 16116	 16171 : 0
 16168	 16227 : 1
 16224	 16291 : 0
 16288	 16299 : 1
 16296	 16491 : 0
 16488	 16495 : 2
 16492	 16499 : 1
 16496	 16563 : 0
 16560	 16567 : 1
 16564	 16651 : 0
 16648	 16655 : 0
 16652	 16659 : 0
 16656	 16687 : 0
 16684	 16751 : 0
 16748	 16755 : 0
 16752	 16795 : 0
 16792	 16803 : 0
 16800	 16811 : 0
 16808	 17019 : 1
 17016	 17059 : 0
 17056	 17063 : 1
 17060	 17067 : 0
 17064	 17071 : 0
 17068	 17099 : 0
 17096	 17139 : 0
 17136	 17143 : 0
 17140	 17231 : 0
 17228	 17239 : 0
 17236	 17255 : 0
 17252	 17267 : 0
 17264	 17295 : 0
 17292	 17303 : 0
 17300	 17307 : 0
 17304	 17311 : 0
 17308	 17367 : 0
 17364	 17423 : 0
 17420	 17435 : 1
 17432	 17451 : 0
 17448	 17471 : 0
 17468	 17555 : 0
 17552	 17563 : 1
 17560	 17635 : 0
 17632	 17639 : 1
 17636	 17675 : 0
 17672	 17683 : 1
 17680	 17739 : 0
 17736	 17747 : 1
 17744	 17835 : 0
 17832	 17839 : 1
 17836	 17863 : 0
 17860	 17871 : 1
 17868	 17887 : 0
 17884	 17907 : 0
 17904	 17911 : 0
 17908	 17931 : 0
 17928	 17963 : 0
 17960	 17967 : 0
 17964	 18007 : 0
 18004	 18035 : 0
 18032	 18043 : 0
 18040	 18047 : 0
 18044	 18083 : 0
 18080	 18087 : 0
 18084	 18151 : 0
 18148	 18155 : 0
 18152	 18163 : 0
 18160	 18179 : 0
 18176	 18331 : 0
 18328	 18339 : 0
 18336	 18351 : 0
 18348	 18355 : 0
 18352	 18391 : 0
 18388	 18395 : 0
 18392	 18439 : 0
 18436	 18443 : 0
 18440	 18451 : 0
 18448	 18459 : 0
 18456	 18495 : 0
 18492	 18519 : 0
 18516	 18523 : 0
 18520	 18531 : 0
 18528	 18535 : 0
 18532	 18903 : 0
 18900	 18919 : 0
 18916	 18927 : 0
 18924	 18995 : 0
 18992	 18999 : 1
 18996	 19091 : 0
 19088	 19099 : 1
 19096	 19159 : 0
 19156	 19175 : 0
 19172	 19179 : 0
 19176	 19211 : 0
 19208	 19219 : 0
 19216	 19235 : 0
 19232	 19239 : 0
 19236	 19391 : 0
 19388	 19399 : 0
 19396	 19403 : 1
 19400	 19479 : 0
 19476	 19487 : 1
 19484	 19559 : 0
 19556	 19563 : 1
 19560	 19723 : 0
 19720	 19731 : 1
 19728	 19875 : 0
 19872	 19879 : 1
 19876	 19951 : 0
 19948	 19955 : 2
 19952	 20003 : 0
 20000	 20007 : 0
 20004	 20035 : 0
 20032	 20039 : 0
 20036	 20207 : 0
 20204	 20211 : 2
 20208	 20215 : 1
 20212	 20227 : 0
 20224	 20243 : 0
 20240	 20247 : 0
 20244	 20271 : 0
 20268	 20299 : 0
 20296	 20439 : 0
 20436	 20443 : 0
 20440	 20467 : 0
 20464	 20491 : 0
 20488	 20503 : 0
 20500	 20531 : 0
 20528	 20535 : 0
 20532	 20595 : 0
 20592	 20607 : 0
 20604	 20631 : 0
 20628	 20639 : 1
 20636	 20719 : 0
 20716	 20723 : 0
 20720	 20727 : 0
 20724	 20735 : 0
 20732	 20799 : 0
 20796	 20827 : 1
 20824	 20831 : 0
 20828	 20911 : 0
 20908	 20915 : 2
 20912	 20927 : 1
 20924	 20943 : 0
 20940	 20959 : 0
 20956	 21031 : 0
 21028	 21039 : 0
 21036	 21079 : 0
 21076	 21083 : 1
 21080	 21163 : 0
 21160	 21187 : 1
 21184	 21195 : 0
 21192	 21231 : 0
 21228	 21235 : 0
 21232	 21239 : 1
 21236	 21295 : 0
 21292	 21303 : 1
 21300	 21351 : 0
 21348	 21355 : 1
 21352	 21391 : 0
 21388	 21395 : 1
 21392	 21427 : 0
 21424	 21439 : 0
 21436	 21447 : 0
 21444	 21451 : 0
 21448	 21459 : 0
 21456	 21467 : 1
 21464	 21599 : 0
 21596	 21607 : 1
 21604	 21703 : 0
 21700	 21711 : 1
 21708	 21715 : 0
 21712	 21723 : 0
 21720	 21735 : 0
 21732	 21739 : 0
 21736	 21751 : 0
 21748	 21759 : 1
 21756	 21767 : 0
 21764	 21783 : 1
 21780	 21871 : 0
 21868	 21879 : 0
 21876	 21923 : 0
 21920	 21927 : 1
 21924	 21931 : 0
 21928	 21935 : 0
 21932	 21991 : 0
 21988	 21995 : 0
 21992	 22003 : 0
 22000	 22023 : 0
 22020	 22031 : 0
 22028	 22035 : 1
 22032	 22243 : 0
 22240	 22251 : 1
 22248	 22311 : 0
 22308	 22315 : 0
 22312	 22351 : 0
 22348	 22435 : 0
 22432	 22439 : 0
 22436	 22471 : 0
 22468	 22475 : 0
 22472	 22479 : 1
 22476	 22583 : 0
 22580	 22595 : 1
 22592	 22651 : 0
 22648	 22655 : 0
 22652	 22659 : 0
 22656	 22663 : 0
 22660	 22687 : 0
 22684	 22691 : 0
 22688	 22699 : 0
 22696	 22715 : 1
 22712	 22815 : 0
 22812	 22995 : 1
 22992	 23135 : 0
 23132	 23183 : 1
 23180	 23267 : 0
 23264	 23275 : 1
 23272	 23375 : 0
 23372	 23511 : 0
 23508	 23523 : 0
 23520	 23607 : 1
 23604	 23695 : 0
 23692	 23699 : 1
 23696	 23755 : 0
 23752	 23803 : 1
 23800	 23807 : 0
 23804	 23835 : 1
 23832	 23887 : 0
 23884	 23895 : 0
 23892	 23899 : 0
 23896	 23903 : 0
 23900	 23935 : 0
 23932	 23939 : 0
 23936	 23955 : 0
 23952	 23975 : 0
 23972	 23983 : 0
 23980	 24071 : 0
 24068	 24227 : 0
 24224	 24263 : 0
 24260	 24391 : 0
 24388	 24395 : 1
 24392	 24419 : 0
 24416	 24431 : 0
 24428	 24639 : 0
 24636	 24647 : 1
 24644	 24863 : 0
 24860	 24867 : 0
 24864	 24871 : 0
 24868	 24887 : 0
 24884	 25031 : 0
 25028	 25035 : 0
 25032	 25079 : 0
 25076	 25083 : 1
 25080	 25159 : 0
 25156	 25243 : 1
 25240	 25255 : 0
 25252	 25259 : 0
 25256	 25391 : 0
 25388	 25399 : 1
 25396	 25663 : 0
 25660	 25679 : 1
 25676	 25759 : 0
 25756	 25763 : 1
 25760	 25991 : 0
 25988	 25999 : 1
 25996	 26063 : 0
 26060	 26107 : 0
 26104	 26111 : 0
 26108	 26159 : 0
 26156	 26299 : 0
 26296	 26303 : 1
 26300	 26407 : 0
 26404	 26411 : 1
 26408	 26415 : 0
 26412	 26419 : 0
 26416	 26571 : 0
 26568	 26587 : 0
 26584	 26591 : 0
 26588	 26595 : 1
 26592	 26687 : 0
 26684	 26695 : 0
 26692	 26775 : 0
 26772	 26783 : 1
 26780	 26995 : 0
 26992	 27003 : 1
 27000	 27035 : 0
 27032	 27047 : 0
 27044	 27075 : 0
 27072	 27095 : 0
 27092	 27159 : 0
 27156	 27175 : 0
 27172	 27179 : 0
 27176	 27187 : 1
 27184	 27555 : 0
 27552	 27567 : 0
 27564	 27579 : 0
 27576	 27583 : 0
 27580	 27671 : 0
 27668	 27683 : 0
 27680	 27707 : 0
 27704	 27755 : 0
 27752	 27759 : 0
 27756	 27763 : 0
 27760	 27767 : 0
 27764	 27771 : 0
 27768	 27779 : 0
 27776	 27787 : 1
 27784	 28023 : 0
 28020	 28035 : 0
 28032	 28139 : 0
 28136	 28175 : 1
 28172	 28179 : 0
 28176	 28371 : 0
 28368	 28443 : 0
 28440	 28455 : 0
 28452	 28471 : 0
 28468	 28579 : 0
 28576	 28619 : 0
 28616	 28623 : 1
 28620	 28663 : 0
 28660	 28667 : 0
 28664	 28719 : 0
 28716	 28763 : 0
 28760	 28803 : 0
 28800	 28811 : 1
 28808	 28979 : 0
 28976	 28983 : 1
 28980	 29063 : 0
 29060	 29075 : 1
 29072	 29167 : 0
 29164	 29179 : 0
 29176	 29199 : 0
 29196	 29203 : 1
 29200	 29263 : 0
 29260	 29347 : 0
 29344	 29371 : 0
 29368	 29407 : 0
 29404	 29415 : 0
 29412	 29427 : 0
 29424	 29539 : 0
 29536	 29543 : 1
 29540	 29595 : 0
 29592	 29599 : 0
 29596	 29751 : 0
 29748	 29755 : 0
 29752	 29763 : 0
 29760	 29771 : 1
 29768	 29971 : 0
 29968	 30051 : 1
 30048	 30111 : 0
 30108	 30119 : 0
 30116	 30159 : 0
 30156	 30163 : 0
 30160	 30219 : 0
 30216	 30227 : 1
 30224	 30299 : 0
 30296	 30339 : 0
 30336	 30351 : 0
 30348	 30359 : 0
 30356	 30363 : 0
 30360	 30371 : 1
 30368	 30379 : 0
 30376	 30383 : 0
 30380	 30387 : 0
 30384	 30403 : 0
 30400	 30487 : 0
 30484	 30495 : 0
 30492	 30499 : 0
 30496	 30515 : 0
 30512	 30527 : 0
 30524	 30535 : 0
 30532	 30543 : 0
 30540	 30547 : 0
 30544	 30555 : 0
 30552	 30559 : 0
 30556	 30563 : 0
 30560	 30631 : 0
 30628	 30655 : 0
 30652	 30671 : 0
 30668	 30683 : 0
 30680	 30767 : 0
 30764	 30799 : 0
 30796	 30823 : 1
 30820	 30887 : 0
 30884	 30891 : 0
 30888	 30895 : 0
 30892	 30907 : 0
 30904	 30915 : 0
 30912	 30919 : 0
 30916	 30927 : 0
 30924	 30931 : 0
 30928	 30939 : 0
 30936	 30947 : 0
 30944	 30955 : 0
 30952	 30971 : 0
 30968	 30975 : 0
 30972	 30983 : 0
 30980	 31007 : 0
 31004	 31011 : 0
 31008	 31051 : 0
 31048	 31063 : 0
 31060	 31067 : 0
 31064	 31071 : 0
 31068	 31087 : 0
 31084	 31107 : 0
 31104	 31111 : 0
 31108	 31115 : 0
 31112	 31127 : 0
 31124	 31135 : 0
 31132	 31143 : 0
 31140	 31151 : 0
 31148	 31159 : 0
 31156	 31175 : 0
 31172	 31195 : 0
 31192	 31207 : 0
 31204	 31279 : 0
 31276	 31283 : 0
 31280	 31291 : 0
 31288	 31303 : 0
 31300	 31311 : 0
 31308	 31335 : 0
 31332	 31343 : 0
 31340	 31359 : 0
 31356	 31375 : 0
 31372	 31415 : 0
 31412	 31419 : 0
 31416	 31427 : 0
 31424	 31431 : 0
 31428	 31435 : 0
 31432	 31447 : 0
 31444	 32195 : 1
