     0	   147 : 0
   144	   151 : 0
   148	   163 : 0
   160	   191 : 0
   188	   199 : 0
   196	   279 : 0
   276	   295 : 0
   292	   331 : 0
   328	   351 : 0
   348	   363 : 0
   360	   383 : 0
   380	   395 : 0
   392	   399 : 0
   396	   403 : 0
   400	   459 : 0
   456	   487 : 0
   484	   515 : 0
   512	   559 : 0
   556	   659 : 0
   656	   667 : 0
   664	   747 : 0
   744	   779 : 0
   776	   787 : 0
   784	   799 : 0
   796	   991 : 0
   988	   995 : 0
   992	  1003 : 0
  1000	  1015 : 0
  1012	  1051 : 0
  1048	  1055 : 0
  1052	  1071 : 0
  1068	  1119 : 0
  1116	  1143 : 0
  1140	  1159 : 0
  1156	  1231 : 0
  1228	  1283 : 0
  1280	  1287 : 1
  1284	  1335 : 0
  1332	  1339 : 0
  1336	  1459 : 0
  1456	  1463 : 1
  1460	  1515 : 0
  1512	  1619 : 0
  1616	  1635 : 0
  1632	  1687 : 0
  1684	  1703 : 0
  1700	  1735 : 0
  1732	  1903 : 0
  1900	  1911 : 0
  1908	  1947 : 0
  1944	  1975 : 0
  1972	  1991 : 0
  1988	  2039 : 1
  2036	  2075 : 0
  2072	  2087 : 1
  2084	  2107 : 0
  2104	  2147 : 0
  2144	  2151 : 0
  2148	  2159 : 0
  2156	  2163 : 0
  2160	  2175 : 0
  2172	  2211 : 0
  2208	  2219 : 0
  2216	  2247 : 0
  2244	  2251 : 0
  2248	  2319 : 0
  2316	  2371 : 0
  2368	  2415 : 0
  2412	  2439 : 1
  2436	  2503 : 0
  2500	  2519 : 0
  2516	  2543 : 0
  2540	  2595 : 0
  2592	  2623 : 0
  2620	  2663 : 0
  2660	  2671 : 0
  2668	  2679 : 0
  2676	  2683 : 0
  2680	  2687 : 1
  2684	  2739 : 0
  2736	  2743 : 1
  2740	  2795 : 0
  2792	  2803 : 1
  2800	  2815 : 0
  2812	  2819 : 0
  2816	  2823 : 0
  2820	  2859 : 0
  2856	  2903 : 0
  2900	  2911 : 1
  2908	  2931 : 0
  2928	  2935 : 1
  2932	  3007 : 0
  3004	  3015 : 1
  3012	  3031 : 0
  3028	  3051 : 0
  3048	  3055 : 2
  3052	  3059 : 1
  3056	  3243 : 0
  3240	  3251 : 1
  3248	  3255 : 0
  3252	  3259 : 0
  3256	  3311 : 0
  3308	  3319 : 0
  3316	  3355 : 0
  3352	  3379 : 0
  3376	  3835 : 0
  3832	  3843 : 1
  3840	  3851 : 0
  3848	  3883 : 0
  3880	  3903 : 0
  3900	  3911 : 1
  3908	  3939 : 0
  3936	  3955 : 0
  3952	  4031 : 0
  4028	  4063 : 1
  4060	  4087 : 0
  4084	  4107 : 0
  4104	  4207 : 0
  4204	  4215 : 1
  4212	  4355 : 0
  4352	  4359 : 0
  4356	  4367 : 0
  4364	  4379 : 0
  4376	  4407 : 0
  4404	  4411 : 0
  4408	  4423 : 0
  4420	  4427 : 1
  4424	  4431 : 0
  4428	  4475 : 0
  4472	  4499 : 0
  4496	  4503 : 1
  4500	  4519 : 0
  4516	  4523 : 0
  4520	  4531 : 0
  4528	  4551 : 1
  4548	  4583 : 0
  4580	  4591 : 1
  4588	  4635 : 0
  4632	  4667 : 1
  4664	  4683 : 0
  4680	  4731 : 0
  4728	  4975 : 0
  4972	  4983 : 0
  4980	  5139 : 0
  5136	  5147 : 0
  5144	  5155 : 0
  5152	  5171 : 0
  5168	  5179 : 0
  5176	  5191 : 0
  5188	  5195 : 0
  5192	  5199 : 0
  5196	  5203 : 0
  5200	  5207 : 0
  5204	  5247 : 0
  5244	  5255 : 0
  5252	  5263 : 0
  5260	  5267 : 1
  5264	  5271 : 0
  5268	  5291 : 0
  5288	  5327 : 0
  5324	  5335 : 1
  5332	  5339 : 0
  5336	  5355 : 0
  5352	  5367 : 0
  5364	  5391 : 0
  5388	  5395 : 0
  5392	  5439 : 0
  5436	  5443 : 0
  5440	  5447 : 0
  5444	  5539 : 0
  5536	  5591 : 1
  5588	  5607 : 0
  5604	  5611 : 1
  5608	  5619 : 0
  5616	  5623 : 0
  5620	  5631 : 0
  5628	  5635 : 0
  5632	  5767 : 0
  5764	  5779 : 0
  5776	  5899 : 0
  5896	  5907 : 0
  5904	  5911 : 0
  5908	  5915 : 1
  5912	  5971 : 0
  5968	  5979 : 1
  5976	  5991 : 0
  5988	  5995 : 0
  5992	  6011 : 0
  6008	  6019 : 1
  6016	  6143 : 0
  6140	  6151 : 0
  6148	  6159 : 0
  6156	  6171 : 1
  6168	  6175 : 0
  6172	  6179 : 1
  6176	  6183 : 0
  6180	  6227 : 0
  6224	  6231 : 0
  6228	  6235 : 1
  6232	  6343 : 0
  6340	  6351 : 1
  6348	  6471 : 0
  6468	  6483 : 0
  6480	  6503 : 0
  6500	  6527 : 1
  6524	  6551 : 0
  6548	  6555 : 1
  6552	  6567 : 0
  6564	  6579 : 0
  6576	  6595 : 0
  6592	  6599 : 0
  6596	  6651 : 0
  6648	  6655 : 1
  6652	  6695 : 0
  6692	  6703 : 0
  6700	  6719 : 0
  6716	  6727 : 0
  6724	  6751 : 0
  6748	  6759 : 1
  6756	  6771 : 0
  6768	  6783 : 0
  6780	  6851 : 0
  6848	  6923 : 0
  6920	  6947 : 0
  6944	  6955 : 0
  6952	  7011 : 0
  7008	  7015 : 0
  7012	  7019 : 0
  7016	  7039 : 0
  7036	  7115 : 0
  7112	  7119 : 2
  7116	  7139 : 1
  7136	  7155 : 0
  7152	  7163 : 1
  7160	  7247 : 0
  7244	  7259 : 1
  7256	  7263 : 0
  7260	  7279 : 0
  7276	  7287 : 0
  7284	  7295 : 0
  7292	  7359 : 0
  7356	  7363 : 1
  7360	  7387 : 0
  7384	  7403 : 1
  7400	  7407 : 0
  7404	  7411 : 0
  7408	  7463 : 0
  7460	  7471 : 1
  7468	  7619 : 0
  7616	  7627 : 0
  7624	  7647 : 0
  7644	  7655 : 1
  7652	  7675 : 0
  7672	  7683 : 1
  7680	  7719 : 0
  7716	  7727 : 0
  7724	  7839 : 0
  7836	  7847 : 0
  7844	  7927 : 0
  7924	  7935 : 0
  7932	  7947 : 0
  7944	  7987 : 0
  7984	  8091 : 0
  8088	  8111 : 0
  8108	  8123 : 0
  8120	  8127 : 0
  8124	  8227 : 0
  8224	  8231 : 1
  8228	  8351 : 0
  8348	  8359 : 1
  8356	  8435 : 0
  8432	  8451 : 0
  8448	  8467 : 0
  8464	  8475 : 1
  8472	  8547 : 0
  8544	  8551 : 0
  8548	  8555 : 0
  8552	  8567 : 0
  8564	  8587 : 0
  8584	  8591 : 0
  8588	  8603 : 0
  8600	  8611 : 0
  8608	  8695 : 0
  8692	  8699 : 1
  8696	  8787 : 0
  8784	  8795 : 1
  8792	  8851 : 0
  8848	  8859 : 1
  8856	  8863 : 0
  8860	  8867 : 1
  8864	  8883 : 0
  8880	  8887 : 1
  8884	  8927 : 0
  8924	  8931 : 0
  8928	  9031 : 0
  9028	  9035 : 1
  9032	  9043 : 0
  9040	  9051 : 0
  9048	  9059 : 0
  9056	  9067 : 0
  9064	  9075 : 0
  9072	  9079 : 0
  9076	  9087 : 0
  9084	  9107 : 0
  9104	  9187 : 0
  9184	  9195 : 0
  9192	  9219 : 0
  9216	  9227 : 0
  9224	  9231 : 0
  9228	  9235 : 0
  9232	  9283 : 0
  9280	  9291 : 0
  9288	  9327 : 0
  9324	  9335 : 0
  9332	  9375 : 0
  9372	  9383 : 0
  9380	  9387 : 0
  9384	  9395 : 0
  9392	  9415 : 0
  9412	  9419 : 1
  9416	  9435 : 0
  9432	  9443 : 0
  9440	  9451 : 0
  9448	  9455 : 0
  9452	  9459 : 0
  9456	  9467 : 0
  9464	  9555 : 0
  9552	  9559 : 1
  9556	  9611 : 0
  9608	  9615 : 1
  9612	  9655 : 0
  9652	  9659 : 0
  9656	  9671 : 0
  9668	  9679 : 0
  9676	  9691 : 0
  9688	  9695 : 1
  9692	  9707 : 0
  9704	  9715 : 1
  9712	  9771 : 0
  9768	  9783 : 0
  9780	  9835 : 0
  9832	  9867 : 1
  9864	  9871 : 0
  9868	  9887 : 0
  9884	  9923 : 0
  9920	  9943 : 1
  9940	  9975 : 0
  9972	  9979 : 1
  9976	 10043 : 0
 10040	 10051 : 0
 10048	 10095 : 0
 10092	 10099 : 0
 10096	 10107 : 0
 10104	 10159 : 0
 10156	 10171 : 0
 10168	 10175 : 0
 10172	 10187 : 0
 10184	 10195 : 0
 10192	 10275 : 0
 10272	 10279 : 0
 10276	 10287 : 0
 10284	 10303 : 0
 10300	 10371 : 0
 10368	 10391 : 0
 10388	 10507 : 0
 10504	 10511 : 0
 10508	 10647 : 0
 10644	 10651 : 0
 10648	 10691 : 0
 10688	 10695 : 0
 10692	 10739 : 0
 10736	 10743 : 0
 10740	 10787 : 0
 10784	 10795 : 0
 10792	 12183 : 0
 12180	 12219 : 1
 12216	 12455 : 0
 12452	 12467 : 0
 12464	 12495 : 0
 12492	 12499 : 0
 12496	 12675 : 0
 12672	 12683 : 0
 12680	 12691 : 0
 12688	 12727 : 0
 12724	 12735 : 0
 12732	 12739 : 0
 12736	 12751 : 0
 12748	 12755 : 0
