     0	   523 : 0
   520	   535 : 0
   532	   647 : 0
   644	   679 : 0
   676	   699 : 0
   696	  1447 : 0
  1444	  1491 : 0
  1488	  1495 : 0
  1492	  1499 : 0
  1496	  1515 : 0
  1512	  1519 : 0
  1516	  1607 : 0
  1604	  1619 : 0
  1616	  1783 : 0
  1780	  1879 : 0
  1876	  1883 : 0
  1880	  1943 : 0
  1940	  1959 : 0
  1956	  1963 : 0
  1960	  1979 : 0
  1976	  2067 : 0
  2064	  2111 : 0
  2108	  2131 : 0
  2128	  3203 : 0
  3200	  3215 : 0
  3212	  3227 : 0
  3224	  3271 : 0
  3268	  3307 : 0
  3304	  3335 : 0
  3332	  3355 : 0
  3352	  3363 : 0
  3360	  3391 : 0
  3388	  3419 : 0
  3416	  3439 : 0
  3436	  3447 : 0
  3444	  3451 : 0
  3448	  3459 : 0
  3456	  3511 : 0
  3508	  3539 : 0
  3536	  3543 : 0
  3540	  3579 : 0
  3576	  3627 : 0
  3624	  3635 : 0
  3632	  4587 : 0
  4584	  4715 : 0
  4712	  4851 : 0
  4848	  4867 : 0
  4864	  5191 : 0
  5188	  5203 : 0
  5200	  5235 : 0
  5232	  5239 : 0
  5236	  5243 : 0
  5240	  5255 : 0
  5252	  5299 : 0
  5296	  5311 : 0
  5308	  5319 : 0
  5316	  5343 : 0
  5340	  5347 : 0
  5344	  5367 : 0
  5364	  5375 : 0
  5372	  5391 : 0
  5388	  5395 : 0
  5392	  5423 : 0
  5420	  5435 : 0
  5432	  5439 : 0
  5436	  5447 : 0
  5444	  5455 : 0
  5452	  5511 : 0
  5508	  5527 : 0
  5524	  5643 : 0
  5640	  5651 : 0
  5648	  6091 : 0
  6088	  6131 : 0
  6128	  6247 : 0
  6244	  6255 : 0
  6252	  6259 : 0
  6256	  6263 : 0
  6260	  6275 : 0
  6272	  6279 : 0
  6276	  6319 : 0
  6316	  6327 : 0
  6324	  6331 : 0
  6328	  6335 : 0
  6332	  6339 : 0
  6336	  6351 : 0
  6348	  6379 : 0
  6376	  6387 : 0
  6384	  6455 : 0
  6452	  6487 : 0
  6484	  6499 : 0
  6496	  6507 : 0
  6504	  6531 : 0
  6528	  6547 : 0
  6544	  6575 : 0
  6572	  6711 : 1
  6708	  6715 : 0
  6712	  6775 : 0
  6772	  6779 : 0
  6776	  6843 : 0
  6840	  6847 : 0
  6844	  6851 : 0
  6848	  6863 : 0
  6860	  6887 : 0
  6884	  7003 : 0
  7000	  7019 : 0
  7016	  7067 : 0
  7064	  7139 : 0
  7136	  7207 : 0
  7204	  7371 : 0
  7368	  7379 : 0
  7376	  7615 : 0
  7612	  7711 : 0
  7708	  7719 : 0
  7716	  7723 : 0
  7720	  7739 : 0
  7736	  7851 : 0
  7848	  8415 : 0
  8412	  8435 : 0
  8432	  8491 : 0
  8488	  8527 : 0
  8524	  8555 : 0
  8552	  8567 : 0
  8564	  8587 : 0
  8584	  8607 : 0
  8604	  8619 : 0
  8616	  8911 : 0
  8908	  8923 : 0
  8920	  9063 : 0
  9060	  9071 : 0
  9068	  9139 : 0
  9136	  9195 : 0
  9192	  9203 : 0
  9200	  9207 : 0
  9204	  9335 : 0
  9332	  9339 : 0
  9336	  9359 : 0
  9356	  9367 : 0
  9364	  9427 : 0
  9424	  9439 : 0
  9436	  9527 : 0
  9524	  9535 : 0
  9532	  9539 : 0
  9536	  9543 : 0
  9540	  9611 : 0
  9608	  9627 : 0
  9624	  9643 : 0
  9640	  9651 : 0
  9648	  9683 : 0
  9680	  9707 : 0
  9704	  9799 : 0
  9796	  9803 : 0
  9800	  9855 : 0
  9852	  9863 : 0
  9860	  9883 : 0
  9880	 10063 : 0
 10060	 10067 : 0
 10064	 10155 : 0
 10152	 10267 : 0
 10264	 10275 : 0
 10272	 10291 : 0
 10288	 10407 : 0
 10404	 10411 : 0
 10408	 10419 : 0
 10416	 10431 : 0
 10428	 10491 : 0
 10488	 10535 : 0
 10532	 10567 : 0
 10564	 10579 : 0
 10576	 10595 : 0
 10592	 10615 : 0
 10612	 10623 : 0
 10620	 10659 : 0
 10656	 10747 : 0
 10744	 10839 : 0
 10836	 10855 : 0
 10852	 10863 : 0
 10860	 10867 : 0
 10864	 10887 : 0
 10884	 10931 : 0
 10928	 10935 : 0
 10932	 10959 : 0
 10956	 10967 : 0
 10964	 10971 : 0
 10968	 11007 : 0
 11004	 11111 : 0
 11108	 11135 : 0
 11132	 11231 : 0
 11228	 11311 : 0
 11308	 11323 : 0
 11320	 11331 : 0
 11328	 11343 : 0
 11340	 11355 : 0
 11352	 11407 : 0
 11404	 11411 : 0
 11408	 11443 : 0
 11440	 11475 : 0
 11472	 11511 : 0
 11508	 11515 : 0
 11512	 11543 : 0
 11540	 11547 : 0
 11544	 11731 : 0
 11728	 11739 : 0
 11736	 11939 : 0
 11936	 11943 : 0
 11940	 12031 : 0
 12028	 12063 : 0
 12060	 12071 : 0
 12068	 12083 : 0
 12080	 12191 : 0
 12188	 12199 : 0
 12196	 12251 : 0
 12248	 12255 : 0
 12252	 12339 : 0
 12336	 12383 : 0
 12380	 12387 : 0
 12384	 12403 : 0
 12400	 12467 : 0
 12464	 12483 : 0
 12480	 12551 : 0
 12548	 12595 : 0
 12592	 12671 : 0
 12668	 12711 : 0
 12708	 12783 : 0
 12780	 12803 : 0
 12800	 12815 : 0
 12812	 12887 : 0
 12884	 13039 : 0
 13036	 13083 : 0
 13080	 13303 : 0
 13300	 13323 : 0
 13320	 13339 : 0
 13336	 13351 : 0
 13348	 13391 : 0
 13388	 13523 : 0
 13520	 13619 : 0
 13616	 13743 : 0
 13740	 13755 : 0
 13752	 14047 : 0
 14044	 14079 : 0
 14076	 14091 : 0
 14088	 14111 : 0
 14108	 14363 : 0
 14360	 14383 : 0
 14380	 14419 : 0
 14416	 14427 : 0
 14424	 14547 : 0
 14544	 14567 : 0
 14564	 14935 : 0
 14932	 14939 : 0
 14936	 14959 : 0
 14956	 14975 : 0
 14972	 15051 : 0
 15048	 15067 : 0
 15064	 15243 : 0
 15240	 15247 : 0
 15244	 15295 : 0
 15292	 15299 : 0
 15296	 15311 : 0
 15308	 15407 : 0
 15404	 15411 : 0
 15408	 15511 : 0
 15508	 15519 : 0
 15516	 15727 : 0
 15724	 15759 : 0
 15756	 15791 : 0
 15788	 15963 : 0
 15960	 16023 : 0
 16020	 16039 : 0
 16036	 16043 : 0
 16040	 16675 : 0
 16672	 16679 : 0
 16676	 18823 : 0
 18820	 18847 : 0
 18844	 19235 : 0
 19232	 19267 : 0
 19264	 19279 : 0
 19276	 19327 : 0
 19324	 19923 : 0
 19920	 19951 : 0
 19948	 19983 : 0
 19980	 20011 : 0
 20008	 21283 : 0
 21280	 21295 : 0
 21292	 21451 : 0
 21448	 21459 : 0
 21456	 21463 : 0
 21460	 21467 : 0
 21464	 21471 : 0
 21468	 21575 : 0
 21572	 21695 : 0
 21692	 21835 : 0
 21832	 22295 : 0
 22292	 22379 : 0
 22376	 22399 : 0
 22396	 22419 : 0
 22416	 22427 : 0
 22424	 22495 : 0
 22492	 22523 : 0
 22520	 22527 : 0
 22524	 23487 : 0
 23484	 23547 : 0
 23544	 23567 : 0
 23564	 23587 : 0
 23584	 23627 : 0
 23624	 23639 : 0
 23636	 24067 : 0
 24064	 24255 : 0
 24252	 24271 : 0
 24268	 24347 : 0
 24344	 24363 : 0
 24360	 24415 : 0
 24412	 24435 : 0
 24432	 24499 : 0
 24496	 24627 : 0
 24624	 24651 : 0
 24648	 24675 : 0
 24672	 24691 : 0
 24688	 24703 : 0
 24700	 24775 : 0
 24772	 24879 : 0
 24876	 25071 : 0
 25068	 25091 : 0
 25088	 25171 : 0
 25168	 25651 : 0
 25648	 25667 : 0
 25664	 25763 : 0
 25760	 25775 : 0
 25772	 25919 : 0
 25916	 25935 : 0
 25932	 25951 : 0
 25948	 25971 : 0
 25968	 25975 : 0
 25972	 26043 : 0
 26040	 26055 : 0
 26052	 26059 : 0
 26056	 26087 : 0
 26084	 26179 : 0
 26176	 26183 : 0
 26180	 26207 : 0
 26204	 26219 : 0
 26216	 26223 : 0
 26220	 26227 : 0
 26224	 26231 : 0
 26228	 26307 : 0
 26304	 26315 : 0
 26312	 26323 : 0
 26320	 26355 : 0
 26352	 26955 : 0
 26952	 26971 : 0
 26968	 27079 : 0
 27076	 27203 : 0
 27200	 27211 : 0
 27208	 27379 : 0
 27376	 27399 : 0
 27396	 27411 : 0
 27408	 27499 : 0
 27496	 27503 : 0
 27500	 27507 : 0
 27504	 27519 : 0
 27516	 27531 : 0
 27528	 27551 : 0
 27548	 27691 : 0
 27688	 27699 : 0
 27696	 27947 : 0
 27944	 27951 : 0
 27948	 28039 : 0
 28036	 28043 : 0
 28040	 28107 : 0
 28104	 28123 : 0
 28120	 28131 : 0
 28128	 28135 : 0
 28132	 28435 : 0
 28432	 28439 : 0
 28436	 28455 : 0
 28452	 28495 : 0
 28492	 28507 : 0
 28504	 28615 : 0
 28612	 28775 : 0
 28772	 28783 : 0
 28780	 28939 : 0
 28936	 28943 : 0
 28940	 28971 : 0
 28968	 28979 : 0
 28976	 29015 : 0
 29012	 29019 : 0
 29016	 29063 : 0
 29060	 29083 : 0
 29080	 29115 : 0
 29112	 29159 : 0
 29156	 29375 : 0
 29372	 29407 : 0
 29404	 29431 : 0
 29428	 29435 : 0
 29432	 29499 : 0
 29496	 29507 : 0
 29504	 29579 : 0
 29576	 29603 : 0
 29600	 29607 : 0
 29604	 29611 : 0
 29608	 29739 : 0
 29736	 29743 : 0
 29740	 29751 : 0
 29748	 29787 : 0
 29784	 29811 : 0
 29808	 29831 : 0
 29828	 29835 : 0
 29832	 29975 : 0
 29972	 29987 : 0
 29984	 29995 : 0
 29992	 30251 : 0
 30248	 30255 : 0
 30252	 30279 : 0
 30276	 30287 : 0
 30284	 30299 : 0
 30296	 30351 : 0
 30348	 30355 : 0
 30352	 30359 : 0
 30356	 30379 : 0
 30376	 30387 : 0
 30384	 30411 : 0
 30408	 30415 : 0
 30412	 30431 : 0
 30428	 30463 : 0
 30460	 30643 : 0
 30640	 30647 : 0
 30644	 30679 : 0
 30676	 30687 : 0
 30684	 31019 : 0
 31016	 31027 : 0
 31024	 31463 : 0
 31460	 31475 : 0
 31472	 31491 : 0
 31488	 31503 : 0
 31500	 31707 : 0
 31704	 31731 : 0
 31728	 31739 : 0
 31736	 31755 : 0
 31752	 31847 : 0
 31844	 31875 : 0
 31872	 31879 : 0
 31876	 31887 : 0
 31884	 31907 : 0
 31904	 31915 : 0
 31912	 31987 : 0
 31984	 32003 : 0
 32000	 32031 : 0
 32028	 32035 : 0
 32032	 32051 : 0
 32048	 32055 : 0
 32052	 32179 : 0
 32176	 32191 : 0
 32188	 32295 : 0
 32292	 32299 : 0
 32296	 32599 : 0
 32596	 32627 : 0
 32624	 32747 : 0
 32744	 32759 : 0
 32756	 32803 : 0
 32800	 32815 : 0
 32812	 32863 : 0
 32860	 32871 : 0
 32868	 33075 : 0
 33072	 33087 : 0
 33084	 33103 : 0
 33100	 33127 : 0
 33124	 33139 : 0
 33136	 33159 : 0
 33156	 33191 : 0
 33188	 33243 : 0
 33240	 33255 : 0
 33252	 33275 : 0
 33272	 33335 : 0
 33332	 33339 : 0
 33336	 33467 : 0
 33464	 33487 : 0
 33484	 33519 : 0
 33516	 33523 : 0
 33520	 33527 : 0
 33524	 33559 : 0
 33556	 33627 : 0
 33624	 33699 : 0
 33696	 34055 : 0
 34052	 34059 : 0
 34056	 34131 : 0
 34128	 34219 : 0
 34216	 34235 : 0
 34232	 34255 : 0
 34252	 34267 : 0
 34264	 34271 : 0
 34268	 34291 : 0
 34288	 34363 : 0
 34360	 34375 : 0
 34372	 34391 : 0
 34388	 34799 : 0
 34796	 34807 : 0
 34804	 34823 : 0
 34820	 34859 : 0
 34856	 35251 : 0
 35248	 35255 : 0
 35252	 35371 : 0
 35368	 35383 : 0
 35380	 35439 : 0
 35436	 35443 : 0
 35440	 35943 : 0
 35940	 35947 : 0
 35944	 35987 : 0
 35984	 36007 : 0
 36004	 36031 : 0
 36028	 36051 : 0
 36048	 36083 : 0
 36080	 36103 : 0
 36100	 36143 : 0
 36140	 36167 : 0
 36164	 36175 : 0
 36172	 36211 : 0
 36208	 36223 : 0
 36220	 36227 : 0
 36224	 36351 : 0
 36348	 36359 : 0
 36356	 36363 : 0
 36360	 36371 : 0
 36368	 36379 : 0
 36376	 36383 : 0
 36380	 36391 : 0
 36388	 36403 : 0
 36400	 36411 : 0
 36408	 36415 : 0
 36412	 36423 : 0
 36420	 36727 : 0
 36724	 36803 : 0
 36800	 36807 : 0
 36804	 36811 : 0
 36808	 36863 : 0
 36860	 36979 : 0
 36976	 36983 : 0
 36980	 36987 : 0
 36984	 37415 : 0
 37412	 37435 : 0
 37432	 37443 : 0
 37440	 37503 : 0
 37500	 37611 : 0
 37608	 37615 : 0
 37612	 37703 : 0
 37700	 37727 : 0
 37724	 37747 : 0
 37744	 37779 : 0
 37776	 37791 : 0
 37788	 37807 : 0
 37804	 37823 : 0
 37820	 37839 : 0
 37836	 37843 : 0
 37840	 37859 : 0
 37856	 37903 : 0
 37900	 37911 : 0
 37908	 38007 : 0
 38004	 38015 : 0
 38012	 38247 : 0
 38244	 38563 : 0
 38560	 38579 : 0
 38576	 38919 : 0
 38916	 38927 : 0
 38924	 38939 : 0
 38936	 39043 : 0
 39040	 39243 : 0
 39240	 41419 : 0
 41416	 41807 : 0
 41804	 41811 : 0
 41808	 41831 : 0
 41828	 41835 : 0
 41832	 41843 : 0
 41840	 41847 : 0
 41844	 42595 : 0
 42592	 42603 : 0
 42600	 42623 : 0
 42620	 42647 : 0
 42644	 42651 : 0
 42648	 42999 : 0
 42996	 43795 : 0
 43792	 43811 : 0
 43808	 43839 : 0
 43836	 43847 : 0
 43844	 43855 : 0
 43852	 43859 : 0
 43856	 43863 : 0
 43860	 43867 : 0
 43864	 43907 : 0
 43904	 43923 : 0
 43920	 43947 : 0
 43944	 43959 : 0
 43956	 44055 : 0
 44052	 44063 : 0
 44060	 44087 : 0
 44084	 44107 : 0
 44104	 44135 : 0
 44132	 44151 : 0
 44148	 44167 : 0
 44164	 44175 : 0
 44172	 44179 : 0
 44176	 44199 : 0
 44196	 44243 : 0
 44240	 44255 : 0
 44252	 44263 : 0
 44260	 44315 : 0
 44312	 44323 : 0
 44320	 44431 : 0
 44428	 45127 : 0
 45124	 45135 : 0
 45132	 45147 : 0
 45144	 45203 : 0
 45200	 45227 : 0
 45224	 45231 : 0
 45228	 45275 : 0
 45272	 45311 : 0
 45308	 45331 : 0
 45328	 45335 : 0
 45332	 45339 : 0
 45336	 45347 : 0
 45344	 45351 : 0
 45348	 45359 : 0
 45356	 45367 : 0
 45364	 45387 : 0
 45384	 45431 : 0
 45428	 45435 : 0
 45432	 45523 : 0
 45520	 45575 : 0
 45572	 45663 : 0
 45660	 45671 : 0
 45668	 45719 : 0
 45716	 45755 : 0
 45752	 45759 : 0
 45756	 45763 : 0
 45760	 45863 : 0
 45860	 46095 : 0
 46092	 46139 : 0
 46136	 46147 : 0
 46144	 46163 : 0
 46160	 46171 : 0
 46168	 46235 : 0
 46232	 46451 : 0
 46448	 46495 : 0
 46492	 46551 : 0
 46548	 46595 : 0
 46592	 46619 : 0
 46616	 46723 : 0
 46720	 46743 : 0
 46740	 46759 : 0
 46756	 46791 : 0
 46788	 46899 : 0
 46896	 46907 : 0
 46904	 46927 : 0
 46924	 46935 : 0
 46932	 46951 : 0
 46948	 46955 : 0
 46952	 47083 : 0
 47080	 47115 : 0
 47112	 47195 : 0
 47192	 47199 : 0
 47196	 47967 : 0
 47964	 47975 : 0
 47972	 47979 : 0
 47976	 47983 : 0
 47980	 48043 : 0
 48040	 48047 : 0
 48044	 48743 : 0
 48740	 49047 : 0
 49044	 49095 : 0
 49092	 49379 : 0
 49376	 49391 : 0
 49388	 49491 : 0
 49488	 49503 : 0
 49500	 49599 : 0
 49596	 49603 : 0
 49600	 49675 : 0
 49672	 49687 : 0
 49684	 49975 : 0
 49972	 49983 : 0
 49980	 50091 : 0
 50088	 50103 : 0
 50100	 50123 : 0
 50120	 50127 : 0
 50124	 50175 : 0
 50172	 50183 : 0
 50180	 50291 : 0
 50288	 50299 : 0
 50296	 50311 : 0
 50308	 50347 : 0
 50344	 50379 : 0
 50376	 50479 : 0
 50476	 50483 : 0
 50480	 50511 : 0
 50508	 50687 : 0
 50684	 50691 : 0
 50688	 50783 : 0
 50780	 50815 : 0
 50812	 50823 : 0
 50820	 50831 : 0
 50828	 50843 : 0
 50840	 50847 : 0
 50844	 50923 : 0
 50920	 51051 : 0
 51048	 51063 : 0
 51060	 51067 : 0
 51064	 51083 : 0
 51080	 51095 : 0
 51092	 51139 : 0
 51136	 51159 : 0
 51156	 51171 : 0
 51168	 51195 : 0
 51192	 51227 : 0
 51224	 51271 : 0
 51268	 51439 : 0
 51436	 51459 : 0
 51456	 51539 : 0
 51536	 51611 : 0
 51608	 51615 : 0
 51612	 52387 : 0
 52384	 52391 : 0
 52388	 52395 : 0
 52392	 52399 : 0
 52396	 52407 : 0
 52404	 52467 : 0
 52464	 52483 : 0
 52480	 52491 : 0
 52488	 52587 : 0
 52584	 52591 : 0
 52588	 52599 : 0
 52596	 52603 : 0
 52600	 52607 : 0
 52604	 52679 : 0
 52676	 52687 : 0
 52684	 52951 : 0
 52948	 52955 : 0
 52952	 52983 : 0
 52980	 53263 : 0
 53260	 53275 : 0
 53272	 53283 : 0
 53280	 53339 : 0
 53336	 53471 : 0
 53468	 53571 : 0
 53568	 53599 : 0
 53596	 53679 : 0
 53676	 53691 : 0
 53688	 53791 : 0
 53788	 53811 : 0
 53808	 53831 : 0
 53828	 53851 : 0
 53848	 53995 : 0
 53992	 54015 : 0
 54012	 54087 : 0
 54084	 54091 : 0
 54088	 54103 : 0
 54100	 54107 : 0
 54104	 54147 : 0
 54144	 54167 : 0
 54164	 54227 : 0
 54224	 54239 : 0
 54236	 54367 : 0
 54364	 54375 : 0
 54372	 54471 : 0
 54468	 54507 : 0
 54504	 54555 : 0
 54552	 54559 : 0
 54556	 54663 : 0
 54660	 54671 : 0
 54668	 54755 : 0
 54752	 54775 : 0
 54772	 54791 : 0
 54788	 54803 : 0
 54800	 54811 : 0
 54808	 54819 : 0
 54816	 54847 : 0
 54844	 54887 : 0
 54884	 54935 : 0
 54932	 54951 : 0
 54948	 54955 : 0
 54952	 54959 : 0
 54956	 54963 : 0
 54960	 55163 : 0
 55160	 55255 : 0
 55252	 55307 : 0
 55304	 55319 : 0
 55316	 55351 : 0
 55348	 55363 : 0
 55360	 55375 : 0
 55372	 55391 : 0
 55388	 55991 : 0
 55988	 56043 : 0
 56040	 56051 : 0
 56048	 56087 : 0
 56084	 56135 : 0
 56132	 56187 : 0
 56184	 56259 : 0
 56256	 56295 : 0
 56292	 56331 : 0
 56328	 56367 : 0
 56364	 56379 : 0
 56376	 56391 : 0
 56388	 56395 : 0
 56392	 56399 : 0
 56396	 56451 : 0
 56448	 56603 : 0
 56600	 57027 : 0
 57024	 57043 : 0
 57040	 57047 : 0
 57044	 57055 : 0
 57052	 57059 : 0
 57056	 57063 : 0
 57060	 57071 : 0
 57068	 57075 : 0
 57072	 57083 : 0
 57080	 57095 : 0
 57092	 57099 : 0
 57096	 57603 : 0
 57600	 57791 : 0
 57788	 57839 : 0
 57836	 57843 : 0
 57840	 57867 : 0
 57864	 57879 : 0
 57876	 57907 : 0
 57904	 58363 : 0
 58360	 58439 : 0
 58436	 58463 : 0
 58460	 58471 : 0
 58468	 58487 : 0
 58484	 58503 : 0
 58500	 58535 : 0
 58532	 58559 : 0
 58556	 58567 : 0
 58564	 58615 : 0
 58612	 58627 : 0
 58624	 58751 : 0
 58748	 58855 : 0
 58852	 58875 : 0
 58872	 58883 : 0
 58880	 58891 : 0
 58888	 59079 : 0
 59076	 59083 : 0
 59080	 59087 : 0
 59084	 59091 : 0
 59088	 59387 : 0
 59384	 59423 : 0
 59420	 59439 : 0
 59436	 59475 : 0
 59472	 59487 : 0
 59484	 59491 : 0
 59488	 59495 : 0
 59492	 59499 : 0
 59496	 59503 : 0
 59500	 59623 : 0
 59620	 59627 : 0
 59624	 59631 : 0
 59628	 59639 : 0
 59636	 59663 : 0
 59660	 59667 : 0
 59664	 59671 : 0
 59668	 60079 : 0
 60076	 60083 : 0
 60080	 60155 : 0
 60152	 60163 : 0
 60160	 60207 : 0
 60204	 60211 : 0
 60208	 60215 : 0
 60212	 60655 : 0
 60652	 60667 : 0
 60664	 60675 : 0
 60672	 60683 : 0
 60680	 60771 : 0
 60768	 60775 : 0
 60772	 61399 : 0
 61396	 61439 : 0
 61436	 61523 : 0
 61520	 61531 : 0
 61528	 61539 : 0
 61536	 61547 : 0
 61544	 61555 : 0
 61552	 61571 : 0
 61568	 61607 : 0
 61604	 61611 : 0
 61608	 61619 : 0
 61616	 61627 : 0
 61624	 62199 : 0
 62196	 62207 : 0
 62204	 62211 : 0
 62208	 62235 : 0
 62232	 62243 : 0
 62240	 62387 : 0
 62384	 62391 : 0
 62388	 62687 : 0
 62684	 62727 : 0
 62724	 62759 : 0
 62756	 62799 : 0
 62796	 62827 : 0
 62824	 63155 : 0
