     0	   767 : 0
   764	   783 : 1
   780	  1227 : 0
  1224	  1231 : 1
  1228	  1271 : 0
  1268	  1279 : 0
  1276	  1607 : 0
  1604	  1651 : 1
  1648	  1655 : 0
  1652	  1659 : 0
  1656	  1995 : 0
  1992	  2003 : 1
  2000	  2007 : 0
  2004	  2023 : 0
  2020	  2043 : 0
  2040	  2047 : 1
  2044	  2451 : 0
  2448	  2459 : 1
  2456	  2483 : 0
  2480	  2495 : 0
  2492	  2871 : 0
  2868	  2895 : 1
  2892	  2899 : 0
  2896	  2911 : 0
  2908	  2919 : 0
  2916	  2923 : 1
  2920	  3279 : 0
  3276	  3287 : 1
  3284	  3295 : 0
  3292	  3307 : 0
  3304	  3319 : 0
  3316	  3331 : 0
  3328	  3675 : 0
  3672	  3687 : 1
  3684	  3715 : 0
  3712	  3727 : 1
  3724	  3731 : 0
  3728	  4075 : 0
  4072	  4079 : 0
  4076	  4115 : 0
  4112	  4519 : 0
  4516	  4551 : 1
  4548	  4555 : 0
  4552	  4863 : 0
  4860	  4883 : 0
  4880	  4907 : 1
  4904	  5187 : 0
  5184	  5195 : 1
  5192	  5211 : 0
  5208	  5219 : 0
  5216	  5575 : 0
  5572	  5579 : 1
  5576	  5607 : 0
  5604	  5623 : 0
  5620	  5951 : 0
  5948	  5955 : 1
  5952	  5959 : 0
  5956	  5975 : 0
  5972	  5995 : 0
  5992	  5999 : 1
  5996	  6427 : 0
  6424	  6435 : 1
  6432	  6447 : 0
  6444	  6451 : 1
  6448	  6455 : 0
  6452	  6483 : 0
  6480	  6799 : 0
  6796	  6823 : 1
  6820	  6843 : 0
  6840	  7139 : 0
  7136	  7151 : 0
  7148	  7171 : 0
  7168	  7399 : 0
  7396	  7407 : 1
  7404	  7427 : 0
  7424	  7431 : 1
  7428	  7435 : 0
  7432	  7443 : 1
  7440	  7655 : 0
  7652	  7659 : 1
  7656	  7663 : 0
  7660	  7671 : 1
  7668	  7999 : 0
  7996	  8003 : 1
  8000	  8039 : 0
  8036	  8047 : 1
  8044	  8331 : 0
  8328	  8339 : 1
  8336	  8343 : 0
  8340	  8359 : 1
  8356	  8667 : 0
  8664	  8671 : 1
  8668	  8675 : 0
  8672	  8679 : 0
  8676	  8703 : 0
  8700	  8723 : 0
  8720	  9019 : 0
  9016	  9059 : 1
  9056	  9311 : 0
  9308	  9323 : 1
  9320	  9327 : 0
  9324	  9331 : 0
  9328	  9567 : 0
  9564	  9571 : 1
  9568	  9591 : 0
  9588	  9595 : 0
  9592	  9607 : 0
  9604	  9619 : 1
  9616	  9623 : 0
  9620	  9883 : 0
  9880	  9923 : 0
  9920	 10215 : 1
 10212	 10595 : 0
 10592	 10603 : 1
 10600	 10643 : 0
 10640	 10915 : 1
 10912	 10951 : 0
 10948	 10963 : 1
 10960	 11263 : 0
 11260	 11295 : 1
 11292	 11307 : 0
 11304	 11643 : 0
 11640	 11651 : 0
 11648	 11655 : 0
 11652	 11659 : 0
 11656	 11683 : 0
 11680	 12111 : 0
 12108	 12115 : 1
 12112	 12119 : 0
 12116	 12155 : 1
 12152	 12583 : 0
 12580	 12591 : 1
 12588	 12603 : 0
 12600	 12611 : 0
 12608	 12615 : 0
 12612	 12631 : 0
 12628	 13143 : 0
 13140	 13147 : 1
 13144	 13155 : 0
 13152	 13159 : 0
 13156	 13179 : 0
 13176	 13183 : 0
 13180	 13191 : 0
 13188	 13195 : 0
 13192	 13819 : 0
 13816	 13823 : 1
 13820	 13831 : 0
 13828	 13843 : 0
 13840	 13855 : 0
 13852	 13875 : 0
 13872	 13907 : 0
 13904	 13915 : 0
 13912	 13919 : 0
 13916	 13935 : 0
 13932	 13971 : 0
 13968	 14003 : 0
 14000	 14035 : 0
 14032	 14055 : 0
 14052	 14095 : 0
 14092	 14127 : 0
 14124	 14155 : 0
 14152	 14191 : 0
 14188	 14219 : 0
 14216	 14251 : 0
 14248	 14283 : 0
 14280	 14311 : 0
 14308	 14343 : 0
 14340	 14371 : 0
 14368	 14415 : 0
 14412	 14439 : 0
 14436	 14475 : 0
 14472	 14495 : 0
 14492	 14539 : 0
 14536	 14567 : 0
 14564	 14591 : 0
 14588	 14651 : 0
