     0	    47 : 1
    44	    55 : 0
    52	    59 : 0
    56	    83 : 0
    80	    99 : 0
    96	   107 : 0
   104	   111 : 0
   108	   135 : 0
   132	   143 : 0
   140	   159 : 0
   156	   179 : 0
   176	   195 : 0
   192	   207 : 0
   204	   211 : 0
   208	   219 : 0
   216	   227 : 0
   224	   231 : 0
   228	   235 : 0
   232	   243 : 0
   240	   271 : 0
   268	   283 : 0
   280	   287 : 0
   284	   379 : 0
   376	   387 : 0
   384	   391 : 0
   388	   415 : 0
   412	   423 : 0
   420	   427 : 0
   424	   495 : 1
   492	   499 : 0
   496	   515 : 0
   512	   523 : 0
   520	   555 : 0
   552	   559 : 0
   556	   563 : 1
   560	   595 : 0
   592	   615 : 0
   612	   631 : 0
   628	   651 : 0
   648	   667 : 0
   664	   687 : 0
   684	   695 : 0
   692	   727 : 0
   724	   787 : 0
   784	   927 : 0
   924	   939 : 0
   936	   959 : 1
   956	  1011 : 0
  1008	  1015 : 0
  1012	  1087 : 0
  1084	  1091 : 0
  1088	  1115 : 0
  1112	  1123 : 0
  1120	  1163 : 0
  1160	  1171 : 0
  1168	  1207 : 0
  1204	  1219 : 0
  1216	  1231 : 0
  1228	  1271 : 0
  1268	  1275 : 0
  1272	  1291 : 0
  1288	  1307 : 0
  1304	  1323 : 0
  1320	  1331 : 0
  1328	  1351 : 1
  1348	  1403 : 0
  1400	  1451 : 0
  1448	  1459 : 0
  1456	  1471 : 0
  1468	  1503 : 0
  1500	  1571 : 0
  1568	  1711 : 0
  1708	  1747 : 1
  1744	  1759 : 0
  1756	  1763 : 0
  1760	  1767 : 0
  1764	  1799 : 0
  1796	  1811 : 0
  1808	  1815 : 0
  1812	  1823 : 0
  1820	  1839 : 0
  1836	  1967 : 0
  1964	  1971 : 1
  1968	  1975 : 2
  1972	  1979 : 0
  1976	  1995 : 0
  1992	  2011 : 0
  2008	  2015 : 0
  2012	  2023 : 1
  2020	  2095 : 0
  2092	  2099 : 1
  2096	  2127 : 0
  2124	  2147 : 0
  2144	  2223 : 0
  2220	  2231 : 0
  2228	  2291 : 0
  2288	  2311 : 0
  2308	  2327 : 0
  2324	  2335 : 0
  2332	  2343 : 0
  2340	  2363 : 0
  2360	  2371 : 0
  2368	  2375 : 0
  2372	  2479 : 0
  2476	  2483 : 1
  2480	  2487 : 0
  2484	  2531 : 0
  2528	  2535 : 0
  2532	  2563 : 0
  2560	  2571 : 0
  2568	  2575 : 0
  2572	  2655 : 0
  2652	  2663 : 0
  2660	  2667 : 0
  2664	  2675 : 0
  2672	  2695 : 0
  2692	  2703 : 0
  2700	  2723 : 0
  2720	  2755 : 1
  2752	  2763 : 0
  2760	  2831 : 0
  2828	  2839 : 0
  2836	  2875 : 0
  2872	  2915 : 0
  2912	  2919 : 1
  2916	  2943 : 0
  2940	  2987 : 1
  2984	  3019 : 0
  3016	  3031 : 1
  3028	  3035 : 0
  3032	  3063 : 0
  3060	  3067 : 0
  3064	  3071 : 0
  3068	  3079 : 0
  3076	  3083 : 0
  3080	  3087 : 0
  3084	  3095 : 1
  3092	  3127 : 0
  3124	  3131 : 1
  3128	  3135 : 0
  3132	  3163 : 0
  3160	  3195 : 0
  3192	  3199 : 1
  3196	  3255 : 0
  3252	  3275 : 0
  3272	  3435 : 0
  3432	  3439 : 1
  3436	  3443 : 0
  3440	  3451 : 0
  3448	  3463 : 0
  3460	  3487 : 0
  3484	  3499 : 0
  3496	  3511 : 0
  3508	  3567 : 0
  3564	  3571 : 0
  3568	  3579 : 0
  3576	  3583 : 0
  3580	  3591 : 0
  3588	  3599 : 1
  3596	  3631 : 0
  3628	  3639 : 0
  3636	  3671 : 0
  3668	  3683 : 0
  3680	  3687 : 0
  3684	  3691 : 0
  3688	  3715 : 0
  3712	  3795 : 0
  3792	  3799 : 0
  3796	  3823 : 0
  3820	  3859 : 0
  3856	  3863 : 0
  3860	  3923 : 0
  3920	  3927 : 1
  3924	  4019 : 0
  4016	  4079 : 0
  4076	  4083 : 0
  4080	  4103 : 1
  4100	  4143 : 0
  4140	  4147 : 1
  4144	  4211 : 0
  4208	  4215 : 1
  4212	  4263 : 0
  4260	  4275 : 0
  4272	  4383 : 0
  4380	  4511 : 0
  4508	  4535 : 0
  4532	  4539 : 0
  4536	  4563 : 0
  4560	  4575 : 0
  4572	  4643 : 0
  4640	  4647 : 0
  4644	  4687 : 0
  4684	  4711 : 0
  4708	  4815 : 0
  4812	  4995 : 1
  4992	  5015 : 0
  5012	  5027 : 0
  5024	  5043 : 0
  5040	  5075 : 0
  5072	  5175 : 0
  5172	  5195 : 0
  5192	  5231 : 0
  5228	  5267 : 1
  5264	  5315 : 0
  5312	  5339 : 0
  5336	  5351 : 0
  5348	  5379 : 0
  5376	  5395 : 0
  5392	  5399 : 1
  5396	  5419 : 0
  5416	  5511 : 0
  5508	  5587 : 0
  5584	  5595 : 1
  5592	  5619 : 0
  5616	  5639 : 0
  5636	  5671 : 0
  5668	  5675 : 0
  5672	  5699 : 0
  5696	  5743 : 0
  5740	  5767 : 0
  5764	  5799 : 1
  5796	  5831 : 0
  5828	  5835 : 0
  5832	  5903 : 0
  5900	  5911 : 0
  5908	  5931 : 0
  5928	  5963 : 1
  5960	  5971 : 0
  5968	  6015 : 1
  6012	  6031 : 0
  6028	  6035 : 0
  6032	  6055 : 0
  6052	  6099 : 0
  6096	  6103 : 0
  6100	  6123 : 0
  6120	  6135 : 0
  6132	  6139 : 0
  6136	  6151 : 0
  6148	  6163 : 0
  6160	  6203 : 0
  6200	  6207 : 1
  6204	  6311 : 0
  6308	  6315 : 1
  6312	  6319 : 0
  6316	  6323 : 0
  6320	  6331 : 0
  6328	  6355 : 0
  6352	  6367 : 0
  6364	  6379 : 0
  6376	  6391 : 0
  6388	  6467 : 0
  6464	  6479 : 0
  6476	  6487 : 1
  6484	  6539 : 0
  6536	  6567 : 1
  6564	  6611 : 0
  6608	  6623 : 0
  6620	  6647 : 0
  6644	  6651 : 0
  6648	  6711 : 0
  6708	  6715 : 0
  6712	  6803 : 0
  6800	  6811 : 0
  6808	  6819 : 0
  6816	  6831 : 0
  6828	  6863 : 0
  6860	  6875 : 0
  6872	  6911 : 0
  6908	  6927 : 0
  6924	  7051 : 0
  7048	  7055 : 0
  7052	  7239 : 0
  7236	  7243 : 0
  7240	  7383 : 0
  7380	  7415 : 0
  7412	  7487 : 0
  7484	  7503 : 0
  7500	  7543 : 0
  7540	  7583 : 0
  7580	  7595 : 0
  7592	  7627 : 0
  7624	  7631 : 0
  7628	  7703 : 1
  7700	  7707 : 0
  7704	  7731 : 0
  7728	  7735 : 0
  7732	  7743 : 1
  7740	  7747 : 0
  7744	  7783 : 0
  7780	  7839 : 0
  7836	  7863 : 0
  7860	  7875 : 0
  7872	  7891 : 0
  7888	  7959 : 0
  7956	  8059 : 1
  8056	  8215 : 0
  8212	  8227 : 0
  8224	  8231 : 0
  8228	  8323 : 0
  8320	  8383 : 0
  8380	  8395 : 0
  8392	  8459 : 0
  8456	  8463 : 0
  8460	  8503 : 0
  8500	  8507 : 0
  8504	  8579 : 0
  8576	  8591 : 0
  8588	  8691 : 0
  8688	  8739 : 0
  8736	  8803 : 0
  8800	  8811 : 0
  8808	  8819 : 0
  8816	  8831 : 0
  8828	  8875 : 0
  8872	  8879 : 0
  8876	  8919 : 0
  8916	  8923 : 0
  8920	  8927 : 0
  8924	  8931 : 0
  8928	  8991 : 0
  8988	  8999 : 0
  8996	  9007 : 0
  9004	  9019 : 0
  9016	  9051 : 0
  9048	  9063 : 0
  9060	  9067 : 0
  9064	  9087 : 0
  9084	  9091 : 0
  9088	  9103 : 0
  9100	  9191 : 0
  9188	  9211 : 1
  9208	  9223 : 0
  9220	  9235 : 0
  9232	  9251 : 0
  9248	  9263 : 0
  9260	  9275 : 0
  9272	  9299 : 1
  9296	  9371 : 0
  9368	  9375 : 0
  9372	  9439 : 0
  9436	  9447 : 0
  9444	  9463 : 0
  9460	  9471 : 0
  9468	  9475 : 0
  9472	  9479 : 0
  9476	  9515 : 0
  9512	  9519 : 0
  9516	  9559 : 0
  9556	  9567 : 0
  9564	  9583 : 0
  9580	  9619 : 0
  9616	  9623 : 0
  9620	  9703 : 0
  9700	  9823 : 0
  9820	  9863 : 1
  9860	  9867 : 0
  9864	  9883 : 0
  9880	  9891 : 0
  9888	  9903 : 0
  9900	  9907 : 0
  9904	  9927 : 0
  9924	  9931 : 0
  9928	 10083 : 0
 10080	 10087 : 0
 10084	 10111 : 0
 10108	 10143 : 0
 10140	 10155 : 0
 10152	 10191 : 0
 10188	 10195 : 0
 10192	 10223 : 0
 10220	 10943 : 1
 10940	 10947 : 0
 10944	 10951 : 1
 10948	 10975 : 0
 10972	 10979 : 0
 10976	 10983 : 0
 10980	 11035 : 0
 11032	 11039 : 0
 11036	 11051 : 0
 11048	 11055 : 0
 11052	 11091 : 0
 11088	 11095 : 0
 11092	 11131 : 0
 11128	 11135 : 0
 11132	 11147 : 0
 11144	 11179 : 0
 11176	 11187 : 1
 11184	 11191 : 0
 11188	 11199 : 0
 11196	 11207 : 0
 11204	 11211 : 0
 11208	 11219 : 0
 11216	 11259 : 0
 11256	 11295 : 0
 11292	 11311 : 0
 11308	 11375 : 0
 11372	 11383 : 1
 11380	 11391 : 0
 11388	 11411 : 0
 11408	 11435 : 0
 11432	 11495 : 0
 11492	 11499 : 0
 11496	 11503 : 1
 11500	 11515 : 0
 11512	 11519 : 0
 11516	 11523 : 0
 11520	 11535 : 0
 11532	 11539 : 0
 11536	 11547 : 0
 11544	 11563 : 0
 11560	 11567 : 1
 11564	 11571 : 0
 11568	 11599 : 0
 11596	 11647 : 0
 11644	 11659 : 0
 11656	 11663 : 0
 11660	 11667 : 0
 11664	 11691 : 0
 11688	 11699 : 0
 11696	 11707 : 0
 11704	 11719 : 0
 11716	 11747 : 0
 11744	 11755 : 0
 11752	 11779 : 0
 11776	 11791 : 0
 11788	 11859 : 0
 11856	 11863 : 1
 11860	 12055 : 0
 12052	 12087 : 1
 12084	 12111 : 0
 12108	 12115 : 0
 12112	 12275 : 0
 12272	 12399 : 0
 12396	 12407 : 0
 12404	 12415 : 0
 12412	 12419 : 0
 12416	 12507 : 0
 12504	 12531 : 0
 12528	 12551 : 0
 12548	 12555 : 0
 12552	 12571 : 0
 12568	 12595 : 0
 12592	 12599 : 0
 12596	 12603 : 0
 12600	 12615 : 0
 12612	 12619 : 0
 12616	 12639 : 0
 12636	 12651 : 0
 12648	 12655 : 0
 12652	 12667 : 0
 12664	 12671 : 0
 12668	 12691 : 0
 12688	 12695 : 0
 12692	 12727 : 0
 12724	 12779 : 0
 12776	 12807 : 0
 12804	 12811 : 0
 12808	 12847 : 0
 12844	 12863 : 0
 12860	 12871 : 0
 12868	 12959 : 0
 12956	 12963 : 0
 12960	 12983 : 0
 12980	 12991 : 0
 12988	 13051 : 0
 13048	 13143 : 0
 13140	 13147 : 0
 13144	 13151 : 0
 13148	 13159 : 0
 13156	 13183 : 0
 13180	 13187 : 0
 13184	 13215 : 0
 13212	 13263 : 0
 13260	 13339 : 0
 13336	 13363 : 0
 13360	 13371 : 0
 13368	 13375 : 1
 13372	 13387 : 0
 13384	 13395 : 0
 13392	 13431 : 0
 13428	 13443 : 0
 13440	 13475 : 0
 13472	 13535 : 0
 13532	 13559 : 0
 13556	 13571 : 0
 13568	 13575 : 0
 13572	 13579 : 0
 13576	 13587 : 0
 13584	 13591 : 0
 13588	 13595 : 0
 13592	 13603 : 0
 13600	 13623 : 0
 13620	 13627 : 0
 13624	 13663 : 0
 13660	 13707 : 0
 13704	 13715 : 0
 13712	 13719 : 0
 13716	 13727 : 0
 13724	 13735 : 0
 13732	 13739 : 0
 13736	 13747 : 0
 13744	 13751 : 0
 13748	 13767 : 0
 13764	 13823 : 0
 13820	 13871 : 0
 13868	 13875 : 0
 13872	 14435 : 1
 14432	 14443 : 0
 14440	 14455 : 1
 14452	 14483 : 0
 14480	 14495 : 0
 14492	 14511 : 0
 14508	 14515 : 0
 14512	 14555 : 0
 14552	 14587 : 0
 14584	 14595 : 0
 14592	 14599 : 0
 14596	 14623 : 0
 14620	 14635 : 0
 14632	 14643 : 0
 14640	 14651 : 0
 14648	 14659 : 0
 14656	 14671 : 0
 14668	 14679 : 0
 14676	 14683 : 0
 14680	 14695 : 0
 14692	 14699 : 0
 14696	 14751 : 0
 14748	 14755 : 0
 14752	 14771 : 0
 14768	 14783 : 0
 14780	 14831 : 0
 14828	 14859 : 0
 14856	 14879 : 0
 14876	 14939 : 0
