     0	   143 : 0
   140	   191 : 0
   188	   195 : 1
   192	   203 : 0
   200	   219 : 0
   216	   223 : 0
   220	   227 : 0
   224	   243 : 0
   240	   275 : 0
   272	   283 : 0
   280	   287 : 0
   284	   291 : 0
   288	   399 : 0
   396	   403 : 0
   400	   427 : 0
   424	   443 : 0
   440	   455 : 0
   452	   459 : 0
   456	   467 : 0
   464	   475 : 0
   472	   479 : 0
   476	   483 : 0
   480	   543 : 0
   540	   551 : 0
   548	   591 : 0
   588	   599 : 0
   596	   607 : 0
   604	   631 : 0
   628	   647 : 0
   644	   651 : 0
   648	   663 : 0
   660	   687 : 0
   684	   695 : 0
   692	   699 : 0
   696	   719 : 0
   716	   723 : 0
   720	   771 : 0
   768	   779 : 0
   776	   783 : 0
   780	   791 : 0
   788	   799 : 0
   796	   811 : 0
   808	   819 : 0
   816	   963 : 0
   960	  1003 : 0
  1000	  1015 : 0
  1012	  1023 : 1
  1020	  1031 : 0
  1028	  1039 : 1
  1036	  1079 : 0
  1076	  1091 : 0
  1088	  1111 : 0
  1108	  1115 : 1
  1112	  1247 : 0
  1244	  1279 : 0
  1276	  1291 : 0
  1288	  1295 : 0
  1292	  1311 : 0
  1308	  1315 : 0
  1312	  1323 : 0
  1320	  1351 : 0
  1348	  1359 : 0
  1356	  1431 : 1
  1428	  1443 : 0
  1440	  1451 : 0
  1448	  1459 : 0
  1456	  1463 : 0
  1460	  1467 : 0
  1464	  1483 : 0
  1480	  1511 : 0
  1508	  1519 : 0
  1516	  1527 : 0
  1524	  1535 : 0
  1532	  1539 : 0
  1536	  1551 : 0
  1548	  1559 : 0
  1556	  1587 : 0
  1584	  1599 : 0
  1596	  1603 : 0
  1600	  1611 : 0
  1608	  1707 : 0
  1704	  1743 : 0
  1740	  1751 : 1
  1748	  1755 : 0
  1752	  1759 : 0
  1756	  1787 : 0
  1784	  1791 : 0
  1788	  1807 : 0
  1804	  1835 : 0
  1832	  1855 : 0
  1852	  1887 : 0
  1884	  1891 : 0
  1888	  1931 : 0
  1928	  2063 : 0
  2060	  2083 : 0
  2080	  2103 : 0
  2100	  2131 : 1
  2128	  2139 : 0
  2136	  2191 : 0
  2188	  2215 : 0
  2212	  2255 : 0
  2252	  2259 : 0
  2256	  2427 : 0
  2424	  2435 : 0
  2432	  2447 : 0
  2444	  2451 : 0
  2448	  2467 : 1
  2464	  2471 : 0
  2468	  2475 : 0
  2472	  2479 : 0
  2476	  2567 : 0
  2564	  2575 : 0
  2572	  2603 : 0
  2600	  2611 : 0
  2608	  2615 : 0
  2612	  2635 : 0
  2632	  2655 : 0
  2652	  2671 : 0
  2668	  2703 : 0
  2700	  2735 : 0
  2732	  2739 : 0
  2736	  2767 : 0
  2764	  2783 : 0
  2780	  2787 : 0
  2784	  2875 : 0
  2872	  2879 : 0
  2876	  2919 : 0
  2916	  2931 : 0
  2928	  2987 : 0
  2984	  3067 : 0
  3064	  3119 : 1
  3116	  3127 : 0
  3124	  3131 : 0
  3128	  3135 : 0
  3132	  3143 : 0
  3140	  3175 : 0
  3172	  3219 : 0
  3216	  3291 : 0
  3288	  3295 : 0
  3292	  3335 : 0
  3332	  3347 : 0
  3344	  3355 : 0
  3352	  3363 : 0
  3360	  3371 : 0
  3368	  3375 : 0
  3372	  3383 : 0
  3380	  3387 : 0
  3384	  3427 : 0
  3424	  3431 : 1
  3428	  3455 : 0
  3452	  3519 : 0
  3516	  3531 : 0
  3528	  3539 : 1
  3536	  3547 : 0
  3544	  3563 : 0
  3560	  3575 : 0
  3572	  3627 : 0
  3624	  3631 : 0
  3628	  3655 : 0
  3652	  3663 : 0
  3660	  3679 : 1
  3676	  3699 : 0
  3696	  3711 : 0
  3708	  3723 : 0
  3720	  3735 : 0
  3732	  3739 : 0
  3736	  3815 : 0
  3812	  3819 : 0
  3816	  3823 : 0
  3820	  3839 : 0
  3836	  3867 : 0
  3864	  3883 : 0
  3880	  3911 : 0
  3908	  3927 : 0
  3924	  3935 : 0
  3932	  3939 : 0
  3936	  3979 : 0
  3976	  3999 : 0
  3996	  4007 : 0
  4004	  4023 : 0
  4020	  4039 : 0
  4036	  4055 : 0
  4052	  4083 : 1
  4080	  4115 : 0
  4112	  4135 : 0
  4132	  4155 : 0
  4152	  4159 : 0
  4156	  4163 : 0
  4160	  4247 : 1
  4244	  4263 : 0
  4260	  4295 : 0
  4292	  4315 : 0
  4312	  4367 : 0
  4364	  4371 : 0
  4368	  4403 : 0
  4400	  4431 : 0
  4428	  4435 : 0
  4432	  4439 : 0
  4436	  4451 : 0
  4448	  4455 : 0
  4452	  4463 : 0
  4460	  4503 : 0
  4500	  4507 : 0
  4504	  4515 : 0
  4512	  4527 : 0
  4524	  4535 : 0
  4532	  4583 : 0
  4580	  4599 : 0
  4596	  4615 : 0
  4612	  4619 : 0
  4616	  4663 : 0
  4660	  4667 : 0
  4664	  4683 : 0
  4680	  4687 : 0
  4684	  4719 : 0
  4716	  4731 : 0
  4728	  4735 : 0
  4732	  4747 : 0
  4744	  4751 : 0
  4748	  4779 : 0
  4776	  4783 : 0
  4780	  4799 : 0
  4796	  4803 : 1
  4800	  4807 : 2
  4804	  4811 : 0
  4808	  4831 : 0
  4828	  4839 : 0
  4836	  4907 : 0
  4904	  4915 : 0
  4912	  4923 : 0
  4920	  4975 : 0
  4972	  4979 : 0
  4976	  4991 : 0
  4988	  5011 : 0
  5008	  5019 : 0
  5016	  5039 : 0
  5036	  5055 : 0
  5052	  5079 : 0
  5076	  5095 : 0
  5092	  5099 : 0
  5096	  5103 : 0
  5100	  5159 : 0
  5156	  5199 : 0
  5196	  5203 : 0
  5200	  5247 : 0
  5244	  5255 : 0
  5252	  5259 : 0
  5256	  5283 : 0
  5280	  5291 : 0
  5288	  5323 : 0
  5320	  5339 : 0
  5336	  5371 : 0
  5368	  5379 : 0
  5376	  5395 : 1
  5392	  5399 : 0
  5396	  5403 : 0
  5400	  5463 : 0
  5460	  5475 : 0
  5472	  5487 : 0
  5484	  5491 : 0
  5488	  5511 : 0
  5508	  5575 : 0
  5572	  5579 : 0
  5576	  5635 : 0
  5632	  5639 : 0
  5636	  5731 : 0
  5728	  5747 : 0
  5744	  5775 : 0
  5772	  5923 : 0
  5920	  5943 : 0
  5940	  5955 : 0
  5952	  5963 : 0
  5960	  6039 : 0
  6036	  6087 : 0
  6084	  6111 : 0
  6108	  6123 : 0
  6120	  6131 : 0
  6128	  6143 : 0
  6140	  6147 : 0
  6144	  6155 : 0
  6152	  6175 : 0
  6172	  6183 : 0
  6180	  6191 : 0
  6188	  6195 : 0
  6192	  6223 : 0
  6220	  6231 : 0
  6228	  6247 : 0
  6244	  6267 : 1
  6264	  6311 : 0
  6308	  6319 : 0
  6316	  6339 : 0
  6336	  6343 : 0
  6340	  6347 : 0
  6344	  6363 : 0
  6360	  6371 : 0
  6368	  6375 : 0
  6372	  6391 : 0
  6388	  6431 : 0
  6428	  6443 : 0
  6440	  6447 : 0
  6444	  6451 : 0
  6448	  6611 : 0
  6608	  6631 : 0
  6628	  6639 : 0
  6636	  6727 : 0
  6724	  6735 : 0
  6732	  6767 : 0
  6764	  6775 : 0
  6772	  6779 : 0
  6776	  6783 : 0
  6780	  6791 : 0
  6788	  6799 : 0
  6796	  6839 : 0
  6836	  6843 : 0
  6840	  6851 : 0
  6848	  6863 : 1
  6860	  6951 : 0
  6948	  6955 : 0
  6952	  7207 : 0
  7204	  7211 : 1
  7208	  7299 : 0
  7296	  7331 : 0
  7328	  7339 : 0
  7336	  7399 : 0
  7396	  7427 : 0
  7424	  7443 : 0
  7440	  7467 : 0
  7464	  7471 : 0
  7468	  7475 : 0
  7472	  7487 : 0
  7484	  7491 : 0
  7488	  7495 : 0
  7492	  7499 : 0
  7496	  7507 : 1
  7504	  7531 : 0
  7528	  7535 : 0
  7532	  7551 : 0
  7548	  7555 : 0
  7552	  7575 : 0
  7572	  7579 : 0
  7576	  7619 : 0
  7616	  7623 : 0
  7620	  7655 : 0
  7652	  7659 : 0
  7656	  7723 : 0
  7720	  7763 : 0
  7760	  7783 : 0
  7780	  7835 : 0
  7832	  7843 : 0
  7840	  7847 : 0
  7844	  7855 : 0
  7852	  7895 : 0
  7892	  7899 : 0
  7896	  7907 : 0
  7904	  7915 : 0
  7912	  7931 : 0
  7928	  7935 : 0
  7932	  7943 : 0
  7940	  7951 : 0
  7948	  7971 : 0
  7968	  7999 : 0
  7996	  8007 : 0
  8004	  8019 : 0
  8016	  8063 : 0
  8060	  8071 : 0
  8068	  8075 : 0
  8072	  8091 : 0
  8088	  8119 : 0
  8116	  8143 : 0
  8140	  8171 : 0
  8168	  8179 : 0
  8176	  8183 : 0
  8180	  8195 : 0
  8192	  8199 : 0
  8196	  8203 : 0
  8200	  8251 : 0
  8248	  8283 : 0
  8280	  8291 : 0
  8288	  8299 : 0
  8296	  8307 : 0
  8304	  8311 : 0
  8308	  8411 : 1
  8408	  8435 : 0
  8432	  8443 : 0
  8440	  8447 : 0
  8444	  8451 : 1
  8448	  8455 : 0
  8452	  8463 : 0
  8460	  8471 : 0
  8468	  8491 : 0
  8488	  8571 : 0
  8568	  8591 : 1
  8588	  8595 : 0
  8592	  8599 : 0
  8596	  8667 : 0
  8664	  8687 : 0
  8684	  8695 : 0
  8692	  8723 : 0
  8720	  8759 : 0
  8756	  8783 : 0
  8780	  8787 : 0
  8784	  8811 : 0
  8808	  8863 : 0
  8860	  8887 : 0
  8884	  8895 : 0
  8892	  8899 : 0
  8896	  8951 : 0
  8948	  8959 : 0
  8956	  8987 : 0
  8984	  8995 : 0
  8992	  9031 : 0
  9028	  9039 : 0
  9036	  9067 : 0
  9064	  9071 : 0
  9068	  9083 : 0
  9080	  9111 : 0
  9108	  9187 : 0
  9184	  9195 : 0
  9192	  9303 : 0
  9300	  9331 : 0
  9328	  9355 : 0
  9352	  9363 : 0
  9360	  9371 : 0
  9368	  9411 : 0
  9408	  9415 : 0
  9412	  9427 : 0
  9424	  9451 : 0
  9448	  9475 : 0
  9472	  9479 : 0
  9476	  9487 : 1
  9484	  9551 : 0
  9548	  9619 : 0
  9616	  9623 : 0
  9620	  9627 : 0
  9624	  9631 : 0
  9628	  9671 : 0
  9668	  9675 : 0
  9672	  9699 : 0
  9696	  9727 : 0
  9724	  9751 : 0
  9748	  9755 : 0
  9752	  9763 : 0
  9760	  9771 : 0
  9768	  9775 : 0
  9772	  9799 : 0
  9796	  9803 : 1
  9800	  9807 : 0
  9804	  9823 : 0
  9820	  9831 : 0
  9828	  9871 : 0
  9868	  9879 : 0
  9876	  9899 : 1
  9896	  9907 : 0
  9904	  9955 : 0
  9952	  9975 : 0
  9972	  9987 : 0
  9984	  9991 : 0
  9988	 10043 : 0
 10040	 10047 : 0
 10044	 10051 : 0
 10048	 10067 : 0
 10064	 10107 : 0
 10104	 10115 : 0
 10112	 10127 : 0
 10124	 10135 : 0
 10132	 10151 : 0
 10148	 10179 : 0
 10176	 10291 : 0
 10288	 10295 : 0
 10292	 10319 : 1
 10316	 10355 : 0
 10352	 10371 : 0
 10368	 10375 : 0
 10372	 10383 : 0
 10380	 10615 : 0
 10612	 10619 : 1
 10616	 10679 : 0
 10676	 10687 : 0
 10684	 10711 : 0
 10708	 10747 : 0
 10744	 10787 : 0
 10784	 10799 : 0
 10796	 10811 : 0
 10808	 10823 : 0
 10820	 10827 : 0
 10824	 10867 : 0
 10864	 10871 : 0
 10868	 10887 : 1
 10884	 10903 : 0
 10900	 10911 : 0
 10908	 10915 : 0
 10912	 10919 : 0
 10916	 10923 : 0
 10920	 10935 : 0
 10932	 10943 : 0
 10940	 10951 : 1
 10948	 10959 : 0
 10956	 10963 : 0
 10960	 10967 : 0
 10964	 11015 : 0
 11012	 11023 : 0
 11020	 11027 : 0
 11024	 11071 : 0
 11068	 11095 : 0
 11092	 11103 : 0
 11100	 11107 : 1
 11104	 11199 : 0
 11196	 11203 : 0
 11200	 11231 : 0
 11228	 11335 : 1
 11332	 11347 : 0
 11344	 11379 : 0
 11376	 11395 : 0
 11392	 11491 : 0
 11488	 11495 : 0
 11492	 11535 : 0
