     0	   843 : 0
   840	   959 : 0
   956	  1191 : 0
  1188	  1207 : 0
  1204	  1211 : 0
  1208	  1219 : 0
  1216	  1239 : 0
  1236	  1243 : 0
  1240	  1247 : 0
  1244	  1279 : 0
  1276	  1363 : 0
  1360	  1367 : 0
  1364	  1375 : 0
  1372	  1395 : 0
  1392	  1399 : 0
  1396	  1407 : 0
  1404	  1435 : 0
  1432	  1439 : 0
  1436	  1443 : 0
  1440	  1447 : 0
  1444	  1467 : 0
  1464	  1479 : 0
  1476	  1511 : 0
  1508	  1519 : 0
  1516	  1543 : 0
  1540	  1547 : 0
  1544	  1559 : 0
  1556	  1631 : 0
  1628	  1639 : 0
  1636	  1647 : 0
  1644	  1659 : 1
  1656	  1667 : 0
  1664	  1691 : 0
  1688	  1695 : 0
  1692	  1787 : 0
  1784	  1791 : 0
  1788	  1819 : 0
  1816	  1835 : 0
  1832	  1847 : 0
  1844	  1863 : 0
  1860	  1867 : 1
  1864	  1963 : 0
  1960	  1971 : 1
  1968	  1983 : 0
  1980	  1995 : 0
  1992	  2003 : 0
  2000	  2011 : 0
  2008	  2015 : 0
  2012	  2019 : 0
  2016	  2031 : 0
  2028	  2067 : 0
  2064	  2071 : 0
  2068	  2103 : 0
  2100	  2107 : 0
  2104	  2139 : 0
  2136	  2143 : 0
  2140	  2147 : 0
  2144	  2167 : 0
  2164	  2179 : 1
  2176	  2183 : 0
  2180	  2191 : 0
  2188	  2199 : 0
  2196	  2207 : 0
  2204	  2211 : 0
  2208	  2223 : 1
  2220	  2231 : 0
  2228	  2239 : 0
  2236	  2251 : 0
  2248	  2279 : 0
  2276	  2291 : 0
  2288	  2323 : 0
  2320	  2343 : 0
  2340	  2355 : 0
  2352	  2359 : 0
  2356	  2367 : 0
  2364	  2375 : 0
  2372	  2383 : 1
  2380	  2411 : 0
  2408	  2455 : 0
  2452	  2495 : 0
  2492	  2503 : 1
  2500	  2515 : 0
  2512	  2543 : 0
  2540	  2551 : 0
  2548	  2603 : 1
  2600	  2607 : 0
  2604	  2623 : 0
  2620	  2631 : 0
  2628	  2639 : 0
  2636	  2675 : 0
  2672	  2683 : 1
  2680	  2695 : 0
  2692	  2739 : 0
  2736	  2743 : 0
  2740	  2779 : 0
  2776	  2811 : 0
  2808	  2827 : 0
  2824	  2835 : 0
  2832	  2847 : 0
  2844	  2855 : 0
  2852	  2859 : 0
  2856	  2867 : 0
  2864	  2871 : 0
  2868	  2899 : 0
  2896	  2947 : 0
  2944	  2967 : 0
  2964	  3023 : 0
  3020	  3043 : 0
  3040	  3047 : 0
  3044	  3055 : 0
  3052	  3059 : 1
  3056	  3063 : 0
  3060	  3091 : 0
  3088	  3127 : 0
  3124	  3139 : 0
  3136	  3151 : 0
  3148	  3183 : 0
  3180	  3187 : 0
  3184	  3199 : 1
  3196	  3211 : 0
  3208	  3219 : 0
  3216	  3235 : 0
  3232	  3239 : 0
  3236	  3251 : 0
  3248	  3263 : 0
  3260	  3271 : 0
  3268	  3275 : 0
  3272	  3299 : 0
  3296	  3327 : 0
  3324	  3331 : 0
  3328	  3375 : 0
  3372	  3395 : 0
  3392	  3399 : 0
  3396	  3403 : 0
  3400	  3463 : 0
  3460	  3467 : 0
  3464	  3503 : 1
  3500	  3515 : 0
  3512	  3591 : 1
  3588	  3679 : 0
  3676	  3727 : 0
  3724	  3747 : 0
  3744	  3819 : 0
  3816	  3831 : 0
  3828	  3871 : 0
  3868	  3927 : 0
  3924	  3987 : 0
  3984	  3999 : 0
  3996	  4003 : 0
  4000	  4011 : 0
  4008	  4015 : 0
  4012	  4035 : 0
  4032	  4047 : 1
  4044	  4051 : 0
  4048	  4063 : 0
  4060	  4067 : 0
  4064	  4075 : 0
  4072	  4099 : 0
  4096	  4119 : 0
  4116	  4123 : 0
  4120	  4131 : 1
  4128	  4171 : 0
  4168	  4207 : 1
  4204	  4215 : 0
  4212	  4219 : 0
  4216	  4223 : 0
  4220	  4231 : 1
  4228	  4259 : 0
  4256	  4267 : 1
  4264	  4291 : 0
  4288	  4327 : 0
  4324	  4331 : 0
  4328	  4335 : 0
  4332	  4347 : 0
  4344	  4355 : 0
  4352	  4359 : 0
  4356	  4379 : 0
  4376	  4387 : 0
  4384	  4395 : 1
  4392	  4415 : 0
  4412	  4419 : 1
  4416	  4443 : 0
  4440	  4523 : 1
  4520	  4539 : 0
  4536	  4587 : 1
  4584	  4599 : 0
  4596	  4615 : 1
  4612	  4623 : 0
  4620	  4715 : 0
  4712	  4751 : 0
  4748	  4755 : 1
  4752	  4763 : 0
  4760	  4791 : 0
  4788	  4839 : 0
  4836	  4883 : 0
  4880	  4895 : 0
  4892	  4963 : 0
  4960	  5011 : 0
  5008	  5015 : 0
  5012	  5067 : 0
  5064	  5071 : 0
  5068	  5075 : 0
  5072	  5083 : 0
  5080	  5115 : 0
  5112	  5127 : 0
  5124	  5131 : 0
  5128	  5135 : 1
  5132	  5151 : 0
  5148	  5155 : 1
  5152	  5159 : 0
  5156	  5195 : 0
  5192	  5247 : 0
  5244	  5251 : 0
  5248	  5307 : 0
  5304	  5415 : 0
  5412	  5439 : 0
  5436	  5515 : 0
  5512	  5627 : 0
  5624	  5635 : 1
  5632	  5687 : 0
  5684	  5691 : 1
  5688	  5751 : 0
  5748	  5755 : 0
  5752	  5947 : 0
  5944	  5951 : 0
  5948	  6035 : 0
  6032	  6059 : 0
  6056	  6175 : 0
  6172	  6183 : 1
  6180	  6187 : 0
  6184	  6191 : 0
  6188	  6259 : 0
  6256	  6267 : 0
  6264	  6287 : 0
  6284	  6319 : 0
  6316	  6359 : 0
  6356	  6371 : 0
  6368	  6379 : 0
  6376	  6383 : 0
  6380	  6387 : 0
  6384	  6391 : 0
  6388	  6399 : 0
  6396	  6403 : 0
  6400	  6407 : 0
  6404	  6415 : 0
  6412	  6419 : 0
  6416	  6423 : 0
  6420	  6435 : 0
  6432	  6455 : 0
  6452	  6459 : 0
  6456	  6471 : 0
  6468	  6479 : 0
  6476	  6487 : 0
  6484	  6519 : 0
  6516	  6527 : 0
  6524	  6539 : 0
  6536	  6543 : 0
  6540	  6579 : 0
  6576	  6583 : 0
  6580	  6599 : 0
  6596	  6627 : 0
  6624	  6699 : 0
  6696	  6723 : 0
  6720	  6759 : 0
  6756	  6775 : 0
  6772	  6783 : 0
  6780	  6815 : 0
  6812	  6831 : 0
  6828	  6835 : 0
  6832	  6887 : 0
  6884	  6891 : 0
  6888	  6899 : 0
  6896	  6903 : 0
  6900	  6907 : 0
  6904	  6911 : 0
  6908	  6943 : 0
  6940	  6947 : 0
  6944	  6967 : 0
  6964	  7007 : 0
  7004	  7015 : 0
  7012	  7039 : 0
  7036	  7067 : 0
  7064	  7079 : 0
  7076	  7083 : 0
  7080	  7099 : 0
  7096	  7103 : 0
  7100	  7111 : 0
  7108	  7115 : 0
  7112	  7127 : 0
  7124	  7135 : 0
  7132	  7171 : 0
  7168	  7175 : 0
  7172	  7183 : 0
  7180	  7191 : 0
  7188	  7211 : 0
  7208	  7223 : 0
  7220	  7235 : 0
  7232	  7239 : 0
  7236	  7275 : 0
  7272	  7279 : 0
  7276	  7311 : 0
  7308	  7315 : 0
  7312	  7323 : 0
  7320	  7335 : 0
  7332	  7359 : 0
  7356	  7363 : 0
  7360	  7367 : 0
  7364	  7375 : 0
  7372	  7379 : 0
  7376	  7387 : 0
  7384	  7435 : 0
  7432	  7451 : 0
  7448	  7455 : 0
  7452	  7467 : 0
  7464	  7475 : 0
  7472	  7483 : 0
  7480	  7491 : 0
  7488	  7507 : 0
  7504	  7559 : 0
  7556	  7579 : 0
  7576	  7595 : 0
  7592	  7607 : 0
  7604	  7639 : 0
  7636	  7643 : 0
  7640	  7655 : 0
  7652	  7659 : 0
  7656	  7675 : 0
  7672	  7687 : 0
  7684	  7691 : 0
  7688	  7711 : 0
  7708	  7719 : 0
  7716	  7827 : 0
  7824	  7855 : 0
  7852	  7859 : 0
  7856	  7863 : 0
  7860	  7895 : 0
  7892	  7899 : 0
  7896	  7915 : 0
  7912	  7919 : 0
  7916	  7927 : 0
  7924	  7931 : 0
  7928	  7939 : 0
  7936	  7947 : 0
  7944	  7955 : 0
  7952	  8011 : 0
  8008	  8023 : 0
  8020	  8043 : 0
  8040	  8075 : 0
  8072	  8103 : 0
  8100	  8111 : 0
  8108	  8139 : 0
  8136	  8147 : 0
  8144	  8151 : 0
  8148	  8155 : 0
  8152	  8171 : 0
  8168	  8175 : 0
  8172	  8179 : 0
  8176	  8199 : 0
  8196	  8207 : 0
  8204	  8227 : 0
  8224	  8235 : 0
  8232	  8279 : 0
  8276	  8283 : 0
  8280	  8395 : 0
  8392	  8427 : 0
  8424	  8459 : 0
  8456	  8559 : 0
  8556	  8603 : 0
  8600	  8635 : 0
  8632	  8659 : 0
  8656	  8687 : 0
  8684	  8703 : 0
  8700	  8727 : 0
  8724	  8731 : 0
  8728	  8743 : 0
  8740	  8755 : 0
  8752	  8787 : 0
  8784	  8791 : 0
  8788	  8831 : 0
  8828	  8847 : 0
  8844	  8855 : 0
  8852	  8863 : 0
  8860	  8879 : 0
  8876	  8947 : 0
  8944	  8951 : 0
  8948	  8967 : 0
  8964	  9047 : 0
  9044	  9055 : 0
  9052	  9059 : 0
  9056	  9107 : 0
  9104	  9135 : 0
  9132	  9139 : 0
  9136	  9147 : 0
  9144	  9251 : 0
  9248	  9255 : 0
  9252	  9267 : 0
  9264	  9283 : 0
  9280	  9287 : 0
  9284	  9295 : 0
  9292	  9299 : 0
  9296	  9307 : 0
  9304	  9315 : 0
  9312	  9319 : 0
  9316	  9323 : 0
  9320	  9359 : 0
  9356	  9379 : 0
  9376	  9387 : 1
  9384	  9395 : 0
  9392	  9399 : 0
  9396	  9403 : 0
  9400	  9423 : 0
  9420	  9431 : 0
  9428	  9439 : 0
  9436	  9531 : 0
  9528	  9631 : 0
  9628	  9643 : 0
  9640	  9647 : 0
  9644	  9659 : 0
  9656	  9667 : 0
  9664	  9691 : 0
  9688	  9787 : 1
  9784	  9795 : 0
  9792	  9815 : 0
  9812	  9831 : 0
  9828	  9855 : 0
  9852	  9871 : 0
  9868	  9883 : 0
  9880	  9895 : 0
  9892	  9907 : 0
  9904	  9935 : 0
  9932	  9939 : 0
  9936	  9951 : 0
  9948	  9967 : 1
  9964	  9971 : 0
  9968	  9987 : 0
  9984	  9995 : 0
  9992	  9999 : 0
  9996	 10003 : 0
 10000	 10019 : 0
 10016	 10023 : 0
 10020	 10027 : 0
 10024	 10031 : 0
 10028	 10047 : 0
 10044	 10055 : 0
 10052	 10059 : 0
 10056	 10063 : 0
 10060	 10079 : 0
 10076	 10091 : 0
 10088	 10103 : 0
 10100	 10147 : 0
 10144	 10155 : 0
 10152	 10179 : 0
 10176	 10187 : 1
 10184	 10211 : 0
 10208	 10231 : 1
 10228	 10235 : 0
 10232	 10239 : 0
 10236	 10247 : 0
 10244	 10251 : 0
 10248	 10271 : 0
 10268	 10275 : 0
 10272	 10311 : 0
 10308	 10435 : 1
 10432	 10567 : 0
 10564	 10575 : 1
 10572	 10591 : 0
 10588	 10679 : 0
 10676	 10791 : 0
 10788	 10811 : 1
 10808	 10827 : 0
 10824	 10835 : 1
 10832	 10839 : 0
 10836	 10843 : 0
 10840	 10879 : 0
 10876	 10895 : 0
 10892	 10971 : 0
 10968	 11195 : 0
 11192	 11335 : 0
 11332	 11339 : 0
 11336	 11371 : 0
 11368	 11375 : 0
 11372	 11403 : 0
 11400	 11407 : 0
 11404	 11455 : 0
 11452	 11467 : 0
 11464	 11495 : 0
 11492	 11499 : 0
 11496	 11507 : 0
 11504	 11511 : 0
 11508	 11523 : 0
 11520	 11543 : 0
 11540	 11547 : 0
 11544	 11567 : 0
 11564	 11575 : 0
 11572	 11615 : 0
 11612	 11619 : 0
 11616	 11663 : 0
 11660	 11679 : 0
 11676	 11723 : 0
 11720	 11739 : 0
 11736	 11839 : 0
 11836	 11991 : 0
 11988	 11999 : 0
 11996	 12003 : 0
 12000	 12015 : 0
 12012	 12043 : 0
 12040	 12047 : 0
 12044	 12051 : 0
 12048	 12067 : 1
 12064	 12071 : 0
 12068	 12095 : 0
 12092	 12099 : 0
 12096	 12107 : 1
 12104	 12115 : 0
 12112	 12119 : 0
 12116	 12131 : 0
 12128	 12159 : 0
 12156	 12219 : 0
 12216	 12223 : 1
 12220	 12239 : 0
 12236	 12247 : 0
 12244	 12283 : 0
 12280	 12295 : 0
 12292	 12307 : 0
 12304	 12311 : 0
 12308	 12331 : 0
 12328	 12335 : 0
 12332	 12343 : 0
 12340	 12367 : 0
 12364	 12395 : 0
 12392	 12399 : 1
 12396	 12483 : 0
 12480	 12487 : 1
 12484	 12531 : 0
 12528	 12535 : 1
 12532	 12567 : 0
 12564	 12607 : 1
 12604	 12615 : 0
 12612	 12627 : 0
 12624	 12639 : 0
 12636	 12651 : 0
 12648	 12671 : 0
 12668	 12683 : 0
 12680	 12795 : 0
 12792	 12807 : 1
 12804	 12879 : 0
 12876	 12887 : 1
 12884	 12923 : 0
 12920	 12931 : 0
 12928	 12947 : 0
 12944	 12955 : 1
 12952	 12959 : 0
 12956	 12979 : 0
 12976	 13015 : 0
 13012	 13031 : 0
 13028	 13127 : 0
 13124	 13139 : 0
 13136	 13339 : 0
 13336	 13347 : 1
 13344	 13351 : 0
 13348	 13387 : 0
 13384	 13391 : 0
 13388	 13467 : 0
 13464	 13471 : 0
 13468	 13475 : 0
 13472	 13479 : 0
 13476	 13495 : 0
 13492	 13499 : 0
 13496	 13543 : 0
 13540	 13547 : 0
 13544	 13555 : 0
 13552	 13563 : 0
 13560	 13595 : 0
 13592	 13607 : 0
 13604	 13679 : 0
 13676	 13687 : 0
 13684	 13691 : 0
 13688	 13711 : 0
 13708	 13715 : 1
 13712	 13719 : 2
 13716	 13723 : 0
 13720	 13731 : 0
 13728	 13771 : 0
 13768	 13779 : 1
 13776	 13799 : 0
 13796	 13819 : 1
 13816	 13823 : 0
 13820	 13831 : 0
 13828	 13839 : 0
 13836	 13847 : 0
 13844	 13863 : 0
 13860	 13919 : 1
 13916	 13939 : 0
 13936	 13955 : 1
 13952	 13959 : 0
 13956	 13971 : 0
 13968	 14003 : 0
 14000	 14015 : 0
 14012	 14031 : 0
 14028	 14035 : 0
 14032	 14039 : 0
 14036	 14079 : 0
 14076	 14103 : 0
 14100	 14119 : 0
 14116	 14151 : 0
 14148	 14239 : 1
 14236	 14251 : 0
 14248	 14267 : 0
 14264	 14287 : 0
 14284	 14291 : 0
 14288	 14299 : 0
 14296	 14307 : 0
 14304	 14311 : 0
 14308	 14319 : 0
 14316	 14323 : 0
 14320	 14331 : 0
 14328	 14351 : 0
 14348	 14359 : 0
 14356	 14431 : 0
 14428	 14439 : 1
 14436	 14475 : 0
 14472	 14531 : 0
 14528	 14535 : 0
 14532	 14555 : 0
 14552	 14559 : 0
 14556	 14567 : 1
 14564	 14571 : 0
 14568	 14579 : 0
 14576	 14583 : 0
 14580	 14599 : 0
 14596	 14623 : 0
 14620	 14631 : 1
 14628	 14675 : 0
 14672	 14691 : 1
 14688	 14727 : 0
 14724	 14735 : 1
 14732	 14755 : 0
 14752	 14783 : 1
 14780	 14787 : 0
 14784	 14799 : 0
 14796	 14815 : 0
 14812	 14835 : 0
 14832	 14863 : 0
 14860	 14867 : 1
 14864	 14915 : 0
 14912	 14919 : 1
 14916	 15011 : 0
 15008	 15015 : 1
 15012	 15051 : 0
 15048	 15055 : 1
 15052	 15083 : 0
 15080	 15087 : 0
 15084	 15111 : 0
 15108	 15119 : 1
 15116	 15147 : 0
 15144	 15151 : 0
 15148	 15155 : 0
 15152	 15163 : 0
 15160	 15187 : 0
 15184	 15195 : 1
 15192	 15231 : 0
 15228	 15235 : 0
 15232	 15255 : 0
 15252	 15259 : 0
 15256	 15275 : 0
 15272	 15283 : 1
 15280	 15467 : 0
 15464	 15475 : 1
 15472	 15491 : 0
 15488	 15519 : 0
 15516	 15527 : 0
 15524	 15551 : 0
 15548	 15563 : 0
 15560	 15579 : 0
 15576	 15591 : 0
 15588	 15595 : 1
 15592	 15727 : 0
 15724	 15735 : 1
 15732	 15775 : 0
 15772	 15783 : 1
 15780	 15799 : 0
 15796	 15811 : 1
 15808	 15827 : 0
 15824	 15831 : 0
 15828	 15879 : 0
 15876	 15899 : 0
 15896	 15903 : 0
 15900	 16031 : 0
 16028	 16075 : 0
 16072	 16079 : 0
 16076	 16091 : 0
 16088	 16103 : 0
 16100	 16159 : 0
 16156	 16171 : 1
 16168	 16175 : 0
 16172	 16199 : 0
 16196	 16211 : 0
 16208	 16219 : 1
 16216	 16267 : 0
 16264	 16279 : 0
 16276	 16287 : 0
 16284	 16295 : 1
 16292	 16299 : 0
 16296	 16307 : 0
 16304	 16315 : 0
 16312	 16319 : 0
 16316	 16323 : 0
 16320	 16327 : 0
 16324	 16331 : 0
 16328	 16367 : 0
 16364	 16375 : 0
 16372	 16379 : 0
 16376	 16383 : 0
 16380	 16399 : 1
 16396	 16407 : 0
 16404	 16423 : 0
 16420	 16427 : 0
 16424	 16463 : 0
 16460	 16491 : 0
 16488	 16507 : 0
 16504	 16511 : 0
 16508	 16551 : 1
 16548	 16559 : 0
 16556	 16603 : 0
 16600	 16607 : 0
 16604	 16647 : 0
 16644	 16651 : 0
 16648	 16659 : 1
 16656	 16699 : 0
 16696	 16703 : 0
 16700	 16731 : 0
 16728	 16767 : 0
 16764	 16771 : 0
 16768	 16839 : 0
 16836	 16863 : 0
 16860	 16867 : 0
 16864	 16875 : 0
 16872	 16895 : 0
 16892	 16907 : 0
 16904	 16919 : 0
 16916	 16923 : 0
 16920	 16935 : 0
 16932	 16943 : 0
 16940	 16959 : 0
 16956	 16967 : 0
 16964	 17003 : 0
 17000	 17027 : 0
 17024	 17039 : 0
 17036	 17043 : 0
 17040	 17083 : 0
 17080	 17087 : 0
 17084	 17091 : 0
 17088	 17103 : 0
 17100	 17119 : 0
 17116	 17127 : 0
 17124	 17167 : 0
 17164	 17179 : 0
 17176	 17191 : 0
 17188	 17195 : 0
 17192	 17215 : 0
 17212	 17219 : 0
 17216	 17223 : 0
 17220	 17227 : 0
 17224	 17239 : 0
 17236	 17247 : 0
 17244	 17287 : 0
 17284	 17295 : 0
 17292	 17331 : 0
 17328	 17379 : 0
 17376	 17443 : 0
 17440	 17451 : 0
 17448	 17479 : 0
 17476	 17487 : 0
 17484	 17495 : 0
 17492	 17499 : 0
 17496	 17503 : 0
 17500	 17515 : 0
 17512	 17535 : 0
 17532	 17551 : 0
 17548	 17559 : 0
 17556	 17575 : 0
 17572	 17595 : 0
 17592	 17599 : 0
 17596	 17603 : 0
 17600	 17607 : 0
 17604	 17611 : 0
 17608	 17623 : 0
 17620	 17659 : 1
 17656	 17679 : 0
 17676	 17687 : 0
 17684	 17691 : 0
 17688	 17711 : 0
 17708	 17719 : 0
 17716	 17743 : 0
 17740	 17747 : 0
 17744	 17759 : 0
 17756	 17807 : 0
 17804	 17839 : 0
 17836	 17859 : 0
 17856	 17875 : 0
 17872	 17879 : 0
 17876	 17899 : 0
 17896	 17915 : 0
 17912	 17951 : 0
 17948	 17967 : 0
 17964	 17983 : 1
 17980	 17999 : 0
 17996	 18011 : 0
 18008	 18015 : 0
 18012	 18023 : 0
 18020	 18027 : 0
 18024	 18043 : 0
 18040	 18047 : 0
 18044	 18051 : 1
 18048	 18055 : 0
 18052	 18063 : 0
 18060	 18071 : 0
 18068	 18211 : 0
 18208	 18267 : 0
 18264	 18367 : 0
 18364	 18375 : 0
 18372	 18383 : 1
 18380	 18399 : 0
 18396	 18403 : 0
 18400	 18407 : 0
 18404	 18411 : 1
 18408	 18415 : 0
 18412	 18463 : 0
 18460	 18467 : 0
 18464	 18539 : 0
 18536	 18543 : 0
 18540	 18563 : 0
 18560	 18579 : 0
 18576	 18603 : 0
 18600	 18611 : 0
 18608	 18615 : 0
 18612	 18647 : 0
 18644	 18659 : 0
 18656	 18791 : 0
 18788	 18799 : 0
 18796	 18831 : 0
 18828	 18835 : 0
 18832	 18883 : 0
 18880	 18887 : 0
 18884	 18903 : 0
 18900	 18911 : 1
 18908	 18971 : 0
 18968	 19003 : 1
 19000	 19015 : 0
 19012	 19035 : 0
 19032	 19043 : 0
 19040	 19047 : 0
 19044	 19099 : 0
 19096	 19103 : 0
 19100	 19127 : 0
 19124	 19155 : 1
 19152	 19159 : 0
 19156	 19163 : 0
 19160	 19171 : 0
 19168	 19215 : 0
 19212	 19219 : 0
 19216	 19279 : 0
 19276	 19303 : 0
 19300	 19311 : 1
 19308	 19323 : 0
 19320	 19403 : 0
 19400	 19543 : 0
 19540	 19547 : 1
 19544	 19627 : 0
 19624	 19639 : 0
 19636	 19643 : 0
 19640	 19675 : 0
 19672	 19751 : 0
 19748	 19775 : 0
 19772	 19807 : 0
 19804	 19815 : 0
 19812	 19899 : 0
 19896	 19903 : 1
 19900	 19927 : 0
 19924	 19999 : 0
 19996	 20087 : 0
 20084	 20247 : 0
 20244	 20315 : 0
 20312	 20319 : 0
 20316	 20335 : 0
 20332	 20375 : 0
 20372	 20379 : 0
 20376	 20383 : 0
 20380	 20443 : 0
 20440	 20459 : 0
 20456	 20467 : 0
 20464	 20479 : 0
 20476	 20511 : 0
 20508	 20515 : 0
 20512	 20519 : 0
 20516	 20523 : 0
 20520	 20531 : 0
 20528	 20535 : 0
 20532	 20599 : 0
 20596	 20623 : 0
 20620	 20627 : 0
 20624	 20647 : 0
 20644	 20651 : 0
 20648	 20659 : 0
 20656	 20663 : 0
 20660	 20667 : 0
 20664	 20671 : 0
 20668	 20703 : 0
 20700	 20707 : 0
 20704	 20723 : 0
 20720	 20739 : 0
 20736	 20775 : 0
 20772	 20779 : 0
 20776	 20831 : 0
 20828	 20839 : 0
 20836	 20851 : 0
 20848	 20871 : 0
 20868	 20879 : 0
 20876	 20883 : 0
 20880	 20887 : 0
 20884	 20891 : 0
 20888	 20903 : 0
 20900	 20923 : 0
 20920	 20927 : 0
 20924	 20951 : 0
 20948	 20955 : 0
 20952	 20975 : 0
 20972	 20991 : 0
 20988	 20995 : 0
 20992	 21003 : 0
 21000	 21019 : 0
 21016	 21023 : 0
 21020	 21079 : 0
 21076	 21087 : 0
 21084	 21099 : 0
 21096	 21111 : 0
 21108	 21171 : 0
 21168	 21175 : 0
 21172	 21183 : 0
 21180	 21187 : 0
 21184	 21191 : 0
 21188	 21195 : 0
 21192	 21207 : 0
 21204	 21243 : 0
 21240	 21259 : 0
 21256	 21263 : 0
 21260	 21267 : 0
 21264	 21287 : 0
 21284	 21295 : 0
 21292	 21303 : 0
 21300	 21307 : 0
 21304	 21327 : 0
 21324	 21335 : 0
 21332	 21347 : 0
 21344	 21351 : 0
 21348	 21355 : 0
 21352	 21363 : 0
 21360	 21387 : 0
 21384	 21391 : 0
 21388	 21395 : 0
 21392	 21419 : 0
 21416	 21423 : 0
 21420	 21447 : 0
 21444	 21459 : 0
 21456	 21463 : 0
 21460	 21467 : 0
 21464	 21479 : 0
 21476	 21495 : 0
 21492	 21499 : 0
 21496	 21535 : 0
 21532	 21539 : 0
 21536	 21543 : 0
 21540	 21555 : 0
 21552	 21671 : 0
