     0	    35 : 0
    32	    43 : 0
    40	    95 : 0
    92	    99 : 0
    96	   519 : 0
   516	   523 : 0
   520	   735 : 0
   732	   739 : 0
   736	   743 : 0
   740	   747 : 0
   744	   751 : 0
   748	   763 : 0
   760	   771 : 0
   768	   783 : 0
   780	  1551 : 0
  1548	  1571 : 0
  1568	  1603 : 0
  1600	  1611 : 0
  1608	  1627 : 0
  1624	  1639 : 0
  1636	  1651 : 0
  1648	  1675 : 0
  1672	  1755 : 0
  1752	  1759 : 0
  1756	  1803 : 0
  1800	  1843 : 0
  1840	  1855 : 0
  1852	  1867 : 0
  1864	  1979 : 0
  1976	  1987 : 0
  1984	  1995 : 0
  1992	  2011 : 0
  2008	  2019 : 0
  2016	  2023 : 0
  2020	  2027 : 0
  2024	  2031 : 0
  2028	  2035 : 0
  2032	  2055 : 0
  2052	  2111 : 0
  2108	  2131 : 0
  2128	  2135 : 0
  2132	  2147 : 0
  2144	  2155 : 0
  2152	  2695 : 0
  2692	  2739 : 0
  2736	  2835 : 0
  2832	  2871 : 0
  2868	  3183 : 0
  3180	  3191 : 0
  3188	  3203 : 0
  3200	  3227 : 0
  3224	  3243 : 0
  3240	  3255 : 0
  3252	  3259 : 0
  3256	  3275 : 0
  3272	  3279 : 0
  3276	  3283 : 0
  3280	  3367 : 0
  3364	  3371 : 0
  3368	  3375 : 0
  3372	  3379 : 0
  3376	  3399 : 0
  3396	  3419 : 0
  3416	  3423 : 0
  3420	  3427 : 0
  3424	  3447 : 0
  3444	  3455 : 0
  3452	  3487 : 0
  3484	  3491 : 0
  3488	  4235 : 0
  4232	  4255 : 0
  4252	  4331 : 0
  4328	  4383 : 0
  4380	  4387 : 0
  4384	  4395 : 0
  4392	  4423 : 0
  4420	  4431 : 0
  4428	  4447 : 0
  4444	  4475 : 0
  4472	  4731 : 0
  4728	  4735 : 0
  4732	  4739 : 0
  4736	  5087 : 0
  5084	  5095 : 0
  5092	  5099 : 0
  5096	  5131 : 0
  5128	  5159 : 0
  5156	  5167 : 0
  5164	  5335 : 0
  5332	  5439 : 0
  5436	  5455 : 0
  5452	  5739 : 0
  5736	  5755 : 0
  5752	  5983 : 0
  5980	  5987 : 0
  5984	  6047 : 0
  6044	  6059 : 0
  6056	  6183 : 0
  6180	  6287 : 0
  6284	  6291 : 0
  6288	  6299 : 0
  6296	  6331 : 0
  6328	  6335 : 0
  6332	  6339 : 0
  6336	  6343 : 0
  6340	  6351 : 0
  6348	  6535 : 0
  6532	  6571 : 0
  6568	  6595 : 0
  6592	  6599 : 0
  6596	  6839 : 0
  6836	  6859 : 0
  6856	  6867 : 0
  6864	  6931 : 0
  6928	  6935 : 0
  6932	  7003 : 0
  7000	  7007 : 0
  7004	  7059 : 0
  7056	  7071 : 0
  7068	  7103 : 0
  7100	  7107 : 0
  7104	  7139 : 0
  7136	  7147 : 0
  7144	  7151 : 0
  7148	  7171 : 0
  7168	  7203 : 0
  7200	  7303 : 0
  7300	  7339 : 0
  7336	  7467 : 0
  7464	  7475 : 0
  7472	  7607 : 0
  7604	  7627 : 0
  7624	  7651 : 0
  7648	  7655 : 0
  7652	  7755 : 0
  7752	  7871 : 0
  7868	  7883 : 0
  7880	  7931 : 0
  7928	  7959 : 0
  7956	  8035 : 0
  8032	  8039 : 0
  8036	  8047 : 0
  8044	  8051 : 0
  8048	  8055 : 0
  8052	  8079 : 0
  8076	  8331 : 0
  8328	  8343 : 0
  8340	  8383 : 0
  8380	  8387 : 0
  8384	  8395 : 0
  8392	  8399 : 0
  8396	  8403 : 0
  8400	  8427 : 0
  8424	  8431 : 0
  8428	  8455 : 0
  8452	  8463 : 0
  8460	  8491 : 0
  8488	  8567 : 0
  8564	  8655 : 0
  8652	  8659 : 0
  8656	  8727 : 0
  8724	  8731 : 0
  8728	  8847 : 0
  8844	  9027 : 0
  9024	  9035 : 0
  9032	  9067 : 0
  9064	  9075 : 0
  9072	  9095 : 0
  9092	  9099 : 0
  9096	  9235 : 0
  9232	  9255 : 0
  9252	  9259 : 0
  9256	  9263 : 0
  9260	  9287 : 0
  9284	  9307 : 0
  9304	  9311 : 0
  9308	  9323 : 0
  9320	  9339 : 0
  9336	  9347 : 0
  9344	  9395 : 0
  9392	  9411 : 0
  9408	  9415 : 0
  9412	  9463 : 0
  9460	  9479 : 0
  9476	 10007 : 0
 10004	 10011 : 0
 10008	 10019 : 0
 10016	 10087 : 0
 10084	 10115 : 0
 10112	 10123 : 0
 10120	 10147 : 0
 10144	 10183 : 0
 10180	 10191 : 0
 10188	 10295 : 0
 10292	 10307 : 0
 10304	 10327 : 0
 10324	 10343 : 0
 10340	 10463 : 0
 10460	 10479 : 0
 10476	 10483 : 0
 10480	 10487 : 0
 10484	 10491 : 0
 10488	 10499 : 0
 10496	 10503 : 0
 10500	 10551 : 0
 10548	 10567 : 0
 10564	 10667 : 0
 10664	 10699 : 0
 10696	 10739 : 0
 10736	 10747 : 0
 10744	 10763 : 0
 10760	 10775 : 0
 10772	 10799 : 0
 10796	 10811 : 0
 10808	 10843 : 0
 10840	 10891 : 0
 10888	 10991 : 0
 10988	 11071 : 0
 11068	 11079 : 0
 11076	 11107 : 0
 11104	 11123 : 0
 11120	 11139 : 0
 11136	 11147 : 0
 11144	 11163 : 0
 11160	 11171 : 0
 11168	 11183 : 0
 11180	 11187 : 0
 11184	 11215 : 0
 11212	 11219 : 0
 11216	 11251 : 0
 11248	 11387 : 0
 11384	 11391 : 0
 11388	 11447 : 0
 11444	 11479 : 0
 11476	 11519 : 0
 11516	 11531 : 0
 11528	 11539 : 0
 11536	 11543 : 0
 11540	 11547 : 0
 11544	 11559 : 0
 11556	 11691 : 0
 11688	 11723 : 0
 11720	 11731 : 0
 11728	 11739 : 0
 11736	 11811 : 0
 11808	 11851 : 0
 11848	 11859 : 0
 11856	 11871 : 0
 11868	 11879 : 0
 11876	 11915 : 0
 11912	 11923 : 0
 11920	 11927 : 0
 11924	 11975 : 0
 11972	 11983 : 0
 11980	 12015 : 0
 12012	 12023 : 0
 12020	 12035 : 0
 12032	 12039 : 0
 12036	 12043 : 0
 12040	 12047 : 0
 12044	 12051 : 0
 12048	 12055 : 0
 12052	 12079 : 0
 12076	 12087 : 0
 12084	 12107 : 0
 12104	 12111 : 0
 12108	 12115 : 0
 12112	 12123 : 0
 12120	 12127 : 0
 12124	 12143 : 0
 12140	 12147 : 0
 12144	 12211 : 0
 12208	 12887 : 0
 12884	 12891 : 0
 12888	 12915 : 0
 12912	 12919 : 0
 12916	 12923 : 0
 12920	 12939 : 0
 12936	 12983 : 0
 12980	 12995 : 0
 12992	 13003 : 0
 13000	 13011 : 0
 13008	 13015 : 0
 13012	 13019 : 0
 13016	 13027 : 0
 13024	 13051 : 0
 13048	 13055 : 0
 13052	 13063 : 0
 13060	 13067 : 0
 13064	 13087 : 0
 13084	 13091 : 0
 13088	 13099 : 0
 13096	 13207 : 0
 13204	 13227 : 0
 13224	 13243 : 0
 13240	 13251 : 0
 13248	 13275 : 0
 13272	 13327 : 0
 13324	 13347 : 0
 13344	 13383 : 0
 13380	 13519 : 0
 13516	 13523 : 0
 13520	 13787 : 0
 13784	 13807 : 0
 13804	 13867 : 0
 13864	 14543 : 0
 14540	 14547 : 0
 14544	 14559 : 0
 14556	 14567 : 0
 14564	 14615 : 0
 14612	 14627 : 0
 14624	 14651 : 0
 14648	 14655 : 0
 14652	 14663 : 0
 14660	 14703 : 0
 14700	 14739 : 0
 14736	 14771 : 0
 14768	 14887 : 0
 14884	 14959 : 0
 14956	 14967 : 0
 14964	 14971 : 0
 14968	 14975 : 0
 14972	 14979 : 0
 14976	 14983 : 0
 14980	 15031 : 0
 15028	 15039 : 0
 15036	 15199 : 0
 15196	 15235 : 0
 15232	 15403 : 0
 15400	 15407 : 0
 15404	 15415 : 0
 15412	 15419 : 0
 15416	 15431 : 0
 15428	 15435 : 0
 15432	 15447 : 0
 15444	 15495 : 0
 15492	 15751 : 0
 15748	 15779 : 0
 15776	 16043 : 0
 16040	 16047 : 0
 16044	 16163 : 0
 16160	 16167 : 0
 16164	 16171 : 0
 16168	 16199 : 0
 16196	 16231 : 0
 16228	 16351 : 0
 16348	 16359 : 0
 16356	 16379 : 0
 16376	 16383 : 0
 16380	 16387 : 0
 16384	 16411 : 0
 16408	 16415 : 0
 16412	 16423 : 0
 16420	 16427 : 0
 16424	 16451 : 0
 16448	 16459 : 0
 16456	 16479 : 0
 16476	 16487 : 0
 16484	 16491 : 0
 16488	 16495 : 0
 16492	 16591 : 0
 16588	 16707 : 0
 16704	 16743 : 0
 16740	 16751 : 0
 16748	 16839 : 0
 16836	 16847 : 0
 16844	 16875 : 0
 16872	 16887 : 0
 16884	 16919 : 0
 16916	 16943 : 0
 16940	 16947 : 0
 16944	 17283 : 0
 17280	 17303 : 0
 17300	 17507 : 0
 17504	 17523 : 0
 17520	 18195 : 0
 18192	 18755 : 0
 18752	 18759 : 0
 18756	 18803 : 0
 18800	 18811 : 0
 18808	 18815 : 0
 18812	 18827 : 0
 18824	 18851 : 0
 18848	 18863 : 0
 18860	 18887 : 0
 18884	 18899 : 0
 18896	 18903 : 0
 18900	 18907 : 0
 18904	 18911 : 0
 18908	 18923 : 0
 18920	 18931 : 0
 18928	 18943 : 0
 18940	 18955 : 0
 18952	 18967 : 0
 18964	 18971 : 0
 18968	 18983 : 0
 18980	 18999 : 0
 18996	 19007 : 0
 19004	 19019 : 0
 19016	 19027 : 0
 19024	 19035 : 0
 19032	 19051 : 0
 19048	 19055 : 0
 19052	 19131 : 0
 19128	 19135 : 0
 19132	 19183 : 0
 19180	 19203 : 0
 19200	 19211 : 0
 19208	 21723 : 0
 21720	 21863 : 0
 21860	 21911 : 0
 21908	 22011 : 0
 22008	 22055 : 0
 22052	 22415 : 0
 22412	 22419 : 0
 22416	 22767 : 0
 22764	 22827 : 0
 22824	 22847 : 0
 22844	 22851 : 0
 22848	 22859 : 0
 22856	 22867 : 0
 22864	 22875 : 0
 22872	 22887 : 0
 22884	 22899 : 0
 22896	 22907 : 0
 22904	 22911 : 0
 22908	 22919 : 0
 22916	 22931 : 0
 22928	 22951 : 0
 22948	 22955 : 0
 22952	 23039 : 0
 23036	 23043 : 0
 23040	 23055 : 0
 23052	 23059 : 0
 23056	 23063 : 0
 23060	 23071 : 0
 23068	 23075 : 0
 23072	 23083 : 0
 23080	 23099 : 0
 23096	 23147 : 0
 23144	 23155 : 0
 23152	 23163 : 0
 23160	 23171 : 0
 23168	 23175 : 0
 23172	 23179 : 0
 23176	 23183 : 0
 23180	 23191 : 0
 23188	 23203 : 0
 23200	 23211 : 0
 23208	 23219 : 0
 23216	 23231 : 0
 23228	 23239 : 0
 23236	 23247 : 0
 23244	 23251 : 0
 23248	 23255 : 0
 23252	 23263 : 0
 23260	 23271 : 0
 23268	 23275 : 0
 23272	 23279 : 0
 23276	 23287 : 0
 23284	 23295 : 0
 23292	 23327 : 0
 23324	 23359 : 0
 23356	 23379 : 0
 23376	 23671 : 0
 23668	 23683 : 0
 23680	 23687 : 0
 23684	 23691 : 0
 23688	 23695 : 0
 23692	 23699 : 0
 23696	 23731 : 0
 23728	 23739 : 0
 23736	 23767 : 0
 23764	 23771 : 0
 23768	 23795 : 0
 23792	 23799 : 0
 23796	 23803 : 0
 23800	 23819 : 0
 23816	 23883 : 0
 23880	 23911 : 0
 23908	 23919 : 0
 23916	 23931 : 0
 23928	 23935 : 0
 23932	 23943 : 0
 23940	 23959 : 0
 23956	 23987 : 0
 23984	 24027 : 0
 24024	 24047 : 0
 24044	 24067 : 0
 24064	 24071 : 0
 24068	 24099 : 0
 24096	 24115 : 0
 24112	 24131 : 0
 24128	 24135 : 0
 24132	 24159 : 0
 24156	 24167 : 0
 24164	 24219 : 0
 24216	 24227 : 0
 24224	 24231 : 0
 24228	 24235 : 0
 24232	 24239 : 0
 24236	 24251 : 0
 24248	 24259 : 0
 24256	 24287 : 0
 24284	 24291 : 0
 24288	 24295 : 0
 24292	 24311 : 0
 24308	 24327 : 0
 24324	 24343 : 0
 24340	 24355 : 0
 24352	 24419 : 0
 24416	 24431 : 0
 24428	 24435 : 0
 24432	 24459 : 0
 24456	 24467 : 0
 24464	 24471 : 0
 24468	 24491 : 0
 24488	 24527 : 0
 24524	 24531 : 0
 24528	 24631 : 0
 24628	 24691 : 0
 24688	 24695 : 0
 24692	 24727 : 0
 24724	 24799 : 0
 24796	 24811 : 0
 24808	 24831 : 0
 24828	 24895 : 0
 24892	 24919 : 0
 24916	 24947 : 0
 24944	 24963 : 0
 24960	 24971 : 0
 24968	 24991 : 0
 24988	 24999 : 0
 24996	 25003 : 0
 25000	 25015 : 0
 25012	 25063 : 0
 25060	 25147 : 0
 25144	 25151 : 0
 25148	 25155 : 0
 25152	 25199 : 0
 25196	 25211 : 0
 25208	 25215 : 0
 25212	 25223 : 0
 25220	 25239 : 0
 25236	 25267 : 0
 25264	 25467 : 0
 25464	 25507 : 0
 25504	 25515 : 0
 25512	 25527 : 0
 25524	 25559 : 0
 25556	 25567 : 0
 25564	 25679 : 0
 25676	 25703 : 0
 25700	 25719 : 0
 25716	 25755 : 0
 25752	 25763 : 0
 25760	 25975 : 0
 25972	 26007 : 0
 26004	 26015 : 0
 26012	 26019 : 0
 26016	 26027 : 0
 26024	 26035 : 0
 26032	 26043 : 0
 26040	 26051 : 0
 26048	 26055 : 0
 26052	 26059 : 0
 26056	 26071 : 0
 26068	 26083 : 0
 26080	 26091 : 0
 26088	 26099 : 0
 26096	 26103 : 0
 26100	 26123 : 0
 26120	 26143 : 0
 26140	 26187 : 0
 26184	 26507 : 0
 26504	 26515 : 0
 26512	 26591 : 0
 26588	 26595 : 0
 26592	 26603 : 0
 26600	 26867 : 0
 26864	 26879 : 0
 26876	 26883 : 0
 26880	 26891 : 0
 26888	 27027 : 0
 27024	 27035 : 0
 27032	 27059 : 0
 27056	 27063 : 0
 27060	 27139 : 0
 27136	 27147 : 0
 27144	 27223 : 0
 27220	 27231 : 0
 27228	 27235 : 0
 27232	 27247 : 0
 27244	 27267 : 0
 27264	 27303 : 0
 27300	 27307 : 0
 27304	 27315 : 0
 27312	 27335 : 0
 27332	 27339 : 0
 27336	 27343 : 0
 27340	 27351 : 0
 27348	 27371 : 0
 27368	 27383 : 0
 27380	 27399 : 0
 27396	 27427 : 0
 27424	 27431 : 0
 27428	 27439 : 0
 27436	 27447 : 0
 27444	 27511 : 0
 27508	 27515 : 0
 27512	 27567 : 0
 27564	 27583 : 0
 27580	 27627 : 0
 27624	 27635 : 0
 27632	 27875 : 0
 27872	 27879 : 0
 27876	 27883 : 0
 27880	 27939 : 0
 27936	 27943 : 0
 27940	 27959 : 0
 27956	 28047 : 0
 28044	 28075 : 0
 28072	 28355 : 0
 28352	 28371 : 0
 28368	 28395 : 0
 28392	 28407 : 0
 28404	 28619 : 0
 28616	 28635 : 0
 28632	 28691 : 0
 28688	 28703 : 0
 28700	 28715 : 0
 28712	 28723 : 0
 28720	 28735 : 0
 28732	 28743 : 0
 28740	 28767 : 0
 28764	 28779 : 0
 28776	 28783 : 0
 28780	 28787 : 0
 28784	 28927 : 0
 28924	 28931 : 0
 28928	 28959 : 0
 28956	 28963 : 0
 28960	 28987 : 0
 28984	 29003 : 0
 29000	 29019 : 0
 29016	 29027 : 0
 29024	 29047 : 0
 29044	 29051 : 0
 29048	 29103 : 0
 29100	 29115 : 0
 29112	 29191 : 0
 29188	 29235 : 0
 29232	 29303 : 0
 29300	 29307 : 0
 29304	 29519 : 0
 29516	 29547 : 0
 29544	 29555 : 0
 29552	 29571 : 0
 29568	 29595 : 0
 29592	 29607 : 0
 29604	 29647 : 0
 29644	 29655 : 0
 29652	 29735 : 0
 29732	 29739 : 0
 29736	 29791 : 0
 29788	 29799 : 0
 29796	 29819 : 0
 29816	 29823 : 0
 29820	 29827 : 0
 29824	 29831 : 0
 29828	 29835 : 0
 29832	 29851 : 0
 29848	 29855 : 0
 29852	 29859 : 0
 29856	 29927 : 0
 29924	 29963 : 0
 29960	 30043 : 0
 30040	 30235 : 0
 30232	 30239 : 0
 30236	 30251 : 0
 30248	 30259 : 0
 30256	 30275 : 0
 30272	 30323 : 0
 30320	 30343 : 0
 30340	 30807 : 0
 30804	 30823 : 0
 30820	 30919 : 0
 30916	 30923 : 0
 30920	 30931 : 0
 30928	 30951 : 1
 30948	 30963 : 0
 30960	 30991 : 0
 30988	 30995 : 0
 30992	 31023 : 0
 31020	 31031 : 0
 31028	 31035 : 0
 31032	 31039 : 0
 31036	 31067 : 0
 31064	 31139 : 0
 31136	 31147 : 0
 31144	 31183 : 0
 31180	 31235 : 0
 31232	 31243 : 0
 31240	 31247 : 0
 31244	 31251 : 0
 31248	 31271 : 0
 31268	 31367 : 0
 31364	 31379 : 0
 31376	 31423 : 0
 31420	 31431 : 0
 31428	 31435 : 0
 31432	 31443 : 0
 31440	 31447 : 0
 31444	 31459 : 0
 31456	 31463 : 0
 31460	 31475 : 0
 31472	 31523 : 0
 31520	 31527 : 0
 31524	 31535 : 0
 31532	 31547 : 0
 31544	 31743 : 0
 31740	 31747 : 1
 31744	 31835 : 0
 31832	 31839 : 0
 31836	 31847 : 0
 31844	 31855 : 0
 31852	 31867 : 0
 31864	 31891 : 0
 31888	 31911 : 0
 31908	 31975 : 0
 31972	 32015 : 0
 32012	 32059 : 0
 32056	 32063 : 0
 32060	 32075 : 0
 32072	 32099 : 0
 32096	 32211 : 0
 32208	 32215 : 0
 32212	 32231 : 0
 32228	 32267 : 0
 32264	 32359 : 0
 32356	 32363 : 0
 32360	 32367 : 0
 32364	 32387 : 0
 32384	 32391 : 0
 32388	 32395 : 0
 32392	 32423 : 0
 32420	 32843 : 0
 32840	 32847 : 0
 32844	 32915 : 0
 32912	 33011 : 0
 33008	 33019 : 0
 33016	 33075 : 0
 33072	 33079 : 0
 33076	 33083 : 0
 33080	 33095 : 0
 33092	 33135 : 0
 33132	 33147 : 0
 33144	 33159 : 0
 33156	 33167 : 0
 33164	 33303 : 0
 33300	 33307 : 0
 33304	 33339 : 0
 33336	 33375 : 0
 33372	 33387 : 0
 33384	 33399 : 0
 33396	 33403 : 0
 33400	 33451 : 0
 33448	 33487 : 0
 33484	 33503 : 0
 33500	 33515 : 0
 33512	 33519 : 0
 33516	 33691 : 0
 33688	 33695 : 0
 33692	 33727 : 0
 33724	 33731 : 0
 33728	 33735 : 0
 33732	 33787 : 0
 33784	 33895 : 0
 33892	 33903 : 0
 33900	 33923 : 0
 33920	 33935 : 0
 33932	 33967 : 0
 33964	 34039 : 0
 34036	 34063 : 0
 34060	 34075 : 0
 34072	 34087 : 0
 34084	 34115 : 0
 34112	 34123 : 0
 34120	 34143 : 0
 34140	 34147 : 0
 34144	 34167 : 0
 34164	 34203 : 0
 34200	 34231 : 0
 34228	 34259 : 0
 34256	 34279 : 0
 34276	 34295 : 0
 34292	 34323 : 0
 34320	 34327 : 0
 34324	 34335 : 0
 34332	 34359 : 0
 34356	 34371 : 0
 34368	 34387 : 0
 34384	 34391 : 0
 34388	 34407 : 0
 34404	 34431 : 0
 34428	 34439 : 0
 34436	 34451 : 0
 34448	 34455 : 0
 34452	 34479 : 0
 34476	 34491 : 0
 34488	 34507 : 0
 34504	 34511 : 0
 34508	 34635 : 0
 34632	 34667 : 0
 34664	 34679 : 0
 34676	 34687 : 0
 34684	 34731 : 0
 34728	 34755 : 0
 34752	 34759 : 0
 34756	 34763 : 0
 34760	 34775 : 0
 34772	 34791 : 0
 34788	 34843 : 0
 34840	 34855 : 0
 34852	 35127 : 0
 35124	 35139 : 0
 35136	 35183 : 0
 35180	 35195 : 0
 35192	 35203 : 0
 35200	 35219 : 0
 35216	 35227 : 0
 35224	 35235 : 0
 35232	 35411 : 0
 35408	 35415 : 0
 35412	 35435 : 0
 35432	 35439 : 0
 35436	 35479 : 0
 35476	 35495 : 0
 35492	 35559 : 0
 35556	 35563 : 0
 35560	 35571 : 0
 35568	 35579 : 0
 35576	 35611 : 0
 35608	 35619 : 0
 35616	 35647 : 0
 35644	 35651 : 0
 35648	 35655 : 0
 35652	 35667 : 0
 35664	 35679 : 0
 35676	 35683 : 0
 35680	 35695 : 0
 35692	 35699 : 0
 35696	 35723 : 0
 35720	 35727 : 0
 35724	 35731 : 0
 35728	 35783 : 0
 35780	 36027 : 0
 36024	 36135 : 0
 36132	 36207 : 0
 36204	 36455 : 1
 36452	 36471 : 0
 36468	 36479 : 0
 36476	 36587 : 0
 36584	 36591 : 0
 36588	 36667 : 0
 36664	 36671 : 0
 36668	 36703 : 0
 36700	 36719 : 0
 36716	 36735 : 0
 36732	 36743 : 0
 36740	 36747 : 0
 36744	 36751 : 0
 36748	 37031 : 0
 37028	 37035 : 0
 37032	 37191 : 0
 37188	 37203 : 0
 37200	 37231 : 0
 37228	 37239 : 0
 37236	 37271 : 0
 37268	 37307 : 0
 37304	 37315 : 0
 37312	 37359 : 0
 37356	 37363 : 0
 37360	 37371 : 0
 37368	 37391 : 0
 37388	 37435 : 0
 37432	 37439 : 0
 37436	 37447 : 0
 37444	 37455 : 0
 37452	 37515 : 0
 37512	 37539 : 0
 37536	 37547 : 0
 37544	 37551 : 0
 37548	 37555 : 0
 37552	 37563 : 0
 37560	 37571 : 0
 37568	 37603 : 0
 37600	 37607 : 0
 37604	 37631 : 0
 37628	 37647 : 0
 37644	 37747 : 0
 37744	 37791 : 0
 37788	 37795 : 0
 37792	 37827 : 0
 37824	 37835 : 0
 37832	 37879 : 0
 37876	 37895 : 0
 37892	 37899 : 0
 37896	 37919 : 0
 37916	 37923 : 0
 37920	 37927 : 0
 37924	 37931 : 0
 37928	 37939 : 0
 37936	 37971 : 0
 37968	 37987 : 0
 37984	 38011 : 0
 38008	 38027 : 0
 38024	 38103 : 0
 38100	 38115 : 0
 38112	 38119 : 0
 38116	 38139 : 0
 38136	 38143 : 0
 38140	 38151 : 0
 38148	 38159 : 0
 38156	 38223 : 0
 38220	 38251 : 0
 38248	 38267 : 0
 38264	 38279 : 0
 38276	 38387 : 0
 38384	 38395 : 0
 38392	 38479 : 0
 38476	 38487 : 0
 38484	 38571 : 0
 38568	 38575 : 0
 38572	 38579 : 0
 38576	 38687 : 0
 38684	 38839 : 0
 38836	 38843 : 0
 38840	 38875 : 0
 38872	 38883 : 0
 38880	 38911 : 0
 38908	 38915 : 0
 38912	 38967 : 0
 38964	 39011 : 0
 39008	 39015 : 0
 39012	 39035 : 0
 39032	 39051 : 0
 39048	 39071 : 0
 39068	 39079 : 0
 39076	 39091 : 0
 39088	 39211 : 0
 39208	 39299 : 0
 39296	 39303 : 0
 39300	 39335 : 0
 39332	 39343 : 0
 39340	 39347 : 0
 39344	 39367 : 0
 39364	 39371 : 0
 39368	 39375 : 0
 39372	 39379 : 0
 39376	 39391 : 0
 39388	 39403 : 0
 39400	 39447 : 0
 39444	 39499 : 0
 39496	 39551 : 0
 39548	 39571 : 0
 39568	 39631 : 0
 39628	 39675 : 0
 39672	 39683 : 0
 39680	 39735 : 0
 39732	 39751 : 0
 39748	 39755 : 0
 39752	 39759 : 0
 39756	 39775 : 0
 39772	 39779 : 0
 39776	 39827 : 0
 39824	 39831 : 0
 39828	 39863 : 0
 39860	 39983 : 0
 39980	 39991 : 0
 39988	 40219 : 0
 40216	 40235 : 0
 40232	 40239 : 0
 40236	 40259 : 0
 40256	 40263 : 0
 40260	 40327 : 0
 40324	 40351 : 0
 40348	 40395 : 0
 40392	 40399 : 0
 40396	 40403 : 0
 40400	 40439 : 0
 40436	 40447 : 0
 40444	 40539 : 0
 40536	 40579 : 0
 40576	 40591 : 0
 40588	 40795 : 0
 40792	 40807 : 0
 40804	 40859 : 0
 40856	 40863 : 0
 40860	 40887 : 0
 40884	 40895 : 0
 40892	 40903 : 0
 40900	 40975 : 0
 40972	 40995 : 0
 40992	 41015 : 0
 41012	 41143 : 0
 41140	 41147 : 0
 41144	 41291 : 0
 41288	 41391 : 0
 41388	 41395 : 0
 41392	 41403 : 0
 41400	 41419 : 0
 41416	 41439 : 0
 41436	 41447 : 0
 41444	 41531 : 0
 41528	 41547 : 0
 41544	 41559 : 0
 41556	 41671 : 0
 41668	 41675 : 0
 41672	 41939 : 1
 41936	 42019 : 0
 42016	 42031 : 0
 42028	 42055 : 0
 42052	 42063 : 0
 42060	 42075 : 0
 42072	 42083 : 0
 42080	 42087 : 0
 42084	 42095 : 0
 42092	 42115 : 0
 42112	 42119 : 0
 42116	 42139 : 0
 42136	 42151 : 0
 42148	 42155 : 0
 42152	 42175 : 0
 42172	 42183 : 0
 42180	 42191 : 0
 42188	 42195 : 0
 42192	 42219 : 0
 42216	 42223 : 0
 42220	 42275 : 0
 42272	 42283 : 0
 42280	 42303 : 0
 42300	 42311 : 0
 42308	 42323 : 0
 42320	 42363 : 0
 42360	 42411 : 1
 42408	 42419 : 0
 42416	 42471 : 0
 42468	 42475 : 0
 42472	 42479 : 0
 42476	 42487 : 0
 42484	 42491 : 0
 42488	 42499 : 0
 42496	 42515 : 0
 42512	 42627 : 0
 42624	 42643 : 0
 42640	 42663 : 0
 42660	 42723 : 0
 42720	 42967 : 0
 42964	 42971 : 0
 42968	 42975 : 0
 42972	 42983 : 0
 42980	 43363 : 0
 43360	 43403 : 0
 43400	 43467 : 0
 43464	 43479 : 0
 43476	 43499 : 0
 43496	 43515 : 0
 43512	 43523 : 0
 43520	 43535 : 0
 43532	 43539 : 0
 43536	 43579 : 0
 43576	 43583 : 0
 43580	 43611 : 0
 43608	 43643 : 0
 43640	 43663 : 0
 43660	 43823 : 0
 43820	 43835 : 0
 43832	 44243 : 0
 44240	 44447 : 0
 44444	 44451 : 0
 44448	 44455 : 0
 44452	 44459 : 0
 44456	 44467 : 0
 44464	 44471 : 0
 44468	 44487 : 0
 44484	 44491 : 0
 44488	 44515 : 0
 44512	 44527 : 0
 44524	 44555 : 0
 44552	 44559 : 0
 44556	 44575 : 1
 44572	 44579 : 0
 44576	 44591 : 0
 44588	 44635 : 0
 44632	 44643 : 0
 44640	 44651 : 0
 44648	 44655 : 0
 44652	 44679 : 0
 44676	 44935 : 0
 44932	 44943 : 0
 44940	 45299 : 0
 45296	 45303 : 0
 45300	 45315 : 0
 45312	 45335 : 0
 45332	 45427 : 0
 45424	 45479 : 0
 45476	 45483 : 0
 45480	 45503 : 0
 45500	 45579 : 0
 45576	 45583 : 0
 45580	 45619 : 0
 45616	 45635 : 0
 45632	 45691 : 0
 45688	 45711 : 0
 45708	 45715 : 0
 45712	 45719 : 0
 45716	 45755 : 0
 45752	 45799 : 0
 45796	 45839 : 0
 45836	 45867 : 0
 45864	 45891 : 0
 45888	 45895 : 0
 45892	 45955 : 0
 45952	 45971 : 0
 45968	 45975 : 0
 45972	 45979 : 0
 45976	 45987 : 0
 45984	 46015 : 0
 46012	 46031 : 0
 46028	 46047 : 0
 46044	 46051 : 0
 46048	 46059 : 0
 46056	 46095 : 0
 46092	 46119 : 0
 46116	 46123 : 0
 46120	 46131 : 0
 46128	 46135 : 0
 46132	 46155 : 0
 46152	 46175 : 0
 46172	 46495 : 0
 46492	 46507 : 0
 46504	 46531 : 0
 46528	 46539 : 0
 46536	 46551 : 0
 46548	 46555 : 0
 46552	 46867 : 0
 46864	 46875 : 0
 46872	 46879 : 0
 46876	 46903 : 0
 46900	 46939 : 0
 46936	 46959 : 0
 46956	 46963 : 0
 46960	 47035 : 0
 47032	 47047 : 0
 47044	 47075 : 0
 47072	 47087 : 0
 47084	 47091 : 0
 47088	 47095 : 0
 47092	 47099 : 0
 47096	 47119 : 0
 47116	 47143 : 0
 47140	 47155 : 0
 47152	 47159 : 0
 47156	 47207 : 0
 47204	 47215 : 0
 47212	 47219 : 0
 47216	 47307 : 0
 47304	 47311 : 0
 47308	 47335 : 0
 47332	 47343 : 0
 47340	 47459 : 0
 47456	 47463 : 0
 47460	 47471 : 0
 47468	 47507 : 0
 47504	 47515 : 0
 47512	 47519 : 0
 47516	 47527 : 0
 47524	 47531 : 0
 47528	 47535 : 0
 47532	 47555 : 0
 47552	 47563 : 0
 47560	 47587 : 0
 47584	 47591 : 0
 47588	 47595 : 0
 47592	 47639 : 0
 47636	 47683 : 0
 47680	 47687 : 0
 47684	 47695 : 0
 47692	 47699 : 0
 47696	 47707 : 0
 47704	 47711 : 0
 47708	 47727 : 0
 47724	 47763 : 0
 47760	 47767 : 0
 47764	 47811 : 0
 47808	 47831 : 0
 47828	 47835 : 0
 47832	 47839 : 0
 47836	 47855 : 0
 47852	 47891 : 0
 47888	 47899 : 0
 47896	 48543 : 0
 48540	 48547 : 0
 48544	 48623 : 0
 48620	 48627 : 0
 48624	 48639 : 0
 48636	 48643 : 0
 48640	 48663 : 0
 48660	 48667 : 0
 48664	 48959 : 0
 48956	 48963 : 0
 48960	 49007 : 0
 49004	 49027 : 0
 49024	 49035 : 0
 49032	 49051 : 0
 49048	 49059 : 0
 49056	 49099 : 0
 49096	 49111 : 0
 49108	 49127 : 0
 49124	 49135 : 0
 49132	 49167 : 0
 49164	 49267 : 0
 49264	 49387 : 0
 49384	 49403 : 0
 49400	 49435 : 0
 49432	 49439 : 0
 49436	 49443 : 0
 49440	 49455 : 0
 49452	 49479 : 0
 49476	 49483 : 0
 49480	 49507 : 0
 49504	 49519 : 0
 49516	 49579 : 0
 49576	 49583 : 0
 49580	 49603 : 0
 49600	 49615 : 0
 49612	 49619 : 0
 49616	 49659 : 0
 49656	 49671 : 0
 49668	 49683 : 0
 49680	 49687 : 0
 49684	 49703 : 0
 49700	 49719 : 0
 49716	 49723 : 0
 49720	 49727 : 0
 49724	 49767 : 0
 49764	 49779 : 0
 49776	 49815 : 0
 49812	 49883 : 0
 49880	 49899 : 0
 49896	 49915 : 0
 49912	 49939 : 0
 49936	 49979 : 0
 49976	 50007 : 0
 50004	 50119 : 0
 50116	 50131 : 0
 50128	 50139 : 0
 50136	 50163 : 0
 50160	 50199 : 0
 50196	 50291 : 0
 50288	 50295 : 0
 50292	 50299 : 0
 50296	 50311 : 0
 50308	 50363 : 0
 50360	 50371 : 0
 50368	 50439 : 0
 50436	 50479 : 0
 50476	 50539 : 0
 50536	 50551 : 0
 50548	 50723 : 0
 50720	 50731 : 0
 50728	 50835 : 0
 50832	 50843 : 0
 50840	 50871 : 0
 50868	 50991 : 0
 50988	 50999 : 0
 50996	 51019 : 0
 51016	 51039 : 0
 51036	 51091 : 0
 51088	 51095 : 0
 51092	 51107 : 0
 51104	 51111 : 0
 51108	 51123 : 0
 51120	 51131 : 0
 51128	 51155 : 0
 51152	 51243 : 0
 51240	 51271 : 0
 51268	 51287 : 0
 51284	 51391 : 0
 51388	 51395 : 0
 51392	 51415 : 0
 51412	 51419 : 0
 51416	 51435 : 0
 51432	 51451 : 0
 51448	 51523 : 0
 51520	 51531 : 0
 51528	 51555 : 0
 51552	 51631 : 0
 51628	 51643 : 0
 51640	 51655 : 0
 51652	 51659 : 0
 51656	 51739 : 0
 51736	 51843 : 0
 51840	 51907 : 0
 51904	 51923 : 0
 51920	 51939 : 0
 51936	 51955 : 0
 51952	 51959 : 0
 51956	 52191 : 0
 52188	 52423 : 0
 52420	 52427 : 0
 52424	 52455 : 0
 52452	 52467 : 0
 52464	 52471 : 0
 52468	 52511 : 0
 52508	 52523 : 0
 52520	 52527 : 0
 52524	 52531 : 0
 52528	 52543 : 0
 52540	 52583 : 0
 52580	 52587 : 0
 52584	 52607 : 0
 52604	 52615 : 0
 52612	 52627 : 0
 52624	 52651 : 0
 52648	 52663 : 0
 52660	 52743 : 0
 52740	 52755 : 0
 52752	 52791 : 0
 52788	 52823 : 0
 52820	 52827 : 0
 52824	 52835 : 0
 52832	 52879 : 0
 52876	 52935 : 0
 52932	 52975 : 0
 52972	 53055 : 0
 53052	 53083 : 0
 53080	 53159 : 0
 53156	 53175 : 0
 53172	 53215 : 0
 53212	 53247 : 0
 53244	 53291 : 0
 53288	 53335 : 0
 53332	 53699 : 0
 53696	 53787 : 0
 53784	 53795 : 0
 53792	 53835 : 0
 53832	 53843 : 0
 53840	 53871 : 0
 53868	 53915 : 0
 53912	 53931 : 0
 53928	 53963 : 0
 53960	 53967 : 0
 53964	 54003 : 0
 54000	 54027 : 0
 54024	 54167 : 0
 54164	 54171 : 0
 54168	 54175 : 0
 54172	 54199 : 0
 54196	 54251 : 0
 54248	 54259 : 0
 54256	 54299 : 0
 54296	 54319 : 0
 54316	 54323 : 0
 54320	 54331 : 0
 54328	 54403 : 0
 54400	 54467 : 0
 54464	 54587 : 0
 54584	 54687 : 0
 54684	 54691 : 0
 54688	 54735 : 0
 54732	 54967 : 0
 54964	 55031 : 0
 55028	 55195 : 0
 55192	 55203 : 0
 55200	 55207 : 0
 55204	 55219 : 0
 55216	 55223 : 0
 55220	 55239 : 0
 55236	 55283 : 0
 55280	 55323 : 0
 55320	 55355 : 0
 55352	 55375 : 0
 55372	 55387 : 0
 55384	 55451 : 0
 55448	 55455 : 0
 55452	 55459 : 0
 55456	 55543 : 0
 55540	 55547 : 0
 55544	 55555 : 0
 55552	 55559 : 0
 55556	 55591 : 0
 55588	 55595 : 0
 55592	 55619 : 0
 55616	 55623 : 0
 55620	 55655 : 0
 55652	 55659 : 0
 55656	 55691 : 0
 55688	 55755 : 0
 55752	 55779 : 0
 55776	 55783 : 0
 55780	 55963 : 0
 55960	 56023 : 0
 56020	 56675 : 0
 56672	 56687 : 0
 56684	 56807 : 0
 56804	 56855 : 0
 56852	 56879 : 0
 56876	 56923 : 0
 56920	 57087 : 0
 57084	 57099 : 0
 57096	 57331 : 0
 57328	 57363 : 0
 57360	 57771 : 0
 57768	 57791 : 0
 57788	 57851 : 0
 57848	 58103 : 0
 58100	 58107 : 0
 58104	 58119 : 0
 58116	 58131 : 0
 58128	 58143 : 0
 58140	 58167 : 0
 58164	 58335 : 0
 58332	 58339 : 0
 58336	 58343 : 0
 58340	 58351 : 0
 58348	 58355 : 0
 58352	 58379 : 0
 58376	 58383 : 0
 58380	 58387 : 0
 58384	 58395 : 0
 58392	 58411 : 0
 58408	 58423 : 0
 58420	 58427 : 0
 58424	 58471 : 0
 58468	 58487 : 0
 58484	 58523 : 0
 58520	 58535 : 0
 58532	 58591 : 0
 58588	 58599 : 0
 58596	 58615 : 0
 58612	 58619 : 0
 58616	 58623 : 0
 58620	 58683 : 0
 58680	 58723 : 0
 58720	 58911 : 0
 58908	 58923 : 0
 58920	 58935 : 0
 58932	 58943 : 0
 58940	 58995 : 0
 58992	 59019 : 0
 59016	 59035 : 0
 59032	 59039 : 0
 59036	 59095 : 0
 59092	 59147 : 0
 59144	 59175 : 0
 59172	 59279 : 0
 59276	 59311 : 0
 59308	 59335 : 0
 59332	 59371 : 0
 59368	 59415 : 0
 59412	 59447 : 0
 59444	 59463 : 0
 59460	 59499 : 0
 59496	 59535 : 0
 59532	 59539 : 0
 59536	 59547 : 0
 59544	 59563 : 0
 59560	 59627 : 0
 59624	 59639 : 0
 59636	 59643 : 0
 59640	 59647 : 0
 59644	 59695 : 0
 59692	 59703 : 0
 59700	 59707 : 0
 59704	 59827 : 0
 59824	 59839 : 0
 59836	 60395 : 0
 60392	 60399 : 0
 60396	 60423 : 0
 60420	 60435 : 0
 60432	 60515 : 0
 60512	 60623 : 0
 60620	 60627 : 0
 60624	 60875 : 0
 60872	 60887 : 0
 60884	 60935 : 0
 60932	 60939 : 0
 60936	 60943 : 0
 60940	 60963 : 0
 60960	 61223 : 0
 61220	 61231 : 0
 61228	 61279 : 0
 61276	 61291 : 0
 61288	 61327 : 0
 61324	 61335 : 0
 61332	 61543 : 0
 61540	 61555 : 0
 61552	 61559 : 0
 61556	 61567 : 0
 61564	 61607 : 0
 61604	 61811 : 0
 61808	 61967 : 0
 61964	 61979 : 0
 61976	 62015 : 0
 62012	 62059 : 0
 62056	 62075 : 0
 62072	 62083 : 0
 62080	 62259 : 0
 62256	 62263 : 0
 62260	 62283 : 0
 62280	 62291 : 0
 62288	 62299 : 0
 62296	 62315 : 0
 62312	 62367 : 0
 62364	 62371 : 0
 62368	 62399 : 0
 62396	 62419 : 0
 62416	 62447 : 0
 62444	 62467 : 0
 62464	 62675 : 0
 62672	 62687 : 0
 62684	 62755 : 0
 62752	 62763 : 0
 62760	 63031 : 0
 63028	 63055 : 0
 63052	 63059 : 0
 63056	 63063 : 0
 63060	 63207 : 0
 63204	 63219 : 0
 63216	 63239 : 0
 63236	 63247 : 0
 63244	 63251 : 0
 63248	 63255 : 0
 63252	 63559 : 0
 63556	 63579 : 0
 63576	 63587 : 0
 63584	 63635 : 0
 63632	 63647 : 0
 63644	 63659 : 0
 63656	 63679 : 0
 63676	 63807 : 0
 63804	 63911 : 0
 63908	 64243 : 0
 64240	 64255 : 0
 64252	 64531 : 0
 64528	 64603 : 0
 64600	 64655 : 0
 64652	 64667 : 0
 64664	 64671 : 0
 64668	 64683 : 0
 64680	 64703 : 0
 64700	 64707 : 0
 64704	 64715 : 0
 64712	 64759 : 0
 64756	 64771 : 0
 64768	 64775 : 0
 64772	 64779 : 0
 64776	 64787 : 0
 64784	 64799 : 0
 64796	 64823 : 0
 64820	 64831 : 0
 64828	 64835 : 0
 64832	 64847 : 0
 64844	 64855 : 0
 64852	 64927 : 0
 64924	 65047 : 0
 65044	 65059 : 0
 65056	 65063 : 0
 65060	 65115 : 0
 65112	 65123 : 0
 65120	 65127 : 0
 65124	 65187 : 0
 65184	 65263 : 0
 65260	 65299 : 0
 65296	 65311 : 0
 65308	 65335 : 0
 65332	 65407 : 0
 65404	 65419 : 0
 65416	 65423 : 0
 65420	 65447 : 0
 65444	 65451 : 0
 65448	 65463 : 0
 65460	 65467 : 0
 65464	 65547 : 0
 65544	 65555 : 0
 65552	 65559 : 0
 65556	 65575 : 0
 65572	 65611 : 0
 65608	 66039 : 0
 66036	 66107 : 0
 66104	 66195 : 0
 66192	 66363 : 0
 66360	 66371 : 0
 66368	 66503 : 0
 66500	 66511 : 0
 66508	 66619 : 0
 66616	 66711 : 0
 66708	 66715 : 0
 66712	 66779 : 0
 66776	 66803 : 0
 66800	 66827 : 0
 66824	 66851 : 0
 66848	 66863 : 0
 66860	 67187 : 0
 67184	 67207 : 0
 67204	 67219 : 0
 67216	 67235 : 0
 67232	 67239 : 0
 67236	 67247 : 0
 67244	 67291 : 0
 67288	 67331 : 0
 67328	 67335 : 0
 67332	 67371 : 0
 67368	 67403 : 0
 67400	 67431 : 0
 67428	 67451 : 0
 67448	 67455 : 0
 67452	 67495 : 0
 67492	 67519 : 0
 67516	 67523 : 0
 67520	 67527 : 0
 67524	 67539 : 0
 67536	 67543 : 0
 67540	 67599 : 0
 67596	 67607 : 0
 67604	 67611 : 0
 67608	 67619 : 0
 67616	 67703 : 0
 67700	 67707 : 0
 67704	 67791 : 0
 67788	 67839 : 0
 67836	 67859 : 0
 67856	 67863 : 0
 67860	 68095 : 0
 68092	 68115 : 0
 68112	 68139 : 0
 68136	 68155 : 0
 68152	 68187 : 0
 68184	 68191 : 0
 68188	 68283 : 0
 68280	 68315 : 0
 68312	 68319 : 0
 68316	 68327 : 0
