     0	   295 : 0
   292	   303 : 0
   300	   311 : 1
   308	   347 : 0
   344	   367 : 0
   364	   491 : 0
   488	   591 : 1
   588	   611 : 0
   608	   631 : 0
   628	   635 : 0
   632	   639 : 0
   636	   643 : 0
   640	   659 : 0
   656	   667 : 0
   664	   671 : 0
   668	   679 : 0
   676	   687 : 0
   684	   803 : 0
   800	   839 : 1
   836	   843 : 2
   840	   863 : 0
   860	   875 : 0
   872	   903 : 0
   900	   927 : 0
   924	   951 : 0
   948	  1011 : 0
  1008	  1035 : 0
  1032	  1039 : 0
  1036	  1043 : 0
  1040	  1047 : 0
  1044	  1123 : 0
  1120	  1131 : 0
  1128	  1159 : 0
  1156	  1163 : 0
  1160	  1171 : 0
  1168	  1183 : 0
  1180	  1199 : 0
  1196	  1211 : 0
  1208	  1219 : 0
  1216	  1235 : 1
  1232	  1275 : 0
  1272	  1279 : 1
  1276	  1283 : 2
  1280	  1287 : 0
  1284	  1299 : 1
  1296	  1303 : 0
  1300	  1359 : 0
  1356	  1403 : 0
  1400	  1407 : 1
  1404	  1427 : 0
  1424	  1431 : 0
  1428	  1451 : 0
  1448	  1455 : 1
  1452	  1511 : 0
  1508	  1515 : 1
  1512	  1519 : 0
  1516	  1527 : 1
  1524	  1531 : 0
  1528	  1559 : 0
  1556	  1563 : 0
  1560	  1571 : 0
  1568	  1575 : 0
  1572	  1579 : 0
  1576	  1587 : 0
  1584	  1603 : 0
  1600	  1675 : 0
  1672	  1679 : 1
  1676	  1691 : 0
  1688	  1715 : 0
  1712	  1719 : 0
  1716	  1727 : 0
  1724	  1731 : 0
  1728	  1735 : 1
  1732	  1783 : 0
  1780	  1787 : 1
  1784	  1883 : 0
  1880	  1891 : 1
  1888	  1919 : 0
  1916	  2111 : 1
  2108	  2135 : 0
  2132	  2143 : 0
  2140	  2147 : 0
  2144	  2167 : 0
  2164	  2171 : 0
  2168	  2175 : 0
  2172	  2183 : 0
  2180	  2263 : 1
  2260	  2267 : 0
  2264	  2291 : 0
  2288	  2303 : 0
  2300	  2335 : 0
  2332	  2339 : 0
  2336	  2359 : 0
  2356	  2419 : 0
  2416	  2435 : 0
  2432	  2459 : 0
  2456	  2475 : 0
  2472	  2511 : 0
  2508	  2515 : 0
  2512	  2519 : 0
  2516	  2523 : 0
  2520	  2555 : 0
  2552	  2579 : 0
  2576	  2651 : 0
  2648	  2675 : 1
  2672	  2683 : 0
  2680	  2711 : 0
  2708	  2715 : 0
  2712	  2751 : 1
  2748	  2763 : 0
  2760	  2823 : 0
  2820	  2875 : 0
  2872	  2903 : 1
  2900	  2915 : 0
  2912	  2927 : 0
  2924	  2931 : 0
  2928	  2935 : 0
  2932	  3043 : 0
  3040	  3047 : 1
  3044	  3051 : 0
  3048	  3103 : 0
  3100	  3239 : 0
  3236	  3259 : 0
  3256	  3271 : 0
  3268	  3315 : 0
  3312	  3343 : 0
  3340	  3351 : 1
  3348	  3387 : 0
  3384	  3391 : 0
  3388	  3395 : 0
  3392	  3403 : 1
  3400	  3535 : 0
  3532	  3599 : 1
  3596	  3603 : 0
  3600	  3727 : 0
  3724	  3751 : 0
  3748	  3767 : 1
  3764	  3783 : 0
  3780	  3827 : 0
  3824	  3867 : 0
  3864	  3875 : 1
  3872	  3899 : 0
  3896	  3907 : 0
  3904	  3927 : 0
  3924	  3935 : 0
  3932	  3939 : 0
  3936	  4015 : 1
  4012	  4019 : 0
  4016	  4055 : 0
  4052	  4147 : 0
  4144	  4151 : 1
  4148	  4175 : 0
  4172	  4183 : 1
  4180	  4187 : 0
  4184	  4199 : 0
  4196	  4203 : 0
  4200	  4231 : 0
  4228	  4295 : 0
  4292	  4303 : 1
  4300	  4351 : 0
  4348	  4383 : 1
  4380	  4387 : 0
  4384	  4511 : 0
  4508	  4515 : 0
  4512	  4519 : 0
  4516	  4535 : 0
  4532	  4539 : 1
  4536	  4543 : 0
  4540	  4563 : 0
  4560	  4567 : 0
  4564	  4575 : 1
  4572	  4663 : 0
  4660	  4667 : 1
  4664	  4699 : 0
  4696	  4707 : 0
  4704	  4731 : 0
  4728	  4735 : 1
  4732	  4775 : 0
  4772	  4831 : 0
  4828	  4835 : 0
  4832	  4839 : 0
  4836	  4843 : 0
  4840	  4859 : 0
  4856	  4867 : 0
  4864	  4871 : 1
  4868	  4971 : 0
  4968	  4979 : 1
  4976	  5131 : 0
  5128	  5151 : 0
  5148	  5155 : 0
  5152	  5223 : 0
  5220	  5227 : 0
  5224	  5263 : 1
  5260	  5271 : 0
  5268	  5319 : 0
  5316	  5359 : 0
  5356	  5403 : 1
  5400	  5411 : 0
  5408	  5423 : 1
  5420	  5431 : 0
  5428	  5439 : 0
  5436	  5443 : 0
  5440	  5623 : 1
  5620	  5631 : 0
  5628	  5651 : 0
  5648	  5663 : 0
  5660	  5763 : 0
  5760	  5815 : 0
  5812	  5827 : 0
  5824	  5871 : 0
  5868	  5879 : 0
  5876	  5883 : 0
  5880	  5887 : 0
  5884	  5931 : 0
  5928	  5943 : 0
  5940	  6131 : 0
  6128	  6243 : 1
  6240	  6267 : 0
  6264	  6387 : 0
  6384	  6391 : 0
  6388	  6395 : 0
  6392	  6403 : 0
  6400	  6415 : 0
  6412	  6419 : 0
  6416	  6447 : 0
  6444	  6455 : 0
  6452	  6463 : 0
  6460	  6467 : 0
  6464	  6471 : 0
  6468	  6475 : 0
  6472	  6491 : 0
  6488	  6499 : 0
  6496	  6563 : 0
  6560	  6567 : 0
  6564	  6763 : 0
