     0	    91 : 0
    88	   103 : 0
   100	   123 : 1
   120	   315 : 0
   312	   323 : 0
   320	   731 : 0
   728	  1259 : 0
  1256	  1467 : 0
  1464	  1479 : 0
  1476	  1487 : 0
  1484	  1511 : 0
  1508	  1639 : 0
  1636	  1687 : 0
  1684	  1735 : 0
  1732	  1747 : 0
  1744	  1751 : 0
  1748	  1787 : 0
  1784	  2015 : 0
  2012	  2215 : 0
  2212	  2231 : 0
  2228	  2339 : 0
  2336	  2343 : 0
  2340	  2543 : 0
  2540	  2547 : 0
  2544	  2723 : 0
  2720	  2839 : 0
  2836	  2879 : 0
  2876	  3403 : 0
  3400	  3423 : 0
  3420	  3431 : 0
  3428	  3511 : 0
  3508	  3723 : 0
  3720	  3779 : 0
  3776	  3903 : 0
  3900	  3927 : 0
  3924	  3971 : 0
  3968	  3995 : 0
  3992	  4019 : 0
  4016	  4071 : 0
  4068	  4203 : 0
  4200	  4215 : 0
  4212	  4223 : 0
  4220	  4227 : 0
  4224	  4235 : 0
  4232	  4307 : 0
  4304	  4311 : 0
  4308	  4323 : 0
  4320	  4327 : 0
  4324	  4331 : 0
  4328	  4371 : 0
  4368	  4559 : 0
  4556	  4603 : 0
  4600	  4675 : 0
  4672	  4803 : 0
  4800	  4871 : 0
  4868	  4875 : 0
  4872	  5327 : 0
  5324	  5391 : 0
  5388	  5399 : 0
  5396	  5403 : 0
  5400	  5531 : 0
  5528	  5539 : 0
  5536	  5779 : 0
  5776	  5787 : 0
  5784	  5799 : 0
  5796	  5975 : 0
  5972	  5983 : 1
  5980	  6079 : 0
  6076	  6087 : 1
  6084	  6199 : 0
  6196	  6207 : 1
  6204	  6327 : 0
  6324	  6331 : 0
  6328	  6471 : 0
  6468	  6483 : 1
  6480	  6679 : 0
  6676	  6687 : 1
  6684	  6771 : 0
  6768	  6779 : 1
  6776	  6859 : 0
  6856	  6863 : 1
  6860	  6951 : 0
  6948	  6955 : 1
  6952	  6959 : 0
  6956	  7039 : 0
  7036	  7043 : 0
  7040	  7119 : 1
  7116	  7183 : 0
  7180	  7283 : 0
  7280	  7303 : 0
  7300	  7403 : 0
  7400	  7671 : 0
  7668	  7931 : 1
  7928	  8311 : 0
  8308	  8315 : 1
  8312	  8319 : 0
  8316	  8411 : 1
  8408	  8511 : 0
  8508	  8615 : 0
  8612	  8619 : 0
  8616	  8623 : 0
  8620	  8707 : 0
  8704	  8711 : 1
  8708	  8715 : 0
  8712	  8803 : 0
  8800	  8935 : 0
  8932	  9023 : 0
  9020	  9031 : 0
  9028	  9163 : 0
  9160	  9391 : 0
  9388	  9471 : 0
  9468	  9575 : 0
  9572	  9703 : 1
  9700	  9707 : 0
  9704	  9811 : 0
  9808	  9939 : 0
  9936	 10047 : 1
 10044	 10055 : 0
 10052	 10275 : 0
 10272	 10995 : 0
 10992	 11131 : 0
 11128	 11231 : 0
 11228	 11391 : 1
 11388	 11547 : 0
 11544	 11575 : 1
 11572	 11579 : 0
 11576	 11667 : 0
 11664	 11671 : 0
 11668	 11699 : 0
 11696	 11703 : 0
 11700	 11751 : 0
 11748	 11771 : 0
 11768	 11851 : 0
 11848	 11859 : 0
 11856	 11871 : 0
 11868	 12067 : 0
 12064	 12107 : 0
 12104	 12151 : 0
 12148	 12155 : 0
 12152	 12167 : 0
 12164	 12179 : 0
 12176	 12227 : 0
 12224	 12427 : 0
 12424	 12503 : 0
 12500	 12691 : 0
 12688	 12863 : 0
 12860	 12875 : 0
 12872	 12919 : 0
 12916	 12931 : 0
 12928	 12955 : 0
 12952	 12963 : 0
 12960	 13011 : 0
 13008	 13091 : 0
 13088	 13351 : 0
 13348	 13543 : 0
