     0	    19 : 0
    16	   107 : 0
   104	   115 : 1
   112	   119 : 0
   116	   131 : 0
   128	   135 : 0
   132	   143 : 0
   140	  1567 : 0
  1564	  1587 : 1
  1584	  1703 : 0
  1700	  1719 : 0
  1716	  1835 : 0
  1832	  1899 : 0
  1896	  2119 : 0
  2116	  2123 : 0
  2120	  2263 : 0
  2260	  2271 : 0
  2268	  2291 : 0
  2288	  2299 : 0
  2296	  2415 : 0
  2412	  3599 : 1
  3596	  3623 : 0
  3620	  3631 : 0
  3628	  3739 : 0
  3736	  3759 : 0
  3756	  3839 : 0
  3836	  3863 : 1
  3860	  3883 : 0
  3880	  3895 : 0
  3892	  3903 : 0
  3900	  3915 : 0
  3912	  3951 : 0
  3948	  3955 : 0
  3952	  3979 : 0
  3976	  3995 : 0
  3992	  4007 : 0
  4004	  4067 : 0
  4064	  4095 : 0
  4092	  4103 : 0
  4100	  4135 : 0
  4132	  4143 : 0
  4140	  4147 : 0
  4144	  4163 : 0
  4160	  4167 : 0
  4164	  4175 : 0
  4172	  4295 : 0
  4292	  4299 : 0
  4296	  4339 : 0
  4336	  4367 : 0
  4364	  4371 : 0
  4368	  4383 : 0
  4380	  4391 : 0
  4388	  4411 : 0
  4408	  4431 : 0
  4428	  4487 : 0
  4484	  4575 : 0
  4572	  4615 : 0
  4612	  4675 : 0
  4672	  4711 : 0
  4708	  4739 : 0
  4736	  4743 : 1
  4740	  4859 : 0
  4856	  4863 : 1
  4860	  5023 : 0
  5020	  5039 : 1
  5036	  5315 : 0
  5312	  5335 : 1
  5332	  5415 : 0
  5412	  5427 : 0
  5424	  5799 : 0
  5796	  5831 : 1
  5828	  6007 : 0
  6004	  6087 : 0
  6084	  6115 : 0
  6112	  6151 : 1
  6148	  6267 : 0
  6264	  6327 : 0
  6324	  6331 : 0
  6328	  6339 : 0
  6336	  6355 : 0
  6352	  6359 : 0
  6356	  6415 : 0
  6412	  6419 : 0
  6416	  6427 : 0
  6424	  6435 : 0
  6432	  6439 : 0
  6436	  6447 : 0
  6444	  6559 : 0
  6556	  6563 : 0
  6560	  6587 : 0
  6584	  6779 : 1
  6776	  6911 : 0
  6908	  7867 : 0
  7864	  8487 : 0
  8484	  8511 : 1
  8508	  8519 : 0
  8516	  8623 : 1
  8620	  8651 : 0
  8648	  8655 : 0
  8652	  8847 : 0
  8844	  8871 : 0
  8868	  8887 : 0
  8884	  8891 : 0
  8888	  8915 : 0
  8912	  8923 : 0
  8920	  8931 : 0
  8928	  8947 : 0
  8944	  8963 : 0
  8960	  9003 : 0
  9000	  9031 : 0
  9028	  9043 : 0
  9040	  9079 : 0
  9076	  9219 : 0
