     0	   135 : 0
   132	   283 : 0
   280	   291 : 1
   288	   323 : 0
   320	   327 : 1
   324	   355 : 0
   352	   363 : 0
   360	   367 : 0
   364	   383 : 0
   380	   399 : 0
   396	   403 : 1
   400	   423 : 0
   420	   467 : 1
   464	   479 : 0
   476	   503 : 0
   500	   507 : 0
   504	   555 : 1
   552	   571 : 0
   568	   611 : 1
   608	   623 : 0
   620	   679 : 1
   676	   683 : 0
   680	   719 : 1
   716	   727 : 0
   724	   735 : 1
   732	   751 : 0
   748	   759 : 1
   756	   763 : 0
   760	   783 : 0
   780	   791 : 0
   788	   799 : 0
   796	   803 : 0
   800	   807 : 0
   804	   835 : 0
   832	   843 : 1
   840	   871 : 0
   868	   915 : 1
   912	   923 : 0
   920	   931 : 1
   928	   935 : 0
   932	  1023 : 1
  1020	  1031 : 0
  1028	  1035 : 1
  1032	  1039 : 0
  1036	  1047 : 0
  1044	  1051 : 0
  1048	  1055 : 1
  1052	  1067 : 0
  1064	  1083 : 1
  1080	  1091 : 0
  1088	  1095 : 1
  1092	  1103 : 0
  1100	  1107 : 1
  1104	  1127 : 0
  1124	  1139 : 1
  1136	  1147 : 0
  1144	  1155 : 0
  1152	  1159 : 0
  1156	  1195 : 0
  1192	  1203 : 0
  1200	  1207 : 1
  1204	  1215 : 0
  1212	  1223 : 1
  1220	  1227 : 0
  1224	  1247 : 1
  1244	  1255 : 0
  1252	  1307 : 1
  1304	  1311 : 0
  1308	  1315 : 1
  1312	  1319 : 0
  1316	  1335 : 1
  1332	  1347 : 0
  1344	  1355 : 1
  1352	  1359 : 0
  1356	  1371 : 0
  1368	  1395 : 0
  1392	  1431 : 0
  1428	  1435 : 0
  1432	  1531 : 1
  1528	  1535 : 0
  1532	  1583 : 1
  1580	  1591 : 0
  1588	  1595 : 1
  1592	  1599 : 0
  1596	  1663 : 1
  1660	  1675 : 0
  1672	  1679 : 1
  1676	  1683 : 0
  1680	  1687 : 1
  1684	  1707 : 0
  1704	  1743 : 1
  1740	  1747 : 0
  1744	  1799 : 1
  1796	  1811 : 0
  1808	  1827 : 1
  1824	  1831 : 0
  1828	  1863 : 1
  1860	  1871 : 0
  1868	  1883 : 1
  1880	  1891 : 0
  1888	  1895 : 1
  1892	  1899 : 0
  1896	  1907 : 1
  1904	  1911 : 0
  1908	  1931 : 1
  1928	  1935 : 0
  1932	  1967 : 1
  1964	  1971 : 0
  1968	  2003 : 1
  2000	  2015 : 0
  2012	  2055 : 1
  2052	  2071 : 0
  2068	  2075 : 1
  2072	  2083 : 0
  2080	  2111 : 1
  2108	  2119 : 0
  2116	  2127 : 1
  2124	  2143 : 0
  2140	  2151 : 1
  2148	  2159 : 0
  2156	  2163 : 1
  2160	  2171 : 0
  2168	  2175 : 1
  2172	  2187 : 0
  2184	  2207 : 0
  2204	  2223 : 0
  2220	  2235 : 0
  2232	  2247 : 0
  2244	  2255 : 0
  2252	  2263 : 0
  2260	  2275 : 1
  2272	  2315 : 0
  2312	  2323 : 0
  2320	  2359 : 0
  2356	  2363 : 0
  2360	  2371 : 0
  2368	  2399 : 1
  2396	  2423 : 0
  2420	  2491 : 1
  2488	  2527 : 0
  2524	  2535 : 1
  2532	  2539 : 0
  2536	  2583 : 1
  2580	  2599 : 0
  2596	  2603 : 0
  2600	  2607 : 0
  2604	  2623 : 0
  2620	  2627 : 0
  2624	  2655 : 1
  2652	  2663 : 0
  2660	  2687 : 1
  2684	  2699 : 0
  2696	  2707 : 1
  2704	  2711 : 0
  2708	  2855 : 1
  2852	  2867 : 0
  2864	  2879 : 1
  2876	  2883 : 0
  2880	  2887 : 1
  2884	  2891 : 0
  2888	  2919 : 1
  2916	  2931 : 0
  2928	  2935 : 0
  2932	  2939 : 0
  2936	  2959 : 1
  2956	  2963 : 0
  2960	  3011 : 1
  3008	  3019 : 0
  3016	  3027 : 1
  3024	  3031 : 0
  3028	  3047 : 0
  3044	  3051 : 0
  3048	  3103 : 1
  3100	  3115 : 0
  3112	  3135 : 1
  3132	  3143 : 0
  3140	  3179 : 0
  3176	  3195 : 0
  3192	  3203 : 1
  3200	  3211 : 0
  3208	  3215 : 1
  3212	  3227 : 0
  3224	  3251 : 0
  3248	  3255 : 0
  3252	  3259 : 0
  3256	  3263 : 0
  3260	  3271 : 1
  3268	  3291 : 0
  3288	  3303 : 0
  3300	  3327 : 0
  3324	  3387 : 1
  3384	  3427 : 0
  3424	  3435 : 1
  3432	  3459 : 0
  3456	  3471 : 1
  3468	  3475 : 0
  3472	  3483 : 1
  3480	  3499 : 0
  3496	  3503 : 1
  3500	  3511 : 0
  3508	  3519 : 1
  3516	  3531 : 0
  3528	  3539 : 1
  3536	  3547 : 0
  3544	  3551 : 0
  3548	  3559 : 0
  3556	  3579 : 0
  3576	  3587 : 0
  3584	  3607 : 1
  3604	  3623 : 0
  3620	  3635 : 0
  3632	  3639 : 0
  3636	  3647 : 0
  3644	  3655 : 0
  3652	  3659 : 1
  3656	  3663 : 0
  3660	  3671 : 1
  3668	  3683 : 0
  3680	  3731 : 1
  3728	  3739 : 0
  3736	  3755 : 1
  3752	  3763 : 0
  3760	  3807 : 1
  3804	  3815 : 0
  3812	  3827 : 1
  3824	  3831 : 0
  3828	  3855 : 0
  3852	  3859 : 0
  3856	  3887 : 0
  3884	  3903 : 0
  3900	  3907 : 0
  3904	  3911 : 0
  3908	  3963 : 1
  3960	  3967 : 0
  3964	  3971 : 1
  3968	  3975 : 0
  3972	  3979 : 1
  3976	  3983 : 0
  3980	  3987 : 1
  3984	  3991 : 0
  3988	  4063 : 1
  4060	  4067 : 0
  4064	  4091 : 0
  4088	  4095 : 0
  4092	  4103 : 1
  4100	  4107 : 0
  4104	  4195 : 0
  4192	  4199 : 0
  4196	  4211 : 1
  4208	  4215 : 0
  4212	  4231 : 1
  4228	  4239 : 0
  4236	  4243 : 1
  4240	  4251 : 0
  4248	  4259 : 1
  4256	  4263 : 0
  4260	  4275 : 1
  4272	  4287 : 0
  4284	  4291 : 1
  4288	  4295 : 0
  4292	  4311 : 0
  4308	  4315 : 0
  4312	  4359 : 1
  4356	  4363 : 0
  4360	  4367 : 1
  4364	  4375 : 0
  4372	  4383 : 0
  4380	  4387 : 0
  4384	  4403 : 1
  4400	  4407 : 0
  4404	  4439 : 1
  4436	  4443 : 0
  4440	  4459 : 1
  4456	  4463 : 0
  4460	  4471 : 1
  4468	  4503 : 0
  4500	  4507 : 1
  4504	  4523 : 0
  4520	  4535 : 1
  4532	  4539 : 0
  4536	  4543 : 1
  4540	  4571 : 0
  4568	  4575 : 1
  4572	  4583 : 0
  4580	  4603 : 1
  4600	  4611 : 0
  4608	  4699 : 1
  4696	  4703 : 0
  4700	  4719 : 1
  4716	  4723 : 0
  4720	  4747 : 1
  4744	  4751 : 0
  4748	  4795 : 1
  4792	  4807 : 0
  4804	  4823 : 1
  4820	  4827 : 0
  4824	  4923 : 1
  4920	  4927 : 0
  4924	  5067 : 1
  5064	  5071 : 0
  5068	  5095 : 1
  5092	  5107 : 0
  5104	  5115 : 1
  5112	  5119 : 0
  5116	  5123 : 0
  5120	  5131 : 0
  5128	  5219 : 1
  5216	  5223 : 0
  5220	  5271 : 1
  5268	  5275 : 0
  5272	  5315 : 1
  5312	  5327 : 0
  5324	  5375 : 1
  5372	  5379 : 0
  5376	  5407 : 1
  5404	  5411 : 0
  5408	  5435 : 1
  5432	  5439 : 0
  5436	  5447 : 1
  5444	  5451 : 0
  5448	  5519 : 1
  5516	  5523 : 0
  5520	  5543 : 1
  5540	  5547 : 0
  5544	  5571 : 1
  5568	  5579 : 0
  5576	  5583 : 1
  5580	  5587 : 0
  5584	  5591 : 0
  5588	  5619 : 0
  5616	  5655 : 1
  5652	  5659 : 0
  5656	  5675 : 1
  5672	  5691 : 0
  5688	  5703 : 0
  5700	  5711 : 0
  5708	  5715 : 1
  5712	  5723 : 0
  5720	  5727 : 1
  5724	  5735 : 0
  5732	  5739 : 1
  5736	  5751 : 0
  5748	  5779 : 1
  5776	  5787 : 0
  5784	  5799 : 1
  5796	  5807 : 0
  5804	  5835 : 1
  5832	  5847 : 0
  5844	  5859 : 1
  5856	  5871 : 0
  5868	  5919 : 1
  5916	  5939 : 0
  5936	  5943 : 1
  5940	  5947 : 0
  5944	  5951 : 1
  5948	  5955 : 2
  5952	  5971 : 0
  5968	  5979 : 1
  5976	  5995 : 0
  5992	  6063 : 0
  6060	  6067 : 0
  6064	  6091 : 1
  6088	  6111 : 0
  6108	  6115 : 1
  6112	  6127 : 0
  6124	  6151 : 1
  6148	  6155 : 0
  6152	  6159 : 1
  6156	  6171 : 0
  6168	  6199 : 0
  6196	  6203 : 0
  6200	  6211 : 0
  6208	  6215 : 0
  6212	  6223 : 1
  6220	  6227 : 0
  6224	  6235 : 1
  6232	  6239 : 0
  6236	  6255 : 1
  6252	  6263 : 0
  6260	  6267 : 1
  6264	  6279 : 0
  6276	  6291 : 1
  6288	  6295 : 0
  6292	  6299 : 1
  6296	  6311 : 0
  6308	  6343 : 1
  6340	  6347 : 0
  6344	  6371 : 0
  6368	  6379 : 0
  6376	  6419 : 1
  6416	  6423 : 0
  6420	  6439 : 1
  6436	  6447 : 0
  6444	  6471 : 0
  6468	  6479 : 0
  6476	  6551 : 1
  6548	  6555 : 0
  6552	  6599 : 1
  6596	  6603 : 0
  6600	  6607 : 1
  6604	  6619 : 0
  6616	  6699 : 1
  6696	  6703 : 0
  6700	  6731 : 1
  6728	  6735 : 0
  6732	  6787 : 1
  6784	  6791 : 0
  6788	  6799 : 1
  6796	  6803 : 0
  6800	  6807 : 1
  6804	  6811 : 0
  6808	  6855 : 1
  6852	  6867 : 0
  6864	  6875 : 1
  6872	  6891 : 0
  6888	  7087 : 1
  7084	  7091 : 0
  7088	  7115 : 1
  7112	  7119 : 0
  7116	  7235 : 0
  7232	  7263 : 0
  7260	  7291 : 1
  7288	  7451 : 0
  7448	  7503 : 0
  7500	  7515 : 0
