     0	    31 : 0
    28	   171 : 0
   168	   339 : 1
   336	   583 : 0
   580	   587 : 1
   584	   603 : 0
   600	   615 : 0
   612	   631 : 0
   628	   651 : 0
   648	   671 : 0
   668	   675 : 0
   672	   719 : 0
   716	   723 : 0
   720	   823 : 0
   820	   907 : 0
   904	   911 : 0
   908	  1067 : 0
  1064	  1083 : 0
  1080	  1099 : 0
  1096	  1127 : 0
  1124	  1143 : 0
  1140	  1279 : 0
  1276	  1283 : 0
  1280	  1295 : 0
  1292	  1431 : 0
  1428	  1447 : 0
  1444	  1487 : 0
  1484	  1531 : 0
  1528	  1535 : 0
  1532	  1571 : 0
  1568	  1663 : 0
  1660	  1995 : 0
  1992	  2007 : 0
  2004	  2031 : 0
  2028	  2035 : 0
  2032	  2039 : 0
  2036	  2211 : 0
  2208	  2395 : 0
  2392	  2403 : 0
  2400	  2439 : 0
  2436	  2959 : 1
  2956	  2967 : 0
  2964	  3083 : 0
  3080	  3763 : 0
  3760	  3767 : 1
  3764	  3771 : 2
  3768	  3775 : 0
  3772	  3779 : 0
  3776	  3783 : 0
  3780	  3787 : 0
  3784	  3795 : 0
  3792	  3803 : 0
  3800	  3807 : 0
  3804	  3815 : 0
  3812	  3875 : 0
  3872	  3967 : 0
  3964	  3987 : 0
  3984	  3991 : 0
  3988	  3995 : 0
  3992	  4019 : 0
  4016	  4023 : 0
  4020	  4035 : 0
  4032	  4083 : 0
  4080	  4091 : 1
  4088	  4179 : 0
  4176	  4183 : 0
  4180	  4507 : 0
  4504	  4511 : 0
  4508	  4595 : 0
  4592	  4599 : 0
  4596	  4607 : 0
  4604	  4663 : 0
  4660	  4723 : 0
  4720	  4743 : 0
  4740	  4907 : 0
  4904	  4911 : 1
  4908	  4915 : 0
  4912	  5047 : 0
  5044	  5059 : 0
  5056	  5067 : 1
  5064	  5315 : 0
  5312	  5403 : 1
  5400	  5447 : 0
  5444	  5459 : 0
  5456	  5463 : 0
  5460	  5479 : 0
  5476	  5483 : 0
  5480	  5511 : 0
  5508	  5523 : 0
  5520	  5539 : 0
  5536	  5551 : 0
  5548	  5559 : 0
  5556	  5575 : 0
  5572	  5591 : 0
  5588	  5603 : 0
  5600	  5611 : 0
  5608	  5835 : 0
  5832	  5839 : 1
  5836	  5847 : 0
  5844	  5887 : 0
  5884	  5967 : 0
  5964	  5975 : 0
  5972	  5987 : 0
  5984	  5995 : 0
  5992	  6059 : 0
  6056	  6067 : 1
  6064	  6171 : 0
  6168	  6183 : 0
  6180	  6191 : 0
  6188	  6227 : 0
  6224	  6235 : 0
  6232	  6251 : 0
  6248	  6271 : 0
  6268	  6295 : 0
  6292	  6303 : 0
  6300	  6315 : 0
  6312	  6335 : 0
  6332	  6355 : 0
  6352	  6371 : 0
  6368	  6375 : 1
  6372	  6395 : 0
  6392	  6403 : 0
  6400	  6419 : 0
  6416	  6823 : 0
  6820	  6831 : 0
  6828	  6847 : 0
  6844	  6859 : 0
  6856	  6891 : 0
  6888	  6903 : 0
  6900	  6907 : 0
  6904	  6967 : 0
  6964	  6975 : 0
  6972	  6995 : 0
  6992	  7007 : 0
  7004	  7023 : 0
  7020	  7031 : 0
  7028	  7087 : 0
  7084	  7091 : 0
  7088	  7099 : 0
  7096	  7111 : 0
  7108	  7119 : 0
  7116	  7135 : 0
  7132	  7223 : 0
  7220	  7227 : 0
  7224	  7275 : 0
  7272	  7311 : 0
  7308	  7547 : 0
  7544	  7555 : 1
  7552	  7595 : 0
  7592	  7647 : 0
  7644	  7687 : 0
  7684	  7715 : 0
  7712	  7795 : 0
  7792	  7799 : 0
  7796	  7807 : 0
  7804	  7867 : 0
  7864	  7955 : 0
  7952	  7967 : 0
  7964	  7975 : 0
  7972	  7979 : 0
  7976	  8003 : 0
  8000	  8011 : 0
  8008	  8027 : 0
  8024	  8031 : 0
  8028	  8071 : 0
  8068	  8099 : 1
  8096	  8115 : 0
  8112	  8387 : 0
  8384	  8391 : 0
  8388	  8395 : 0
  8392	  8527 : 0
  8524	  8559 : 1
  8556	  8575 : 0
  8572	  8643 : 0
  8640	  8731 : 0
  8728	  8743 : 0
  8740	  8759 : 0
  8756	  8799 : 0
  8796	  8903 : 0
  8900	  8907 : 1
  8904	  8943 : 0
  8940	  8947 : 0
  8944	  9187 : 0
  9184	  9195 : 0
  9192	  9239 : 0
  9236	  9255 : 0
  9252	  9319 : 0
  9316	  9323 : 0
  9320	  9403 : 0
  9400	  9407 : 1
  9404	  9463 : 0
  9460	  9467 : 0
  9464	  9671 : 0
  9668	  9675 : 1
  9672	  9839 : 0
  9836	  9847 : 1
  9844	 10059 : 0
 10056	 10063 : 1
 10060	 10251 : 0
 10248	 10259 : 1
 10256	 10283 : 0
 10280	 10291 : 0
 10288	 10347 : 0
 10344	 10391 : 0
 10388	 10399 : 0
 10396	 10751 : 0
 10748	 10783 : 0
 10780	 10879 : 0
 10876	 10911 : 0
 10908	 10967 : 0
 10964	 10975 : 0
 10972	 10979 : 0
 10976	 11039 : 0
 11036	 11051 : 0
 11048	 11091 : 0
 11088	 11131 : 0
 11128	 11179 : 0
 11176	 11183 : 0
 11180	 11187 : 0
 11184	 11199 : 0
 11196	 11227 : 0
