     0	    11 : 1
     8	    15 : 0
    12	    23 : 0
    20	    95 : 0
    92	    99 : 0
    96	   103 : 0
   100	   143 : 0
   140	   147 : 0
   144	   151 : 0
   148	   155 : 0
   152	   163 : 0
   160	   167 : 0
   164	   179 : 0
   176	   183 : 0
   180	   207 : 1
   204	   219 : 0
   216	   223 : 0
   220	   235 : 0
   232	   239 : 0
   236	   243 : 0
   240	   307 : 0
   304	   319 : 0
   316	   331 : 0
   328	   335 : 0
   332	   347 : 0
   344	   351 : 0
   348	   383 : 0
   380	   391 : 0
   388	   399 : 1
   396	   403 : 0
   400	   431 : 0
   428	   435 : 0
   432	   471 : 0
   468	   475 : 0
   472	   571 : 0
   568	   591 : 0
   588	   619 : 0
   616	   623 : 0
   620	   635 : 1
   632	   695 : 0
   692	   755 : 0
   752	   759 : 0
   756	   775 : 0
   772	   783 : 0
   780	   787 : 0
   784	   795 : 0
   792	   843 : 0
   840	   847 : 0
   844	   863 : 0
   860	   871 : 0
   868	   879 : 0
   876	   887 : 0
   884	   891 : 0
   888	   895 : 0
   892	   899 : 0
   896	   903 : 0
   900	   907 : 0
   904	   955 : 0
   952	   979 : 1
   976	   983 : 0
   980	   995 : 0
   992	  1031 : 0
  1028	  1039 : 1
  1036	  1047 : 0
  1044	  1055 : 1
  1052	  1063 : 0
  1060	  1067 : 1
  1064	  1083 : 0
  1080	  1091 : 1
  1088	  1095 : 0
  1092	  1107 : 0
  1104	  1123 : 0
  1120	  1147 : 0
  1144	  1167 : 0
  1164	  1203 : 0
  1200	  1207 : 0
  1204	  1219 : 0
  1216	  1231 : 0
  1228	  1235 : 0
  1232	  1255 : 0
  1252	  1267 : 0
  1264	  1279 : 0
  1276	  1295 : 0
  1292	  1323 : 0
  1320	  1339 : 0
  1336	  1343 : 0
  1340	  1359 : 0
  1356	  1371 : 0
  1368	  1419 : 0
  1416	  1443 : 0
  1440	  1447 : 0
  1444	  1451 : 0
  1448	  1467 : 0
  1464	  1475 : 0
  1472	  1483 : 0
  1480	  1487 : 0
  1484	  1499 : 0
  1496	  1511 : 0
  1508	  1535 : 0
  1532	  1547 : 0
  1544	  1559 : 0
  1556	  1563 : 0
  1560	  1567 : 0
  1564	  1571 : 0
  1568	  1575 : 0
  1572	  1615 : 0
  1612	  1619 : 0
  1616	  1627 : 0
  1624	  1635 : 0
  1632	  1643 : 0
  1640	  1651 : 0
  1648	  1667 : 0
  1664	  1671 : 0
  1668	  1683 : 0
  1680	  1687 : 0
  1684	  1699 : 0
  1696	  1731 : 0
  1728	  1735 : 0
  1732	  1767 : 0
  1764	  1775 : 0
  1772	  1779 : 0
  1776	  1787 : 0
  1784	  1823 : 0
  1820	  1827 : 0
  1824	  1831 : 0
  1828	  1843 : 0
  1840	  1851 : 0
  1848	  1855 : 0
  1852	  1863 : 0
  1860	  1875 : 0
  1872	  1887 : 1
  1884	  1891 : 0
  1888	  1895 : 0
  1892	  1899 : 0
  1896	  1919 : 0
  1916	  1943 : 0
  1940	  1963 : 0
  1960	  1987 : 0
  1984	  1999 : 0
  1996	  2067 : 0
  2064	  2079 : 1
  2076	  2091 : 0
  2088	  2115 : 0
  2112	  2123 : 0
  2120	  2155 : 0
  2152	  2163 : 0
  2160	  2167 : 0
  2164	  2171 : 0
  2168	  2179 : 0
  2176	  2187 : 0
  2184	  2191 : 0
  2188	  2195 : 0
  2192	  2199 : 0
  2196	  2227 : 0
  2224	  2239 : 0
  2236	  2251 : 0
  2248	  2303 : 0
  2300	  2327 : 0
  2324	  2335 : 0
  2332	  2347 : 0
  2344	  2351 : 0
  2348	  2383 : 0
  2380	  2403 : 0
  2400	  2407 : 0
  2404	  2471 : 0
  2468	  2479 : 0
  2476	  2487 : 0
  2484	  2495 : 0
  2492	  2507 : 0
  2504	  2519 : 0
  2516	  2559 : 0
  2556	  2563 : 0
  2560	  2579 : 0
  2576	  2643 : 0
  2640	  2655 : 0
  2652	  2663 : 0
  2660	  2675 : 0
  2672	  2687 : 0
  2684	  2747 : 0
  2744	  2751 : 0
  2748	  2759 : 0
  2756	  2823 : 0
  2820	  2827 : 0
  2824	  2843 : 0
  2840	  2851 : 0
  2848	  2855 : 0
  2852	  2875 : 1
  2872	  2879 : 0
  2876	  2891 : 0
  2888	  2911 : 0
  2908	  2919 : 0
  2916	  2979 : 0
  2976	  2983 : 0
  2980	  2995 : 0
  2992	  2999 : 0
  2996	  3003 : 0
  3000	  3007 : 0
  3004	  3043 : 0
  3040	  3051 : 0
  3048	  3075 : 0
  3072	  3079 : 0
  3076	  3087 : 0
  3084	  3111 : 0
  3108	  3115 : 0
  3112	  3127 : 0
  3124	  3131 : 0
  3128	  3163 : 0
  3160	  3167 : 0
  3164	  3171 : 0
  3168	  3187 : 0
  3184	  3227 : 0
  3224	  3231 : 0
  3228	  3251 : 0
  3248	  3259 : 0
  3256	  3271 : 0
  3268	  3295 : 0
  3292	  3299 : 0
  3296	  3311 : 0
  3308	  3315 : 0
  3312	  3347 : 0
  3344	  3363 : 0
  3360	  3583 : 0
  3580	  3591 : 0
  3588	  3595 : 1
  3592	  3607 : 0
  3604	  3619 : 0
  3616	  3623 : 0
  3620	  3643 : 0
  3640	  3687 : 0
  3684	  3699 : 1
  3696	  3703 : 0
  3700	  3707 : 0
  3704	  3711 : 0
  3708	  3719 : 0
  3716	  3759 : 0
  3756	  3771 : 1
  3768	  3791 : 0
  3788	  3795 : 0
  3792	  3811 : 0
  3808	  3823 : 0
  3820	  3831 : 0
  3828	  3839 : 0
  3836	  3859 : 0
  3856	  3963 : 0
  3960	  3967 : 0
  3964	  3987 : 0
  3984	  3991 : 0
  3988	  3999 : 0
  3996	  4003 : 0
  4000	  4015 : 0
  4012	  4019 : 0
  4016	  4059 : 0
  4056	  4071 : 0
  4068	  4187 : 0
  4184	  4259 : 0
  4256	  4271 : 0
  4268	  4275 : 0
  4272	  4279 : 0
  4276	  4295 : 0
  4292	  4319 : 0
  4316	  4363 : 0
  4360	  4407 : 1
  4404	  4419 : 0
  4416	  4427 : 0
  4424	  4443 : 0
  4440	  4471 : 0
  4468	  4475 : 0
  4472	  4515 : 0
  4512	  4519 : 0
  4516	  4655 : 0
  4652	  4663 : 0
  4660	  4675 : 0
  4672	  4679 : 0
  4676	  4683 : 0
  4680	  4687 : 0
  4684	  4691 : 0
  4688	  4703 : 0
  4700	  4711 : 0
  4708	  4723 : 0
  4720	  4735 : 0
  4732	  4743 : 0
  4740	  4751 : 0
  4748	  4755 : 0
  4752	  4811 : 0
  4808	  4815 : 0
  4812	  4835 : 0
  4832	  4839 : 0
  4836	  4843 : 0
  4840	  4847 : 0
  4844	  4863 : 0
  4860	  4867 : 0
  4864	  4915 : 1
  4912	  4927 : 0
  4924	  4959 : 0
  4956	  4963 : 0
  4960	  4971 : 0
  4968	  4975 : 0
  4972	  5007 : 1
  5004	  5011 : 0
  5008	  5015 : 0
  5012	  5019 : 0
  5016	  5055 : 1
  5052	  5059 : 0
  5056	  5071 : 0
  5068	  5075 : 0
  5072	  5095 : 0
  5092	  5099 : 0
  5096	  5107 : 0
  5104	  5131 : 0
  5128	  5183 : 0
