0	13
13	43
43	79
79	99
99	119
119	135
135	157
157	173
173	188
188	212
212	227
227	242
242	271
271	284
284	297
297	322
322	339
339	354
354	374
374	404
404	422
422	441
441	462
462	482
482	505
505	640
640	892
892	1129
1129	1142
1142	1164
1164	1177
1177	1202
1202	1225
1225	1247
1247	1296
1296	1322
1322	1354
1354	1389
1389	1799
1799	1814
1814	1835
1835	1854
1854	1874
1874	1892
1892	1912
1912	1932
1932	1949
1949	1966
1966	1990
1990	2008
2008	2023
2023	2157
2157	2258
2258	2388
2388	2417
2417	2435
2435	2451
2451	2473
2473	2507
2507	2530
2530	2562
2562	2590
2590	2618
2618	2632
2632	2658
2658	2690
2690	2707
2707	2733
2733	2748
2748	2762
2762	2795
2795	2812
2812	2825
2825	2855
2855	3105
3105	3355
3355	3492
3492	3520
3520	3552
3552	3570
3570	3602
3602	3622
3622	3638
3638	3655
3655	3677
3677	3700
3700	3713
3713	3753
3753	3780
3780	3800
3800	3880
3880	3905
3905	3920
3920	4160
4160	4410
4410	4589
4589	4656
4656	4697
4697	4717
4717	4746
4746	4779
4779	4794
4794	4811
4811	4834
4834	4854
4854	4869
4869	4895
4895	4924
4924	4981
4981	5016
5016	5062
5062	5312
5312	5562
5562	5701
5701	5727
5727	5812
5812	6014
6014	6062
6062	6129
6129	6157
6157	6192
6192	6246
6246	6282
6282	6311
6311	6324
6324	6339
6339	6356
6356	6377
6377	6391
6391	6429
6429	6442
6442	6459
6459	6491
6491	6506
6506	6537
6537	6556
6556	6587
6587	6609
6609	6622
6622	6677
6677	6694
6694	6722
6722	6736
6736	6749
6749	6766
6766	6781
6781	6804
6804	6822
6822	6841
6841	6856
6856	6889
6889	6911
6911	6934
6934	6949
6949	6967
6967	7001
7001	7017
7017	7037
7037	7072
7072	7086
7086	7124
7124	7151
7151	7169
7169	7194
7194	7214
7214	7262
7262	7327
7327	7366
7366	7378
