0	154
154	183
183	262
262	320
320	354
354	378
378	394
394	418
418	442
442	459
459	479
479	495
495	533
533	572
572	635
635	652
652	682
682	709
709	769
769	787
787	838
838	876
876	903
903	929
929	1021
1021	1042
1042	1088
1088	1120
1120	1135
1135	1150
1150	1176
1176	1206
1206	1222
1222	1249
1249	1271
1271	1288
1288	1310
1310	1325
1325	1357
1357	1371
1371	1386
1386	1402
1402	1426
1426	1446
1446	1496
1496	1557
1557	1588
1588	1624
1624	1670
1670	1693
1693	1712
1712	1729
1729	1767
1767	1780
1780	1812
1812	1845
1845	1901
1901	1938
1938	1956
1956	2049
2049	2063
2063	2113
2113	2127
2127	2143
2143	2171
2171	2208
2208	2256
2256	2272
2272	2303
2303	2374
2374	2408
2408	2431
2431	2654
2654	2703
2703	2724
2724	2836
2836	2863
2863	2932
2932	2994
2994	3040
3040	3093
3093	3132
3132	3174
3174	3206
3206	3270
3270	3283
3283	3331
3331	3360
3360	3387
3387	3402
3402	3420
3420	3444
3444	3461
3461	3475
3475	3495
3495	3528
3528	3541
3541	3555
3555	3582
3582	3603
3603	3635
3635	3648
3648	3666
3666	3698
3698	3716
3716	3749
3749	3787
3787	3813
3813	3831
3831	3853
3853	3898
3898	3949
3949	3962
3962	3995
3995	4026
4026	4088
4088	4176
4176	4223
4223	4252
4252	4284
4284	4305
4305	4331
4331	4357
4357	4397
4397	4449
4449	4522
4522	4552
4552	4753
