0	299
299	317
317	799
799	877
877	978
978	1118
1118	1212
1212	1291
1291	1574
1574	1624
1624	1751
1751	1854
1854	2067
2067	2366
2366	2450
2450	2543
2543	2603
2603	2804
2804	2877
2877	3012
3012	3091
3091	3156
3156	3290
3290	3342
3342	3776
3776	3883
3883	3947
3947	4064
4064	4181
4181	4228
4228	4279
4279	4391
4391	4450
4450	4541
4541	4611
4611	4661
4661	4691
4691	4846
4846	4973
4973	5011
5011	5073
5073	5228
5228	5285
5285	5410
5410	5647
5647	5737
5737	6060
6060	6124
6124	6241
6241	6358
6358	6405
6405	6456
6456	6568
6568	6627
6627	6718
6718	6788
6788	6838
6838	6868
6868	7023
7023	7150
7150	7188
7188	7250
7250	7462
7462	7587
7587	7824
7824	7914
7914	8162
8162	8218
8218	8300
8300	8512
8512	8575
8575	8632
