0	249
249	301
301	341
341	384
384	609
609	640
640	669
669	696
696	729
729	754
754	789
789	832
832	917
917	972
972	1031
1031	1087
1087	1147
1147	1303
1303	1361
1361	1436
1436	1464
1464	1507
1507	1542
1542	1574
1574	1598
1598	1633
1633	1683
1683	1710
1710	1774
1774	1800
1800	1820
1820	1834
1834	1855
1855	1896
1896	1914
1914	1946
1946	2005
2005	2034
2034	2076
2076	2108
2108	2169
2169	2217
2217	2261
2261	2321
2321	2352
2352	2386
2386	2433
2433	2488
2488	2541
2541	2593
2593	2640
2640	2673
2673	2754
2754	2808
2808	2860
2860	2898
2898	2963
2963	3021
3021	3080
3080	3115
3115	3184
3184	3206
3206	3235
3235	3264
3264	3300
3300	3334
3334	3386
3386	3428
3428	3458
3458	3488
3488	3536
3536	3582
3582	3643
3643	3708
3708	3737
3737	3774
3774	3805
3805	3848
3848	3940
3940	3955
3955	3969
3969	3984
3984	3998
3998	4019
4019	4043
4043	4073
4073	4101
4101	4127
4127	4141
4141	4165
4165	4231
4231	4305
4305	4359
4359	4440
4440	4499
4499	4537
4537	4581
4581	4607
4607	4635
4635	4690
4690	4742
4742	4797
4797	4848
4848	4891
4891	4943
4943	5005
5005	5061
5061	5116
5116	5156
5156	5204
5204	5231
5231	5457
5457	5470
5470	5520
5520	5580
5580	5603
5603	5619
5619	5643
5643	5664
5664	5720
5720	5754
5754	5771
5771	5807
5807	5904
5904	5935
5935	5948
5948	5962
5962	5985
5985	6010
6010	6088
6088	6142
6142	6168
6168	6189
6189	6209
6209	6615
6615	6775
6775	6808
6808	6883
6883	6945
6945	7006
7006	7054
7054	7100
7100	7142
