0	155
155	378
378	645
645	1082
1082	1138
1138	1232
1232	1256
1256	1317
1317	1433
1433	1507
1507	1560
1560	1573
1573	1586
1586	1640
1640	1659
1659	1768
1768	1813
1813	2022
2022	2044
2044	2077
2077	2194
2194	2267
2267	2490
2490	2506
2506	2520
2520	2534
2534	2547
2547	2570
2570	2583
2583	2612
2612	2631
2631	2662
2662	2678
2678	2697
2697	2710
2710	2727
2727	2759
2759	2794
2794	2851
2851	2869
2869	2884
2884	2913
2913	2927
2927	2972
2972	2986
2986	3004
3004	3018
3018	3052
3052	3098
3098	3124
3124	3166
3166	3203
3203	3238
3238	3270
3270	3299
3299	3346
3346	3382
3382	3416
3416	3434
3434	3471
3471	3503
3503	3536
3536	3554
3554	3570
3570	3584
3584	3626
3626	3680
3680	3697
3697	3717
3717	3732
3732	3788
3788	3884
3884	3972
3972	4043
4043	4281
4281	4476
4476	4490
4490	4545
4545	4561
4561	4598
4598	4652
4652	4734
4734	4776
4776	4802
4802	4836
4836	4980
4980	5004
5004	5026
5026	5044
5044	5455
5455	5504
5504	5533
5533	5562
5562	5599
5599	5626
5626	5658
5658	5689
5689	5707
5707	5725
5725	5744
5744	5836
5836	5871
5871	5952
5952	5976
5976	5995
5995	6035
6035	6086
6086	6132
6132	6244
6244	6327
6327	7185
