0	15
15	40
40	165
165	190
190	228
228	254
254	290
290	304
304	317
317	330
330	354
354	380
380	417
417	442
442	481
481	506
506	542
542	555
555	569
569	593
593	606
606	639
639	654
654	689
689	715
715	829
829	876
876	889
889	902
902	928
928	952
952	978
978	1003
1003	1016
1016	1041
1041	1091
1091	1119
1119	1156
1156	1180
1180	1210
1210	1248
1248	1261
1261	1311
1311	1399
1399	1437
1437	1487
1487	1512
1512	1563
1563	1588
1588	1626
1626	1714
1714	1739
1739	1775
1775	1800
1800	1839
1839	1940
1940	1990
1990	2015
2015	2078
2078	2091
2091	2152
2152	2199
2199	2212
2212	2237
2237	2262
2262	2287
2287	2312
2312	2325
2325	2350
2350	2376
2376	2413
2413	2426
2426	2463
2463	2488
2488	2503
2503	2540
2540	2564
2564	2590
2590	2640
2640	2653
2653	2678
2678	2704
2704	2727
2727	2779
2779	2804
2804	2841
2841	2866
2866	2891
2891	2967
2967	2992
2992	3018
3018	3042
3042	3118
3118	3144
3144	3157
3157	3181
3181	3194
3194	3219
3219	3232
3232	3269
3269	3283
3283	3306
3306	3344
3344	3370
3370	3395
3395	3408
3408	3433
3433	3471
3471	3497
3497	3551
3551	3572
3572	3585
3585	3660
3660	3686
3686	3724
3724	3761
3761	3812
3812	3846
3846	3867
3867	3892
3892	3905
3905	3918
3918	3943
3943	3982
3982	4006
4006	4043
4043	4082
4082	4147
4147	4165
4165	4194
4194	4208
4208	4259
4259	4284
4284	4359
4359	4372
4372	4397
4397	4410
4410	4447
4447	4472
4472	4509
4509	4536
4536	4597
4597	4636
4636	4661
4661	4686
4686	4717
4717	4743
4743	4767
4767	4780
4780	4805
4805	4831
4831	4867
4867	4906
4906	4931
4931	4944
4944	4957
4957	5006
5006	5069
5069	5094
5094	5120
5120	5158
5158	5196
5196	5220
5220	5245
5245	5258
5258	5284
5284	5334
5334	5384
5384	6668
6668	6859
