0	131
131	224
224	315
315	437
437	624
624	877
877	915
915	971
971	1052
1052	1198
1198	1331
1331	1393
1393	1427
1427	1447
1447	1469
1469	1516
1516	1541
1541	1579
1579	1749
1749	1842
1842	1990
1990	2064
2064	2112
2112	2163
2163	2228
2228	2281
2281	2389
2389	2504
2504	2571
2571	2676
2676	2714
2714	2756
2756	2899
2899	3004
3004	3075
3075	3119
3119	3151
3151	3169
3169	3409
3409	3442
3442	3495
3495	3563
3563	3731
3731	3801
3801	3902
3902	3962
3962	4003
4003	4058
4058	4115
4115	4160
4160	4209
4209	4256
4256	4308
4308	4376
4376	4461
4461	4498
4498	4514
4514	4571
4571	4620
4620	4673
4673	4737
4737	4769
4769	4815
4815	4862
4862	5019
5019	5152
5152	5193
5193	5247
5247	5316
5316	5360
5360	5403
5403	5424
5424	5462
5462	5519
