0	240
240	287
287	301
301	364
364	405
405	477
477	506
506	524
524	541
541	570
570	587
587	607
607	629
629	643
643	714
714	729
729	784
784	800
800	830
830	856
856	874
874	941
941	966
966	1009
1009	1065
1065	1090
1090	1104
1104	1142
1142	1198
1198	1253
1253	1307
1307	1349
1349	1389
1389	1404
1404	1433
1433	1449
1449	1471
1471	1491
1491	1504
1504	1517
1517	1535
1535	1554
1554	1586
1586	1603
1603	1617
1617	1633
1633	1674
1674	1709
1709	1752
1752	1799
1799	1836
1836	1860
1860	1914
1914	1966
1966	2011
2011	2030
2030	2074
2074	2092
2092	2105
2105	2130
2130	2214
2214	2267
2267	2314
2314	2387
2387	2447
2447	2495
2495	2577
2577	2592
2592	2632
2632	2723
2723	2737
2737	2753
2753	2773
2773	2835
2835	2875
2875	2909
2909	2944
2944	2965
2965	3057
3057	3168
3168	3206
3206	3236
3236	3251
3251	3276
3276	3324
3324	3352
3352	3415
3415	3461
3461	3502
3502	3575
3575	3637
3637	3699
3699	3737
3737	3754
3754	3780
3780	3806
3806	3875
3875	3962
3962	3977
3977	4021
4021	4092
4092	4137
4137	4188
4188	4246
4246	4319
4319	4333
4333	4357
4357	4382
4382	4400
4400	4414
4414	4434
4434	4450
4450	4463
4463	4477
4477	4490
4490	4506
4506	4519
4519	4680
4680	4695
4695	4841
4841	4980
4980	5128
5128	5198
5198	5223
5223	5262
5262	5326
5326	5361
5361	5426
5426	5440
5440	5453
5453	5494
5494	5509
5509	5524
5524	5539
5539	5553
5553	5573
5573	5661
5661	5685
5685	5722
5722	5805
5805	5833
5833	5889
5889	5909
5909	5923
5923	5945
5945	5968
5968	6027
6027	6073
6073	6087
6087	6105
6105	6154
6154	6217
6217	6238
6238	6253
6253	6268
6268	6283
6283	6296
6296	6309
6309	6322
6322	6353
6353	6481
6481	6700
6700	6883
6883	7048
7048	7127
7127	7166
7166	7259
7259	7395
7395	7495
7495	7510
7510	7525
7525	7551
7551	7566
7566	7580
7580	7628
7628	7643
7643	7679
7679	7728
7728	7834
7834	7905
7905	7925
7925	7967
7967	8029
8029	8140
8140	8375
8375	8542
8542	8648
8648	9124
9124	9180
9180	9265
9265	9494
9494	9819
9819	10028
10028	10175
10175	10274
10274	10345
10345	10460
10460	10697
10697	10933
10933	10946
10946	11139
11139	11280
11280	11414
11414	11450
11450	11463
11463	11483
11483	11500
11500	11560
11560	11618
11618	11777
11777	11791
11791	11841
11841	11877
11877	11904
11904	13516
13516	13571
13571	13635
13635	13649
13649	13665
13665	13684
13684	13698
13698	13759
13759	13884
13884	14396
14396	14411
14411	14457
14457	14470
14470	14888
14888	14904
14904	14919
14919	14995
14995	15187
15187	15200
15200	15215
15215	15699
15699	15783
15783	15912
15912	15955
15955	16060
16060	16219
16219	16336
16336	16437
16437	16454
16454	16469
16469	16485
16485	16712
16712	16726
16726	16742
16742	16769
16769	16790
16790	16809
16809	16825
16825	16859
16859	16872
16872	16927
16927	16947
16947	16963
16963	16999
16999	17012
17012	17025
17025	17038
17038	17054
17054	17102
17102	17120
17120	17135
17135	17150
17150	17278
17278	17369
17369	17385
17385	17447
17447	17462
17462	17477
17477	17529
17529	17543
17543	17559
17559	17576
17576	17628
17628	17682
17682	17711
17711	17729
17729	17754
17754	17778
17778	17794
17794	17807
17807	17840
17840	17857
17857	17942
17942	17961
17961	18062
18062	18284
18284	18347
18347	18428
18428	18501
18501	18600
18600	18686
18686	18788
18788	18887
18887	18900
18900	19187
19187	19234
19234	19342
19342	19550
19550	19652
19652	19819
19819	19832
19832	19847
19847	19862
19862	19877
19877	19979
19979	20039
20039	20109
20109	20196
20196	20346
20346	20501
20501	20554
20554	20580
20580	20693
20693	20740
20740	20895
20895	21021
21021	21112
21112	21230
21230	21257
21257	21275
21275	21486
21486	21596
21596	21716
21716	21805
21805	21825
21825	21844
21844	21857
21857	21871
21871	21932
21932	22052
22052	22145
22145	22287
22287	22410
22410	22511
22511	22694
22694	23332
23332	23563
23563	23772
23772	23872
23872	23942
23942	24064
24064	24219
24219	24352
24352	24476
24476	24688
24688	24707
24707	24762
24762	24836
24836	25179
25179	25367
25367	25652
25652	25839
25839	25958
25958	26028
26028	26216
26216	26445
26445	26684
26684	26869
26869	27177
27177	27329
27329	27537
27537	27763
27763	28108
28108	28155
28155	28302
28302	28394
28394	29054
29054	29078
29078	29091
29091	29110
29110	29134
29134	29158
29158	29182
29182	29210
29210	29226
29226	29241
29241	29313
29313	29414
29414	29559
29559	29617
29617	29773
29773	29897
29897	30020
30020	30050
30050	30063
30063	30137
30137	30200
30200	30215
30215	30230
30230	30247
30247	30261
30261	30277
30277	30492
30492	30524
30524	30542
30542	30556
30556	30708
30708	30811
30811	30834
30834	30855
30855	30882
30882	31099
31099	31117
31117	31135
31135	31148
31148	31164
31164	31177
31177	31193
31193	31243
31243	31277
31277	31355
31355	31370
31370	31385
31385	31444
31444	31887
31887	31902
31902	31918
31918	31947
31947	31968
31968	31997
31997	32014
32014	32036
32036	32206
32206	32426
32426	32530
32530	32852
32852	32880
32880	32894
32894	32909
32909	32926
32926	33137
33137	33152
33152	33172
33172	33390
33390	33539
33539	33869
33869	33932
33932	33975
33975	33989
33989	34003
34003	34051
34051	34119
34119	34133
34133	34163
34163	34178
34178	34206
34206	34223
34223	34239
34239	34401
34401	34581
34581	34674
34674	34881
34881	34894
34894	34910
34910	35155
35155	35212
35212	35270
35270	35307
35307	35320
35320	35354
35354	35369
35369	35387
35387	35560
35560	35776
35776	35965
35965	36347
36347	36382
36382	36431
36431	36505
36505	36615
36615	36731
36731	36746
36746	36836
36836	36938
36938	36952
36952	36968
36968	37054
37054	37176
37176	37190
37190	37206
37206	37220
37220	37258
37258	37360
37360	37463
37463	37515
37515	37571
37571	37648
37648	37803
37803	37818
37818	37831
37831	37859
37859	37873
37873	37969
37969	38175
38175	38190
38190	38209
38209	38317
38317	38463
38463	38486
38486	38539
38539	38633
38633	38761
38761	38943
38943	38990
38990	39144
39144	39224
39224	39334
39334	39446
39446	40715
40715	40849
40849	41082
41082	41096
41096	41701
41701	42095
42095	42108
42108	42397
42397	42423
42423	42524
42524	42599
42599	42646
42646	42696
42696	42811
42811	42863
42863	42915
42915	43120
43120	43241
43241	43416
43416	43500
43500	43568
43568	43601
43601	43618
43618	43686
43686	43729
43729	43743
43743	43760
43760	43789
43789	43814
43814	43829
43829	43849
43849	43863
43863	43879
43879	43893
43893	43907
43907	43921
43921	43937
43937	43953
43953	43969
43969	43982
43982	43999
43999	44043
44043	44063
44063	44086
44086	44205
44205	44223
44223	44238
44238	44253
44253	44268
44268	44283
44283	44310
44310	44327
44327	44345
44345	44358
44358	44456
44456	44749
44749	44921
44921	44972
44972	44986
44986	45002
45002	45018
45018	45039
45039	45059
45059	45074
45074	45090
45090	45104
45104	45124
45124	45156
45156	45171
45171	45186
45186	45202
45202	45218
45218	45234
45234	45248
45248	45270
45270	45283
45283	45296
45296	45312
45312	45330
45330	45454
45454	45518
45518	45566
45566	45614
45614	45679
45679	45738
45738	45798
45798	45948
45948	46004
46004	46076
46076	46128
46128	46195
46195	46255
46255	46347
46347	46447
46447	46511
46511	46589
46589	46645
46645	46701
46701	46765
46765	46836
46836	46884
46884	46931
46931	46978
46978	47030
47030	47086
47086	47140
47140	47192
47192	47226
47226	47268
47268	47357
47357	47370
47370	47469
47469	47534
47534	47594
47594	47618
47618	47705
47705	47721
47721	47851
47851	47864
47864	47889
47889	47989
47989	48186
48186	48284
48284	48383
48383	48453
48453	48476
48476	48489
48489	48505
48505	48518
48518	48538
48538	48551
48551	48565
48565	48578
48578	48594
48594	48610
48610	48671
48671	48847
48847	48860
48860	48890
48890	48926
48926	49033
49033	49053
49053	49091
49091	49108
49108	49129
49129	49142
49142	49156
49156	49170
49170	49189
49189	49205
49205	49267
49267	49284
49284	49451
49451	49515
49515	49530
49530	49616
49616	49629
49629	49643
49643	49656
49656	49707
49707	49738
49738	49790
49790	49804
49804	49817
49817	49978
49978	49995
49995	50009
50009	50025
50025	50039
50039	50109
50109	50126
50126	50860
50860	51096
51096	51124
51124	51160
51160	51175
51175	51190
51190	51203
51203	51321
51321	51346
51346	51365
51365	51379
51379	51452
51452	51468
51468	51483
51483	51498
51498	51514
51514	51629
51629	51644
51644	51786
51786	51921
51921	51940
51940	52013
52013	52088
52088	52247
52247	52260
52260	52512
52512	52526
52526	52550
52550	52667
52667	52822
52822	52838
52838	53044
53044	53058
53058	53195
53195	53208
53208	53480
53480	53688
53688	53803
53803	54436
54436	54537
54537	54709
54709	54901
54901	55199
55199	55223
55223	55346
55346	55642
55642	55901
55901	55980
55980	55993
55993	56007
56007	56242
56242	56839
56839	56852
56852	56870
56870	56888
56888	57028
57028	57113
57113	57138
57138	57278
57278	57328
57328	57384
57384	57454
57454	57549
57549	57707
57707	57749
57749	57860
57860	57899
57899	57950
57950	57963
57963	57982
57982	58015
58015	58243
58243	58258
58258	58272
58272	58304
58304	58394
58394	58520
58520	58574
58574	58590
58590	58604
58604	58629
58629	58653
58653	58677
58677	58696
58696	58740
58740	58773
58773	58788
58788	58802
58802	58820
58820	58891
58891	58904
58904	58993
58993	59006
59006	59020
59020	59122
59122	59284
59284	59345
59345	59360
59360	59374
59374	59388
59388	59410
59410	59550
59550	59693
59693	59795
59795	59821
59821	59837
59837	59927
59927	59958
59958	59979
59979	60073
60073	60319
60319	60577
60577	60962
60962	61214
61214	61372
61372	61602
61602	61852
61852	62087
62087	62482
62482	62670
62670	63238
63238	63376
63376	63515
63515	63646
63646	63724
63724	63798
63798	63896
63896	63915
63915	64003
64003	64065
64065	64200
64200	64787
64787	64871
64871	65083
65083	65280
65280	65502
65502	65650
65650	65663
65663	65681
65681	65702
65702	65716
65716	65756
65756	65827
65827	65864
65864	65880
65880	65954
65954	66012
66012	66029
66029	66090
66090	66104
66104	66238
66238	66254
66254	66349
66349	66450
66450	66588
66588	66637
66637	66651
66651	66680
66680	66710
66710	66724
66724	66834
66834	66881
66881	66899
66899	66921
66921	67043
67043	67134
67134	67219
67219	67358
67358	67380
67380	67394
67394	67638
67638	67862
67862	68040
68040	68325
68325	68338
68338	68628
68628	68643
68643	68659
68659	68672
68672	68689
68689	68755
68755	68769
68769	69036
69036	69193
69193	69598
69598	69611
69611	69624
69624	69691
69691	69851
69851	69866
69866	69889
69889	69902
69902	70030
70030	70095
70095	70150
70150	70286
70286	71179
71179	71331
71331	71567
71567	71581
71581	71596
71596	71610
71610	71714
71714	71798
71798	71824
71824	71841
71841	71917
71917	71932
71932	71984
71984	72150
72150	72252
72252	72269
72269	72283
72283	72298
72298	72319
72319	72450
72450	72499
72499	72616
72616	72814
72814	72829
72829	72939
72939	72987
72987	73001
73001	73033
73033	73046
73046	73347
73347	73479
73479	73562
73562	73648
73648	73744
73744	73758
73758	73881
73881	73948
73948	74017
74017	74065
74065	74082
74082	74110
74110	74244
74244	74355
74355	74369
74369	74382
74382	74483
74483	74557
74557	74884
74884	74921
74921	75041
75041	75132
75132	75153
75153	75179
75179	75224
75224	75281
75281	75359
75359	75407
75407	75430
75430	75499
75499	75554
75554	75567
75567	75660
75660	75766
75766	75779
75779	75890
75890	76098
76098	76147
76147	76222
76222	76333
76333	76408
76408	76450
76450	76572
76572	76930
76930	77112
77112	77219
77219	77369
77369	77507
77507	77685
77685	78102
78102	78284
78284	78367
78367	78771
78771	79269
79269	79569
79569	79721
79721	79736
79736	79750
79750	80062
80062	80374
80374	80389
80389	80422
80422	80452
80452	80469
80469	80484
80484	80520
80520	80533
80533	80546
80546	80574
80574	80588
80588	80612
80612	80644
80644	80674
80674	80700
80700	80714
80714	80753
80753	80813
80813	80859
80859	80910
80910	80929
80929	80952
80952	80969
80969	81007
81007	81118
81118	81439
81439	81760
81760	81886
81886	82398
82398	82552
82552	82628
82628	82715
82715	83173
83173	83281
83281	83461
83461	83576
83576	84182
84182	84412
84412	84609
84609	85999
85999	86302
86302	86484
86484	87457
87457	87648
87648	87664
87664	87704
87704	87726
87726	87756
87756	87770
87770	87783
87783	87796
87796	87815
87815	87830
87830	88082
88082	88189
88189	88281
88281	88327
88327	88360
88360	88375
88375	88389
88389	88413
88413	88470
88470	88498
88498	88526
88526	88543
88543	88566
88566	88641
88641	88658
88658	88671
88671	88695
88695	88715
88715	88811
88811	88829
88829	89032
89032	89240
89240	89687
89687	89700
89700	89860
89860	89890
89890	90140
90140	90261
90261	90286
90286	90308
90308	90325
90325	90399
90399	90677
90677	90713
90713	90792
90792	90827
90827	90862
90862	90930
90930	90949
90949	91024
91024	91148
91148	91256
91256	91358
91358	91466
91466	91505
91505	91560
91560	91581
91581	91694
91694	92034
92034	92047
92047	92339
92339	92517
92517	92659
92659	92673
92673	93038
93038	93054
93054	93249
93249	93391
93391	93470
93470	93624
93624	93662
93662	93803
93803	94043
94043	94173
94173	94277
94277	94326
94326	94341
94341	94357
94357	94383
94383	94403
94403	94475
94475	94492
94492	94505
94505	94543
94543	94831
94831	94856
94856	95056
95056	95251
95251	95336
95336	95411
95411	95706
95706	95788
95788	95871
95871	95934
95934	96202
96202	96309
96309	96339
96339	96355
96355	96373
96373	96433
96433	96461
96461	96481
96481	96495
96495	96509
96509	96543
96543	96559
96559	96582
96582	96637
96637	96745
96745	96824
96824	96839
96839	96856
96856	96873
96873	96903
96903	96918
96918	96941
96941	96956
96956	96995
96995	97013
97013	97063
97063	97099
97099	97113
97113	97142
97142	97362
97362	97438
97438	97478
97478	97617
97617	97636
97636	97652
97652	97668
97668	97682
97682	97822
97822	97840
97840	97853
97853	97892
97892	97942
97942	98004
98004	98037
98037	98062
98062	98085
98085	98105
98105	98130
98130	98165
98165	98210
98210	98263
98263	98335
98335	98419
98419	98515
98515	98565
98565	98615
98615	98629
98629	98651
98651	98679
98679	98729
98729	98746
98746	98773
98773	98793
98793	98824
98824	98839
98839	98881
98881	98992
98992	99134
99134	99182
99182	99274
99274	99331
99331	99566
99566	99734
99734	99830
99830	99908
99908	100656
100656	100724
100724	100747
100747	100784
100784	100812
100812	100850
100850	101209
101209	101224
101224	101762
101762	101941
101941	102236
102236	102303
102303	102487
102487	104575
104575	104681
104681	104954
104954	105070
105070	105496
105496	105513
105513	105527
105527	105542
105542	105566
105566	105580
105580	105601
105601	105622
105622	105651
105651	105672
105672	105692
105692	105705
105705	105725
105725	105762
105762	105778
105778	105871
105871	105929
105929	106234
106234	106495
106495	106547
106547	107170
107170	107293
107293	107422
107422	107560
107560	107710
107710	107818
107818	107860
107860	107959
107959	108232
108232	109034
109034	109136
109136	109226
109226	109296
109296	109390
109390	109514
109514	109875
109875	110097
110097	110243
110243	110281
110281	110395
110395	110499
110499	110657
110657	110864
110864	111030
111030	111207
111207	111282
111282	111337
111337	111372
111372	111468
111468	111564
111564	111610
111610	111780
111780	111852
111852	112060
112060	112115
112115	112229
112229	112300
112300	112395
112395	112510
112510	112733
112733	112906
112906	113028
113028	113265
113265	113699
113699	113802
113802	113853
113853	113907
113907	113923
113923	113937
113937	113961
113961	113987
113987	114011
114011	114035
114035	114070
114070	114163
114163	114224
114224	114302
114302	114432
114432	114539
114539	114678
114678	114763
114763	114858
114858	115096
115096	115178
115178	115325
115325	115452
115452	116004
116004	116233
116233	116310
116310	116355
116355	116455
116455	116651
116651	116765
116765	116998
116998	117135
117135	117310
117310	117452
117452	117594
117594	117722
117722	117943
117943	118098
118098	118425
118425	118509
118509	118589
118589	118608
118608	118623
118623	118639
118639	118655
118655	118675
118675	118694
118694	118721
118721	118783
118783	118853
118853	118955
118955	119073
119073	119088
119088	119102
119102	119121
119121	119139
119139	119157
119157	119179
119179	119195
119195	119298
119298	119540
119540	119770
119770	119839
119839	119853
119853	119868
119868	119892
119892	120040
120040	120221
120221	120235
120235	120539
120539	120623
120623	120817
120817	120833
120833	120935
120935	121003
121003	121088
121088	121197
121197	121269
121269	121374
121374	121406
121406	121429
121429	121442
121442	121456
121456	121476
121476	121501
121501	121590
121590	121603
121603	121656
121656	121724
121724	121816
121816	121908
121908	121927
121927	121948
121948	122056
122056	122167
122167	122195
122195	122331
122331	122437
122437	122511
122511	122529
122529	122561
122561	122673
122673	122804
122804	122827
122827	122873
122873	122960
122960	122982
122982	123080
123080	123378
123378	123431
123431	123471
123471	123502
123502	124146
124146	124499
124499	124593
124593	124656
124656	124671
124671	124705
124705	124951
124951	124968
124968	124989
124989	125105
125105	125129
125129	125142
125142	125163
125163	125272
125272	125293
125293	125400
125400	125848
125848	125930
125930	126016
126016	126031
126031	126098
126098	126111
126111	126125
126125	126168
126168	126285
126285	126397
126397	126431
126431	126913
126913	127091
127091	127124
127124	127459
127459	127489
127489	128629
128629	129193
129193	129213
129213	129241
129241	129432
129432	129451
129451	129469
129469	129655
129655	129682
129682	129781
129781	129799
129799	129814
129814	129828
129828	129842
129842	129861
129861	129883
129883	129900
129900	129942
129942	129976
129976	130000
130000	130016
130016	130044
130044	130057
130057	130167
130167	130229
130229	130301
130301	130467
130467	130603
130603	130674
130674	130710
130710	130749
130749	130822
130822	130897
130897	131076
131076	131148
131148	131197
131197	131218
131218	131328
131328	131342
131342	131448
131448	131526
131526	131606
131606	131756
131756	131852
131852	131917
131917	131998
131998	132141
132141	132203
132203	132305
132305	132375
132375	132596
132596	132685
132685	132753
132753	132809
132809	132885
132885	132992
132992	133075
133075	133143
133143	133200
133200	133268
133268	133342
133342	133394
133394	133456
133456	133533
133533	133578
133578	133680
133680	133742
133742	133870
133870	133916
133916	133941
133941	133965
133965	133982
133982	133996
133996	134133
134133	134210
134210	134320
134320	134431
134431	134546
134546	134560
134560	134576
134576	134664
134664	134734
134734	134757
134757	134846
134846	134943
134943	135019
135019	135125
135125	135253
135253	135321
135321	135371
135371	135491
135491	135579
135579	135597
135597	135789
135789	135974
135974	136109
136109	136256
136256	136352
136352	136432
136432	136592
136592	136654
136654	136738
136738	136791
136791	137013
137013	137103
137103	137194
137194	137281
137281	137325
137325	137345
137345	137403
137403	137593
137593	137835
137835	138400
138400	138518
138518	138640
138640	140070
140070	140212
140212	140472
140472	140658
140658	140789
140789	141089
141089	141349
141349	141660
141660	141922
141922	142006
142006	142204
142204	142241
142241	142346
142346	142390
142390	142406
142406	142548
142548	142576
142576	142597
142597	142618
142618	142635
142635	142675
142675	142727
142727	142775
142775	142788
142788	142802
142802	142839
142839	142853
142853	142867
142867	142887
142887	142931
142931	143025
143025	143047
143047	143097
143097	143119
143119	143139
143139	143155
143155	143171
143171	143185
143185	143203
143203	143236
143236	143250
143250	143273
143273	143327
143327	143343
143343	143377
143377	143437
143437	143487
143487	143523
143523	143645
143645	143694
143694	143716
143716	143747
143747	143802
143802	143859
143859	143898
143898	143936
143936	143988
143988	144017
144017	144088
144088	144145
144145	144162
144162	144218
144218	144267
144267	144368
144368	144408
144408	144421
144421	144436
144436	144452
144452	144468
144468	144563
144563	144576
144576	144647
144647	145363
145363	145657
145657	145768
145768	146016
146016	146034
146034	146064
146064	146084
146084	146196
146196	146266
146266	146396
146396	146420
146420	146436
146436	146450
146450	146493
146493	146572
146572	146587
146587	146631
146631	146644
146644	146667
146667	146700
146700	146907
146907	146991
146991	147101
147101	147142
147142	147175
147175	147188
147188	147201
147201	147217
147217	147253
147253	147303
147303	147337
147337	147353
147353	147367
147367	147385
147385	147441
147441	147489
147489	147575
147575	147591
147591	147701
147701	147880
147880	147896
147896	147932
147932	148141
148141	148194
148194	148254
148254	148274
148274	148297
148297	148346
148346	148366
148366	148380
148380	148396
148396	148412
148412	148426
148426	148494
148494	148516
148516	148546
148546	148600
148600	148614
148614	148660
148660	148675
148675	148688
148688	148967
148967	148980
148980	149010
149010	149084
149084	149117
149117	149197
149197	149221
149221	149241
149241	149263
149263	149329
149329	149359
149359	149383
149383	149411
149411	149567
149567	149581
149581	149646
149646	149678
149678	149694
149694	149761
149761	149834
149834	149902
149902	149928
149928	149982
149982	150066
150066	150170
150170	150276
150276	150434
150434	150554
150554	150650
150650	150729
150729	150781
150781	150811
150811	150862
150862	150891
150891	150975
150975	151157
151157	151227
151227	151243
151243	151295
151295	151459
151459	151473
151473	151505
151505	151521
151521	151537
151537	151681
151681	152070
152070	152086
152086	152142
152142	152180
152180	152198
152198	152212
152212	152226
152226	152308
152308	152322
152322	152336
152336	152359
152359	152376
152376	152546
152546	152564
152564	152681
152681	152809
152809	152877
152877	152958
152958	153135
153135	153151
153151	153225
153225	153250
153250	153317
153317	153375
153375	153451
153451	153473
153473	153491
153491	153583
153583	153615
153615	153645
153645	153687
153687	153700
153700	153914
153914	153965
153965	154018
154018	154031
154031	154047
154047	154062
154062	154104
154104	154148
154148	154174
154174	154191
154191	154206
154206	154270
154270	154284
154284	154302
154302	154316
154316	154344
154344	154360
154360	154376
154376	154392
154392	154626
154626	154681
154681	154710
154710	154732
154732	154794
154794	154818
154818	154836
154836	154857
154857	154888
154888	154914
154914	155070
155070	155085
155085	155135
155135	155227
155227	155243
155243	155259
155259	155272
155272	155285
155285	155299
155299	155323
155323	155337
155337	155350
155350	155363
155363	155380
155380	155427
155427	155481
155481	155617
155617	155926
