0	191
191	221
221	240
240	283
283	312
312	342
342	368
368	452
452	548
548	598
598	634
634	713
713	740
740	766
766	805
805	822
822	846
846	892
892	912
912	1010
1010	1073
1073	1112
1112	1131
1131	1183
1183	1227
1227	1261
1261	1319
1319	1341
1341	1363
1363	1430
1430	1616
1616	1654
1654	1712
1712	1749
1749	2011
2011	2071
2071	2134
2134	2169
2169	2216
2216	2253
2253	2290
2290	2373
2373	2417
2417	2523
2523	2548
2548	2572
2572	2625
2625	2658
2658	2694
2694	2724
2724	2765
2765	2817
2817	2874
2874	2977
2977	3003
3003	3046
3046	3068
3068	3138
3138	3212
3212	3270
3270	3328
3328	3371
3371	3512
3512	3594
3594	3667
3667	3783
3783	3892
3892	4042
4042	4177
4177	4360
4360	4403
4403	4499
4499	4538
4538	4643
4643	5024
5024	5128
5128	5158
5158	5171
5171	5229
5229	5252
5252	5267
5267	5292
5292	5344
5344	5395
5395	5570
5570	5911
5911	5979
5979	6132
6132	6271
6271	6475
6475	6565
6565	6620
6620	6673
6673	6742
6742	6796
6796	6849
6849	6903
6903	6991
6991	7040
7040	7081
7081	7108
7108	7141
7141	7188
7188	7323
7323	7363
7363	7379
7379	7478
7478	7529
7529	7583
7583	7709
7709	7745
7745	7785
7785	7858
7858	7940
7940	8050
8050	8306
8306	8393
8393	8619
8619	8647
8647	8673
8673	8884
8884	8967
8967	9126
9126	9215
9215	9242
9242	9311
9311	9399
9399	9430
9430	9475
9475	9607
9607	9691
9691	9761
9761	9867
9867	9952
9952	10039
10039	10111
10111	10195
10195	10289
10289	10354
10354	10423
10423	10788
10788	11036
11036	11117
11117	11196
11196	11266
11266	11406
11406	11521
11521	11781
11781	11851
11851	11988
11988	12147
12147	12308
12308	12462
12462	12522
12522	12751
12751	12857
12857	12899
12899	12937
12937	12986
12986	13046
13046	13089
13089	13132
13132	13169
13169	13517
13517	13640
13640	13748
13748	13839
13839	13901
13901	13956
13956	14009
14009	14061
14061	14100
14100	14182
14182	14287
14287	14385
14385	14496
14496	14689
14689	15512
15512	16042
16042	16091
16091	16233
16233	16718
16718	16860
16860	17249
17249	17339
17339	17413
17413	17785
17785	18003
18003	18023
18023	18041
18041	18060
18060	18074
18074	18094
18094	18116
18116	18189
18189	18256
18256	18304
18304	18336
18336	18369
18369	18403
18403	18435
18435	18524
18524	19215
19215	19265
19265	19567
19567	19677
19677	19709
19709	19931
19931	19985
19985	20234
20234	20460
20460	20547
20547	20868
20868	20959
20959	21099
21099	21307
21307	21422
21422	21871
21871	21933
21933	22264
22264	22359
22359	22442
22442	22530
22530	22639
22639	22699
22699	22787
22787	22868
22868	22939
22939	22997
22997	23061
23061	23124
23124	23195
23195	23312
23312	23402
23402	23524
23524	23614
23614	23907
23907	24003
24003	24206
24206	24464
24464	24700
24700	24875
24875	24975
24975	25239
25239	25310
25310	25438
25438	25580
25580	26455
26455	26726
26726	26749
26749	26824
26824	26873
26873	27025
27025	27087
27087	27160
27160	27250
27250	27462
27462	27619
27619	27711
27711	27749
27749	27788
27788	27825
27825	27920
27920	28003
28003	28258
28258	28355
28355	28482
28482	28589
28589	28658
28658	28717
28717	28776
28776	28847
28847	29090
29090	29383
29383	29552
29552	29633
29633	29749
29749	29835
29835	29906
29906	30031
30031	30093
30093	30329
30329	30450
30450	30504
30504	30556
30556	30609
30609	30650
30650	30698
30698	30877
30877	30927
30927	31061
31061	31143
31143	31232
31232	31283
31283	31308
31308	31328
31328	31410
31410	31641
31641	31910
31910	31953
31953	32008
32008	32075
32075	32257
32257	32307
32307	32358
32358	32402
32402	32466
32466	32555
32555	32720
32720	32784
32784	32838
32838	32889
32889	32939
32939	33075
33075	33149
33149	33200
33200	33317
33317	33393
33393	33797
33797	34124
34124	34369
34369	34464
34464	34545
34545	34700
34700	34819
34819	34874
34874	34967
34967	35390
35390	35499
35499	35740
35740	35903
35903	35967
35967	36109
36109	36216
36216	36280
36280	36385
36385	36411
36411	36447
36447	36541
36541	36723
36723	36777
36777	36837
36837	36895
36895	36977
36977	37036
37036	37105
37105	37169
37169	37279
37279	37423
37423	37518
37518	38076
38076	38292
38292	38334
38334	38447
38447	38593
38593	38712
38712	38775
38775	38852
38852	39091
39091	39248
39248	39483
39483	39612
39612	39675
39675	39718
39718	40028
40028	40534
40534	40588
40588	40643
40643	40708
40708	40734
40734	40770
40770	40810
40810	40854
40854	40901
40901	40949
40949	41012
41012	41074
41074	41130
41130	41201
41201	41305
41305	41463
41463	41654
41654	41792
41792	41956
41956	42052
42052	42136
42136	42202
42202	42358
42358	42555
42555	42642
42642	42740
42740	42836
42836	42902
42902	43106
43106	43224
43224	43599
43599	43734
43734	43801
43801	43873
43873	43925
43925	44062
44062	44236
44236	44432
44432	44705
44705	44776
44776	44918
44918	45099
45099	45192
45192	45299
45299	45378
45378	45526
45526	45839
45839	45944
45944	45998
45998	46066
46066	46110
46110	46160
46160	46217
46217	46271
46271	46352
46352	46450
46450	46533
46533	46607
46607	46720
46720	46763
46763	46800
46800	46849
46849	46939
46939	46991
46991	47072
47072	47131
47131	47179
47179	47274
47274	47411
47411	47514
47514	47551
47551	47715
47715	47793
47793	47905
47905	47968
47968	48073
48073	48193
48193	48337
48337	48390
48390	48433
48433	48470
48470	48504
48504	48549
48549	48623
48623	48723
48723	48815
48815	48881
48881	48930
48930	48985
48985	49038
49038	49112
49112	49197
49197	49278
49278	49340
49340	49397
49397	49519
49519	49672
49672	49801
49801	49951
49951	50013
50013	50267
50267	50356
50356	50449
50449	50520
50520	50777
50777	50826
50826	51006
51006	51244
51244	51599
51599	51838
51838	52099
52099	52150
52150	52277
52277	52317
52317	52339
52339	52390
52390	52442
52442	52532
52532	52567
52567	52693
52693	52842
52842	52972
52972	53164
53164	53301
53301	53974
53974	54566
54566	54634
54634	54708
54708	54762
54762	54897
54897	55030
55030	55094
55094	55192
55192	55271
55271	55377
55377	55541
55541	55603
55603	55643
55643	55715
55715	55769
55769	55827
55827	55977
55977	56059
56059	56159
56159	56259
56259	56375
56375	56478
56478	56517
56517	56550
56550	56586
56586	56630
56630	56659
56659	56677
56677	56707
56707	56748
56748	56793
56793	56821
56821	56868
56868	56949
56949	57035
57035	57088
57088	57137
57137	57224
57224	57317
57317	57442
57442	57505
57505	57576
57576	57623
57623	57734
57734	57784
57784	57842
57842	57909
57909	57980
57980	58074
58074	58145
58145	58202
58202	58320
58320	58435
58435	58499
58499	58622
58622	58725
58725	58810
58810	58907
58907	59089
59089	59210
59210	59277
59277	59342
59342	59386
59386	59432
59432	59507
59507	59569
59569	59641
59641	59743
59743	59797
59797	59833
59833	59875
59875	59925
59925	59962
59962	60072
60072	60143
60143	60214
60214	60288
60288	60330
60330	60373
60373	60473
60473	60557
60557	60651
60651	60732
60732	60801
60801	60995
60995	61112
61112	61211
61211	61306
61306	61351
61351	61382
61382	61456
61456	61574
61574	61670
61670	61744
61744	61847
61847	61886
61886	61938
61938	61985
61985	62137
62137	62268
62268	62347
62347	62386
62386	62448
62448	62609
62609	62654
62654	62847
62847	62966
62966	63027
63027	63076
63076	63118
63118	63221
63221	63316
63316	63377
63377	63438
63438	63479
63479	63938
63938	64060
64060	64350
64350	64502
64502	64584
64584	64747
64747	64788
64788	64851
64851	64995
64995	65175
65175	65365
65365	65417
65417	65534
65534	65646
65646	65784
65784	65941
65941	66040
66040	66115
66115	66209
66209	66465
66465	66561
66561	66669
66669	66751
66751	66820
66820	66858
66858	66904
66904	66941
66941	66994
66994	67017
67017	67042
67042	67075
67075	67100
67100	67120
67120	67163
67163	67197
67197	67243
67243	67297
67297	67344
67344	67511
67511	67558
67558	67608
67608	67644
67644	67786
67786	67922
67922	68117
68117	68296
68296	68484
68484	68622
68622	68732
68732	68871
68871	68972
68972	69089
69089	69146
69146	69219
69219	69349
69349	69444
69444	69615
69615	69721
69721	69847
69847	69900
69900	69973
69973	70090
70090	70263
70263	70325
70325	70462
70462	70622
70622	70726
70726	70840
70840	70897
70897	71054
71054	71202
71202	71354
71354	71507
71507	71817
71817	71917
71917	72061
72061	72197
72197	72321
72321	72370
72370	72430
72430	72487
72487	72611
72611	72732
72732	72765
72765	72796
72796	72848
72848	72889
72889	73048
73048	73107
73107	73155
73155	73404
73404	73455
73455	73588
73588	73630
73630	73686
73686	73754
73754	73948
73948	74142
74142	74288
74288	74388
74388	74550
74550	74605
74605	74692
74692	74731
74731	74766
74766	74826
74826	74926
74926	74969
74969	75018
75018	75132
75132	75177
75177	75218
75218	75340
75340	75402
75402	75454
75454	75515
75515	75562
75562	75688
75688	75737
75737	75845
75845	75955
75955	76042
76042	76061
76061	76435
