61	62
301	302
1491	1492
1509	1510
1526	1527
1542	1543
1562	1563
1615	1616
1632	1633
1667	1668
1741	1742
1882	1883
1908	1909
1969	1970
2025	2026
2034	2035
2068	2069
2124	2125
2184	2185
2230	2232
2255	2256
2294	2295
2335	2336
2373	2376
2740	2742
2769	2771
2789	2790
2854	2855
2987	2988
3119	3120
3255	3256
3301	3304
3345	3346
3444	3445
3510	3511
3577	3578
3692	3693
3838	3840
3950	3951
4203	4204
4376	4378
4611	4612
4724	4725
4770	4771
5468	5469
8610	8611
8823	8824
9161	9162
9295	9296
10178	10179
10256	10257
10830	10831
11011	11012
11214	11215
12155	12156
12937	12938
13395	13396
14281	14282
14365	14366
14433	14434
15053	15054
15211	15212
16015	16016
16433	16434
17057	17058
17135	17136
17208	17209
17256	17257
17303	17304
17332	17333
17362	17363
17403	17404
17462	17463
17493	17494
17580	17581
17627	17628
17653	17654
17708	17709
17758	17759
17843	17844
17876	17878
17922	17923
17946	17947
17974	17975
17992	17993
18022	18023
18078	18079
18116	18117
18167	18168
18199	18200
18248	18250
18465	18467
19880	19881
19960	19961
20073	20074
20276	20277
20381	20382
23669	23670
24287	24288
24489	24490
26156	26159
26472	26473
27209	27210
28385	28386
28769	28770
30529	30530
32269	32270
34155	34156
36254	36255
36351	36352
36507	36508
37799	37800
38715	38716
38826	38827
39734	39735
41186	41187
41846	41847
42444	42445
42446	42447
42964	42966
44393	44394
44541	44542
46425	46427
50052	50054
52091	52092
53830	53831
53857	53859
54063	54064
54163	54164
54262	54263
54319	54320
54373	54374
54635	54637
55068	55069
55231	55232
55718	55719
55877	55878
56091	56092
58190	58191
59114	59115
59553	59554
59690	59691
60243	60244
60501	60502
61319	61320
61416	61417
61652	61653
63604	63605
64053	64054
64143	64144
65094	65096
65408	65409
66008	66009
67130	67132
67284	67285
67587	67588
67647	67648
69051	69052
69644	69645
69701	69702
71213	71214
71665	71666
72822	72823
73061	73062
74375	74376
74842	74843
76488	76489
76548	76549
77406	77410
78816	78817
79587	79588
79728	79729
80109	80110
80534	80535
80689	80690
80748	80749
80862	80863
81492	81493
83731	83733
83979	83980
