111	112
264	265
323	324
384	385
431	432
486	487
547	548
629	630
776	777
785	786
836	837
890	891
944	945
1011	1012
1088	1089
1150	1151
1229	1230
1348	1349
1452	1453
1530	1531
1569	1570
1638	1639
1691	1692
1781	1782
1858	1859
1891	1892
1963	1964
2036	2037
2120	2121
2183	2184
2250	2251
2333	2334
2392	2393
2442	2443
2498	2499
2620	2621
2691	2692
2791	2792
2949	2950
3036	3037
3125	3126
3176	3177
3236	3237
3285	3286
3343	3344
3442	3443
3476	3477
3664	3665
3729	3730
3800	3801
3890	3891
3968	3969
4044	4045
4122	4123
4216	4217
4273	4274
4342	4343
4374	4375
4431	4432
4477	4478
4507	4508
4542	4543
4570	4571
4687	4688
4774	4775
4849	4850
4878	4879
4917	4918
5044	5045
5101	5102
5142	5143
5213	5214
5283	5284
