34	37
143	145
153	154
618	619
839	840
1563	1564
1694	1695
1805	1806
2233	2234
2409	2410
2709	2710
2855	2856
2978	2979
3221	3222
3641	3642
3718	3719
3825	3826
3939	3940
3972	3973
4687	4688
4809	4810
4885	4886
4977	4978
5164	5165
5260	5261
5399	5400
5517	5518
5608	5609
5718	5719
5990	5991
6144	6145
6330	6331
6462	6463
6594	6595
6723	6724
6886	6887
7036	7037
7054	7057
7108	7109
7251	7252
7368	7369
7461	7462
7631	7632
7788	7789
7882	7883
8035	8036
8330	8331
8540	8541
8745	8746
8943	8944
9137	9138
9234	9235
9416	9417
9589	9590
9918	9919
10085	10086
10158	10159
10307	10308
11160	11161
11381	11382
11531	11532
11827	11828
11915	11916
11977	11978
12166	12167
12310	12311
12630	12631
12838	12839
13088	13089
13210	13211
13507	13508
14114	14115
14762	14763
14905	14906
15001	15002
15174	15175
15271	15272
15586	15587
15803	15804
15969	15970
16280	16281
16416	16417
16661	16662
17100	17101
17346	17347
17505	17506
17762	17763
17939	17940
18102	18103
18328	18329
18451	18452
18593	18594
18751	18752
18844	18845
18960	18961
19142	19143
19338	19339
19504	19505
19683	19684
19974	19975
20177	20178
20302	20303
20440	20441
20595	20596
20723	20724
20857	20858
20994	20995
21149	21150
21269	21270
21408	21409
21612	21613
21771	21772
21911	21912
22034	22035
22169	22170
22343	22344
22496	22497
22701	22702
23028	23029
23175	23176
23278	23279
23396	23397
23467	23468
23628	23629
23796	23797
24130	24131
24350	24351
24460	24461
24556	24557
24729	24730
24854	24855
24964	24965
25061	25062
25192	25193
25398	25399
25565	25566
25653	25654
25744	25745
25913	25914
26022	26023
26179	26180
26311	26312
26620	26621
26742	26743
26863	26864
27042	27043
27167	27168
27336	27337
27393	27394
27562	27563
27713	27714
27821	27822
28076	28077
28209	28210
28262	28263
28378	28379
28602	28603
28799	28800
28968	28969
29111	29112
29193	29194
29322	29323
29483	29484
29593	29594
29729	29730
29876	29877
30063	30064
30254	30255
30412	30413
30597	30598
30735	30736
30809	30810
31006	31007
31115	31116
31215	31216
31297	31298
31378	31379
31729	31730
31838	31839
31901	31902
32079	32080
32176	32177
32284	32285
32349	32350
32643	32644
32689	32690
32769	32770
33032	33033
33219	33220
33513	33514
33665	33666
33781	33782
33872	33873
33942	33943
34104	34105
34255	34256
34385	34386
34673	34674
34853	34854
34990	34991
35109	35110
35307	35308
35351	35352
35603	35604
35726	35727
35929	35930
36229	36230
36568	36569
36888	36889
37024	37025
37116	37117
37426	37427
38630	38631
39152	39153
39709	39710
39806	39807
40391	40392
40517	40518
40996	40997
41380	41381
41593	41594
41711	41712
41862	41863
42035	42036
42139	42140
42680	42681
42785	42786
43206	43207
43372	43373
43485	43486
44078	44079
44336	44337
44458	44459
45051	45052
45233	45234
45412	45413
45676	45677
45741	45742
46008	46009
46591	46592
46709	46710
47080	47081
47214	47215
47898	47899
48023	48024
48108	48109
48448	48449
48568	48569
49051	49052
49213	49214
49329	49330
50161	50162
50643	50644
50816	50817
50912	50913
51111	51112
51226	51227
51467	51468
51607	51608
51738	51739
51831	51832
51938	51939
52020	52021
52145	52146
52159	52160
52357	52358
52552	52553
52745	52746
52929	52930
53440	53441
53482	53483
54022	54023
54148	54149
54349	54350
54509	54510
54743	54744
54852	54853
54968	54969
55107	55108
55407	55408
55545	55546
55730	55731
55841	55842
55995	55996
56069	56070
56166	56167
56234	56235
56367	56368
56508	56509
56822	56823
56943	56944
56998	56999
57216	57217
57327	57328
57498	57499
57620	57621
57689	57690
57779	57780
57986	57987
58185	58186
58397	58398
58487	58488
58623	58624
58665	58666
58773	58774
58988	58989
59150	59151
59256	59257
59345	59346
59481	59482
59644	59645
59731	59732
59841	59842
59971	59972
60137	60138
60247	60248
60630	60631
60791	60792
60920	60921
61262	61263
61390	61391
61483	61484
61575	61576
61711	61712
61806	61807
61895	61896
62065	62066
62169	62170
62339	62340
62468	62469
62598	62599
63046	63047
63153	63154
63313	63314
63371	63372
63554	63555
63683	63684
63806	63807
63917	63918
64095	64096
64225	64226
64303	64304
64382	64383
64504	64505
64608	64609
64740	64741
64904	64905
65011	65012
65248	65249
65351	65352
65566	65567
65776	65777
65898	65899
66008	66009
66158	66159
66228	66229
66324	66325
66474	66475
69269	69270
69356	69357
69519	69520
69642	69643
69766	69767
69800	69802
69907	69909
