2	3
9	10
22	23
28	29
33	34
40	41
44	45
217	218
284	285
338	339
391	392
434	435
472	473
537	538
591	592
644	645
697	698
744	745
796	797
856	857
902	903
936	937
968	969
1019	1020
1139	1140
1192	1193
1246	1247
1300	1301
1325	1326
1365	1366
1427	1428
1488	1489
1532	1533
1584	1585
1620	1621
1662	1663
1691	1692
1732	1733
1780	1781
1820	1821
1887	1888
1968	1969
2020	2021
2072	2073
2118	2119
2158	2159
2210	2211
2262	2263
2306	2307
2354	2355
2406	2407
2458	2459
2502	2503
2565	2566
2609	2610
2652	2653
2699	2700
2747	2748
2791	2792
2831	2832
2871	2872
2954	2955
3017	3018
3073	3074
3120	3121
3171	3172
3220	3221
3264	3265
3308	3309
3352	3353
3407	3408
3451	3452
3490	3491
3584	3585
3626	3627
3680	3681
3726	3727
3761	3762
3796	3797
3842	3843
3885	3886
3935	3936
3971	3972
4002	4003
4044	4045
4106	4107
4149	4150
4189	4190
4275	4276
4324	4325
4384	4385
4430	4431
4469	4470
4508	4509
4556	4557
4612	4613
4659	4660
4707	4708
4755	4756
4810	4811
4851	4852
4908	4909
4918	4919
4928	4929
4938	4939
4948	4949
4958	4959
4968	4969
4978	4979
4988	4989
4998	4999
5008	5009
5018	5019
5028	5029
5038	5039
5048	5049
