0	1
34	35
74	75
876	877
948	949
1150	1151
1153	1154
1351	1352
1388	1389
1605	1606
2051	2052
2112	2113
2653	2654
3012	3013
3102	3103
3967	3968
3981	3982
3997	3998
5159	5160
5202	5203
5253	5254
5305	5306
6410	6411
6477	6478
6939	6940
7304	7305
7356	7357
7817	7818
8299	8300
8896	8897
9116	9117
9118	9119
9133	9134
9135	9136
9137	9138
9302	9303
9352	9353
9354	9355
9464	9465
9513	9514
9610	9611
9969	9970
10025	10026
10028	10029
10045	10046
10087	10088
10160	10161
10175	10176
11066	11067
11087	11088
11094	11095
12296	12297
12487	12488
13523	13524
13772	13773
13862	13863
14079	14080
14214	14215
15151	15152
15217	15218
15712	15713
16534	16536
17486	17487
17515	17516
17561	17562
18041	18042
19239	19240
19559	19560
19902	19903
20154	20155
20223	20224
20942	20943
21494	21495
21722	21723
21729	21730
21750	21751
21853	21854
21912	21913
21948	21949
22142	22143
22184	22185
22191	22192
22342	22343
22727	22728
23544	23545
23587	23588
23917	23918
23975	23976
24020	24021
24067	24068
24097	24098
24252	24253
24305	24306
24443	24444
24454	24455
24498	24499
24629	24630
24633	24634
24635	24636
24676	24677
24739	24740
24741	24742
24948	24949
24990	24991
25108	25109
25120	25121
25122	25123
25128	25129
25263	25264
25318	25319
25342	25343
25349	25350
25471	25472
25474	25475
25477	25478
25615	25616
25797	25798
26188	26189
26234	26235
26560	26561
26757	26758
27694	27695
27843	27844
27907	27908
27944	27945
28305	28306
28534	28536
28570	28571
28795	28796
28866	28867
