0	11
33	34
50	51
69	70
85	86
103	104
121	122
132	164
224	225
275	276
345	346
404	417
466	467
529	530
596	597
670	671
709	710
793	807
886	894
997	998
1167	1168
1240	1241
1303	1304
1311	1312
1318	1325
1340	1350
1580	1586
1603	1604
1682	1683
2005	2012
2022	2035
2240	2241
2346	2347
2373	2385
2421	2422
2431	2432
2500	2501
2620	2621
2706	2707
2713	2723
2731	2732
2991	2992
3144	3145
3220	3221
3351	3355
3364	3365
3500	3501
3589	3597
3607	3611
3664	3665
3787	3788
3813	3814
3893	3898
3906	3913
3921	3922
3996	3997
4081	4082
4100	4109
4209	4221
4341	4349
