0	1
180	186
209	210
216	217
226	227
233	244
261	262
281	287
293	301
311	315
325	326
340	352
360	385
426	428
441	445
495	511
518	561
576	579
607	624
687	688
750	761
768	778
802	826
835	837
850	859
871	875
891	897
905	908
919	920
997	999
1040	1043
1052	1055
1100	1101
1186	1193
1248	1249
1381	1382
1471	1477
1718	1719
1844	1845
1934	1935
1951	1986
1992	1993
2016	2018
2034	2035
2090	2091
2217	2218
2281	2305
2363	2364
2603	2609
2650	2651
2699	2701
2718	2721
2934	2936
2963	2977
3049	3054
3087	3098
3132	3133
3149	3159
3193	3194
3209	3211
3224	3225
3270	3271
3278	3287
3301	3325
3331	3340
3374	3385
3393	3431
3443	3446
3469	3470
3477	3478
3487	3488
3495	3542
3548	3564
3571	3589
3615	3639
3645	3664
3680	3686
3704	3711
3791	3797
3803	3813
3823	3824
3836	3841
3852	3854
3862	3870
3901	3902
3971	3972
4026	4027
4240	4241
4303	4312
4318	4320
4348	4349
4570	4571
4790	4791
5147	5148
5164	5170
5248	5252
5281	5282
5296	5297
5312	5315
5327	5328
5344	5346
5398	5399
5420	5421
5430	5436
5744	5745
5833	5834
5888	5889
5956	5959
5971	5977
6120	6121
6174	6177
6189	6190
6485	6486
6651	6652
6705	6707
6876	6878
7103	7107
7162	7165
7367	7368
7384	7396
7417	7418
7443	7444
7496	7502
7509	7510
7564	7565
7573	7582
7588	7592
7736	7739
7778	7782
7834	7835
7853	7854
7889	7890
7903	7912
7940	7941
7949	7955
8156	8161
8173	8175
8199	8200
8218	8219
8226	8227
8306	8307
8328	8331
8394	8395
8548	8549
8626	8627
8758	8759
8769	8778
8807	8808
8814	8815
8827	8850
8991	8992
9130	9137
9171	9173
9266	9267
9488	9489
9555	9556
9677	9678
9724	9803
9841	9842
9867	9883
9901	9904
9911	9925
9945	9947
10133	10134
10159	10165
10172	10176
10191	10197
10215	10252
10286	10295
10309	10329
10340	10352
10495	10496
