0	8
156	172
266	267
302	303
362	363
442	443
490	515
525	550
568	587
638	651
752	773
807	808
876	877
944	945
1009	1010
1085	1086
1163	1185
1257	1258
1325	1326
1401	1402
1471	1472
1530	1531
1593	1594
1656	1657
1690	1691
1719	1720
1780	1781
1851	1852
1888	1889
1956	1957
2020	2021
2068	2069
2300	2301
2341	2342
2411	2412
2473	2474
2531	2532
2594	2595
2622	2623
2649	2650
2707	2708
2775	2800
2812	2813
2876	2877
2948	2949
3006	3007
3095	3096
3177	3178
3207	3208
3257	3258
3340	3341
3432	3433
3513	3514
3640	3662
3740	3741
3802	3803
3886	3887
3977	3978
4044	4045
4120	4121
4197	4198
4261	4262
4346	4347
4418	4419
4460	4485
4501	4502
4522	4523
4551	4552
4575	4576
4646	4647
4703	4704
4771	4772
4833	4834
4869	4888
4967	4968
5072	5073
5155	5156
5218	5219
5278	5279
5338	5362
5395	5396
5476	5477
5544	5574
5645	5646
6107	6108
6131	6132
6181	6185
6420	6421
6433	6437
6448	6449
6612	6613
6901	6902
6990	7002
