0	1
593	594
603	694
703	725
793	794
825	826
865	866
897	898
1014	1015
1070	1071
1205	1206
1237	1238
1247	1249
1310	1311
1348	1349
1480	1481
1559	1560
1648	1649
1719	1720
1747	1748
1913	1914
2019	2020
2173	2185
2230	2231
2244	2245
2259	2282
2299	2301
2311	2325
2375	2376
2416	2417
2464	2465
2507	2508
2552	2553
2566	2567
2656	2657
2702	2703
2735	2736
2761	2762
2849	2850
3094	3095
3479	3480
3488	3490
3564	3565
3577	3578
3586	3589
3644	3648
3673	3674
3684	3687
3748	3749
3809	3810
3994	4005
4018	4039
4071	4077
4091	4097
4106	4107
4158	4159
4189	4190
4226	4227
4313	4323
4405	4406
4432	4433
4538	4539
4591	4592
4599	4600
4670	4671
4703	4704
4740	4741
4803	4804
4862	4863
4930	4931
4992	4993
5031	5032
5061	5062
5116	5117
5144	5145
5184	5185
5216	5217
5278	5279
5355	5356
5390	5391
5443	5444
5594	5606
5614	5628
5640	5641
5653	5654
6704	6705
6747	6748
6795	6796
6840	6841
6877	6911
6947	6948
6999	7011
7395	7396
7438	7439
7447	7448
7516	7517
7576	7577
7617	7618
7678	7696
7780	7784
8565	8571
8585	8595
8786	8787
8814	8815
8875	8876
8924	8925
8986	8987
9035	9036
9073	9074
9113	9114
9173	9174
9272	9273
9353	9354
9394	9395
9436	9437
9486	9487
9558	9559
9581	9582
9616	9617
9672	9673
9729	9730
9806	9807
9903	9919
9980	9981
10062	10063
10099	10100
10172	10173
10448	10449
10685	10686
10732	10733
10766	10767
10820	10821
10913	10914
11131	11132
11204	11205
11269	11270
11319	11352
11359	11361
11367	11390
11448	11449
11459	11460
11640	11641
11798	11799
12203	12204
12272	12273
12405	12406
12460	12461
12544	12545
12615	12616
12650	12667
13805	13806
14239	14240
14312	14313
14584	14585
14670	14671
14890	14891
15163	15164
15431	15432
15858	15859
16042	16043
16165	16166
16198	16199
16314	16315
16380	16381
16427	16428
16533	16534
16601	16602
16623	16624
16666	16667
16753	16754
16862	16863
16902	16903
16927	16928
17014	17015
17059	17060
17103	17104
17145	17146
17210	17211
17266	17267
17299	17300
17340	17341
17362	17363
17409	17410
17517	17518
17580	17581
17645	17646
17722	17723
17754	17755
17822	17881
17904	17906
18043	18044
18305	18306
18430	18431
18461	18462
18637	18638
18849	18875
18903	18917
18955	18956
19021	19022
19048	19049
19094	19095
19119	19120
19181	19182
19218	19219
19256	19257
19295	19296
19333	19334
19392	19393
19421	19422
19448	19449
19455	19459
19471	19476
19495	19502
19512	19513
19524	19525
19654	19670
19692	19693
19750	19754
19790	19791
19807	19811
19827	19828
19871	19872
19928	19929
20002	20003
20019	20020
20027	20028
20099	20100
20192	20193
20229	20230
20289	20290
20356	20357
20386	20387
20456	20457
20502	20503
20578	20579
20625	20626
20668	20669
20719	20720
20732	20733
20763	20764
20778	20779
20816	20817
20826	20828
20836	20837
20854	20857
20941	20967
20977	21000
21012	21035
21053	21054
21072	21073
21152	21153
21187	21196
21223	21231
21248	21249
21306	21308
21343	21351
21389	21395
21439	21440
21475	21476
21557	21561
21582	21587
21799	21800
21990	21993
22085	22086
22112	22114
22150	22153
22169	22170
22230	22242
22289	22291
22301	22302
22333	22336
22365	22372
22458	22460
22468	22469
22496	22502
22534	22535
22582	22583
22659	22660
22685	22686
22736	22737
22784	22788
22811	22812
22826	22830
22836	22845
22855	22870
22954	22957
22973	22974
23009	23010
23050	23054
23074	23075
23107	23117
23125	23128
23150	23151
23162	23169
23222	23225
23233	23237
23251	23264
23273	23299
23308	23342
23397	23398
23439	23440
23466	23467
23500	23518
23564	23579
23595	23599
23613	23620
23644	23645
23767	23768
23811	23812
23848	23849
23883	23884
23933	23934
23965	23966
24047	24049
24111	24112
24118	24120
24159	24164
24171	24176
24231	24232
24267	24268
24328	24329
24392	24393
24421	24422
24456	24457
24522	24523
24567	24568
24592	24593
24638	24676
24694	24715
24723	24732
24747	24755
24767	24769
24777	24778
24789	24820
24843	24854
24864	24869
24875	24876
24913	24930
24939	24940
24946	24953
24964	24965
24975	24976
24987	24992
24999	25008
25021	25023
25029	25039
25058	25059
25079	25080
25101	25116
25128	25142
25156	25166
25178	25184
25222	25229
25248	25254
25309	25315
25324	25325
25371	25372
25427	25428
25461	25462
25505	25506
25560	25561
25602	25603
25734	25781
25793	25794
25811	25812
25819	25823
25829	25835
25842	25844
25853	25860
25867	25868
25878	25880
25891	25908
25930	25937
25952	25953
25974	26010
26023	26033
26044	26064
26074	26075
26094	26102
