0	1
36	42
206	211
269	307
319	324
375	380
447	456
505	518
624	629
635	641
655	656
665	666
683	685
697	708
754	759
787	788
830	831
882	888
931	937
976	982
1045	1055
1087	1096
1143	1156
1207	1220
1266	1278
1321	1334
1376	1389
1408	1415
1501	1502
1582	1583
1628	1636
2374	2375
2486	2487
2677	2678
2746	2747
2812	2813
3493	3494
3895	3896
4691	4692
4731	4732
4942	4943
5054	5055
5334	5335
5795	5796
6406	6407
6492	6493
7053	7054
7134	7135
7793	7794
8053	8054
8773	8774
8867	8868
9154	9155
9360	9361
9944	9945
10048	10049
10591	10592
10655	10656
10723	10724
11107	11108
11192	11193
11801	11802
11885	11886
12286	12287
12408	12409
13159	13160
13975	13976
14594	14595
14681	14682
15113	15114
15200	15201
15809	15810
16102	16103
16561	16562
16893	16894
16984	16985
17750	17751
17838	17839
18516	18517
18559	18560
19121	19122
19619	19620
20110	20111
20189	20190
20637	20638
20748	20749
21600	21601
21679	21680
22066	22067
22134	22135
22672	22673
23219	23220
23933	23934
24028	24029
24346	24347
24402	24403
24913	24914
25231	25232
25302	25303
25948	25955
25989	25999
26013	26014
26041	26047
26061	26062
26104	26105
26119	26129
26137	26141
26165	26166
26209	26210
26248	26249
26320	26321
26333	26336
26451	26452
26481	26498
26535	26536
26564	26565
26580	26581
26649	26650
26715	26721
26777	26778
26858	26874
26995	27003
27031	27033
27063	27069
27117	27118
27199	27209
27264	27265
27284	27285
27321	27322
27328	27329
27344	27345
27360	27361
27424	27425
27497	27528
27559	27563
27715	27720
27879	27885
27941	27942
27951	27967
27992	28008
28128	28131
28139	28140
28190	28195
28252	28253
28315	28320
28393	28394
28428	28443
28471	28472
28510	28516
28527	28529
28575	28583
28652	28653
28702	28710
28736	28772
28846	28851
28864	28865
28944	28957
29024	29025
29097	29098
29171	29176
29210	29214
29247	29252
29296	29297
29392	29393
29473	29482
29525	29530
29615	29625
29701	29702
29708	29719
29727	29732
29826	29837
29870	29874
29926	29942
30075	30076
30153	30165
30226	30227
30332	30349
30392	30396
30413	30414
30466	30472
30580	30590
30597	30601
30630	30631
30662	30667
30676	30677
30701	30706
31048	31056
31241	31254
31344	31362
31481	31491
31526	31533
31646	31653
31759	31770
31796	31799
31854	31857
31905	31916
32075	32081
32182	32183
32291	32298
32407	32408
32477	32487
32635	32649
32693	32700
32775	32791
33089	33103
33595	33600
33606	33612
33801	33808
33877	33880
34055	34063
34073	34074
34360	34370
34559	34564
34642	34645
34720	34723
34775	34778
34836	34839
34895	34898
34948	34956
35065	35071
35148	35149
35158	35169
35177	35180
35188	35189
35198	35199
35208	35209
35218	35219
35259	35277
35301	35308
35558	35566
36077	36082
36089	36095
37194	37195
37272	37273
37498	37499
37757	37758
37838	37839
38129	38130
38549	38550
38718	38719
38799	38800
38902	38903
39077	39078
39590	39591
40206	40207
40288	40289
40973	40974
41082	41083
41474	41475
41557	41558
41607	41608
41675	41676
41720	41721
42152	42153
42241	42242
42637	42638
42714	42715
42962	42963
43064	43065
43603	43604
43972	43973
44094	44095
44514	44515
45205	45206
45267	45268
45828	45829
45912	45913
45999	46000
46171	46172
46292	46293
47037	47038
47639	47640
47746	47747
48376	48377
49294	49295
49376	49377
49533	49545
49582	49583
49635	49646
49661	49662
49691	49694
49714	49720
