0	1
112	113
265	266
324	333
385	386
432	433
487	488
548	549
630	631
777	778
786	787
837	838
891	892
945	946
1012	1013
1089	1090
1151	1152
1230	1231
1349	1350
1453	1454
1531	1532
1570	1571
1639	1640
1692	1693
1782	1783
1859	1860
1892	1893
1964	1965
2037	2038
2121	2122
2184	2185
2251	2252
2334	2335
2393	2394
2443	2444
2499	2500
2621	2622
2692	2693
2792	2793
2950	2951
3037	3038
3126	3127
3177	3178
3237	3238
3286	3287
3344	3345
3443	3444
3477	3478
3491	3492
3515	3527
3538	3539
3600	3601
3665	3666
3730	3731
3801	3802
3891	3892
3969	3970
4045	4046
4123	4124
4217	4218
4274	4275
4343	4344
4375	4376
4432	4433
4478	4479
4508	4509
4543	4544
4571	4572
4688	4689
4775	4776
4850	4851
4879	4880
4918	4919
5045	5046
5102	5103
5143	5144
5214	5215
5284	5285
