0	1
303	304
445	448
464	475
567	577
722	723
756	757
802	803
878	879
952	953
1025	1026
1166	1170
1178	1179
1231	1232
1252	1253
1363	1364
1378	1381
1486	1498
1698	1699
1725	1726
1920	1921
2069	2075
2130	2131
2150	2151
2177	2178
2218	2219
2270	2271
2326	2327
2414	2415
2491	2492
2617	2618
2686	2687
2698	2699
2714	2715
2767	2768
2797	2800
2885	2886
3040	3041
3084	3085
3167	3168
3300	3301
3370	3371
3425	3426
3479	3480
3536	3537
3582	3590
3646	3647
3691	3692
3891	3892
3903	3904
4135	4136
4170	4171
4250	4251
4539	4540
4570	4571
4588	4589
4625	4626
4653	4654
4697	4698
4745	4746
4811	4812
4912	4913
4963	4964
4972	4988
4994	5002
5010	5019
5029	5034
5043	5049
5057	5063
5071	5072
5119	5120
5155	5156
5214	5215
5252	5257
5293	5294
5363	5364
5440	5441
5530	5531
5552	5559
