0	1
15	23
47	92
148	149
276	283
308	313
349	350
362	364
423	437
506	507
540	548
560	561
568	570
613	614
1017	1018
1055	1056
1304	1305
1487	1488
1662	1663
1752	1753
1934	1935
2147	2148
2257	2258
2433	2434
2582	2583
2659	2660
2725	2726
2852	2853
2861	2869
3025	3026
3318	3319
3369	3370
3536	3537
3751	3752
3888	3889
4062	4063
4199	4200
4330	4331
4514	4516
4603	4604
4713	4714
4793	4794
4885	4886
4961	4962
5267	5268
5357	5358
5379	5380
5416	5423
5430	5447
5494	5495
5504	5529
5535	5544
5553	5572
5579	5590
5596	5597
5612	5616
5622	5623
5678	5679
5881	5882
6038	6039
6138	6139
6219	6220
6296	6297
6328	6329
6362	6363
6410	6411
6473	6474
6524	6525
6590	6591
6805	6806
6927	6928
7040	7041
7173	7174
7265	7266
7404	7405
7494	7495
7583	7584
7684	7687
7709	7713
7722	7731
7743	7748
7767	7776
7782	7805
7839	7840
8040	8047
8061	8069
8093	8128
8134	8138
8194	8195
