0	1
23	24
176	177
234	235
279	280
337	338
395	396
445	446
503	504
569	570
598	599
648	649
698	699
748	749
804	816
822	838
897	898
1136	1137
1233	1234
1295	1299
1423	1425
1454	1461
1514	1515
1564	1565
1614	1615
1706	1710
1727	1736
1754	1764
1773	1784
1863	1880
1917	1927
2369	2370
2443	2447
2520	2521
2568	2586
2639	2640
2649	2651
2697	2698
2737	2738
2753	2754
2819	2826
2838	2847
2853	2856
2874	2880
2900	2901
2910	2923
2931	2932
2960	2961
3038	3039
3131	3143
3201	3210
3410	3414
3535	3554
3631	3633
3671	3678
3741	3753
3770	3779
4042	4043
4150	4151
4157	4175
4189	4196
4362	4363
4417	4427
4442	4453
4688	4690
4794	4795
5061	5065
5094	5108
5232	5233
5265	5270
5344	5345
5420	5421
5495	5496
5570	5571
5621	5622
5651	5652
5707	5719
5756	5760
5818	5825
5832	5834
5883	5884
5958	5959
6046	6099
6148	6154
6165	6169
6177	6181
6194	6204
6210	6224
6230	6351
6357	6362
6378	6381
6419	6420
6453	6454
6485	6486
6599	6601
6734	6737
6766	6768
6841	6847
6978	6979
7003	7004
7062	7063
7077	7080
7111	7112
7171	7172
7186	7187
7271	7272
7299	7300
7477	7484
7493	7494
7558	7559
