0	1
25	27
34	35
41	114
121	122
137	138
300	301
405	406
600	601
1080	1081
1485	1486
2580	2581
2640	2641
3195	3196
4200	4201
4305	4306
4440	4441
4710	4711
5190	5191
5400	5401
5565	5566
5970	5971
6345	6346
6450	6451
6660	6661
6780	6781
6945	6946
7050	7051
7215	7216
7245	7246
7395	7396
7425	7426
7650	7651
7860	7861
8115	8116
8130	8131
9255	9256
9390	9391
9705	9706
9870	9871
10125	10126
10305	10306
10740	10741
11955	11956
12330	12331
13170	13171
13245	13246
13710	13711
13740	13741
13905	13906
14010	14011
14415	14416
14865	14866
14895	14896
14910	14911
15045	15046
15150	15151
15450	15451
15720	15721
15750	15751
15975	15976
15990	15991
16290	16291
16545	16546
17040	17041
17445	17446
17490	17491
17625	17626
17685	17686
17745	17746
18330	18331
18735	18736
18870	18871
18885	18886
18900	18901
18990	18991
19200	19201
20295	20296
20370	20371
20730	20731
20745	20746
21120	21121
21225	21226
21510	21511
21630	21631
21810	21811
22020	22021
22200	22201
22335	22336
22350	22351
22560	22561
22620	22621
22635	22636
22695	22696
22710	22711
22725	22726
22875	22876
22965	22966
23085	23086
23310	23311
23670	23671
24105	24106
24240	24241
24390	24391
24420	24421
24555	24556
24615	24616
25050	25051
25058	25059
25065	25066
26235	26236
26400	26401
43156	43157
43965	43966
48224	48225
48694	48695
49111	49112
49139	49140
51016	51052
51141	51156
51165	51235
51242	51249
51257	51264
51272	51279
51287	51294
51302	51309
51317	51324
51332	51339
51347	51354
51362	51369
51377	51384
51392	51399
51407	51414
51422	51429
51437	51444
51452	51459
51467	51474
51482	51489
51497	51504
51512	51519
51527	51534
51542	51543
51557	51564
51572	51579
51587	51594
51602	51609
51617	51624
51632	51639
51647	51654
51662	51669
51677	51684
51692	51699
51707	51714
51722	51729
51737	51744
51752	51799
51806	51813
51821	51834
51840	51894
51902	51924
51932	51969
51977	51984
51992	52014
52022	52044
52052	52074
52082	52104
52112	52134
52142	52149
52157	52164
52172	52194
52202	52233
52241	52248
52256	52338
52346	52353
52361	52374
52382	52389
52397	52404
52412	52434
52442	52443
52451	52464
52472	52533
52547	52593
52612	52614
52622	52644
52652	52694
