0	1
7	39
45	46
242	261
300	301
451	452
668	669
695	696
767	768
806	807
923	928
1047	1048
1056	1057
1086	1087
1146	1147
1379	1380
1389	1395
1409	1410
1505	1506
1571	1572
1601	1602
1679	1680
1688	1689
1704	1706
1722	1724
1762	1763
1961	1962
2165	2166
2300	2307
2315	2316
2549	2550
2717	2718
2858	2859
2998	2999
3075	3076
3100	3101
3165	3166
3178	3179
3185	3188
3196	3197
3220	3221
3283	3284
3292	3305
3376	3377
3523	3524
3532	3533
3550	3551
3565	3579
3592	3593
3850	3851
3865	3872
3886	3916
3983	3984
4046	4047
4225	4226
4276	4277
4423	4424
4504	4505
4534	4535
4567	4568
4597	4598
4758	4760
4796	4805
4984	4985
5227	5228
5290	5291
5298	5299
5339	5349
5376	5390
5527	5528
5545	5546
5593	5594
5671	5672
5762	5771
5884	5885
6124	6137
6352	6353
6406	6407
6520	6539
6594	6595
6637	6638
6652	6653
6697	6698
6718	6725
6748	6749
6817	6818
6832	6833
6901	6902
6976	6977
7006	7007
7027	7028
7045	7046
7060	7061
7081	7082
7105	7113
7138	7139
7264	7265
7381	7382
7393	7406
7420	7449
7493	7494
7516	7517
7529	7530
7651	7652
7793	7794
7822	7823
7933	7934
7969	7970
8056	8057
8092	8093
8212	8214
8253	8255
8271	8272
8287	8288
8347	8348
8452	8453
8590	8591
8752	8756
8796	8805
8811	8812
8836	8841
9289	9290
9478	9479
9586	9587
9610	9611
9621	9622
9637	9638
9841	9842
9892	9893
10123	10124
10195	10196
10206	10215
10222	10223
10381	10382
10402	10403
10519	10520
10573	10574
10582	10583
10591	10592
10603	10604
10611	10612
10640	10641
10867	10868
10879	10880
10888	10904
10914	10924
10933	10943
10966	10967
11027	11034
11110	11111
11377	11378
11449	11450
11542	11543
11595	11599
11607	11609
11683	11690
11755	11759
11935	11936
11946	11947
11985	11986
12017	12018
12265	12283
12291	12292
12308	12322
12354	12355
12438	12439
12480	12481
12534	12535
12624	12625
12717	12718
12936	12937
13011	13012
13020	13021
13041	13042
13068	13069
13092	13093
13344	13345
13518	13520
13527	13528
13608	13609
13637	13638
13644	13651
13839	13843
13890	13891
13947	13948
13983	13984
13998	13999
14013	14014
14026	14036
14067	14068
14270	14271
14298	14299
14316	14329
14337	14368
14386	14387
14423	14424
14435	14436
14536	14537
14823	14824
14880	14881
14973	14974
15012	15018
15180	15181
15201	15202
15378	15379
15397	15398
15429	15430
15588	15589
15597	15598
15680	15682
15693	15697
15710	15711
15717	15718
15738	15739
15746	15747
15756	15757
15954	15955
16095	16096
16134	16135
16144	16150
16185	16186
16248	16249
16416	16417
16473	16474
16539	16540
16704	16705
16785	16786
16818	16819
16934	16936
17001	17002
17079	17080
17086	17090
17127	17128
17193	17200
17274	17275
17418	17419
17430	17431
17442	17443
17457	17458
17467	17471
17478	17479
17487	17488
17568	17569
17751	17764
17775	17801
17833	17834
17875	17876
17983	17985
18063	18064
18264	18265
18312	18313
18496	18497
18561	18562
18573	18574
18582	18583
18613	18614
18636	18637
18652	18653
18816	18817
18824	18829
18864	18865
19029	19032
19038	19039
19124	19125
19137	19139
19154	19156
19200	19201
19329	19330
19368	19369
19458	19459
19515	19516
19722	19723
19809	19810
19829	19834
19917	19918
19944	19945
19968	19969
20190	20191
20250	20251
20437	20441
20520	20521
20539	20549
20556	20557
20721	20722
20733	20734
20751	20752
20927	20928
20936	20951
21126	21127
21158	21159
21206	21207
21221	21234
21245	21276
21779	21780
21788	21789
21830	21831
21848	21849
21875	21876
21954	21960
22012	22013
22127	22128
22304	22305
22313	22314
22327	22328
22370	22371
22499	22500
22541	22542
22641	22647
22653	22654
22664	22665
22671	22672
22697	22698
22711	22712
22723	22730
22954	22955
23129	23130
23483	23484
23528	23529
23540	23541
23588	23589
23630	23631
23822	23828
23858	23859
23975	23976
23984	23985
24047	24048
24080	24081
24101	24102
24120	24126
24428	24429
24455	24456
24479	24480
24488	24489
24497	24498
24509	24519
24779	24825
24836	24845
24869	24870
24922	24923
24940	24941
25064	25065
25175	25176
25319	25320
25367	25368
25395	25401
25484	25485
25544	25545
25580	25581
25610	25611
25621	25623
25645	25646
25666	25671
25859	25860
25877	25878
25976	25977
26195	26196
26213	26214
26223	26224
26244	26246
26275	26276
26285	26286
26293	26294
26447	26448
26471	26472
26606	26607
26648	26649
26741	26742
26795	26796
26937	26938
26966	26967
27053	27054
27104	27105
27233	27234
27271	27274
27307	27308
27317	27318
27350	27351
27599	27600
27646	27654
27698	27699
27737	27738
27761	27762
27824	27825
28001	28002
28012	28014
28025	28026
28037	28053
28154	28155
28310	28311
28325	28335
28346	28375
28440	28441
28472	28473
28847	28854
28901	28902
28925	28926
28964	28965
29046	29052
29166	29167
29222	29223
29405	29406
29495	29496
29516	29523
29746	29747
29762	29767
29802	29803
29816	29822
29953	29954
30001	30002
30130	30131
30184	30185
30195	30196
30207	30208
30256	30257
30319	30320
30436	30437
30553	30560
30586	30587
30622	30623
30760	30761
30813	30814
30835	30836
30880	30881
30916	30917
31048	31050
31120	31121
31169	31170
31180	31196
31270	31271
31279	31286
31297	31298
31375	31376
31435	31436
31471	31472
31498	31499
31507	31508
31528	31529
31540	31541
31561	31562
31569	31576
31585	31586
31891	31892
31906	31913
31939	31960
31966	31970
32431	32432
32506	32507
32545	32546
32637	32648
32759	32766
32778	32779
32812	32813
32847	32848
32998	32999
33058	33059
33199	33200
33208	33215
33267	33268
33299	33301
33312	33314
33322	33323
33348	33349
33364	33365
33376	33377
33490	33491
33532	33533
33688	33689
33736	33737
33756	33757
33811	33812
33862	33863
34054	34055
34144	34145
34213	34214
34540	34541
34621	34622
34766	34767
34801	34802
34900	34901
35041	35042
35129	35132
35191	35192
35233	35234
35242	35243
35251	35252
35269	35270
35419	35420
35458	35459
35539	35540
35557	35558
35584	35585
35605	35606
35626	35627
35639	35645
35656	35657
35665	35666
36085	36086
36130	36131
36142	36149
36184	36188
36194	36207
36217	36225
36332	36333
36414	36415
36907	36908
37023	37028
37327	37328
37504	37505
37513	37534
37558	37570
37672	37673
37723	37730
38194	38195
38543	38544
38566	38567
38592	38595
38617	38618
38651	38654
38675	38676
38684	38734
38744	38745
