0	1
7	28
36	37
55	56
96	97
798	799
852	853
957	960
1009	1010
1113	1116
1217	1221
1900	1901
1949	1953
1963	1964
2211	2227
2315	2320
2327	2328
2419	2424
2430	2437
2448	2456
2473	2477
2487	2491
2499	2509
2527	2530
2540	2544
2552	2556
2567	2569
2580	2581
3049	3052
3101	3105
3128	3131
3137	3144
3153	3169
3205	3210
3217	3218
3232	3236
3242	3243
3258	3272
3310	3326
3336	3340
3346	3347
3361	3366
3467	3469
3676	3679
3832	3834
3841	3842
3859	3867
3875	3876
3977	3978
3989	4008
4016	4025
4036	4039
4095	4098
4104	4105
4122	4125
4135	4136
4148	4151
4161	4162
4173	4175
4190	4191
4200	4203
4215	4216
4227	4229
4251	4254
4717	4719
4884	4908
4933	4947
