0	1
210	211
761	762
812	814
878	881
901	906
919	920
1025	1027
1045	1046
1178	1179
1194	1201
1209	1230
1263	1264
1290	1291
1429	1430
1442	1444
1466	1472
1479	1480
1504	1506
1557	1559
1597	1598
1657	1658
1674	1676
1705	1707
1746	1747
1771	1772
1890	1894
2023	2024
2070	2073
2089	2096
2103	2116
2125	2134
2142	2143
2149	2150
2158	2159
2172	2173
2179	2256
2262	2311
2317	2321
2328	2343
2352	2353
2376	2392
2399	2401
2434	2445
2476	2496
2518	2535
2541	2542
2570	2586
2636	2640
2646	2663
2698	2701
2741	2754
2794	2796
2825	2831
2880	2897
2932	2934
2943	2952
3177	3178
3387	3388
3548	3550
3559	3563
3589	3591
3663	3665
3718	3720
3770	3772
4057	4059
4114	4116
4166	4168
4209	4211
4316	4318
4354	4356
4414	4416
4454	4456
4795	4796
5316	5318
5613	5615
6474	6475
