0	1
16	17
96	97
314	315
516	517
578	579
826	827
930	931
1030	1031
1276	1277
1350	1351
1485	1486
1719	1720
1822	1823
1940	1941
2038	2039
2167	2168
2264	2265
2376	2377
2466	2467
2535	2536
2647	2648
2721	2722
2913	2914
2993	2994
3132	3133
3206	3207
3309	3310
3358	3364
3432	3433
3489	3490
3557	3558
3613	3614
3692	3693
3763	3764
3817	3818
3882	3883
3980	3981
4100	4101
4152	4153
4267	4268
4458	4459
4581	4582
4701	4702
4789	4790
4888	4889
5156	5157
5361	5362
5507	5508
5692	5693
5998	5999
6164	6165
6449	6450
6874	6875
6995	6996
7118	7119
7189	7190
7354	7355
7416	7417
7475	7476
7595	7596
7656	7657
7716	7717
7819	7820
7885	7886
7975	7976
8064	8080
8292	8298
8306	8306
