0	1
201	202
234	239
300	307
402	403
502	503
602	606
702	703
803	804
903	904
1003	1004
1103	1104
1203	1204
1303	1304
1403	1404
1503	1504
1603	1604
1703	1704
1803	1804
1903	1904
2003	2006
2061	2062
2108	2123
2130	2134
2140	2143
2153	2155
2166	2167
2181	2193
2201	2204
2249	2251
2274	2276
2285	2287
2294	2304
2403	2404
2503	2526
2541	2562
2571	2583
2603	2608
2614	2626
2643	2672
2703	2704
2713	2714
2721	2722
2754	2755
2798	2801
2815	2823
2878	2905
2923	2927
2939	2941
2970	2977
3028	3029
3079	3084
3090	3092
3104	3105
3153	3154
3203	3213
3261	3262
3304	3305
3315	3317
3346	3347
3353	3361
3378	3379
3391	3392
3403	3407
3429	3430
3453	3454
3476	3477
3504	3505
3528	3529
3540	3541
3552	3553
3578	3579
3604	3605
3628	3629
3652	3653
3666	3667
3679	3680
3704	3705
3758	3762
3904	3905
4104	4105
4304	4305
4504	4505
4657	4658
4704	4705
4902	4903
5102	5103
5299	5300
5339	5341
5528	5529
5536	5543
5553	5561
5660	5670
5711	5712
5719	5721
5823	5828
5921	5922
5993	5994
6042	6049
6088	6091
6108	6109
6116	6119
6130	6131
6151	6152
6164	6165
6179	6186
6198	6199
6217	6218
