0	4
87	89
164	168
228	233
318	325
1135	1136
1817	1818
1937	1938
2509	2510
3926	3927
4313	4314
4727	4728
4944	4945
5552	5553
6130	6131
6785	6786
7067	7068
8142	8143
8332	8333
9172	9187
9418	9419
10343	10344
11118	11119
11457	11458
11963	11967
12294	12296
12793	12794
13254	13255
13935	13936
14131	14132
14796	14797
14975	14976
15683	15684
16832	16833
17266	17267
17953	17954
20351	20352
21111	21112
21201	21202
22381	22382
23330	23331
25492	25493
26437	26438
26740	26741
27339	27340
27682	27683
28101	28102
28633	28634
29624	29625
30385	30386
30811	30812
31486	31487
32378	32379
33197	33198
33424	33425
33505	33506
33713	33714
33791	33792
33839	33840
33859	33860
33897	33898
33970	33971
33986	33987
35539	35540
36038	36039
36756	36757
39717	39718
40248	40249
40480	40481
42456	42457
42876	42888
43417	43418
46568	46569
47030	47031
47246	47247
47736	47737
47864	47865
48132	48133
48573	48574
49464	49465
50340	50372
51345	51346
53220	53221
53871	53872
54321	54322
55628	55629
56078	56079
68657	68664
68679	68680
68694	68695
73340	73341
73347	73348
