0	1
24	48
140	164
176	200
1733	1747
4478	4492
4501	4502
11541	11547
12816	12826
15336	15351
16231	16244
16251	16252
17600	17612
17626	17627
19540	19551
19626	19627
20098	20109
20126	20127
21370	21384
22483	22497
22956	22972
23000	23002
23025	23026
23956	23969
24001	24002
24391	24402
24501	24502
24681	24694
24751	24752
24825	24826
25300	25312
26028	26042
26126	26127
28258	28274
29761	29776
29876	29877
35273	35287
36850	36864
39210	39221
40466	40474
42408	42422
42501	42502
46930	46944
47001	47002
48255	48269
48376	48377
48686	48699
49778	49789
50830	50855
