0	1
233	234
244	246
256	258
268	270
421	422
444	445
488	489
538	539
585	586
725	726
795	796
808	809
842	844
854	856
889	890
913	917
924	927
983	985
995	997
1006	1008
1018	1020
1030	1032
1041	1043
1053	1071
1193	1195
1281	1282
1352	1353
1382	1383
1452	1453
1475	1476
1522	1523
1944	1945
1991	1992
2018	2021
2031	2034
2085	2086
2154	2155
2200	2201
2249	2250
2342	2343
2389	2390
2425	2426
2523	2531
2623	2636
2665	2671
2683	2702
2712	2721
2733	2752
2762	2765
2843	2859
2929	2930
2937	2939
2949	2971
2978	2989
3005	3014
3030	3039
3047	3068
3079	3080
3087	3092
3101	3102
3112	3114
3137	3140
3465	3466
3511	3579
3597	3598
3604	3605
3611	3614
3628	3637
3653	3660
3681	3683
3706	3708
3731	3733
3756	3758
3781	3783
3798	3803
3929	3930
3948	3950
3973	3975
3997	3998
4098	4104
4120	4134
4156	4157
4173	4186
4209	4211
4234	4236
4259	4261
4284	4292
4309	4310
4316	4317
4334	4339
4348	4349
4359	4361
4437	4439
4448	4449
4459	4460
4473	4474
4486	4487
4494	4495
4505	4518
4530	4532
4546	4547
4587	4588
4594	4595
4603	4604
4610	4611
4626	4632
4638	4639
4659	4664
4700	4701
4710	4711
4733	4734
4744	4762
4768	4773
4782	4795
4809	4945
4953	4957
4970	4971
4980	4982
5005	5007
5014	5059
5066	5067
5074	5085
5091	5098
5108	5109
5202	5203
5248	5296
5342	5343
5374	5489
5513	5515
5530	5531
5577	5578
5717	5719
5764	5765
5846	5847
5858	5859
5865	5868
5905	5909
5975	5976
5999	6038
6046	6047
6058	6059
6066	6071
6077	6094
6147	6148
6233	6264
6270	6281
6303	6311
6326	6327
6335	6357
6372	6375
6381	6384
6397	6412
6422	6445
6490	6586
6608	6609
6631	6632
6646	6647
6657	6658
6678	6679
6686	6688
6702	6703
6725	6762
6781	6808
6842	6843
6868	6877
6885	6897
6912	6913
6922	6923
6936	6937
6983	6984
7016	7017
7030	7033
7040	7078
7090	7095
7103	7104
7124	7125
7134	7137
7147	7148
7160	7162
7170	7171
7179	7195
7216	7218
7241	7242
7248	7288
7314	7322
7335	7336
7355	7356
7382	7389
7403	7404
7429	7430
7451	7458
7468	7481
7491	7492
7498	7500
7506	7513
7519	7520
7544	7550
7559	7567
7590	7619
7628	7629
7635	7640
7696	7697
7705	7706
7736	7737
7757	7764
7778	7785
7799	7806
7820	7823
7850	7851
7861	7864
7872	7873
7884	7885
7894	7898
7944	7945
7990	8002
8013	8056
8064	8078
8097	8098
8117	8132
8140	8144
8178	8179
8218	8224
8248	8249
8268	8270
8293	8297
8342	8343
8376	8377
8390	8391
8426	8427
8483	8484
8668	8669
8759	8760
8854	8855
8862	8867
8886	8890
8910	8914
8937	8939
8950	8954
8960	8963
8971	8972
8987	8997
9006	9014
9026	9027
9037	9039
9051	9052
9062	9064
9072	9073
9162	9173
9230	9231
9287	9288
9324	9325
9349	9350
9379	9380
9465	9466
9571	9572
9749	9755
9798	9800
9818	9824
9842	9848
9892	9893
9938	9939
10030	10031
10075	10079
10107	10110
10125	10126
10151	10172
10264	10267
10275	10276
10305	10306
10358	10359
10405	10553
10567	10583
10622	10638
10686	10694
10701	10702
10711	10713
10720	10734
10750	10752
10769	10777
10796	10797
10824	10827
10873	10874
10967	10973
10981	10982
10990	10992
11006	11008
11014	11036
11046	11088
11201	11202
11212	11224
11269	11277
11296	11495
11506	11507
11514	11537
11543	11563
11577	11578
11586	11672
11702	11705
11717	11718
11744	11748
11756	11765
11809	11810
11858	11953
12008	12009
12075	12084
12092	12093
12107	12109
12132	12140
12186	12216
12253	12262
12280	12282
12288	12296
12302	12317
12323	12324
12330	12338
12351	12359
12372	12374
12410	12411
12467	12468
12608	12609
12621	12626
12649	12657
12663	12664
12689	12690
12701	12702
12748	12754
12842	12843
12854	12867
12882	12895
12905	12925
12936	12946
12959	12972
12983	12984
13077	13087
13117	13124
13351	13355
13523	13526
14022	14024
