0	1
96	97
175	176
439	440
571	572
710	711
827	828
953	954
1311	1312
1347	1348
1427	1428
1485	1486
1533	1534
1581	1582
1633	1634
1726	1727
1780	1781
1828	1829
2061	2062
2138	2141
2336	2341
2371	2372
2599	2605
2616	2617
2686	2690
2821	2822
2911	2912
2969	2970
3017	3018
3046	3047
3087	3088
3119	3120
3141	3142
3181	3182
3208	3209
3557	3558
3605	3606
3637	3638
3695	3696
3932	3933
3997	3998
4093	4101
4113	4114
4190	4199
4286	4287
4313	4314
4370	4371
4387	4398
4405	4406
4425	4426
4469	4470
4502	4507
4534	4536
4544	4545
4565	4566
4574	4576
4586	4587
4658	4659
4712	4717
4728	4738
4801	4802
4865	4866
4883	4884
5046	5047
5091	5092
5463	5465
5487	5488
5548	5563
5572	5573
5584	5598
5621	5628
5872	5873
5910	5911
5971	5972
6098	6110
6135	6136
6156	6157
6231	6232
6415	6424
