391	393
647	648
661	662
1142	1144
1266	1267
1811	1813
2041	2043
2352	2354
2644	2646
2798	2800
3206	3208
3872	3874
4225	4226
4228	4229
4471	4472
4634	4637
4896	4898
4901	4902
5080	5084
5370	5372
5374	5375
5529	5530
5557	5558
5560	5562
5761	5763
6075	6077
6374	6376
6654	6656
6954	6956
7474	7478
7897	7899
8062	8064
8277	8278
8619	8621
8626	8627
8960	8962
9218	9220
9542	9543
9768	9772
9930	9934
10060	10062
10070	10071
10227	10229
10493	10495
10523	10524
10644	10646
10928	10929
11183	11185
11265	11267
11461	11463
11607	11612
11765	11770
11901	11903
12045	12046
12048	12049
12187	12189
12399	12400
12637	12638
12640	12642
12883	12886
13113	13115
13177	13179
13738	13740
13983	13987
14211	14212
14470	14472
14622	14624
14897	14898
15044	15046
15188	15190
15586	15587
15589	15591
15735	15736
15847	15849
15965	15967
16193	16194
16253	16255
16482	16484
16536	16538
16688	16690
16822	16824
17098	17102
17310	17311
17458	17461
17664	17665
17843	17844
18069	18070
18129	18131
18291	18293
18314	18315
18356	18357
18656	18658
18748	18750
19068	19070
19287	19289
19434	19435
19437	19438
19595	19597
19776	19778
20078	20080
20214	20216
20381	20382
20394	20395
20397	20398
20635	20637
20894	20895
21237	21239
21241	21242
21468	21470
21657	21659
21661	21662
21805	21806
21826	21827
21863	21865
22239	22241
22442	22443
22726	22728
23010	23011
23093	23095
23469	23470
23483	23484
23951	23952
23955	23956
24283	24284
24586	24587
24592	24593
24877	24878
24888	24889
25042	25044
25295	25297
25299	25300
25663	25664
25666	25667
26110	26112
26266	26268
26397	26398
26564	26566
26728	26729
26825	26827
27068	27071
27209	27210
27213	27214
27266	27267
27272	27273
27583	27587
27907	27909
28094	28096
28271	28273
28552	28554
29040	29042
29282	29283
29289	29291
29503	29505
29669	29672
29815	29819
30254	30256
30568	30571
30745	30748
30774	30775
30992	30994
31514	31515
31533	31534
31810	31811
31850	31851
32285	32287
32627	32628
33219	33220
33222	33223
33495	33496
33677	33679
33953	33955
34241	34243
34509	34510
34512	34516
34838	34840
35139	35141
35576	35578
35765	35767
35774	35775
36219	36221
36492	36493
36498	36499
36826	36829
37023	37025
37392	37394
37763	37765
38127	38129
38363	38365
38598	38599
38838	38840
39039	39040
39306	39309
39569	39574
39765	39766
39778	39780
39782	39783
40018	40022
40154	40155
40407	40409
40753	40755
41423	41426
41949	41951
42032	42034
42218	42219
42245	42246
42558	42559
42562	42563
42812	42814
43165	43166
43749	43750
43907	43909
43931	43933
44087	44088
44137	44138
44379	44381
44551	44553
44930	44931
44936	44937
44969	44971
45270	45272
45401	45402
45462	45464
45643	45646
45988	45989
46253	46255
46423	46425
46732	46733
46834	46836
46838	46839
47050	47052
47144	47145
47280	47282
47440	47441
47651	47654
47839	47841
47889	47890
48069	48070
48508	48510
48512	48514
48797	48798
48801	48802
49020	49021
49114	49116
49523	49524
49526	49528
49807	49809
49852	49854
50074	50076
50081	50082
50279	50280
50282	50284
50486	50488
50490	50491
50651	50653
50835	50836
50838	50840
51053	51055
51197	51199
51331	51333
51477	51480
51751	51752
51759	51760
51978	51979
51982	51983
52232	52234
52472	52473
52531	52533
52748	52749
53027	53030
53033	53034
53380	53382
53697	53698
53927	53928
53945	53947
54137	54138
54140	54142
54710	54711
54727	54728
54972	54974
55271	55273
55467	55469
55701	55703
55916	55917
55927	55928
55931	55932
56215	56217
56347	56349
57025	57027
57053	57055
57334	57335
57358	57359
57362	57363
57592	57594
57781	57783
57955	57957
58360	58362
58630	58633
58645	58646
58779	58780
58790	58792
58994	58996
59005	59006
59011	59012
59145	59146
59151	59152
59378	59380
59694	59696
59850	59851
59970	59971
59975	59976
60175	60176
60319	60320
60324	60326
60466	60468
60645	60646
60805	60806
61032	61034
61172	61174
61176	61177
61957	61958
62120	62122
62412	62414
62503	62505
62752	62754
63143	63144
63359	63361
63511	63513
63822	63825
64102	64104
64534	64536
64886	64887
64892	64893
65037	65038
65041	65042
65242	65244
65419	65420
65427	65428
65649	65651
65968	65970
66122	66124
66417	66418
66420	66421
66772	66774
67006	67007
67013	67014
67271	67272
67290	67291
67623	67625
67769	67771
67773	67775
67927	67928
68108	68109
68112	68113
68117	68118
68122	68123
68403	68405
68631	68632
68804	68805
68913	68914
69104	69106
69242	69244
69248	69249
69410	69411
69413	69415
69714	69717
69719	69720
69910	69911
69919	69920
70107	70109
70383	70384
70387	70389
70595	70596
70608	70609
70899	70900
70909	70910
71262	71263
71274	71275
71278	71279
71562	71563
71812	71814
71841	71842
72317	72319
72490	72491
72515	72517
72659	72660
73245	73246
73253	73255
