646 647
937 938
1258 1259
1865 1866
2023 2024
2454 2455
3097 3098
3344 3345
3861 3862
4624 4625
4890 4891
5072 5073
5366 5367
5537 5538
6110 6111
6643 6644
7057 7058
7743 7744
8254 8255
8660 8661
8956 8957
8999 9000
9202 9203
9757 9758
10842 10843
10918 10919
11154 11155
11270 11271
11427 11428
13225 13226
13973 13974
14466 14467
14569 14570
14615 14616
14823 14824
14899 14900
14949 14950
15581 15582
16245 16246
16431 16432
16478 16479
16529 16530
17692 17693
18009 18010
18125 18126
18179 18180
18249 18250
18290 18291
18309 18310
18345 18346
18616 18617
19059 19060
19718 19719
19770 19771
19950 19951
20005 20006
20160 20161
20206 20207
20387 20388
20880 20881
21226 21227
21646 21647
21976 21977
22720 22721
23001 23002
23188 23189
23346 23347
23470 23471
23948 23949
24149 24150
24275 24276
24416 24417
24590 24591
24880 24881
25089 25090
25657 25658
26106 26107
26145 26146
26261 26262
26390 26391
26509 26510
26561 26562
26718 26719
26925 26926
27062 27063
27207 27208
27581 27582
27632 27633
27905 27906
29033 29034
29808 29809
30133 30134
30349 30350
30410 30411
30555 30556
30977 30978
31520 31521
31818 31819
32361 32362
32617 32618
32731 32732
33204 33205
33485 33486
33999 34000
34013 34014
34498 34499
34817 34818
34838 34839
35128 35129
35577 35578
36196 36197
37514 37515
37861 37862
38124 38125
38776 38777
38967 38968
39293 39294
39560 39561
40392 40393
40746 40747
41714 41715
41830 41831
42213 42214
42241 42242
42302 42303
42389 42390
42450 42451
42489 42490
42636 42637
42685 42686
42745 42746
42841 42842
43104 43105
43758 43759
44541 44542
45405 45406
45454 45455
45747 45748
46499 46500
47045 47046
47649 47650
47700 47701
47838 47839
47881 47882
48150 48151
48180 48181
48239 48240
48457 48458
48501 48502
50066 50067
50276 50277
51326 51327
52370 52371
52470 52471
52526 52527
52852 52853
52907 52908
53032 53033
53081 53082
53141 53142
53254 53255
53270 53271
53294 53295
53689 53690
53833 53834
54725 54726
54966 54967
55270 55271
55709 55710
55916 55917
59010 59011
59151 59152
59372 59373
59495 59496
59844 59845
60460 60461
60637 60638
61027 61028
61171 61172
62744 62745
63820 63821
63899 63900
64487 64488
64530 64531
64775 64776
64797 64798
64885 64886
65530 65531
65957 65958
66233 66234
66407 66408
66754 66755
67005 67006
67927 67928
68111 68112
68799 68800
68911 68912
69248 69249
69409 69410
69442 69443
69712 69713
69911 69912
70207 70208
70377 70378
70594 70595
70909 70910
71260 71261
71554 71555
71827 71828
72292 72293