647 648
894 895
983 984
1025 1026
1099 1100
1122 1123
1144 1145
3031 3032
3288 3289
3406 3407
4315 4316
4388 4389
4488 4489
4754 4755
6862 6863
7597 7598
8920 8921
8959 8960
8987 8988
9015 9016
9173 9174
9302 9303
9374 9375
9430 9431
9901 9902
9962 9963
10031 10032
10859 10860
10912 10913
10932 10933
11067 11068
11197 11198
11346 11347
12504 12505
12533 12534
12612 12613
12716 12717
12737 12738
13239 13240
13991 13992
14070 14071
14120 14121
14177 14178
14212 14213
14250 14251
14410 14411
14606 14607
14706 14707
14779 14780
14853 14854
14915 14916
15002 15003
15547 15548
15696 15697
15757 15758
16357 16358
16395 16396
16868 16869
16926 16927
16994 16995
17024 17025
17619 17620
17697 17698
17741 17742
17794 17795
17840 17841
17871 17872
17917 17918
18027 18028
18062 18063
18836 18837
19309 19310
19598 19599
19823 19824
21408 21409
21677 21678
21815 21816
22040 22041
22095 22096
22206 22207
22514 22515
22713 22714
22862 22863
23406 23407
23506 23507
23794 23795
24031 24032
24195 24196
24231 24232
24276 24277
24309 24310
24363 24364
24429 24430
24477 24478
24633 24634
24666 24667
24732 24733
24750 24751
24796 24797
24811 24812
24844 24845
24883 24884
24916 24917
24961 24962
24977 24978
25008 25009
25031 25032
25050 25051
25065 25066
25084 25085
25132 25133
25181 25182
25225 25226
26017 26018
26131 26132
26180 26181
26295 26296
26615 26616
28752 28753
29055 29056
29284 29285
30327 30328
30515 30516
31352 31353
31462 31463
31515 31516
31678 31679
31783 31784
32032 32033
33254 33255
33460 33461
33880 33881
34636 34637
35083 35084
35313 35314
36328 36329
36389 36390
37089 37090
37150 37151
38163 38164
38315 38316
38475 38476
38543 38544
38625 38626
38686 38687
38762 38763
38811 38812
38908 38909
39196 39197
39256 39257
39300 39301
39332 39333
39442 39443
39615 39616
39632 39633
39656 39657
39733 39734
39756 39757
39789 39790
39822 39823
39849 39850
39916 39917
39965 39966
40148 40149
40443 40444
40476 40477
40621 40622
40676 40677
40711 40712
40772 40773
40885 40886
40961 40962
40991 40992
41053 41054
41152 41153
41214 41215
41293 41294
41360 41361
41423 41424
41936 41937
42206 42207
42734 42735
42944 42945
43213 43214
43481 43482
43711 43712
43893 43894
44460 44461
45773 45774
46197 46198
46357 46358
46450 46451
46774 46775
46822 46823
46953 46954
47015 47016
47592 47593
47868 47869
48131 48132
48575 48576
49154 49155
49213 49214
49655 49656
49714 49715
49976 49977
50038 50039
50232 50233
50283 50284
50612 50613
50679 50680
50712 50713
50835 50836
50887 50888
50906 50907
50966 50967
51005 51006
51695 51696
51775 51776
51956 51957
52382 52383
52706 52707
53034 53035
53159 53160
53212 53213
56342 56343
57968 57969
58249 58250
59034 59035
59090 59091
59219 59220
59254 59255
59310 59311
59329 59330
59407 59408
59968 59969
60001 60002
60072 60073
60124 60125
60481 60482
60505 60506
60570 60571
60633 60634
60672 60673
60693 60694
60718 60719
60739 60740
60780 60781
61067 61068
61364 61365
61689 61690
61827 61828
65029 65030
66659 66660
66720 66721
66806 66807
66920 66921
67018 67019
67253 67254
67337 67338
67399 67400
67608 67609
67716 67717
67810 67811
67826 67827
67975 67976
68143 68144
68189 68190
68462 68463
68684 68685
68736 68737
68925 68926
69698 69699
71816 71817