0.000001 0.000026
0.000004 0.000057
0.000006 0.000078
0.000026 0.000269
0.000032 0.000326
0.000050 0.000424
0.000090 0.000609
0.000126 0.000835
0.000121 0.000850
0.000116 0.000864
0.000092 0.000794
0.000097 0.000977
0.000094 0.000975
0.000062 0.000711
0.000082 0.000876
0.000202 0.001525
0.000439 0.002827
0.000855 0.005743
0.000784 0.006853
0.000328 0.004389
0.000200 0.003646
0.000095 0.002088
0.000062 0.001303
0.000033 0.000670
0.000026 0.000510
0.000025 0.000454
0.000021 0.000386
0.000019 0.000357
0.000017 0.000349
0.000008 0.000206
0.000005 0.000153
0.000005 0.000131
0.000004 0.000104
0.000004 0.000086
0.000004 0.000089
0.000004 0.000078
0.000008 0.000111
0.000006 0.000081
0.000007 0.000083
0.000008 0.000088
0.000010 0.000100
0.000006 0.000081
0.000008 0.000107
0.000005 0.000072
0.000006 0.000081
0.000004 0.000050
0.000004 0.000049
0.000004 0.000047
0.000002 0.000032
0.000002 0.000027
0.000001 0.000018
0.000002 0.000025
0.000001 0.000014
0.000001 0.000019
0.000001 0.000015
0.000001 0.000020
0.000001 0.000016
0.000002 0.000023
0.000002 0.000021
0.000005 0.000050
0.000004 0.000038
0.000006 0.000071
0.000005 0.000056
0.000006 0.000070
0.000006 0.000070
0.000004 0.000046
0.000003 0.000038
0.000002 0.000031
0.000002 0.000034
0.000004 0.000049
0.000005 0.000055
0.000009 0.000110
0.000009 0.000098
0.000011 0.000114
0.000015 0.000146
0.000015 0.000137
0.000010 0.000087
0.000004 0.000054
0.000002 0.000036
0.000004 0.000053
0.000002 0.000031
0.000002 0.000040
0.000002 0.000036
0.000003 0.000040
0.000003 0.000050
0.000006 0.000100
0.000005 0.000100
0.000005 0.000120
0.000005 0.000157
0.000010 0.000283
0.000064 0.000945
0.000087 0.001463
0.000226 0.002309
0.000474 0.003916
0.000397 0.003037
0.000536 0.003098
0.000251 0.001691
0.000170 0.001106
0.000131 0.000702
0.000286 0.001017
0.000080 0.000439
0.000070 0.000455
0.000049 0.000384
0.000047 0.000387
0.000056 0.000457
0.000074 0.000541
0.000046 0.000417
0.000043 0.000463
0.000023 0.000247
0.000036 0.000289
0.000021 0.000192
0.000010 0.000135
0.000011 0.000104
0.000010 0.000110
0.000021 0.000200
0.000008 0.000140
0.000011 0.000174
0.000010 0.000161
0.000022 0.000219
0.000016 0.000179
0.000025 0.000234
0.000009 0.000134
0.000010 0.000155
0.000015 0.000165
0.000005 0.000087
0.000006 0.000084
0.000002 0.000047
0.000002 0.000040
0.000004 0.000055
0.000003 0.000065
0.000005 0.000118
0.000007 0.000157
0.000010 0.000257
0.000018 0.000382
0.000030 0.000571
0.000051 0.000768
0.000071 0.000813
0.000100 0.000865
0.000190 0.001209
0.000488 0.002562
0.000533 0.003076
0.000569 0.004601
0.000466 0.006201
0.000242 0.005405
0.000199 0.006077
0.000260 0.007715
0.000288 0.009793
0.000815 0.014086
0.002314 0.022298
0.014505 0.057027
0.014950 0.073191
0.010577 0.085975
0.003375 0.044924
0.001618 0.030456
0.001298 0.029584
0.000571 0.017803
0.000635 0.017526
0.000845 0.013731
0.001723 0.014877
0.001782 0.015290
0.002225 0.020925
0.002493 0.030123
0.002378 0.036351
0.002537 0.049914
0.002714 0.069786
0.003090 0.081194
0.002866 0.090062
0.003589 0.130722
0.003290 0.168899
0.004423 0.222651
0.005627 0.298513
0.006850 0.372898
0.016061 0.494186
0.030256 0.611874
0.049488 0.675955
0.087252 0.720746
0.195353 0.755250
0.350627 0.782083
0.411998 0.801668
0.384154 0.818357
0.255299 0.819566
0.113831 0.823581
0.050756 0.837467
0.030317 0.860208
0.017109 0.862110
0.010984 0.868610
0.011274 0.876412
0.009247 0.896237
0.006945 0.891581
0.005671 0.865615
0.005332 0.819781
0.002381 0.675961
0.001719 0.415881
0.000726 0.126979
0.000362 0.037936
0.000164 0.010847
0.000083 0.003517
0.000047 0.001328
0.000025 0.000652
0.000017 0.000336
0.000020 0.000323
0.000012 0.000202
0.000010 0.000130
0.000007 0.000099
0.000007 0.000080
0.000007 0.000071
0.000008 0.000066
0.000010 0.000075
0.000011 0.000074
0.000013 0.000092
0.000012 0.000085
0.000019 0.000118
0.000019 0.000119
0.000024 0.000149
0.000027 0.000168
0.000036 0.000216
0.000042 0.000254
0.000055 0.000331
0.000068 0.000386
0.000079 0.000442
0.000087 0.000498
0.000107 0.000564
0.000130 0.000667
0.000139 0.000718
0.000172 0.000882
0.000172 0.000909
0.000174 0.000956
0.000137 0.000782
0.000165 0.000891
0.000119 0.000666
0.000136 0.000762
0.000093 0.000556
0.000128 0.000710
0.000112 0.000644
0.000125 0.000754
0.000086 0.000556
0.000102 0.000647
0.000084 0.000567
0.000096 0.000674
0.000079 0.000557
0.000068 0.000539
0.000056 0.000468
0.000067 0.000562
0.000050 0.000388
0.000051 0.000383
0.000048 0.000335
0.000042 0.000301
0.000041 0.000268
0.000034 0.000232
0.000036 0.000234
0.000038 0.000282
0.000030 0.000249
0.000018 0.000161
0.000024 0.000202
0.000022 0.000173
0.000022 0.000175
0.000024 0.000179
0.000032 0.000238
0.000030 0.000227
0.000034 0.000262
0.000034 0.000250
0.000037 0.000279
0.000039 0.000293
0.000035 0.000262
0.000041 0.000299
0.000045 0.000336
0.000067 0.000459
0.000075 0.000492
0.000086 0.000542
0.000102 0.000631
0.000145 0.000817
0.000152 0.000872
0.000157 0.000967
0.000155 0.000991
0.000194 0.001195
0.000217 0.001384
0.000209 0.001382
0.000190 0.001260
0.000191 0.001243
0.000195 0.001248
0.000153 0.001072
0.000149 0.001004
0.000112 0.000844
0.000113 0.000874
0.000096 0.000774
0.000074 0.000597
0.000069 0.000585
0.000063 0.000536
0.000062 0.000527
0.000054 0.000462
0.000047 0.000432
0.000042 0.000382
0.000047 0.000419
0.000034 0.000306
0.000032 0.000282
0.000027 0.000238
0.000026 0.000227
0.000023 0.000190
0.000022 0.000190
0.000026 0.000203
0.000036 0.000298
0.000033 0.000291
0.000029 0.000249
0.000027 0.000250
0.000028 0.000256
0.000023 0.000221
0.000024 0.000223
0.000027 0.000243
0.000032 0.000274
0.000032 0.000277
0.000031 0.000265
0.000030 0.000275
0.000038 0.000332
0.000033 0.000280
0.000041 0.000350
0.000037 0.000314
0.000041 0.000342
0.000049 0.000393
0.000051 0.000419
0.000062 0.000476
0.000071 0.000521
0.000091 0.000634
0.000080 0.000611
0.000087 0.000626
0.000100 0.000669
0.000124 0.000819
0.000119 0.000769
0.000100 0.000688
0.000078 0.000581
0.000067 0.000530
0.000054 0.000453
0.000050 0.000419
0.000043 0.000385
0.000041 0.000375
0.000042 0.000381
0.000037 0.000331
0.000037 0.000334
0.000037 0.000316
0.000039 0.000332
0.000034 0.000277
0.000037 0.000284
0.000034 0.000262
0.000045 0.000340
0.000034 0.000255
0.000038 0.000273
0.000031 0.000230
0.000034 0.000270
0.000023 0.000176
0.000024 0.000187
0.000026 0.000190
0.000048 0.000381
0.000046 0.000377
0.000040 0.000329
0.000046 0.000399
0.000044 0.000366
0.000037 0.000322
0.000034 0.000290
0.000034 0.000314
0.000019 0.000196
0.000013 0.000141
