1773 1774
1779 1781
1784 1785
1787 1793
1829 1833
1834 1837
1838 1840
1842 1846
1923 1958
2314 2319
2429 2430
2469 2470
2588 2621
2876 2899
3269 3290
3556 3577
3615 3636
3671 3672
3715 3716
3758 3781
4001 4002
4051 4052
4339 4360
4378 4395
4711 4712
4713 4740
4771 4788
5725 5730
5732 5733
5737 5742
5768 5771
5813 5846
5959 5960
5989 5990
6043 6044
6109 6110
7044 7072
8540 8547
8792 8812
8915 8938
9435 9455
9456 9458
9695 9727
10330 10351
10679 10706
12947 12975
12995 13012
13064 13092
13380 13385
13485 13486
13530 13531
13564 13565
13685 13686
13721 13722
13778 13779
14112 14113
14172 14173
14251 14276
14321 14322
14361 14362
14405 14406
14454 14455
14500 14523
14619 14620
14654 14655
14797 14798
14856 14857
14927 14928
14988 14989
15019 15020
15102 15103
15125 15126
15152 15153
15173 15174
15286 15287
15348 15349
15527 15553
15604 15626
15647 15672
15757 15766
15940 15941
15989 15990
16144 16166
16222 16247
16343 16344
16405 16406
16840 16876
16951 16981
17089 17116
17154 17178
17221 17222
17268 17269
17358 17393
17458 17459
17500 17501
17542 17567
17608 17611
17640 17668
17682 17714
17725 17758
17824 17825
17882 17883
17924 17925
17966 17991
18880 18914
18984 19010
19465 19492
19506 19535
19612 19640
19892 19893
19946 19947
20049 20077
20106 20127
20151 20169
20216 20236
20259 20274
20426 20430
20439 20444
20499 20505
20513 20519
20690 20691
20738 20739
20809 20828
20913 20938
20992 20993
21045 21046
21137 21138
21182 21183
21247 21248
21277 21278
21330 21331
21367 21368
21397 21398
21440 21441
21470 21471
21495 21496
21544 21545
21618 21639
21949 21950
21976 21977
22024 22025
22369 22370
22428 22429
23196 23197
23401 23402
23448 23449
23485 23486
23593 23594
23641 23642
23798 23799
23836 23837
24089 24090
24129 24130
24237 24238
24299 24300
24421 24422
24477 24478
24530 24531
24670 24671
24804 24823
24855 24874
25053 25075
25245 25265
25284 25309
25356 25365
25504 25505
25564 25565
25617 25630
25917 25919
25924 25935
25936 25937
25975 25981
26016 26056
27130 27151
27308 27323
27620 27658
28063 28077
28100 28108
28163 28184
28478 28483
28508 28527
28550 28575
28659 28686
28831 28835
29669 29699
29925 29953
30070 30082
30422 30456
30796 30820
31659 31694
31740 31771
31809 31836
31897 31900
31902 31927
31954 31976
31989 32012
32109 32110
32111 32125
32338 32339
32397 32398
32443 32460
32697 32698
32738 32739
32886 32912
32937 32968
32999 33026
33060 33061
33116 33117
33185 33186
33220 33221
33282 33306
33408 33426
33511 33541
34492 34520
34554 34580
34600 34625
34659 34685
35907 35918
36713 36714
36747 36748
36783 36784
37366 37367
37391 37392
37638 37639
37657 37658
37693 37694
38858 38884
39419 39450
39465 39493
39567 39598
39630 39660
39757 39758
39808 39809
39882 39883
39987 39988
40033 40034
40174 40178
40238 40243
40290 40318
40336 40363
40491 40492
40542 40543
40899 40924
40942 40960
41059 41060
41119 41120
41178 41202
41214 41239
41396 41422
41432 41463
41520 41550
41575 41607
41930 41931
41973 41974
42339 42340
42400 42401
42494 42496
42519 42553
42564 42598
42666 42700
43553 43584
43848 43863
44271 44280
44850 44886
44956 44984
45310 45330
45913 45929
45936 45937
46766 46767
46769 46774
47213 47242
47604 47631
47707 47731
47782 47783
47830 47831
47878 47879
47920 47921
47968 47969
48046 48047
48107 48108
48479 48495
49095 49113
49677 49697
49759 49785
50449 50478
50568 50597
51096 51117
51148 51176
51217 51247
51931 51953
52021 52035
52090 52094
52309 52330
52968 52973
53074 53100
53112 53137
53180 53181
53230 53231
53316 53317
53366 53367
53422 53423
53463 53464
53516 53517
53538 53539
53824 53858
53903 53904
53951 53952
53996 53997
54051 54052
54133 54152
54197 54198
54250 54251
54347 54364
54415 54416
54674 54675
54716 54717
54752 54753
54916 54917
54958 54959
54990 54991
55179 55180
55389 55405
55407 55408
55444 55445
55503 55504
55721 55726
55851 55860
55861 55866
56073 56098
56164 56180
56181 56185
56340 56375
56398 56400
56404 56425
56616 56641
56661 56674