598 599
810 811
899 900
941 942
1015 1016
1038 1039
1060 1061
2633 2634
2751 2752
3481 3482
7012 7013
7051 7052
7079 7080
7107 7108
7371 7372
7427 7428
7791 7792
7852 7853
10562 10563
10595 10596
10759 10760
10809 10810
10866 10867
10901 10902
10939 10940
11392 11393
11454 11455
12045 12046
12106 12107
12556 12557
12594 12595
12964 12965
13022 13023
13090 13091
13120 13121
13541 13542
13619 13620
13663 13664
13716 13717
13762 13763
13793 13794
13839 13840
13949 13950
13984 13985
17007 17008
17062 17063
18474 18475
18510 18511
18555 18556
18588 18589
18642 18643
18708 18709
18756 18757
18912 18913
18945 18946
19011 19012
19029 19030
19075 19076
19090 19091
19123 19124
19162 19163
19195 19196
19240 19241
19256 19257
19287 19288
19310 19311
19329 19330
19344 19345
19363 19364
19411 19412
19460 19461
19504 19505
20182 20183
20231 20232
24075 24076
24128 24129
27015 27016
27281 27282
27724 27725
27785 27786
28336 28337
28397 28398
29451 29452
29512 29513
29588 29589
29637 29638
29911 29912
29971 29972
30015 30016
30047 30048
30266 30267
30283 30284
30307 30308
30384 30385
30407 30408
30440 30441
30473 30474
30500 30501
30567 30568
30616 30617
31032 31033
31065 31066
31176 31177
31231 31232
31266 31267
31327 31328
31440 31441
31516 31517
31546 31547
31608 31609
31707 31708
31769 31770
31848 31849
31915 31916
31978 31979
37439 37440
37498 37499
37847 37848
37906 37907
38130 38131
38192 38193
38355 38356
38406 38407
38675 38676
38708 38709
38831 38832
38883 38884
38902 38903
38962 38963
39001 39002
40207 40208
40536 40537
40589 40590
44816 44817
44872 44873
45001 45002
45036 45037
45092 45093
45111 45112
45189 45190
45606 45607
45639 45640
45710 45711
45762 45763
46081 46082
46105 46106
46170 46171
46233 46234
46272 46273
46293 46294
46318 46319
46339 46340
46380 46381
46667 46668
46964 46965
47255 47256
47393 47394
51075 51076
51136 51137
51597 51598
51659 51660
51963 51964
52211 52212
52257 52258
52669 52670
52721 52722