646 647
1394 1395
1983 1984
2185 2186
2714 2715
3070 3071
3324 3325
3432 3433
3556 3557
4732 4733
4817 4818
5461 5462
5756 5757
7537 7538
8830 8831
9160 9161
9443 9444
9528 9529
9591 9592
9641 9642
9822 9823
10122 10123
10312 10313
11037 11038
11805 11806
11906 11907
12264 12265
12642 12643
12997 12998
13095 13096
13482 13483
13624 13625
13944 13945
13984 13985
14246 14247
14770 14771
14832 14833
15021 15022
15214 15215
15258 15259
15394 15395
15509 15510
15785 15786
15812 15813
15887 15888
16193 16194
16336 16337
16470 16471
16754 16755
17173 17174
17197 17198
17211 17212
17448 17449
17588 17589
17704 17705
17717 17718
17830 17831
17926 17927
17951 17952
18068 18069
18081 18082
18277 18278
18445 18446
18575 18576
18597 18598
18839 18840
18880 18881
18945 18946
18983 18984
18996 18997
19198 19199
19901 19902
19980 19981
20028 20029
20141 20142
20362 20363
20494 20495
20769 20770
20942 20943
21090 21091
21116 21117
21201 21202
21234 21235
21446 21447
21480 21481
21514 21515
21763 21764
21786 21787
21942 21943
22177 22178
22221 22222
22458 22459
22485 22486
22525 22526
22735 22736
22761 22762
22783 22784
23012 23013
23025 23026
23174 23175
23202 23203
23476 23477
23495 23496
23626 23627
23650 23651
23670 23671
23791 23792
23815 23816
23864 23865
23901 23902
24285 24286
24311 24312
24385 24386
24436 24437
24705 24706
24720 24721
24766 24767
24928 24929
25001 25002
25262 25263
25315 25316
25732 25733
25748 25749
25782 25783
25799 25800
25935 25936
25981 25982
26248 26249
26285 26286
26614 26615
26772 26773
26878 26879
26892 26893
26960 26961
26997 26998
27062 27063
27078 27079
27145 27146
27160 27161
27273 27274
27325 27326
27399 27400
27417 27418
28526 28527
28865 28866
28878 28879
29313 29314
29371 29372
30019 30020
30231 30232
30329 30330
30699 30700
30777 30778
30983 30984
31723 31724
31916 31917
32626 32627
33523 33524
34221 34222
34552 34553
34757 34758
35025 35026
35461 35462
35475 35476
36124 36125
36511 36512
36869 36870
36966 36967
37600 37601
37942 37943
37975 37976
39422 39423
39551 39552
40208 40209
40267 40268
40455 40456
42226 42227
42318 42319
42381 42382
42570 42571
42597 42598
43101 43102
43276 43277
44239 44240
44392 44393
44742 44743
44806 44807
44824 44825
45247 45248
45334 45335
45354 45355
45485 45486
45701 45702
45742 45743
45756 45757
45900 45901
45929 45930
46011 46012
46062 46063
46106 46107
46225 46226
46279 46280
47156 47157
47229 47230
47754 47755
48037 48038
48225 48226
48391 48392
48610 48611
48630 48631
49311 49312
49336 49337
49422 49423
49564 49565
49585 49586
49629 49630
49647 49648
49753 49754
49799 49800
49861 49862
49909 49910
49994 49995
50077 50078
50139 50140
50181 50182
50342 50343
50361 50362
50443 50444
50557 50558
50580 50581
50642 50643
50723 50724
50789 50790
50874 50875
50911 50912
50960 50961
51011 51012
51234 51235
51668 51669
52044 52045
52300 52301
52391 52392
52609 52610
52765 52766
52892 52893
53117 53118
53248 53249
53659 53660
53999 54000
54560 54561
54909 54910
55119 55120
55608 55609
55749 55750
55897 55898
56095 56096
56410 56411
56710 56711
56803 56804
56856 56857
57157 57158
57199 57200
57275 57276
57444 57445
57740 57741
57985 57986
58207 58208
58469 58470
58598 58599
58953 58954
59205 59206
59330 59331
59528 59529
59643 59644
59817 59818
60056 60057
60123 60124
60157 60158
60201 60202
60272 60273
60350 60351
60369 60370
60480 60481
60532 60533
60764 60765
61064 61065
61325 61326
61533 61534
62221 62222
62581 62582
62666 62667
62770 62771
62813 62814
63127 63128
63580 63581
63615 63616
63697 63698
63716 63717
63902 63903
63988 63989
64104 64105
64202 64203
64290 64291
64435 64436
64466 64467
64522 64523
64565 64566
64586 64587
64627 64628
64704 64705
64790 64791
64833 64834
64895 64896
65149 65150
65242 65243
65299 65300
65350 65351
65403 65404
65434 65435
65534 65535
65567 65568
65617 65618
65636 65637
65770 65771
65831 65832
66006 66007
66087 66088
66409 66410
66565 66566
66942 66943
67095 67096
67385 67386
67673 67674
68314 68315
69250 69251
69268 69269
70139 70140
70385 70386
71320 71321
71346 71347