472 473
3673 3674
3714 3715
4319 4320
4375 4376
5034 5035
5081 5082
5140 5141
6555 6556
6723 6724
7204 7205
9597 9598
9641 9642
14412 14413
14679 14680
14733 14734
14788 14789
14812 14813
14964 14965
14993 14994
15050 15051
15110 15111
15176 15177
15216 15217
15527 15528
15547 15548
15949 15950
16061 16062
17335 17336
17389 17390
17445 17446
17641 17642
17702 17703
19020 19021
19169 19170
19230 19231
19290 19291
19540 19541
19717 19718
21495 21496
21513 21514
21608 21609
21670 21671
22019 22020
23760 23761
23809 23810
25112 25113
25156 25157
25716 25717
25733 25734
27521 27522
27558 27559
27657 27658
27694 27695
27789 27790
28474 28475
32668 32669
32723 32724
33498 33499
33636 33637
33693 33694
33924 33925
35709 35710
35752 35753
35934 35935
35981 35982
36056 36057
36072 36073
36122 36123
36191 36192
36239 36240
36271 36272
36292 36293
36313 36314
36356 36357
36371 36372
36386 36387
36667 36668
36726 36727
36847 36848
36862 36863
36895 36896
37050 37051
37112 37113
37140 37141
37198 37199
37731 37732
37787 37788
38020 38021
38072 38073
38328 38329
38377 38378
38519 38520
38576 38577
38653 38654
38714 38715
38866 38867
38901 38902
38956 38957
45046 45047
50763 50764
50802 50803
50850 50851
51890 51891
51926 51927
51980 51981
52040 52041
52087 52088
52563 52564
52587 52588
52602 52603
52661 52662
53557 53558
53671 53672
53720 53721
53977 53978