2069 2070
3062 3063
3102 3103
3509 3510
4798 4799
4842 4843
5228 5229
5278 5279
6092 6093
7743 7744
7827 7828
7893 7894
8767 8768
11108 11109
11330 11331
11840 11841
13313 13314
15663 15664
15950 15951
16825 16826
16967 16968
17012 17013
17046 17047
17167 17168
17203 17204
17260 17261
17742 17743
17802 17803
17992 17993
18032 18033
18076 18077
18125 18126
18320 18321
18355 18356
18532 18533
18591 18592
18662 18663
18723 18724
18754 18755
18837 18838
18860 18861
18887 18888
18908 18909
19529 19530
19897 19898
19946 19947
20407 20408
21479 21480
21526 21527
21654 21655
21757 21758
21799 21800
22189 22190
22352 22353
22394 22395
23540 23541
23633 23634
23657 23658
23680 23681
24303 24304
24432 24433
24686 24687
24734 24735
24788 24789
24917 24918
24999 25000
25180 25181
25392 25393
25630 25631
25659 25660
25692 25693
25720 25721
25799 25800
25841 25842
25889 25890
25971 25972
25997 25998
26138 26139
26186 26187
26206 26207
26259 26260
26351 26352
26396 26397
26412 26413
26446 26447
26461 26462
26491 26492
26544 26545
26581 26582
26611 26612
26654 26655
26684 26685
26709 26710
26758 26759
26859 26860
26940 26941
26964 26965
27209 27210
27225 27226
27252 27253
27300 27301
27422 27423
27744 27745
27803 27804
28182 28183
28460 28461
28603 28604
28635 28636
28726 28727
28792 28793
28997 28998
29044 29045
29081 29082
29105 29106
29189 29190
29237 29238
29394 29395
29432 29433
29452 29453
29511 29512
29725 29726
29765 29766
29952 29953
30029 30030
30057 30058
30113 30114
30166 30167
30249 30250
30306 30307
30479 30480
30534 30535
30858 30859
31025 31026
31061 31062
31200 31201
31441 31442
31501 31502
31519 31520
31591 31592
31606 31607
31710 31711
31725 31726
31950 31951
31968 31969
32043 32044
32162 32163
32191 32192
32449 32450
34241 34242
36552 36553
36641 36642
37908 37909
38102 38103
39078 39079
39094 39095
39578 39579
39628 39629
39970 39971
40060 40061
40578 40579
40637 40638
40906 40907
41021 41022
41062 41063
41422 41423
41487 41488
41543 41544
41647 41648
41732 41733
41843 41844
43075 43076
43195 43196
43271 43272
43364 43365
44124 44125
45432 45433
45466 45467
45502 45503
45519 45520
45773 45774
46092 46093
46241 46242
46266 46267
46377 46378
46442 46443
46506 46507
46532 46533
46568 46569
46581 46582
46659 46660
46725 46726
46927 46928
47079 47080
47182 47183
47382 47383
47525 47526
47591 47592
47606 47607
47665 47666
47771 47772
47808 47809
47915 47916
47953 47954
48117 48118
48148 48149
48247 48248
49315 49316
49366 49367
49390 49391
49440 49441
49545 49546
49591 49592
49879 49880
50256 50257
50307 50308
50637 50638
50989 50990
51049 51050
51200 51201
52111 52112
52154 52155
52520 52521
52581 52582
53715 53716
53987 53988
57083 57084
59660 59661
59708 59709
59750 59751
59798 59799
59876 59877
59937 59938
60903 60904
64201 64202
65724 65725
66324 66325
67004 67005
67054 67055
67140 67141
67190 67191
67246 67247
67287 67288
67340 67341
67362 67363
67679 67680
67812 67813
67857 67858
67912 67913
68089 68090
68142 68143
68349 68350
68464 68465
68545 68546
68575 68576
68650 68651
68765 68766
68850 68851
68876 68877
69113 69114
69468 69469
70516 70517
71252 71253
72175 72176
72205 72206
72232 72233