472 473
4799 4800
4836 4837
6649 6650
7453 7454
7508 7509
7852 7853
7887 7888
11212 11213
11257 11258
12156 12157
12188 12189
12209 12210
14256 14257
14318 14319
18265 18266
18318 18319
19907 19908
19931 19932
19971 19972
20035 20036
20086 20087
20117 20118
20177 20178
20782 20783
20831 20832
20855 20856
22514 22515
22573 22574
23636 23637
23688 23689
23849 23850
23905 23906
24093 24094
27944 27945
28005 28006
29872 29873
29916 29917
31251 31252
31298 31299
31343 31344
31403 31404
31490 31491
31532 31533
32382 32383
32641 32642
32696 32697
32946 32947
32990 32991
33235 33236
33264 33265
41614 41615
41650 41651
41683 41684
41745 41746
41784 41785
44443 44444
44498 44499