0	1
552	557
647	648
810	811
973	974
1042	1043
1111	1112
1120	1124
1146	1147
1169	1172
1194	1195
1216	1219
1498	1499
1565	1566
1618	1619
1683	1684
1694	1700
1726	1727
2171	2172
2213	2214
2280	2281
2339	2340
2425	2426
2573	2574
2670	2671
2755	2756
2827	2828
3237	3238
3342	3343
4012	4013
4084	4085
4145	4146
4205	4206
4300	4301
4348	4353
4388	4389
4414	4415
4472	4473
4580	4581
4620	4622
4640	4641
4833	4834
4897	4898
5116	5117
5253	5254
5358	5361
5445	5446
5558	5559
5659	5660
5678	5679
5723	5727
5771	5779
5786	5788
5872	5873
6013	6014
6071	6072
6257	6258
