0	1
399	406
720	721
810	811
1440	1441
2670	2681
3100	3114
3120	3148
4884	4911
4931	4932
5015	5017
5078	5081
5092	5100
5136	5150
5158	5160
5225	5230
5274	5276
5309	5321
5357	5379
5387	5388
5472	5486
5492	5496
5502	5503
5531	5539
5547	5558
5639	5642
5651	5652
5658	5659
5672	5675
5766	5771
5779	5780
5798	5802
5972	5974
5982	5983
6373	6382
6775	6782
6940	6941
6955	6956
7255	7271
7891	7900
9136	9162
9477	9498
9858	9876
10298	10301
10863	10906
10927	10957
11915	11933
12307	12324
12742	12743
12777	12784
12810	12817
12844	12845
12880	12894
12902	12909
15187	15188
15195	15196
15203	15205
15211	15215
15222	15223
15234	15236
