0	1
212	225
304	313
389	397
545	556
639	650
797	813
870	885
945	957
1050	1064
1168	1170
1253	1258
1475	1479
1651	1656
1923	1926
2626	2639
2742	2755
2878	2894
2978	2983
2989	2994
3111	3130
3228	3245
3467	3485
3616	3635
3822	3848
4060	4083
4168	4175
4181	4188
4300	4320
4424	4443
4520	4545
4655	4675
5047	5053
5061	5077
5150	5157
5163	5173
5261	5279
5339	5340
5753	5766
5853	5873
5985	5986
6589	6621
6668	6675
6684	6691
6757	6762
6773	6776
6846	6848
6857	6858
6943	6950
6957	6964
7070	7093
7209	7210
7468	7470
7635	7639
7882	7905
7996	8001
8007	8012
8121	8128
8134	8141
8243	8251
8257	8264
8371	8379
8385	8393
8486	8501
8757	8758
9186	9187
9290	9296
9303	9309
9400	9424
9623	9633
9736	9741
9968	9969
10070	10089
10178	10185
10196	10203
10327	10335
10347	10352
10464	10487
10605	10626
10769	10777
10784	10792
11003	11035
