0	1
452	453
768	769
922	923
980	981
1154	1155
1213	1214
1247	1248
1279	1280
1344	1345
1389	1414
1684	1685
2137	2138
2291	2292
2393	2394
2448	2449
2542	2543
2604	2605
2705	2706
2756	2757
2860	2861
2960	2961
3006	3007
3067	3075
3113	3114
3205	3206
3277	3278
3354	3355
3464	3465
3497	3498
3638	3649
3810	3811
3996	3997
4186	4188
4199	4200
4283	4284
4487	4488
4554	4555
4601	4602
4648	4649
4729	4730
5019	5020
5200	5201
5383	5384
5520	5526
5635	5636
5827	5828
5988	5989
6085	6086
6171	6175
6770	6771
6822	6823
7153	7154
7295	7296
7630	7631
7725	7726
7771	7772
7833	7834
7866	7867
7941	7942
7948	7949
8024	8025
8115	8116
8170	8171
8239	8240
8449	8450
8517	8522
8666	8667
8716	8717
8923	8924
9070	9071
9220	9221
9505	9506
9711	9717
9724	9726
9938	9939
9952	9953
10042	10043
10356	10357
10394	10395
10464	10465
10485	10487
10519	10520
10542	10547
10611	10612
10668	10669
10779	10780
10831	10832
10865	10866
10894	10895
10918	10919
10969	10970
10988	10999
11038	11040
11091	11092
11147	11148
11226	11227
11298	11299
11460	11461
11694	11695
11832	11833
11908	11909
12083	12084
12136	12137
12175	12176
12387	12388
12401	12402
12517	12518
12604	12605
12720	12721
12952	12953
12981	12982
13010	13011
13039	13040
13068	13069
13213	13214
13281	13282
13351	13352
