0	1
108	138
144	183
191	192
370	371
521	522
746	747
790	791
828	829
900	901
1052	1053
1134	1158
1164	1174
1211	1212
1264	1265
1344	1345
1420	1426
1440	1441
1574	1575
1727	1728
1804	1805
1881	1882
1956	1957
2037	2045
2052	2053
2282	2283
2321	2322
2358	2359
2435	2436
2488	2489
2569	2570
2665	2666
2876	2877
2969	2970
3104	3105
3181	3182
3257	3258
3353	3354
3430	3431
3536	3560
3578	3579
3736	3737
3813	3814
3887	3888
3946	3947
4036	4037
4099	4100
4111	4126
4146	4161
4169	4177
4195	4196
4266	4267
4323	4324
4366	4367
4418	4419
4500	4501
4597	4598
4654	4655
4711	4712
4793	4804
5030	5031
5183	5184
5337	5338
5452	5465
5479	5501
