0	1
91	92
99	106
186	187
234	245
252	261
405	406
473	474
575	576
671	672
722	723
736	737
813	814
956	957
1066	1067
1150	1151
1365	1366
1490	1491
1584	1585
1693	1694
1840	1841
1906	1907
1967	1968
2146	2147
2249	2250
2421	2422
2643	2644
2815	2816
2865	2866
2930	2931
2995	2996
3021	3022
3374	3375
3479	3480
3628	3629
3817	3818
3903	3904
3996	3997
4223	4224
4355	4359
4568	4571
4624	4631
4724	4725
4874	4875
5009	5010
5177	5178
5280	5281
5413	5414
5482	5483
5608	5609
5726	5727
5838	5839
6009	6010
6096	6097
6200	6201
6350	6351
6590	6591
6656	6676
6702	6703
6733	6734
6764	6765
6810	6811
6841	6842
6875	6876
7353	7359
7469	7473
