0	1
129	130
208	209
291	292
334	342
361	362
386	390
437	440
457	459
620	623
679	680
691	692
700	703
770	771
950	951
982	989
1108	1109
1315	1316
1450	1451
1517	1518
1550	1551
1620	1621
1724	1725
1750	1751
1780	1782
1938	1939
2150	2151
2191	2192
2215	2216
2324	2325
2500	2501
2739	2740
2750	2751
2800	2801
2838	2839
3006	3007
3103	3104
3721	3722
3832	3833
3971	3972
4122	4123
4375	4376
4501	4502
4625	4626
4753	4754
4889	4890
5097	5098
5139	5140
5150	5151
5200	5201
5856	5857
6452	6453
6900	6901
6950	6951
7022	7023
7167	7168
7264	7265
7425	7426
7450	7451
7500	7501
7556	7557
7681	7682
7750	7751
7829	7830
7991	7992
8117	8118
8202	8203
8250	8251
8293	8294
8417	8418
8531	8532
8606	8607
8690	8691
8773	8774
8869	8870
8945	8951
9000	9001
9013	9014
9100	9101
9214	9215
9275	9276
9355	9356
9467	9468
9553	9554
9879	9880
9897	9909
