0	1
67	78
93	94
153	171
178	192
767	768
910	911
1112	1113
1179	1180
1260	1261
1356	1357
1481	1482
1807	1808
2270	2271
2430	2431
2602	2603
2696	2697
2781	2782
2888	2889
3418	3419
3598	3599
4135	4136
4234	4235
4482	4483
4743	4744
4851	4852
5027	5028
5098	5099
5233	5234
5307	5308
5473	5474
5631	5632
5670	5671
5762	5763
5899	5900
6086	6087
6171	6172
6289	6290
6403	6404
6668	6669
6751	6752
6771	6776
7212	7216
7222	7223
7234	7237
7340	7341
7577	7579
7589	7590
7600	7602
7663	7664
7752	7753
8062	8063
8435	8436
8565	8566
8800	8801
8945	8946
9025	9026
9044	9045
9124	9125
9209	9210
9388	9389
9431	9432
9494	9495
9707	9708
9769	9770
9838	9839
9911	9912
9972	9973
10196	10197
10243	10244
10287	10288
10335	10336
10440	10441
10608	10609
10765	10766
10809	10810
11027	11028
11275	11276
11451	11452
11544	11545
11683	11684
11763	11764
11846	11847
11870	11871
12022	12023
12196	12197
12359	12360
12459	12460
12514	12515
12647	12648
12785	12786
12863	12864
13141	13142
13226	13227
13616	13617
13748	13749
13893	13894
13951	13952
14027	14028
14102	14103
14142	14143
14627	14628
14672	14673
14721	14722
14797	14798
14960	14961
15051	15052
15181	15182
15254	15255
15538	15539
15745	15746
15989	15990
16168	16169
16493	16494
16537	16538
16686	16687
16946	16949
16967	16971
17174	17177
17196	17199
17274	17283
17472	17473
17486	17497
17580	17581
17709	17710
17876	17877
18025	18026
18262	18263
18486	18489
18510	18511
18609	18615
18632	18634
18709	18710
18716	18720
18728	18734
18890	18891
18950	18952
18960	18961
18972	18975
19099	19100
19504	19505
19665	19666
19788	19789
19940	19941
20108	20109
20262	20263
20530	20531
20747	20748
20834	20835
20858	20859
20896	20897
21017	21018
21084	21085
21299	21300
21578	21579
21680	21681
22146	22147
22208	22209
22411	22412
22522	22523
22587	22588
22712	22713
22737	22738
22826	22827
22953	22954
23036	23037
23216	23217
23369	23370
23396	23397
23439	23440
23741	23742
23859	23860
23960	23961
24006	24007
24056	24057
24181	24182
24220	24221
24602	24603
24643	24644
24767	24771
25140	25141
25194	25197
25217	25219
25303	25304
25316	25317
25325	25328
25363	25364
25386	25387
25485	25487
25509	25510
25864	25867
25888	25889
26091	26093
26112	26116
26208	26211
26231	26233
26302	26303
26424	26425
26550	26551
26874	26881
26891	26899
26958	26961
26976	26983
27060	27063
27082	27085
27903	27906
27926	27928
28185	28188
28207	28210
28564	28567
28587	28589
28779	28780
28854	28855
29153	29154
29403	29404
29460	29461
29588	29589
30248	30249
30399	30400
30474	30475
31103	31104
31194	31195
31846	31847
31897	31898
32018	32019
32198	32199
32472	32473
32666	32667
32816	32841
