0	25
298	309
364	372
380	386
393	396
410	412
425	426
434	450
478	480
492	506
514	540
561	575
586	595
611	616
634	665
678	679
690	696
707	708
716	720
737	743
754	798
807	810
826	832
843	844
1144	1159
1189	1190
1202	1203
1219	1257
1280	1299
1306	1312
1322	1323
1347	1349
1482	1483
1502	1503
1575	1576
2304	2310
2322	2326
2368	2369
2376	2377
2387	2388
2447	2448
2517	2518
2530	2531
2537	2538
2625	2626
2655	2671
3032	3037
3282	3283
3323	3325
3387	3389
3402	3406
3498	3499
3512	3539
3551	3564
3586	3587
3610	3617
3647	3648
3978	3980
4118	4120
4311	4315
4330	4336
4347	4349
4358	4402
4420	4423
4438	4439
4470	4480
4500	4502
4565	4566
4675	4676
4705	4714
4727	4740
4752	4753
4805	4806
4840	4848
4964	4974
4980	4984
4993	4995
5015	5024
5032	5040
5062	5063
5071	5077
5113	5133
5141	5153
5165	5172
5180	5195
5205	5237
5248	5260
5273	5274
5283	5284
5326	5327
5385	5409
