0	15
144	159
205	206
274	275
339	340
408	409
574	575
640	641
705	706
773	774
873	874
951	952
1008	1009
1066	1068
1137	1138
1245	1246
1271	1272
1378	1393
1407	1408
1526	1531
1593	1594
1675	1676
1741	1742
1806	1807
1873	1874
1943	1944
2009	2010
2053	2057
2071	2072
2134	2135
2173	2174
2240	2241
2439	2440
2474	2475
2507	2508
2574	2575
2640	2641
2673	2674
2706	2707
2757	2758
2814	2827
2857	2860
2899	2903
2932	2935
2949	2950
2977	2979
2997	2999
3006	3007
3055	3056
3172	3173
3207	3219
3243	3245
3259	3260
3285	3288
3324	3325
3348	3350
3371	3372
3425	3427
3463	3465
3515	3521
3551	3566
3573	3580
3662	3664
3670	3673
3761	3763
3810	3811
3913	3927
3941	3942
3998	4000
4006	4007
4015	4018
4033	4034
4042	4049
4068	4073
4110	4111
4120	4122
4164	4167
4178	4180
4187	4194
4208	4209
4222	4224
4234	4236
4271	4274
4293	4295
4326	4330
4344	4345
4375	4381
4439	4443
4451	4453
4489	4493
4504	4506
4513	4515
4578	4579
4604	4608
4826	4828
4855	4857
4917	4918
4932	4938
5010	5017
5024	5033
5051	5060
5074	5075
5207	5210
5276	5280
