0	1
202	203
236	237
243	248
281	282
311	312
339	340
371	372
394	395
442	443
492	493
515	516
539	540
561	565
584	597
609	615
628	642
671	672
694	695
718	719
759	760
803	804
829	830
848	849
875	876
923	939
962	963
979	988
1008	1013
1043	1044
1092	1093
1125	1126
1162	1163
1211	1212
1234	1235
1275	1276
1285	1292
1331	1332
1384	1385
1444	1445
1491	1492
1512	1513
1534	1536
1559	1562
1594	1595
2015	2016
2047	2048
2087	2088
2120	2121
2190	2191
2260	2267
2273	2274
3102	3103
3129	3130
3165	3166
3189	3190
3215	3216
3284	3285
3334	3335
3357	3358
3394	3395
3440	3441
3472	3473
3512	3513
3539	3540
3832	3833
3860	3861
3918	3919
3941	3942
3965	3966
3997	3998
4019	4020
4053	4054
4100	4101
4147	4148
4186	4187
4223	4224
4259	4260
4297	4298
4331	4332
4364	4365
4399	4400
4446	4447
4512	4519
4525	4526
4583	4584
4696	4697
4731	4732
4762	4763
4783	4784
4811	4812
4843	4844
4870	4871
4900	4901
4929	4930
4962	4963
4986	4987
5005	5006
5037	5038
5063	5064
5120	5121
5165	5166
5183	5184
5218	5219
5295	5296
5368	5369
5389	5390
5419	5420
5464	5465
5521	5522
5529	5538
5597	5598
5645	5646
5686	5687
5766	5767
5813	5814
5886	5887
5968	5969
6004	6005
6026	6027
6072	6073
6101	6106
6119	6120
6147	6148
6189	6190
6231	6251
6292	6293
6333	6334
6365	6366
6477	6478
6511	6512
6581	6582
6602	6603
6640	6641
6712	6713
6747	6748
6798	6799
6812	6818
6838	6839
6892	6893
6929	6930
6964	6965
6977	6989
7011	7012
7061	7062
7163	7164
7199	7200
7276	7277
7307	7308
7335	7336
7376	7377
7404	7405
7451	7452
7459	7480
7516	7517
7587	7588
7636	7637
7769	7791
