0	1
53	54
81	82
110	111
126	127
138	139
178	179
185	186
202	203
215	216
224	225
246	247
260	261
273	274
289	290
300	301
316	317
376	377
391	392
400	401
423	424
437	438
452	453
466	470
478	483
497	498
512	513
528	529
541	544
587	594
615	616
629	630
660	661
676	677
706	707
721	722
741	742
765	766
795	796
816	817
853	854
867	868
898	899
913	914
927	928
956	957
972	973
986	987
1029	1030
1053	1054
1082	1083
1120	1121
1149	1150
1163	1164
1172	1173
1181	1182
1197	1204
1218	1219
1236	1237
1268	1284
1298	1299
1328	1329
1343	1344
1359	1360
1373	1374
1431	1432
1445	1446
1458	1463
1476	1477
1491	1492
1502	1503
1534	1535
1545	1546
1584	1585
1623	1624
1639	1640
1654	1655
1669	1670
1682	1683
1694	1695
1706	1707
1738	1739
1766	1767
1786	1787
1802	1803
1817	1818
1834	1835
1858	1859
1891	1892
1906	1907
1929	1930
1966	1967
1985	1986
2008	2009
2024	2025
2037	2038
2056	2057
2090	2091
2101	2102
2144	2145
2156	2161
2175	2176
2188	2189
2217	2218
2240	2241
2262	2263
2285	2286
2321	2322
2336	2337
2352	2353
2373	2374
2394	2395
2425	2426
2454	2455
2470	2471
2477	2478
2485	2486
2500	2501
2515	2516
2529	2530
2544	2545
2565	2566
2589	2590
2603	2604
2618	2619
2634	2635
2647	2648
2666	2667
2690	2691
2714	2715
2751	2752
2767	2768
2785	2786
2810	2811
2842	2843
2870	2871
2885	2886
2914	2915
2929	2930
2944	2945
2987	2988
3059	3060
3071	3072
3095	3096
3107	3108
3123	3124
3138	3139
3153	3154
3168	3169
3181	3182
3211	3212
3225	3226
3241	3242
3283	3284
3316	3317
3369	3370
3405	3406
3453	3454
3467	3468
3478	3479
3493	3494
3515	3521
3538	3539
3552	3553
3560	3561
3574	3583
3593	3594
3608	3609
3619	3620
3638	3639
3648	3649
3717	3718
3731	3732
3745	3746
3761	3762
3775	3776
3791	3792
3805	3806
3820	3821
3835	3836
3863	3864
3890	3891
3901	3902
3924	3925
3938	3939
3953	3954
3964	3965
3979	3980
3987	3988
3997	3998
4012	4013
4041	4042
4056	4057
4116	4117
4139	4140
4153	4154
4160	4161
4176	4177
4197	4198
4212	4213
4220	4221
4249	4250
4352	4353
4405	4406
4427	4428
4470	4471
4513	4514
4532	4533
4547	4548
4590	4591
4618	4619
4649	4650
