0	1
86	88
115	117
144	146
173	175
202	204
231	233
260	262
289	291
318	320
347	349
376	378
405	407
434	436
463	465
492	494
521	523
550	552
579	581
608	610
637	639
666	668
695	697
724	726
753	755
782	784
811	813
840	842
869	871
898	900
927	929
956	958
985	987
1014	1016
1043	1045
1072	1074
1101	1103
1130	1132
1159	1161
1188	1190
1217	1219
1246	1248
1275	1277
1304	1306
1349	1350
1361	1362
1379	1380
1495	1496
1910	1911
1936	1937
2120	2121
2378	2379
2456	2458
2550	2551
2809	2810
2852	2853
3062	3063
3244	3245
3435	3436
3589	3599
3615	3619
3882	3883
3910	3912
3939	3941
3969	3970
3997	3999
4200	4201
5331	5333
5360	5361
5389	5391
5418	5433
5439	5465
