0	35
44	46
52	53
98	99
144	145
288	289
361	365
397	398
421	423
430	431
454	461
484	485
504	509
530	531
554	555
578	579
602	603
648	649
720	721
746	747
775	776
792	793
823	836
844	846
862	872
878	879
886	893
901	902
913	927
934	942
949	968
982	998
1009	1014
1030	1038
1057	1070
1081	1116
1123	1131
1152	1157
1178	1179
1186	1187
1200	1209
1216	1217
1224	1235
1241	1242
1250	1257
1272	1280
1296	1302
1327	1335
1343	1346
1363	1380
1390	1398
1418	1421
1435	1443
1466	1473
1483	1505
1514	1520
1528	1589
1610	1614
1728	1729
1780	1781
1790	1791
1798	1815
1824	1830
1843	1856
1876	1881
1891	1893
1900	1901
1920	1926
1944	1983
1990	1998
2016	2019
2026	2027
2040	2051
2062	2070
2088	2097
2113	2115
2138	2144
2158	2168
2179	2180
2186	2187
2200	2201
2210	2216
2232	2237
2251	2259
2282	2283
2293	2294
2304	2315
2330	2331
2350	2358
2376	2379
2386	2387
2402	2408
2414	2415
2422	2430
2448	2457
2474	2487
2494	2513
2522	2528
2536	2537
2548	2555
2563	2564
2570	2579
2590	2598
2614	2625
2632	2636
2642	2651
2659	2681
2687	2702
2714	2723
2734	2742
2758	2763
2770	2771
2777	2790
2808	2820
2830	2840
2858	2859
2866	2867
2880	2886
2893	2913
2920	2936
2952	2960
2974	2982
2992	2993
3002	3009
3022	3029
3043	3044
3050	3056
3070	3078
3088	3116
3122	3129
3136	3147
3161	3162
3180	3181
3191	3192
3219	3220
3245	3246
3297	3309
3406	3418
3567	3568
3580	3646
3654	3655
3690	3697
3748	3749
3769	3770
3789	3790
3801	3803
3813	3816
3842	3877
3925	3926
4030	4031
4080	4082
4176	4177
4218	4219
4243	4280
4290	4305
4393	4415
4421	4449
4469	4470
4489	4499
4513	4518
4540	4542
4549	4554
4561	4566
4577	4578
4586	4590
4601	4602
4612	4662
4678	4686
4706	4767
4778	4809
4822	4839
4850	4863
4872	4911
4918	4932
4946	5049
5060	5082
5089	5102
5110	5124
5134	5151
5158	5449
5473	5474
5497	5500
5569	5570
5605	5606
5643	5644
5666	5672
5679	5701
5707	5729
5738	5750
5760	5779
5787	5795
5802	5804
5811	5821
5832	5845
5856	5866
5880	5893
5906	5914
5931	5941
5954	5957
5964	5965
5980	5990
6003	6004
6028	6029
6039	6065
6076	6101
6117	6130
6147	6157
6172	6173
6192	6197
6207	6221
6229	6242
6255	6280
6288	6307
6315	6323
6340	6349
6364	6370
6388	6395
6403	6404
6421	6431
6439	6441
6467	6468
6587	6588
6617	6649
6658	6661
6675	6676
6684	6691
6711	6712
6731	6733
6754	6755
6773	6775
6783	6784
6803	6805
6818	6819
6828	6835
6854	6856
6874	6886
6894	6916
6924	6933
6948	6949
6974	6975
6996	6997
7023	7024
7042	7048
7059	7060
7066	7078
7092	7099
7116	7120
7137	7150
7158	7180
7188	7195
7210	7219
7238	7249
7258	7270
7278	7285
7308	7309
7329	7339
7356	7360
7378	7387
7409	7410
7425	7432
7509	7510
7561	7562
7585	7586
7635	7636
7683	7684
7705	7712
7723	7871
7882	7895
7902	7913
7928	7929
7942	8009
8024	8031
8038	8063
8071	8127
8137	8157
8174	8175
8197	8199
8218	8223
8238	8241
8288	8294
8302	8307
8324	8325
8336	8342
8362	8369
8386	8396
8410	8417
8434	8475
8482	8490
8500	8523
8530	8679
8687	8688
8696	8733
8742	8751
8758	8760
8768	8786
8792	8799
8806	8831
8840	8849
8866	8871
8878	8894
8912	8921
8938	8939
8956	8975
8984	8993
9010	9020
9030	9033
9040	9041
9050	9057
9068	9069
9082	9083
9094	9096
9104	9110
9122	9138
9154	9155
9163	9218
9226	9359
9368	9383
9391	9404
9418	9419
9443	9444
9466	9467
9488	9495
9536	9545
9608	9611
9632	9636
9658	9663
9680	9681
9694	9698
9706	9711
9722	9732
9775	9776
9823	9828
9848	9849
9869	9879
9896	9897
9904	9905
9934	9935
9947	9948
9970	9971
9982	9983
9994	10004
10016	10017
10025	10031
10042	10049
10067	10073
10090	10091
10114	10124
10132	10137
10157	10166
10178	10179
10186	10187
10195	10196
10208	10209
10256	10272
10280	10295
10306	10319
10327	10338
10345	10412
10423	10431
10439	10440
10474	10475
10481	10482
10498	10499
10544	10545
10568	10572
10594	10599
10622	10629
10642	10644
10651	10652
10666	10674
10690	10707
10714	10731
10738	10755
10762	10797
10804	10847
10856	10871
10882	10884
10891	10892
10902	10911
10919	10920
10930	10931
11098	11172
11179	11180
11186	11211
11218	11232
11242	11249
11266	11268
11276	11277
11296	11297
11338	11339
11402	11412
11432	11436
11459	11460
11467	11468
11506	11513
11531	11537
11552	11553
11578	11587
11608	11609
11694	11696
11716	11720
11734	11735
11742	11743
11768	11769
11792	11793
11821	11823
11840	11841
11862	11867
11886	11891
11910	11915
11938	11940
11963	11969
11982	11983
12010	12012
12056	12057
12080	12081
12104	12105
12126	12127
12139	12140
12154	12155
12181	12182
12208	12209
12227	12228
12247	12263
12270	12273
12318	12323
12342	12347
12362	12363
12370	12371
12379	12380
12395	12396
12430	12431
12438	12441
12449	12455
12464	12465
12494	12495
12514	12516
12529	12530
12538	12540
12562	12570
12586	12587
12638	12644
12661	12662
12679	12689
12707	12708
12733	12734
12758	12759
12781	12788
12802	12803
12838	12848
12862	12863
12872	12876
12886	12887
12922	12924
12947	12948
12958	12959
12973	12974
12998	12999
13018	13019
13088	13089
13110	13115
13138	13139
13147	13148
13154	13155
13184	13185
13195	13196
13210	13211
13219	13226
13232	13233
13280	13287
13306	13307
13336	13337
13361	13362
13372	13385
13402	13404
13427	13428
13570	13571
13616	13617
13642	13643
13666	13667
13714	13715
13738	13739
13754	13823
13832	13838
13852	13862
13880	13895
13904	13910
13918	13934
13940	13961
13976	13977
13997	14003
14012	14027
14041	14060
14072	14091
14098	14106
14122	14132
14146	14147
14170	14171
14194	14195
14240	14351
14360	14375
14381	14399
14408	14445
14454	14519
14528	14544
14554	14556
14566	14567
14578	14579
14602	14603
14626	14631
14650	14690
14698	14756
14762	14847
14854	15047
15056	15057
15067	15069
15082	15084
15130	15131
15154	15159
15206	15207
15226	15228
15250	15251
15274	15276
15298	15299
15394	15396
15421	15422
15436	15449
15464	15470
15490	15492
15510	15518
15625	15633
15640	15641
15658	15665
15886	15887
15898	15899
15922	15927
15941	15960
15968	16055
16064	16251
16258	16292
16298	16316
16328	16329
16350	16362
16370	16391
16400	16479
16486	16506
16514	16538
16544	16611
16618	16632
16639	16649
16666	16667
16690	16692
16726	16727
16738	16739
16765	16766
16798	16800
16810	16823
16832	16871
16880	16913
16926	16943
16952	16967
16974	17007
17022	17027
17035	17060
17070	17099
17111	17121
17135	17136
17146	17147
17166	17183
17190	17201
17213	17217
17233	17244
17254	17255
17264	17300
17312	17687
17695	17732
17740	17745
17752	17756
17767	17801
17815	17819
17837	17889
17899	17900
17912	17951
17960	17975
17984	17985
17998	17999
18008	18020
18026	18051
18067	18068
18080	18167
18174	18219
18226	18231
18244	18255
18272	18273
18296	18300
18310	18335
18344	18383
18392	18407
18415	18423
18439	18441
18451	18453
18462	18491
18506	18519
18534	18542
18550	18551
18557	18570
18586	18719
18730	18791
18802	18807
18824	18837
18848	18854
18872	18884
18896	18902
18920	18938
18944	18956
18968	18975
18986	19023
19034	19053
19064	19095
19112	19118
19130	19137
19147	19148
19160	19172
19178	19197
19208	19220
19232	19268
19279	19316
19328	19335
19352	19377
19400	19403
19424	19439
19448	19460
19472	19481
19487	19488
19496	19502
19618	19619
19642	19644
19690	19691
19760	19767
19784	19785
19819	19886
19904	19908
19918	19919
19928	19943
19950	19968
19978	19992
20000	20004
20022	20028
20038	20063
20072	20078
20084	20091
20126	20127
20860	20861
20914	20915
20938	20943
20960	20976
20984	20993
21008	21083
21202	21209
21224	21243
21250	21260
21272	21273
21298	21311
21318	21321
21331	21332
21340	21345
21368	21369
21394	21396
21406	21407
21418	21426
21440	21441
21514	21515
21946	21947
22051	22058
22066	22067
22073	22080
22090	22097
22105	22106
22117	22124
22136	22152
22159	22173
22186	22187
22196	22202
22231	22235
22258	22259
22294	22295
22306	22307
22322	22329
22339	22346
22352	22379
22400	22407
22664	22665
22735	22736
22784	22790
22808	22811
22817	22818
22840	22841
22856	22862
22978	22979
23002	23003
23024	23063
23072	23076
23086	23087
23096	23123
23141	23145
23159	23160
23166	23177
23191	23204
23216	23222
23240	23258
23264	23274
23284	23295
23311	23313
23329	23330
23338	23339
23356	23363
23374	23388
23414	23415
23434	23435
23537	23538
23596	23597
23794	23795
23839	23840
24130	24131
24178	24179
24368	24369
24447	24456
24730	24731
25183	25184
25204	25205
25255	25256
25273	25274
25426	25427
25498	25499
25762	25763
25810	25811
25928	25934
25948	25949
25955	25964
25978	25985
25998	26003
26014	26015
26024	26025
26050	26061
26075	26076
26096	26102
26120	26121
26146	26147
26171	26183
26192	26198
26212	26220
26227	26228
26240	26241
26293	26294
26336	26345
26369	26370
26386	26423
26432	26441
26449	26493
26500	26612
26626	26633
26641	26657
26670	26708
26723	26724
26842	26843
26896	26897
26912	26913
26920	26922
26938	26939
26962	26963
26986	26987
27022	27023
27032	27038
27046	27047
27056	27068
27078	27083
27104	27158
27174	27177
27193	27194
27202	27203
27226	27227
27250	27251
27269	27281
27292	27302
27310	27311
27320	27326
27346	27359
27365	27425
27434	27447
27511	27515
27538	27539
27560	27561
27568	27569
27586	27588
27610	27614
27637	27639
27647	27653
27667	27668
27814	27815
27821	27884
27898	27903
27910	27911
27918	27953
27961	27977
27986	28007
28015	28104
28110	28124
28133	28134
28142	28143
28282	28283
28309	28310
28568	28569
28760	28761
28813	28815
28822	28916
28924	28959
28981	28988
29011	29012
29048	29049
29194	29195
29218	29220
29242	29243
29264	29276
29290	29295
29310	29316
29334	29343
29356	29361
29380	29388
29408	29414
29423	29430
29509	29510
29528	29529
29552	29553
29576	29582
29605	29606
29621	29622
29653	29654
29725	29730
29743	29753
29766	29768
29795	29796
29840	29844
29852	29853
29884	29891
29914	29916
29938	29939
29962	29964
29984	29988
30008	30029
30037	30039
30046	30056
30074	30075
30113	30114
30194	30200
30223	30224
30240	30249
30264	30265
30288	30290
30307	30314
30336	30337
30345	30346
30384	30385
30537	30541
30552	30553
30561	30565
30588	30614
30627	30698
30704	30746
30752	30769
30777	30787
30802	30880
30888	30889
30898	30904
30912	30913
30922	30923
30936	30937
31017	31021
31033	31034
31041	31141
31149	31169
31177	31178
31186	31187
31284	31285
31327	31331
31443	31445
31524	31531
31548	31549
31594	31600
31614	31618
31644	31645
31668	31669
31683	31688
31707	31714
31740	31741
31759	31763
31788	31789
31797	31798
31810	31811
31857	31867
31881	31885
31908	31910
31926	31927
32004	32005
32046	32056
32076	32083
32097	32101
32107	32108
32122	32123
32139	32149
32158	32170
32181	32189
32196	32201
32238	32248
32256	32257
32268	32270
32292	32293
32304	32314
32332	32344
32365	32371
32388	32393
32400	32401
32410	32411
32434	32437
32448	32449
32460	32462
32488	32494
32505	32509
32532	32533
32553	32564
32577	32582
32589	32641
32649	32725
32748	32758
32770	32785
32793	32798
32817	32821
32962	32963
33015	33016
33297	33301
33348	33353
33369	33385
33397	33398
33420	33425
33442	33443
33456	33457
33486	33493
33528	33529
33540	33542
33564	33575
33582	33589
33612	33613
33633	33637
33732	33733
33777	33778
33801	33802
33990	33994
34044	34045
34065	34069
34090	34096
34104	34118
34140	34141
34161	34165
34186	34187
34202	34221
34233	34238
34312	34313
34319	34320
34331	34643
34649	34679
34687	34688
34695	34701
34718	34736
34744	34755
34762	34776
34791	34802
34819	34824
34832	34851
34858	34877
34885	34904
34915	34919
34939	34943
34951	34952
34983	34988
35007	35008
35017	35018
35030	35036
35051	35057
35083	35084
35103	35108
35122	35123
35131	35132
35140	35145
35153	35159
35170	35171
35345	35346
35455	35460
35710	35711
35729	35730
35777	35778
35890	35891
35923	35924
36148	36149
36176	36177
36305	36306
36595	36596
36664	36665
36689	36690
36814	36815
37114	37115
37174	37175
37219	37220
37315	37316
37648	37649
37829	37830
37840	37844
37850	37856
38035	38036
38315	38316
38336	38337
38465	38471
38635	38637
38710	38712
38729	38733
38741	38742
38751	38843
38849	38864
38873	38885
38900	38901
38917	38922
38929	38930
38941	38942
38953	38955
38963	38981
38995	38997
39013	39023
39034	39045
39071	39072
39091	39098
39111	39114
39139	39141
39161	39167
39183	39189
39209	39218
39226	39227
39235	39237
39251	39261
39268	39269
39304	39305
39330	39331
39345	39350
39357	39362
39377	39380
39400	39416
39427	39430
39453	39455
39474	39483
39501	39511
39529	39534
39608	39609
39648	39649
39699	39700
39767	39768
39965	39966
39987	40003
40011	40020
40035	40053
40059	40090
40100	40114
40122	40123
40131	40135
40155	40168
40179	40185
40205	40206
40247	40251
40278	40279
40294	40307
40317	40331
40338	40340
40348	40354
40372	40384
40401	40403
40418	40419
40430	40437
40443	40449
40491	40498
40506	40507
40515	40519
40530	40543
40559	40570
40580	40581
40587	40642
40651	40652
40659	40663
40670	40671
40683	40684
40692	40693
40704	40707
41174	41175
41189	41201
41235	41236
41257	41265
41285	41287
41355	41356
41427	41428
41460	41461
41478	41481
41501	41656
41663	41701
41708	41725
41732	41815
41826	41844
41850	41892
41900	41920
41927	41944
41955	41962
41988	41989
42390	42391
42411	42417
42437	42445
42454	42487
42501	42511
42521	42522
42529	42538
42548	42559
42567	42586
42595	42610
42619	42631
42641	42655
42665	42669
42675	42679
42689	42703
42710	42727
42737	42751
42762	42775
42784	42799
42809	42835
42843	42877
42891	42892
42899	42900
42971	42972
43061	43062
43103	43140
43151	43164
43170	43212
43220	43239
43251	43284
43290	43314
43323	43327
43337	43360
43371	43375
43385	43387
43395	43399
43412	43413
43419	43423
43637	43642
43649	43650
43661	43666
43685	43693
43710	43711
43827	43828
43851	43852
43883	43893
44019	44020
44093	44094
44100	44101
44114	44118
44211	44212
44240	44241
44259	44299
44306	44311
44322	44324
44331	44383
44390	44431
44438	44440
44451	44469
44475	44485
44499	44515
44523	44563
44571	44578
44595	44602
44619	44620
44739	44740
44885	44886
45242	45246
45387	45394
45411	45414
45430	45431
45449	45450
45459	45460
45483	45484
45491	45492
45510	45511
45627	45628
45675	45681
45691	45706
45713	45719
45725	45753
45771	45772
45779	45780
45791	45799
45815	45826
45837	45847
45857	45864
45884	45892
45908	45940
45950	45964
45977	45984
45990	45991
46001	46012
46022	46063
46073	46090
46097	46111
46124	46125
46131	46132
46143	46148
46155	46164
46170	46204
46425	46426
46705	46710
46730	46731
46779	46780
46823	46824
46919	46924
47019	47020
47089	47090
47115	47116
47130	47137
47329	47332
47451	47457
47477	47479
47873	47874
47886	47889
47907	47923
47931	47938
47945	47968
47975	48010
48017	48055
48065	48082
48123	48124
48291	48292
48385	48393
48558	48559
48603	48604
48683	48684
48690	48691
48705	48706
48713	48733
48743	48751
48761	48853
48860	48898
48905	48943
48951	48973
48980	48988
48995	48996
49002	49003
49011	49018
49037	49038
49059	49060
49107	49108
49227	49228
49347	49348
49445	49446
49523	49532
49566	49569
49590	49593
49599	49600
49613	49615
49659	49663
49683	49684
49707	49708
49736	49738
49758	49759
49779	49785
49971	49977
50453	50464
50514	50517
50568	50570
50610	50611
50645	50646
50705	50707
50713	50714
50837	50844
50864	50865
50888	50889
50907	50914
50921	50947
50955	50962
50969	50971
50977	50995
51003	51010
51025	51028
51035	51036
51042	51043
51051	51054
51315	51316
51339	51340
51403	51404
51483	51490
51497	51498
51507	51516
51522	51523
51531	51532
51555	51556
51578	51582
51588	51589
51603	51607
51614	51615
51621	51630
51649	51651
51671	51672
51711	51712
51723	51724
51735	51736
51744	51757
51767	51775
51785	51786
51795	51801
51819	51826
51834	51835
51843	51844
51851	51852
51858	51859
51867	51870
51876	51877
51894	51895
51902	51903
51915	51916
52083	52084
52091	52092
52203	52204
52224	52225
52297	52300
52316	52317
52326	52327
52357	52358
52371	52378
52385	52386
52395	52396
52415	52422
52443	52447
52457	52458
52467	52476
52491	52498
52515	52519
52727	52728
53089	53092
53099	53130
53136	53140
53159	53160
53173	53174
53189	53190
53197	53218
53224	53231
53246	53247
53297	53300
53309	53318
53341	53354
53389	53405
53412	53427
53439	53440
53457	53458
53465	53466
53475	53476
53483	53485
53493	53512
53525	53532
53549	53550
53570	53574
53739	53740
53747	53748
53765	53766
53814	53815
53861	53862
53885	53886
54003	54004
54012	54013
54021	54043
54051	54061
54075	54082
54089	54091
54097	54108
54114	54129
54137	54175
54193	54199
54206	54207
54224	54226
54234	54235
54243	54244
54336	54337
54375	54376
54411	54412
54481	54482
54692	54699
54798	54799
54870	54871
54899	54900
55011	55012
55079	55083
55100	55101
55155	55156
55278	55279
55299	55300
55329	55332
55338	55363
55371	55384
55395	55405
55415	55426
55433	55500
55506	55549
55556	55615
55625	55639
55646	55699
55705	55720
55726	55741
55755	55762
55772	55773
55803	55804
55815	55816
55824	55846
55864	55871
55884	55904
55912	55915
55927	55928
55938	55939
55950	55952
55965	55970
55986	55989
55998	56044
56060	56065
56085	56086
56516	56517
56804	56805
56828	56832
56858	56859
56877	56878
56890	56891
56903	56904
56940	56941
56951	56952
56958	56959
56975	56976
56999	57000
57161	57162
57726	57727
57738	57739
57747	57748
57768	57769
57788	57802
57812	57828
57837	57850
57857	57889
57895	57925
57932	57940
57946	58017
58023	58024
58032	58039
58127	58128
58284	58285
58292	58293
58335	58336
58721	58722
58728	58749
58770	58773
58783	58784
58793	58795
58820	58822
58855	58856
58865	58870
58883	58884
58895	58896
58929	58960
58968	58969
58976	58978
58992	58993
59019	59023
59038	59043
59066	59067
59186	59187
59304	59305
59376	59377
59421	59422
59428	59450
59470	59482
59496	59498
59517	59519
59544	59546
59563	59567
59580	59596
59631	59651
59661	59684
59691	59705
59716	59720
59736	59755
59764	59765
59778	59789
59805	59813
59820	59822
59838	59839
59858	59866
59910	59911
60132	60134
60145	60146
60192	60193
60268	60269
60408	60422
60438	60439
60453	60454
60471	60478
60484	60491
60498	60509
60516	60533
60549	60557
60570	60581
60594	60604
60615	60629
60639	60640
60649	60671
60686	60704
60711	60712
60726	60737
60744	60749
60760	60761
60783	60791
60810	60816
60827	60828
60838	60839
60866	60867
60891	60892
60903	60948
60956	60976
60982	60994
61000	61015
61022	61039
61052	61069
61080	61108
61121	61137
61155	61156
61163	61164
61173	61176
61460	61477
61598	61599
61634	61635
61679	61680
62277	62278
62288	62289
62300	62325
62339	62340
62369	62371
62394	62395
62438	62439
62456	62457
62478	62479
62504	62505
63147	63148
63938	63946
63954	63985
63993	63997
64004	64005
64017	64024
64034	64039
64059	64075
64085	64099
64113	64126
64135	64174
64193	64197
64209	64210
64217	64237
64292	64294
64379	64380
64439	64440
64497	64498
64510	64512
64532	64533
64544	64545
64559	64563
64569	64570
64583	64590
64649	64650
64663	64666
64682	64687
64713	64714
64751	64752
64808	64809
64822	64823
64830	64834
64879	64880
64901	64902
64921	64922
64938	64939
65001	65002
65024	65026
65042	65053
65069	65082
65091	65092
65103	65104
65117	65119
65143	65144
65169	65170
65193	65194
65246	65250
65265	65266
65291	65292
65326	65327
65336	65338
65351	65355
65376	65377
65442	65446
65460	65461
65478	65490
66494	66495
66516	66517
66535	66546
66561	66575
66585	66586
66607	66618
66627	66637
66643	66660
66677	66696
66703	66733
66746	66756
66767	66768
66777	66789
66798	66811
66825	66828
66845	66853
66873	66968
68218	68219
68226	68257
