0	1
24	25
75	76
123	124
170	188
199	200
794	795
857	858
915	916
1034	1035
1113	1114
1163	1164
1270	1271
1325	1326
1389	1390
1485	1486
1633	1653
1731	1755
1832	1833
1950	1951
2380	2381
2763	2764
2815	2816
2863	2864
2911	2912
3124	3125
3177	3178
4195	4196
4253	4254
4328	4329
4384	4385
4429	4430
4481	4482
4563	4564
4655	4656
4695	4696
4838	4839
5084	5085
5443	5464
5738	5739
5881	5882
6437	6438
6509	6510
6541	6549
6601	6614
6987	6988
7454	7455
7622	7623
7779	7780
7909	7910
8000	8001
8145	8146
8244	8245
8345	8346
8467	8468
8604	8605
8663	8664
8721	8722
8830	8831
8943	8944
9230	9244
9770	9795
10002	10003
10301	10302
10404	10405
10465	10466
10521	10522
10595	10605
10662	10663
10722	10723
10780	10781
11511	11512
11727	11747
12315	12316
12354	12355
12375	12376
12390	12398
12441	12442
12507	12508
12577	12578
12670	12671
12711	12712
12772	12773
12858	12859
13419	13441
13569	13589
13805	13824
13884	13885
13985	13986
14031	14034
14091	14092
14151	14162
14174	14175
14185	14186
14222	14223
14264	14265
14307	14308
14354	14355
14389	14390
14453	14454
14489	14490
14554	14555
14587	14589
14599	14602
14619	14620
14642	14648
14654	14659
14736	14741
14807	14810
14828	14829
14847	14853
14894	14895
14952	14953
15959	15980
16646	16647
17158	17159
17845	17869
18443	18444
18717	18718
18906	18907
19039	19040
19804	19805
20181	20182
20656	20657
20982	20983
21459	21460
21831	21832
22321	22322
22501	22502
22570	22571
22641	22642
22816	22817
22882	22883
22951	22952
23326	23327
23386	23408
23731	23732
24665	24666
25254	25268
26190	26191
26410	26411
26820	26821
27206	27207
27924	27939
28088	28089
28309	28310
28475	28476
29009	29010
29283	29284
29576	29577
29658	29659
29878	29903
30044	30045
30583	30584
31469	31470
31952	31953
32524	32525
32943	32944
33446	33447
33979	33980
34208	34209
34675	34676
34995	34996
35491	35492
35676	35677
36616	36617
36641	36656
37004	37005
37082	37083
37150	37151
37253	37254
37355	37356
37472	37473
37547	37563
