39 25
40 28
43 20
36 32
38 26
32 76
1 6317
87 3
80 1
33 59
139 1
55 12
35 44
41 23
76 4
34 35
53 9
71 2
42 21
31 65
49 11
46 12
58 4
62 6
47 10
69 6
51 15
59 12
61 9
63 6
50 17
52 10
54 13
112 2
44 15
37 21
74 4
18 1
2 32
79 6
176 1
73 4
48 10
56 10
57 12
67 6
65 5
98 2
60 9
45 13
88 2
78 5
92 1
68 5
164 1
95 1
214 1
103 2
64 4
85 4
83 4
94 2
89 2
180 1
19 1
105 3
167 2
70 5
127 2
159 1
72 6
143 1
96 4
158 1
77 2
177 1
104 3
145 1
200 1
117 2
113 1
81 1
99 2
130 1
66 1
75 4
147 1
135 1
119 1
101 1
107 1
84 2
224 1
16 1
126 2
220 1
154 1
120 1
271 1
12 1
29 1
125 1
179 1
140 1
91 1
