3008 3031
3860 3887
4452 4467
5096 5107
5784 5795
5804 5811
5876 5883
5904 5911
5956 5975
5972 5983
6016 6027
7320 7335
7652 7667
11892 11923
12824 12843
16908 16915
16956 16963
17012 17019
17044 17051
17348 17355
17400 17407
17428 17439
20380 20391
20468 20475
20828 20839
20860 20867
28412 28423
28448 28459
29344 29367
33804 33823
34352 34367
34468 34479
34520 34531
37604 37611
37892 37903
37944 37951
38496 38515
38724 38739
41720 41739
44324 44335
44360 44367
44456 44467
44508 44519
44804 44815
44812 44819
44872 44883
44896 44903
44916 44927
45396 45407
45440 45451
45976 45987
46012 46023
46068 46079
46076 46087
46108 46115
46364 46375
46408 46415
46588 46595
46624 46635
49520 49527
49564 49575
49608 49631
49628 49639
49736 49747
49796 49803
49840 49851
49932 49943
49980 49991
50852 50863
50912 50919
51284 51295
51720 51731
52324 52343
53220 53239
53704 53731
54308 54331
54704 54723
55484 55507
56096 56103
56212 56219
56220 56227
56232 56243
69660 69671
69708 69719