     0	    55 : 1
    52	    59 : 0
    56	    67 : 0
    64	    71 : 0
    68	    83 : 0
    80	    87 : 0
    84	    91 : 0
    88	   115 : 0
   112	   119 : 0
   116	   131 : 0
   128	   143 : 0
   140	   147 : 0
   144	   267 : 0
   264	   299 : 0
   296	   419 : 0
   416	   423 : 0
   420	   539 : 0
   536	   563 : 0
   560	   587 : 0
   584	   591 : 0
   588	   639 : 0
   636	   647 : 0
   644	   719 : 1
   716	   755 : 0
   752	   759 : 0
   756	   795 : 0
   792	   799 : 1
   796	   815 : 0
   812	   835 : 0
   832	   843 : 0
   840	   955 : 1
   952	   995 : 0
   992	  1071 : 0
  1068	  1079 : 0
  1076	  1147 : 0
  1144	  1167 : 0
  1164	  1195 : 0
  1192	  1199 : 0
  1196	  1239 : 1
  1236	  1247 : 0
  1244	  1291 : 0
  1288	  1307 : 0
  1304	  1319 : 0
  1316	  1327 : 0
  1324	  1347 : 0
  1344	  1367 : 0
  1364	  1379 : 1
  1376	  1383 : 0
  1380	  1391 : 0
  1388	  1399 : 0
  1396	  1523 : 0
  1520	  1531 : 0
  1528	  1567 : 0
  1564	  1571 : 0
  1568	  1575 : 0
  1572	  1579 : 0
  1576	  1603 : 0
  1600	  1607 : 0
  1604	  1611 : 0
  1608	  1623 : 0
  1620	  1875 : 0
  1872	  1927 : 0
  1924	  1931 : 0
  1928	  1939 : 0
  1936	  1943 : 0
  1940	  1947 : 0
  1944	  1955 : 0
  1952	  1959 : 0
  1956	  2003 : 0
  2000	  2027 : 0
  2024	  2031 : 0
  2028	  2035 : 0
  2032	  2043 : 0
  2040	  2059 : 0
  2056	  2067 : 0
  2064	  2075 : 0
  2072	  2079 : 1
  2076	  2083 : 2
  2080	  2147 : 0
  2144	  2183 : 1
  2180	  2195 : 0
  2192	  2251 : 0
  2248	  2267 : 0
  2264	  2291 : 0
  2288	  2295 : 0
  2292	  2363 : 0
  2360	  2387 : 0
  2384	  2395 : 0
  2392	  2399 : 0
  2396	  2515 : 0
  2512	  2527 : 0
  2524	  2547 : 0
  2544	  2551 : 0
  2548	  2583 : 1
  2580	  2615 : 0
  2612	  2623 : 0
  2620	  2631 : 0
  2628	  2635 : 0
  2632	  2639 : 0
  2636	  2643 : 0
  2640	  2651 : 0
  2648	  2659 : 0
  2656	  2663 : 0
  2660	  2699 : 1
  2696	  2727 : 0
  2724	  2739 : 1
  2736	  2759 : 0
  2756	  2767 : 1
  2764	  2799 : 0
  2796	  2803 : 0
  2800	  2847 : 0
  2844	  2851 : 0
  2848	  2911 : 0
  2908	  2919 : 1
  2916	  2943 : 0
  2940	  3019 : 0
  3016	  3023 : 0
  3020	  3099 : 0
  3096	  3219 : 0
  3216	  3227 : 1
  3224	  3355 : 0
  3352	  3363 : 1
  3360	  3435 : 0
  3432	  3455 : 0
  3452	  3459 : 0
  3456	  3467 : 1
  3464	  3479 : 0
  3476	  3487 : 0
  3484	  3491 : 0
  3488	  3499 : 0
  3496	  3519 : 0
  3516	  3579 : 0
  3576	  3595 : 0
  3592	  3603 : 1
  3600	  3615 : 0
  3612	  3623 : 0
  3620	  3631 : 0
  3628	  3647 : 1
  3644	  3655 : 0
  3652	  3659 : 0
  3656	  3667 : 0
  3664	  3683 : 0
  3680	  3699 : 0
  3696	  3707 : 1
  3704	  3739 : 0
  3736	  3779 : 0
  3776	  3791 : 0
  3788	  3799 : 0
  3796	  3839 : 0
  3836	  3891 : 1
  3888	  3903 : 0
  3900	  3911 : 0
  3908	  3915 : 0
  3912	  3923 : 0
  3920	  3927 : 0
  3924	  3935 : 0
  3932	  3943 : 0
  3940	  3959 : 1
  3956	  3967 : 0
  3964	  3975 : 0
  3972	  3979 : 0
  3976	  3983 : 1
  3980	  4003 : 0
  4000	  4007 : 1
  4004	  4011 : 0
  4008	  4023 : 0
  4020	  4047 : 0
  4044	  4055 : 1
  4052	  4083 : 0
  4080	  4159 : 1
  4156	  4163 : 0
  4160	  4183 : 0
  4180	  4187 : 0
  4184	  4239 : 1
  4236	  4259 : 0
  4256	  4327 : 0
  4324	  4331 : 0
  4328	  4383 : 1
  4380	  4391 : 0
  4388	  4451 : 0
  4448	  4455 : 0
  4452	  4655 : 0
  4652	  4659 : 0
  4656	  4663 : 1
  4660	  4683 : 0
  4680	  4711 : 0
  4708	  4715 : 0
  4712	  4727 : 0
  4724	  4747 : 0
  4744	  4799 : 0
  4796	  4803 : 0
  4800	  4883 : 0
  4880	  4899 : 0
  4896	  4975 : 0
  4972	  4979 : 0
  4976	  4995 : 0
  4992	  5019 : 0
  5016	  5023 : 1
  5020	  5035 : 0
  5032	  5055 : 0
  5052	  5059 : 0
  5056	  5063 : 0
  5060	  5075 : 0
  5072	  5087 : 0
  5084	  5091 : 0
  5088	  5103 : 0
  5100	  5143 : 0
  5140	  5159 : 0
  5156	  5163 : 0
  5160	  5207 : 0
  5204	  5215 : 0
  5212	  5227 : 0
  5224	  5231 : 0
  5228	  5299 : 0
  5296	  5303 : 0
  5300	  5319 : 0
  5316	  5323 : 0
  5320	  5327 : 0
  5324	  5343 : 0
  5340	  5371 : 0
  5368	  5379 : 0
  5376	  5423 : 0
  5420	  5427 : 0
  5424	  5447 : 0
  5444	  5451 : 0
  5448	  5467 : 0
  5464	  5471 : 0
  5468	  5491 : 0
  5488	  5503 : 0
  5500	  5507 : 0
  5504	  5515 : 0
  5512	  5523 : 0
  5520	  5535 : 0
  5532	  5551 : 0
  5548	  5559 : 0
  5556	  5627 : 0
  5624	  5635 : 0
  5632	  5655 : 0
  5652	  5683 : 0
  5680	  5699 : 0
  5696	  5703 : 0
  5700	  5723 : 0
  5720	  5731 : 0
  5728	  5779 : 0
  5776	  5783 : 0
  5780	  5803 : 0
  5800	  5807 : 0
  5804	  5811 : 0
  5808	  5831 : 0
  5828	  5843 : 0
  5840	  5851 : 0
  5848	  5931 : 1
  5928	  5935 : 0
  5932	  5967 : 0
  5964	  5975 : 0
  5972	  6067 : 0
  6064	  6071 : 0
  6068	  6091 : 0
  6088	  6095 : 0
  6092	  6127 : 1
  6124	  6131 : 0
  6128	  6183 : 0
  6180	  6187 : 0
  6184	  6203 : 0
  6200	  6243 : 0
  6240	  6251 : 1
  6248	  6259 : 0
  6256	  6279 : 0
  6276	  6283 : 0
  6280	  6407 : 0
  6404	  6523 : 0
  6520	  6539 : 0
  6536	  6543 : 0
  6540	  6551 : 0
  6548	  6555 : 0
  6552	  6567 : 0
  6564	  6595 : 0
  6592	  6635 : 0
  6632	  6643 : 0
  6640	  6803 : 0
  6800	  6827 : 0
  6824	  6835 : 0
  6832	  6871 : 0
  6868	  7031 : 0
