     0	    31 : 1
    28	    35 : 0
    32	   123 : 0
   120	   127 : 0
   124	   211 : 0
   208	   215 : 0
   212	   235 : 0
   232	   339 : 0
   336	   351 : 0
   348	   359 : 0
   356	   367 : 0
   364	   375 : 2
   372	   387 : 0
   384	   391 : 0
   388	   395 : 0
   392	   399 : 0
   396	   407 : 0
   404	   419 : 0
   416	   427 : 0
   424	   447 : 0
   444	   459 : 0
   456	   463 : 1
   460	   467 : 0
   464	   471 : 0
   468	   587 : 0
   584	   611 : 1
   608	   615 : 0
   612	   631 : 0
   628	   735 : 0
   732	   739 : 1
   736	   867 : 0
   864	   879 : 0
   876	   887 : 0
   884	   895 : 0
   892	   947 : 0
   944	   955 : 0
   952	   959 : 0
   956	   963 : 2
   960	   967 : 1
   964	   971 : 0
   968	  1015 : 0
  1012	  1027 : 0
  1024	  1051 : 0
  1048	  1083 : 0
  1080	  1095 : 1
  1092	  1111 : 0
  1108	  1119 : 1
  1116	  1123 : 0
  1120	  1131 : 1
  1128	  1159 : 0
  1156	  1167 : 0
  1164	  1275 : 0
  1272	  1283 : 1
  1280	  1367 : 0
  1364	  1371 : 0
  1368	  1387 : 0
  1384	  1395 : 0
  1392	  1403 : 0
  1400	  1423 : 0
  1420	  1455 : 0
  1452	  1467 : 0
  1464	  1475 : 0
  1472	  1555 : 0
  1552	  1583 : 0
  1580	  1591 : 0
  1588	  1627 : 0
  1624	  1635 : 1
  1632	  1667 : 0
  1664	  1703 : 0
  1700	  1711 : 0
  1708	  1719 : 0
  1716	  1731 : 0
  1728	  1735 : 0
  1732	  1739 : 0
  1736	  1743 : 0
  1740	  1759 : 0
  1756	  1763 : 0
  1760	  1823 : 0
  1820	  1839 : 0
  1836	  1855 : 0
  1852	  1863 : 0
  1860	  1867 : 0
  1864	  1871 : 0
  1868	  1883 : 0
  1880	  1887 : 0
  1884	  1903 : 0
  1900	  1935 : 0
  1932	  1939 : 0
  1936	  1943 : 0
  1940	  1951 : 0
  1948	  1955 : 1
  1952	  1959 : 0
  1956	  1971 : 0
  1968	  1975 : 0
  1972	  1979 : 0
  1976	  2015 : 0
  2012	  2019 : 0
  2016	  2215 : 0
  2212	  2219 : 1
  2216	  2267 : 0
  2264	  2279 : 0
  2276	  2351 : 0
  2348	  2375 : 1
  2372	  2379 : 0
  2376	  2407 : 0
  2404	  2415 : 0
  2412	  2459 : 0
  2456	  2463 : 0
  2460	  2471 : 0
  2468	  2559 : 0
  2556	  2575 : 0
  2572	  2579 : 0
  2576	  2591 : 0
  2588	  2595 : 0
  2592	  2623 : 0
  2620	  2631 : 0
  2628	  2635 : 0
  2632	  2639 : 0
  2636	  2651 : 1
  2648	  2695 : 0
  2692	  2699 : 1
  2696	  2795 : 0
  2792	  2803 : 1
  2800	  2819 : 0
  2816	  2823 : 0
  2820	  2827 : 0
  2824	  2831 : 0
  2828	  2883 : 0
  2880	  2887 : 1
  2884	  2907 : 0
  2904	  2919 : 0
  2916	  2923 : 0
  2920	  2927 : 0
  2924	  2939 : 0
  2936	  2943 : 0
  2940	  2947 : 0
  2944	  2955 : 0
  2952	  2975 : 0
  2972	  2979 : 0
  2976	  2987 : 0
  2984	  2995 : 1
  2992	  3059 : 0
  3056	  3063 : 1
  3060	  3067 : 0
  3064	  3095 : 0
  3092	  3099 : 0
  3096	  3103 : 0
  3100	  3119 : 0
  3116	  3183 : 0
  3180	  3207 : 0
  3204	  3211 : 0
  3208	  3227 : 0
  3224	  3243 : 0
  3240	  3255 : 0
  3252	  3263 : 0
  3260	  3271 : 0
  3268	  3283 : 0
  3280	  3287 : 0
  3284	  3299 : 0
  3296	  3323 : 0
  3320	  3339 : 0
  3336	  3343 : 0
  3340	  3363 : 0
  3360	  3379 : 0
  3376	  3387 : 0
  3384	  3391 : 0
  3388	  3447 : 0
  3444	  3455 : 0
  3452	  3459 : 0
  3456	  3531 : 0
  3528	  3543 : 0
  3540	  3579 : 0
  3576	  3587 : 1
  3584	  3623 : 0
  3620	  3631 : 0
  3628	  3675 : 0
  3672	  3679 : 0
  3676	  3691 : 0
  3688	  3695 : 0
  3692	  3703 : 0
  3700	  3711 : 0
  3708	  3719 : 0
  3716	  3739 : 1
  3736	  3771 : 0
  3768	  3787 : 0
  3784	  3803 : 0
  3800	  3807 : 0
  3804	  3815 : 0
  3812	  3827 : 0
  3824	  3855 : 0
  3852	  3863 : 0
  3860	  3867 : 0
  3864	  3871 : 0
  3868	  3899 : 0
  3896	  3915 : 0
  3912	  3931 : 0
  3928	  3963 : 0
  3960	  3971 : 0
  3968	  3979 : 0
  3976	  3983 : 0
  3980	  3987 : 0
  3984	  3991 : 0
  3988	  3999 : 0
  3996	  4019 : 0
  4016	  4035 : 0
  4032	  4095 : 0
  4092	  4103 : 0
  4100	  4107 : 0
  4104	  4123 : 0
  4120	  4199 : 0
  4196	  4223 : 0
  4220	  4227 : 0
  4224	  4247 : 0
  4244	  4251 : 0
  4248	  4255 : 0
  4252	  4267 : 0
  4264	  4283 : 0
  4280	  4291 : 0
  4288	  4299 : 0
  4296	  4303 : 0
  4300	  4307 : 0
  4304	  4335 : 0
  4332	  4339 : 1
  4336	  4351 : 0
  4348	  4363 : 0
  4360	  4367 : 0
  4364	  4371 : 0
  4368	  4375 : 0
  4372	  4387 : 0
  4384	  4395 : 0
  4392	  4435 : 0
  4432	  4439 : 0
  4436	  4447 : 1
  4444	  4475 : 0
  4472	  4483 : 0
  4480	  4543 : 0
  4540	  4563 : 1
  4560	  4567 : 0
  4564	  4575 : 0
  4572	  4611 : 0
  4608	  4619 : 1
  4616	  4627 : 0
  4624	  4635 : 0
  4632	  4639 : 0
  4636	  4663 : 0
  4660	  4683 : 0
  4680	  4699 : 0
  4696	  4703 : 0
  4700	  4707 : 0
  4704	  4715 : 0
  4712	  4723 : 1
  4720	  4747 : 0
  4744	  4759 : 0
  4756	  4859 : 0
  4856	  4863 : 0
  4860	  4883 : 0
  4880	  4895 : 0
  4892	  4951 : 0
  4948	  4955 : 1
  4952	  5043 : 0
  5040	  5047 : 0
  5044	  5071 : 0
  5068	  5079 : 1
  5076	  5095 : 0
  5092	  5119 : 0
  5116	  5123 : 0
  5120	  5135 : 0
  5132	  5151 : 0
  5148	  5159 : 0
  5156	  5167 : 0
  5164	  5171 : 0
  5168	  5183 : 0
  5180	  5187 : 1
  5184	  5203 : 0
  5200	  5239 : 0
  5236	  5255 : 0
  5252	  5271 : 0
  5268	  5307 : 0
  5304	  5323 : 0
  5320	  5355 : 0
  5352	  5363 : 0
  5360	  5367 : 0
  5364	  5419 : 0
  5416	  5423 : 0
  5420	  5427 : 0
  5424	  5487 : 0
  5484	  5495 : 1
  5492	  5499 : 0
  5496	  5503 : 0
  5500	  5511 : 0
  5508	  5519 : 0
  5516	  5527 : 0
  5524	  5535 : 0
  5532	  5539 : 0
  5536	  5547 : 0
  5544	  5555 : 0
  5552	  5563 : 0
  5560	  5575 : 0
  5572	  5583 : 0
  5580	  5587 : 2
  5584	  5607 : 0
  5604	  5623 : 0
  5620	  5683 : 0
  5680	  5687 : 0
  5684	  5691 : 0
  5688	  5707 : 0
  5704	  5739 : 0
  5736	  5775 : 0
  5772	  5783 : 0
  5780	  5791 : 1
  5788	  5931 : 0
  5928	  5943 : 0
  5940	  5975 : 0
  5972	  6011 : 0
  6008	  6035 : 0
  6032	  6071 : 0
  6068	  6079 : 0
  6076	  6103 : 0
  6100	  6131 : 0
  6128	  6151 : 0
  6148	  6167 : 0
  6164	  6179 : 0
  6176	  6191 : 0
  6188	  6199 : 0
  6196	  6211 : 0
  6208	  6239 : 1
  6236	  6243 : 0
  6240	  6251 : 0
  6248	  6263 : 0
  6260	  6275 : 0
  6272	  6287 : 0
  6284	  6291 : 0
  6288	  6331 : 0
  6328	  6339 : 0
  6336	  6355 : 0
  6352	  6415 : 0
  6412	  6427 : 0
  6424	  6439 : 0
  6436	  6447 : 0
  6444	  6451 : 0
  6448	  6459 : 0
  6456	  6479 : 0
  6476	  6487 : 0
  6484	  6491 : 0
  6488	  6547 : 0
  6544	  6555 : 0
  6552	  6583 : 0
  6580	  6591 : 0
  6588	  6595 : 0
  6592	  6603 : 0
  6600	  6607 : 0
  6604	  6615 : 0
  6612	  6719 : 0
  6716	  6739 : 1
  6736	  6743 : 0
  6740	  6751 : 0
  6748	  6779 : 0
  6776	  6783 : 0
  6780	  6803 : 0
  6800	  6811 : 1
  6808	  6851 : 0
  6848	  6935 : 0
  6932	  6955 : 0
  6952	  6971 : 0
  6968	  6983 : 0
  6980	  6991 : 0
  6988	  7011 : 0
  7008	  7023 : 0
  7020	  7063 : 0
  7060	  7067 : 0
  7064	  7083 : 0
  7080	  7095 : 0
  7092	  7103 : 0
  7100	  7111 : 0
  7108	  7127 : 0
  7124	  7135 : 0
  7132	  7175 : 0
  7172	  7223 : 0
  7220	  7231 : 0
  7228	  7299 : 0
  7296	  7331 : 0
  7328	  7339 : 0
  7336	  7343 : 0
  7340	  7355 : 0
  7352	  7423 : 0
  7420	  7431 : 0
  7428	  7455 : 0
  7452	  7723 : 0
