     0	    11 : 0
     8	    19 : 0
    16	    23 : 0
    20	    35 : 0
    32	    79 : 0
    76	    83 : 0
    80	    95 : 1
    92	   107 : 0
   104	   111 : 0
   108	   135 : 0
   132	   155 : 0
   152	   159 : 0
   156	   163 : 0
   160	   171 : 0
   168	   195 : 0
   192	   199 : 0
   196	   203 : 0
   200	   219 : 0
   216	   223 : 1
   220	   227 : 0
   224	   247 : 0
   244	   271 : 0
   268	   331 : 1
   328	   335 : 0
   332	   343 : 0
   340	   359 : 0
   356	   363 : 0
   360	   367 : 0
   364	   371 : 0
   368	   379 : 0
   376	   387 : 1
   384	   391 : 0
   388	   407 : 0
   404	   487 : 0
   484	   527 : 1
   524	   575 : 0
   572	   611 : 1
   608	   655 : 0
   652	   659 : 1
   656	   711 : 0
   708	   795 : 1
   792	   943 : 0
   940	   951 : 1
   948	   991 : 0
   988	   999 : 1
   996	  1011 : 0
  1008	  1019 : 0
  1016	  1023 : 0
  1020	  1027 : 0
  1024	  1031 : 0
  1028	  1035 : 1
  1032	  1095 : 0
  1092	  1127 : 1
  1124	  1151 : 0
  1148	  1159 : 1
  1156	  1163 : 0
  1160	  1179 : 0
  1176	  1199 : 0
  1196	  1203 : 1
  1200	  1207 : 0
  1204	  1227 : 0
  1224	  1243 : 0
  1240	  1275 : 1
  1272	  1279 : 0
  1276	  1283 : 1
  1280	  1299 : 0
  1296	  1323 : 0
  1320	  1327 : 0
  1324	  1331 : 0
  1328	  1339 : 0
  1336	  1355 : 0
  1352	  1375 : 0
  1372	  1391 : 0
  1388	  1399 : 0
  1396	  1435 : 0
  1432	  1455 : 0
  1452	  1463 : 0
  1460	  1471 : 0
  1468	  1487 : 0
  1484	  1511 : 0
  1508	  1515 : 1
  1512	  1523 : 0
  1520	  1531 : 1
  1528	  1543 : 0
  1540	  1551 : 0
  1548	  1567 : 0
  1564	  1571 : 1
  1568	  1607 : 0
  1604	  1611 : 1
  1608	  1619 : 0
  1616	  1631 : 0
  1628	  1647 : 0
  1644	  1655 : 1
  1652	  1663 : 0
  1660	  1671 : 1
  1668	  1687 : 0
  1684	  1691 : 1
  1688	  1703 : 0
  1700	  1731 : 1
  1728	  1747 : 0
  1744	  1755 : 1
  1752	  1767 : 0
  1764	  1771 : 0
  1768	  1787 : 0
  1784	  1803 : 1
  1800	  1827 : 0
  1824	  1831 : 1
  1828	  1835 : 0
  1832	  1855 : 0
  1852	  1871 : 0
  1868	  1875 : 1
  1872	  1891 : 0
  1888	  1895 : 1
  1892	  1899 : 0
  1896	  1915 : 0
  1912	  1923 : 0
  1920	  1927 : 1
  1924	  1975 : 0
  1972	  1979 : 0
  1976	  2003 : 0
  2000	  2011 : 1
  2008	  2023 : 0
  2020	  2035 : 1
  2032	  2039 : 0
  2036	  2051 : 0
  2048	  2071 : 0
  2068	  2079 : 1
  2076	  2083 : 0
  2080	  2091 : 1
  2088	  2107 : 0
  2104	  2111 : 1
  2108	  2183 : 0
  2180	  2187 : 0
  2184	  2199 : 0
  2196	  2207 : 1
  2204	  2239 : 0
  2236	  2251 : 1
  2248	  2275 : 0
  2272	  2279 : 1
  2276	  2295 : 0
  2292	  2307 : 0
  2304	  2315 : 0
  2312	  2319 : 0
  2316	  2327 : 0
  2324	  2335 : 0
  2332	  2359 : 0
  2356	  2367 : 0
  2364	  2371 : 0
  2368	  2379 : 0
  2376	  2391 : 0
  2388	  2399 : 1
  2396	  2439 : 0
  2436	  2447 : 1
  2444	  2467 : 0
  2464	  2495 : 1
  2492	  2503 : 0
  2500	  2507 : 1
  2504	  2531 : 0
  2528	  2535 : 1
  2532	  2547 : 0
  2544	  2563 : 1
  2560	  2567 : 0
  2564	  2599 : 1
  2596	  2607 : 0
  2604	  2623 : 1
  2620	  2631 : 0
  2628	  2647 : 0
  2644	  2691 : 0
  2688	  2707 : 1
  2704	  2791 : 0
  2788	  2795 : 1
  2792	  2863 : 0
  2860	  2871 : 1
  2868	  2887 : 0
  2884	  2899 : 0
  2896	  2903 : 0
  2900	  2923 : 0
  2920	  2975 : 0
  2972	  3019 : 1
  3016	  3063 : 0
  3060	  3071 : 0
  3068	  3087 : 0
  3084	  3095 : 1
  3092	  3139 : 0
  3136	  3143 : 1
  3140	  3207 : 0
  3204	  3219 : 1
  3216	  3227 : 0
  3224	  3231 : 0
  3228	  3235 : 0
  3232	  3251 : 0
  3248	  3291 : 0
  3288	  3299 : 1
  3296	  3323 : 0
  3320	  3395 : 1
  3392	  3399 : 0
  3396	  3407 : 1
  3404	  3411 : 0
  3408	  3415 : 0
  3412	  3427 : 0
  3424	  3439 : 0
  3436	  3483 : 0
  3480	  3487 : 1
  3484	  3495 : 0
  3492	  3531 : 1
  3528	  3591 : 0
  3588	  3595 : 1
  3592	  3647 : 0
  3644	  3655 : 1
  3652	  3687 : 0
  3684	  3691 : 1
  3688	  3715 : 0
  3712	  3723 : 1
  3720	  3763 : 0
  3760	  3803 : 1
  3800	  3855 : 0
  3852	  3859 : 1
  3856	  3947 : 0
  3944	  3951 : 1
  3948	  3987 : 0
  3984	  4039 : 0
  4036	  4047 : 0
  4044	  4071 : 0
  4068	  4091 : 0
  4088	  4099 : 1
  4096	  4183 : 0
  4180	  4195 : 1
  4192	  4199 : 0
  4196	  4227 : 0
  4224	  4235 : 0
  4232	  4243 : 1
  4240	  4271 : 0
  4268	  4279 : 1
  4276	  4299 : 0
  4296	  4303 : 1
  4300	  4323 : 0
  4320	  4331 : 1
  4328	  4343 : 0
  4340	  4351 : 1
  4348	  4387 : 0
  4384	  4391 : 1
  4388	  4419 : 0
  4416	  4427 : 1
  4424	  4451 : 0
  4448	  4455 : 1
  4452	  4459 : 2
  4456	  4491 : 0
  4488	  4499 : 1
  4496	  4527 : 0
  4524	  4535 : 1
  4532	  4567 : 0
  4564	  4579 : 1
  4576	  4595 : 0
  4592	  4603 : 0
  4600	  4611 : 0
  4608	  4615 : 1
  4612	  4639 : 0
  4636	  4767 : 0
  4764	  4819 : 0
  4816	  4823 : 1
  4820	  4843 : 0
  4840	  4859 : 0
  4856	  4863 : 0
  4860	  4879 : 0
  4876	  4947 : 0
  4944	  4959 : 0
  4956	  5011 : 0
  5008	  5019 : 0
  5016	  5067 : 0
  5064	  5499 : 0
