     0	   191 : 0
   188	   203 : 0
   200	   275 : 0
   272	   379 : 0
   376	   663 : 0
   660	   691 : 0
   688	   699 : 0
   696	   719 : 0
   716	   723 : 0
   720	   731 : 0
   728	   827 : 0
   824	   855 : 0
   852	   899 : 0
   896	   911 : 0
   908	   927 : 0
   924	   935 : 0
   932	   963 : 0
   960	   967 : 0
   964	  1035 : 0
  1032	  1039 : 0
  1036	  1051 : 0
  1048	  1055 : 0
  1052	  1115 : 0
  1112	  1119 : 0
  1116	  1139 : 0
  1136	  1175 : 0
  1172	  1227 : 0
  1224	  1235 : 0
  1232	  1247 : 0
  1244	  1259 : 0
  1256	  1267 : 0
  1264	  1299 : 0
  1296	  1327 : 0
  1324	  1347 : 0
  1344	  1391 : 0
  1388	  1403 : 0
  1400	  1407 : 0
  1404	  1415 : 0
  1412	  1435 : 0
  1432	  1495 : 0
  1492	  2087 : 0
  2084	  2095 : 0
  2092	  2103 : 0
  2100	  2259 : 0
  2256	  2279 : 0
  2276	  2327 : 0
  2324	  2339 : 0
  2336	  2483 : 0
  2480	  2527 : 0
  2524	  2783 : 0
  2780	  2787 : 0
  2784	  2803 : 0
  2800	  2839 : 0
  2836	  2851 : 0
  2848	  2879 : 0
  2876	  2891 : 0
  2888	  2943 : 0
  2940	  2959 : 0
  2956	  2971 : 0
  2968	  2995 : 0
  2992	  3019 : 0
  3016	  3023 : 0
  3020	  3091 : 0
  3088	  3099 : 0
  3096	  3187 : 0
  3184	  3191 : 0
  3188	  3323 : 0
  3320	  3339 : 0
  3336	  3399 : 0
  3396	  3415 : 0
  3412	  3491 : 0
  3488	  4559 : 0
  4556	  4587 : 0
  4584	  4879 : 0
  4876	  4919 : 0
  4916	  4931 : 0
  4928	  4939 : 0
  4936	  4951 : 0
  4948	  4955 : 0
  4952	  4975 : 0
  4972	  5019 : 0
  5016	  5031 : 0
  5028	  5035 : 0
  5032	  5039 : 0
  5036	  5055 : 0
  5052	  5079 : 0
  5076	  5215 : 0
  5212	  5219 : 0
  5216	  5303 : 0
  5300	  5307 : 0
  5304	  5419 : 0
  5416	  5427 : 0
  5424	  5731 : 0
  5728	  5779 : 0
  5776	  5807 : 0
  5804	  6003 : 0
  6000	  6171 : 0
  6168	  6223 : 0
  6220	  6603 : 0
  6600	  6623 : 0
  6620	  6931 : 0
  6928	  6947 : 0
  6944	  6955 : 0
  6952	  6995 : 0
  6992	  7047 : 0
  7044	  7055 : 0
  7052	  7067 : 0
  7064	  7103 : 0
  7100	  7995 : 0
  7992	  8019 : 0
  8016	  8035 : 0
  8032	  8091 : 0
  8088	  8683 : 0
  8680	  8695 : 0
  8692	  8707 : 0
  8704	  8715 : 0
  8712	  8735 : 0
  8732	  8751 : 0
  8748	  8799 : 0
  8796	  8811 : 0
  8808	  8859 : 0
  8856	  8895 : 0
  8892	  8931 : 0
  8928	  8943 : 0
  8940	  9063 : 0
  9060	  9083 : 0
  9080	  9315 : 0
  9312	  9347 : 0
  9344	  9463 : 0
  9460	  9483 : 0
  9480	  9579 : 0
  9576	  9583 : 0
  9580	  9587 : 0
  9584	  9607 : 0
  9604	  9659 : 0
  9656	  9671 : 0
  9668	  9719 : 0
  9716	  9723 : 0
  9720	  9839 : 0
  9836	  9879 : 0
  9876	  9883 : 0
  9880	  9895 : 0
  9892	 10019 : 0
 10016	 10027 : 0
 10024	 10151 : 0
 10148	 10155 : 0
 10152	 10159 : 0
 10156	 10175 : 0
 10172	 10315 : 0
 10312	 10371 : 0
 10368	 11583 : 0
 11580	 11587 : 0
 11584	 11967 : 0
 11964	 11983 : 0
 11980	 11987 : 0
 11984	 12015 : 0
 12012	 12243 : 0
 12240	 12295 : 0
 12292	 12507 : 0
 12504	 12527 : 0
 12524	 12663 : 0
 12660	 12667 : 0
 12664	 12679 : 0
 12676	 12835 : 0
 12832	 12863 : 0
 12860	 13051 : 0
 13048	 13151 : 0
 13148	 13223 : 0
 13220	 13663 : 0
 13660	 13679 : 0
 13676	 13759 : 0
 13756	 13799 : 0
 13796	 13807 : 0
 13804	 13811 : 0
 13808	 13843 : 0
 13840	 14067 : 0
 14064	 14239 : 0
 14236	 14283 : 0
 14280	 14299 : 0
 14296	 14319 : 0
 14316	 14687 : 0
 14684	 14723 : 0
 14720	 14767 : 0
 14764	 14771 : 0
 14768	 14851 : 0
 14848	 14911 : 0
 14908	 14931 : 0
 14928	 14955 : 0
 14952	 15159 : 0
 15156	 15263 : 0
 15260	 15303 : 0
 15300	 15531 : 0
 15528	 15607 : 0
 15604	 15619 : 0
 15616	 15783 : 0
 15780	 15831 : 0
 15828	 16043 : 0
 16040	 16063 : 0
 16060	 16067 : 0
 16064	 16095 : 0
 16092	 16099 : 0
 16096	 16123 : 0
 16120	 16187 : 0
 16184	 16195 : 0
 16192	 16207 : 0
 16204	 16243 : 0
 16240	 16247 : 0
 16244	 16251 : 0
 16248	 16255 : 0
 16252	 16259 : 0
 16256	 16543 : 0
 16540	 16687 : 0
 16684	 16731 : 0
 16728	 16739 : 0
 16736	 16787 : 0
 16784	 16807 : 0
 16804	 17067 : 0
 17064	 17123 : 0
 17120	 17327 : 0
