     0	    91 : 0
    88	   291 : 0
   288	   907 : 0
   904	   919 : 0
   916	   923 : 0
   920	   927 : 0
   924	   939 : 0
   936	   955 : 0
   952	   971 : 0
   968	   975 : 0
   972	   979 : 0
   976	  1011 : 0
  1008	  1019 : 0
  1016	  1331 : 0
  1328	  1343 : 0
  1340	  1727 : 0
  1724	  1731 : 0
  1728	  1763 : 0
  1760	  1767 : 0
  1764	  2507 : 0
  2504	  2527 : 0
  2524	  2531 : 0
  2528	  2547 : 0
  2544	  2555 : 0
  2552	  2559 : 0
  2556	  2775 : 0
  2772	  2783 : 0
  2780	  2815 : 0
  2812	  2831 : 0
  2828	  2871 : 0
  2868	  2875 : 0
  2872	  3119 : 0
  3116	  3171 : 0
  3168	  3175 : 0
  3172	  3195 : 0
  3192	  3203 : 0
  3200	  3211 : 0
  3208	  3227 : 0
  3224	  3279 : 0
  3276	  3495 : 0
  3492	  3507 : 0
  3504	  3527 : 0
  3524	  3547 : 0
  3544	  3591 : 0
  3588	  3599 : 0
  3596	  3967 : 0
  3964	  3971 : 0
  3968	  4231 : 0
  4228	  4235 : 0
  4232	  4275 : 0
  4272	  4287 : 0
  4284	  4307 : 0
  4304	  4311 : 0
  4308	  4319 : 0
  4316	  4331 : 0
  4328	  4335 : 0
  4332	  4351 : 0
  4348	  4679 : 0
  4676	  4699 : 0
  4696	  4703 : 0
  4700	  4711 : 0
  4708	  5171 : 0
  5168	  5175 : 1
  5172	  5443 : 0
  5440	  5459 : 0
  5456	  6219 : 0
  6216	  6231 : 0
  6228	  6683 : 0
  6680	  6687 : 0
  6684	  6735 : 0
  6732	  6747 : 0
  6744	  6995 : 0
  6992	  7035 : 0
  7032	  8319 : 0
  8316	  8323 : 0
  8320	  8515 : 0
  8512	  9707 : 0
