     0	     7 : 0
     4	    47 : 0
    44	    75 : 0
    72	    83 : 0
    80	    95 : 0
    92	   135 : 0
   132	   191 : 0
   188	   223 : 0
   220	   239 : 0
   236	   251 : 0
   248	   259 : 0
   256	   335 : 0
   332	   351 : 0
   348	   363 : 0
   360	   371 : 0
   368	   395 : 0
   392	   399 : 0
   396	   443 : 0
   440	   447 : 0
   444	   471 : 0
   468	   479 : 0
   476	   507 : 0
   504	   515 : 0
   512	   523 : 0
   520	   527 : 0
   524	   571 : 0
   568	   575 : 0
   572	   587 : 0
   584	   591 : 0
   588	   627 : 0
   624	   631 : 0
   628	   663 : 0
   660	   667 : 0
   664	   683 : 0
   680	   703 : 0
   700	   711 : 0
   708	   719 : 0
   716	   739 : 0
   736	   747 : 0
   744	   767 : 0
   764	   791 : 0
   788	   795 : 0
   792	   807 : 0
   804	   867 : 0
   864	   875 : 0
   872	   947 : 0
   944	   955 : 0
   952	   971 : 0
   968	   975 : 0
   972	  1011 : 0
  1008	  1015 : 0
  1012	  1019 : 0
  1016	  1027 : 0
  1024	  1031 : 0
  1028	  1051 : 0
  1048	  1083 : 0
  1080	  1091 : 0
  1088	  1099 : 0
  1096	  1135 : 0
  1132	  1163 : 0
  1160	  1179 : 0
  1176	  1195 : 0
  1192	  1199 : 0
  1196	  1219 : 0
  1216	  1239 : 0
  1236	  1275 : 0
  1272	  1291 : 0
  1288	  1311 : 0
  1308	  1331 : 0
  1328	  1351 : 0
  1348	  1423 : 0
  1420	  1447 : 0
  1444	  1451 : 0
  1448	  1455 : 0
  1452	  1491 : 0
  1488	  1499 : 0
  1496	  1507 : 0
  1504	  1511 : 0
  1508	  1607 : 0
  1604	  1619 : 0
  1616	  1631 : 0
  1628	  1663 : 0
  1660	  1667 : 0
  1664	  1687 : 0
  1684	  1731 : 0
  1728	  1755 : 0
  1752	  1759 : 0
  1756	  1775 : 0
  1772	  1779 : 0
  1776	  1787 : 0
  1784	  1795 : 0
  1792	  1799 : 0
  1796	  1811 : 0
  1808	  1859 : 0
  1856	  1879 : 0
  1876	  1907 : 0
  1904	  1911 : 0
  1908	  1919 : 0
  1916	  1927 : 0
  1924	  1935 : 0
  1932	  2095 : 0
  2092	  2119 : 0
  2116	  2159 : 0
  2156	  2163 : 0
  2160	  2167 : 0
  2164	  2223 : 0
  2220	  2239 : 0
  2236	  2251 : 0
  2248	  2255 : 0
  2252	  2303 : 0
  2300	  2307 : 0
  2304	  2335 : 0
  2332	  2367 : 0
  2364	  2379 : 0
  2376	  2391 : 0
  2388	  2447 : 0
  2444	  2451 : 0
  2448	  2455 : 0
  2452	  2459 : 0
  2456	  2499 : 0
  2496	  2531 : 0
  2528	  2539 : 0
  2536	  2551 : 0
  2548	  2575 : 0
  2572	  2583 : 0
  2580	  2587 : 0
  2584	  2595 : 0
  2592	  2619 : 0
  2616	  2623 : 0
  2620	  2635 : 0
  2632	  2639 : 0
  2636	  2667 : 0
  2664	  2707 : 0
  2704	  2711 : 0
  2708	  2719 : 0
  2716	  2747 : 0
  2744	  2787 : 0
  2784	  2795 : 0
  2792	  2847 : 0
  2844	  2863 : 0
  2860	  2867 : 0
  2864	  2879 : 0
  2876	  2903 : 0
  2900	  2939 : 0
  2936	  2959 : 0
  2956	  2967 : 0
  2964	  2987 : 0
  2984	  2995 : 0
  2992	  3003 : 0
  3000	  3027 : 0
  3024	  3043 : 0
  3040	  3055 : 0
  3052	  3087 : 0
  3084	  3103 : 0
  3100	  3123 : 0
  3120	  3151 : 0
  3148	  3171 : 0
  3168	  3191 : 0
  3188	  3195 : 0
  3192	  3215 : 0
  3212	  3239 : 0
  3236	  3243 : 0
  3240	  3263 : 0
  3260	  3267 : 0
  3264	  3275 : 0
  3272	  3323 : 0
  3320	  3339 : 0
  3336	  3379 : 0
  3376	  3383 : 0
  3380	  3395 : 0
  3392	  3443 : 0
  3440	  3483 : 0
  3480	  3507 : 0
  3504	  3527 : 0
  3524	  3627 : 0
  3624	  3643 : 0
  3640	  3759 : 0
  3756	  3771 : 0
  3768	  3779 : 0
  3776	  3811 : 0
  3808	  3823 : 0
  3820	  3827 : 0
  3824	  3831 : 0
  3828	  3847 : 0
  3844	  3851 : 0
  3848	  3855 : 0
  3852	  3859 : 0
  3856	  3875 : 0
  3872	  3927 : 0
  3924	  3943 : 0
  3940	  4011 : 0
  4008	  4019 : 0
  4016	  4035 : 0
  4032	  4047 : 0
  4044	  4099 : 0
  4096	  4107 : 0
  4104	  4123 : 0
  4120	  4143 : 0
  4140	  4159 : 0
  4156	  4167 : 0
  4164	  4203 : 0
  4200	  4211 : 0
  4208	  4219 : 0
  4216	  4223 : 0
  4220	  4227 : 0
  4224	  4275 : 0
  4272	  4287 : 0
  4284	  4295 : 0
  4292	  4303 : 0
  4300	  4307 : 0
  4304	  4311 : 0
  4308	  4315 : 0
  4312	  4347 : 0
  4344	  4355 : 0
  4352	  4371 : 0
  4368	  4375 : 0
  4372	  4379 : 0
  4376	  4391 : 0
  4388	  4419 : 0
  4416	  4423 : 0
  4420	  4439 : 0
  4436	  4443 : 0
  4440	  4447 : 0
  4444	  4499 : 0
  4496	  4535 : 0
  4532	  4591 : 0
  4588	  4603 : 0
  4600	  4607 : 0
  4604	  4623 : 0
  4620	  4707 : 0
  4704	  4719 : 0
  4716	  4735 : 0
  4732	  4747 : 0
  4744	  4751 : 0
  4748	  4763 : 0
  4760	  4795 : 0
  4792	  4799 : 0
  4796	  4915 : 0
  4912	  4943 : 0
  4940	  4955 : 0
  4952	  4963 : 0
  4960	  4971 : 0
  4968	  4979 : 0
  4976	  5003 : 0
  5000	  5007 : 0
  5004	  5015 : 1
  5012	  5019 : 0
  5016	  5027 : 0
  5024	  5039 : 0
  5036	  5047 : 0
  5044	  5103 : 0
  5100	  5135 : 0
  5132	  5175 : 0
  5172	  5215 : 0
  5212	  5219 : 0
  5216	  5231 : 0
  5228	  5235 : 0
  5232	  5247 : 0
  5244	  5251 : 0
  5248	  5267 : 0
  5264	  5275 : 0
  5272	  5291 : 0
  5288	  5307 : 0
  5304	  5315 : 0
  5312	  5323 : 0
  5320	  5327 : 0
  5324	  5335 : 0
  5332	  5339 : 0
  5336	  5343 : 0
  5340	  5439 : 1
  5436	  5451 : 0
  5448	  5455 : 0
  5452	  5459 : 0
  5456	  5487 : 0
  5484	  5507 : 0
  5504	  5555 : 0
  5552	  5559 : 0
  5556	  5591 : 0
  5588	  5595 : 0
  5592	  5607 : 0
  5604	  5643 : 0
  5640	  5659 : 1
  5656	  5667 : 0
  5664	  5671 : 0
  5668	  5675 : 0
  5672	  5679 : 0
  5676	  5695 : 0
  5692	  5719 : 0
  5716	  5727 : 0
  5724	  5731 : 0
  5728	  5739 : 0
  5736	  5771 : 0
  5768	  5791 : 0
  5788	  5803 : 0
  5800	  5807 : 0
  5804	  5831 : 0
  5828	  5843 : 0
  5840	  5867 : 0
  5864	  5879 : 0
  5876	  5983 : 0
  5980	  6023 : 0
  6020	  6111 : 0
  6108	  6115 : 0
  6112	  6163 : 1
  6160	  6171 : 0
  6168	  6359 : 0
  6356	  6367 : 0
  6364	  6375 : 0
  6372	  6387 : 0
  6384	  6455 : 0
  6452	  6463 : 0
  6460	  6467 : 0
