     0	    23 : 0
    20	    31 : 0
    28	    35 : 0
    32	    55 : 0
    52	    63 : 0
    60	    79 : 0
    76	    83 : 0
    80	    87 : 1
    84	   115 : 0
   112	   155 : 1
   152	   159 : 0
   156	   167 : 1
   164	   183 : 0
   180	   187 : 1
   184	   199 : 0
   196	   207 : 1
   204	   215 : 0
   212	   231 : 0
   228	   247 : 0
   244	   259 : 1
   256	   263 : 0
   260	   275 : 1
   272	   331 : 0
   328	   335 : 1
   332	   351 : 0
   348	   355 : 0
   352	   379 : 0
   376	   383 : 0
   380	   431 : 0
   428	   435 : 1
   432	   439 : 0
   436	   451 : 0
   448	   499 : 0
   496	   503 : 0
   500	   507 : 0
   504	   515 : 0
   512	   583 : 0
   580	   591 : 1
   588	   599 : 0
   596	   603 : 0
   600	   667 : 0
   664	   671 : 1
   668	   675 : 0
   672	   679 : 0
   676	   695 : 0
   692	   699 : 0
   696	   703 : 0
   700	   707 : 1
   704	   711 : 0
   708	   719 : 1
   716	   743 : 0
   740	   747 : 1
   744	   767 : 0
   764	   771 : 1
   768	   791 : 0
   788	   795 : 1
   792	   799 : 0
   796	   807 : 1
   804	   819 : 0
   816	   827 : 1
   824	   899 : 0
   896	   911 : 1
   908	   955 : 0
   952	   963 : 1
   960	   975 : 0
   972	   983 : 1
   980	  1039 : 0
  1036	  1047 : 0
  1044	  1063 : 0
  1060	  1087 : 1
  1084	  1099 : 0
  1096	  1123 : 1
  1120	  1135 : 0
  1132	  1155 : 1
  1152	  1159 : 0
  1156	  1179 : 1
  1176	  1195 : 0
  1192	  1199 : 1
  1196	  1207 : 0
  1204	  1235 : 1
  1232	  1239 : 0
  1236	  1243 : 1
  1240	  1247 : 0
  1244	  1251 : 1
  1248	  1255 : 0
  1252	  1271 : 1
  1268	  1275 : 0
  1272	  1307 : 1
  1304	  1311 : 0
  1308	  1327 : 1
  1324	  1339 : 0
  1336	  1343 : 1
  1340	  1359 : 0
  1356	  1363 : 1
  1360	  1367 : 0
  1364	  1375 : 0
  1372	  1379 : 0
  1376	  1383 : 1
  1380	  1387 : 0
  1384	  1391 : 1
  1388	  1395 : 0
  1392	  1411 : 1
  1408	  1419 : 0
  1416	  1427 : 1
  1424	  1439 : 0
  1436	  1447 : 1
  1444	  1455 : 0
  1452	  1459 : 1
  1456	  1471 : 0
  1468	  1475 : 1
  1472	  1499 : 0
  1496	  1511 : 0
  1508	  1651 : 0
  1648	  1655 : 1
  1652	  1675 : 0
  1672	  1683 : 1
  1680	  1703 : 0
  1700	  1707 : 1
  1704	  1711 : 0
  1708	  1715 : 1
  1712	  1735 : 0
  1732	  1739 : 1
  1736	  1751 : 0
  1748	  1759 : 0
  1756	  1763 : 0
  1760	  1767 : 0
  1764	  1795 : 0
  1792	  1811 : 0
  1808	  1819 : 0
  1816	  1823 : 1
  1820	  1831 : 0
  1828	  1839 : 1
  1836	  1891 : 0
  1888	  1915 : 0
  1912	  1927 : 0
  1924	  1935 : 1
  1932	  1947 : 0
  1944	  1955 : 1
  1952	  1963 : 0
  1960	  1967 : 1
  1964	  1971 : 0
  1968	  1975 : 1
  1972	  1983 : 0
  1980	  1995 : 1
  1992	  1999 : 0
  1996	  2007 : 1
  2004	  2023 : 0
  2020	  2031 : 0
  2028	  2067 : 0
  2064	  2075 : 1
  2072	  2107 : 0
  2104	  2111 : 0
  2108	  2115 : 0
  2112	  2119 : 1
  2116	  2131 : 0
  2128	  2143 : 0
  2140	  2159 : 0
  2156	  2167 : 0
  2164	  2247 : 0
  2244	  2255 : 0
  2252	  2283 : 0
  2280	  2287 : 1
  2284	  2339 : 0
  2336	  2343 : 0
  2340	  2363 : 0
  2360	  2367 : 1
  2364	  2371 : 0
  2368	  2383 : 1
  2380	  2411 : 0
  2408	  2415 : 0
  2412	  2427 : 0
  2424	  2435 : 1
  2432	  2455 : 0
  2452	  2463 : 0
  2460	  2507 : 0
  2504	  2511 : 1
  2508	  2643 : 0
  2640	  2647 : 0
  2644	  2667 : 0
  2664	  2675 : 1
  2672	  2691 : 0
  2688	  2703 : 1
  2700	  2731 : 0
  2728	  2739 : 1
  2736	  2787 : 0
  2784	  2791 : 1
  2788	  2835 : 0
  2832	  2839 : 1
  2836	  2847 : 0
  2844	  2851 : 1
  2848	  2871 : 0
  2868	  2879 : 1
  2876	  2883 : 0
  2880	  2895 : 1
  2892	  2899 : 0
  2896	  2903 : 1
  2900	  2915 : 0
  2912	  2947 : 1
  2944	  2959 : 0
  2956	  3007 : 1
  3004	  3019 : 0
  3016	  3047 : 1
  3044	  3051 : 0
  3048	  3059 : 1
  3056	  3075 : 0
  3072	  3111 : 1
  3108	  3119 : 0
  3116	  3135 : 1
  3132	  3139 : 0
  3136	  3151 : 1
  3148	  3159 : 0
  3156	  3167 : 1
  3164	  3199 : 0
  3196	  3215 : 1
  3212	  3219 : 0
  3216	  3239 : 0
  3236	  3243 : 0
  3240	  3255 : 1
  3252	  3263 : 0
  3260	  3271 : 0
  3268	  3319 : 0
  3316	  3323 : 1
  3320	  3379 : 0
  3376	  3387 : 1
  3384	  3443 : 0
  3440	  3451 : 1
  3448	  3499 : 0
  3496	  3527 : 1
  3524	  3531 : 0
  3528	  3543 : 0
  3540	  3555 : 0
  3552	  3559 : 1
  3556	  3615 : 0
  3612	  3619 : 1
  3616	  3639 : 0
  3636	  3655 : 1
  3652	  3691 : 0
  3688	  3695 : 1
  3692	  3703 : 0
  3700	  3707 : 1
  3704	  3723 : 0
  3720	  3727 : 1
  3724	  3771 : 0
  3768	  3779 : 0
  3776	  3803 : 0
  3800	  3807 : 1
  3804	  3819 : 0
  3816	  3827 : 0
  3824	  3835 : 0
  3832	  3839 : 0
  3836	  3883 : 0
  3880	  3919 : 1
  3916	  3931 : 0
  3928	  3935 : 1
  3932	  3987 : 0
  3984	  4003 : 1
  4000	  4023 : 0
  4020	  4027 : 1
  4024	  4087 : 0
  4084	  4091 : 1
  4088	  4095 : 0
  4092	  4107 : 1
  4104	  4171 : 0
  4168	  4179 : 0
  4176	  4199 : 0
  4196	  4203 : 0
  4200	  4223 : 0
  4220	  4259 : 1
  4256	  4279 : 0
  4276	  4319 : 0
  4316	  4323 : 0
  4320	  4331 : 0
  4328	  4343 : 0
  4340	  4359 : 0
  4356	  4375 : 0
  4372	  4383 : 0
  4380	  4387 : 0
  4384	  4391 : 0
  4388	  4395 : 0
  4392	  4407 : 1
  4404	  4419 : 0
  4416	  4423 : 1
  4420	  4431 : 0
  4428	  4439 : 1
  4436	  4443 : 0
  4440	  4447 : 1
  4444	  4475 : 0
  4472	  4491 : 0
  4488	  4523 : 0
  4520	  4527 : 1
  4524	  4535 : 0
  4532	  4547 : 0
  4544	  4591 : 0
  4588	  4599 : 1
  4596	  4603 : 0
  4600	  4623 : 0
  4620	  4627 : 0
  4624	  4643 : 1
  4640	  4647 : 0
  4644	  4659 : 1
  4656	  4667 : 0
  4664	  4671 : 1
  4668	  4687 : 0
  4684	  4695 : 1
  4692	  4723 : 0
  4720	  4731 : 1
  4728	  4735 : 0
  4732	  4751 : 1
  4748	  4791 : 0
  4788	  4795 : 1
  4792	  4851 : 0
  4848	  4855 : 1
  4852	  4859 : 0
  4856	  4863 : 0
  4860	  4879 : 0
  4876	  4883 : 1
  4880	  4887 : 0
  4884	  4895 : 1
  4892	  4899 : 0
  4896	  4903 : 1
  4900	  4907 : 0
  4904	  4911 : 0
  4908	  4947 : 0
  4944	  4951 : 1
  4948	  4955 : 0
  4952	  4959 : 1
  4956	  4963 : 0
  4960	  5007 : 0
  5004	  5011 : 0
  5008	  5023 : 0
  5020	  5055 : 0
  5052	  5071 : 0
  5068	  5075 : 0
  5072	  5115 : 1
  5112	  5119 : 0
