     0	    31 : 0
    28	   183 : 1
   180	   239 : 0
   236	   243 : 0
   240	   291 : 0
   288	   303 : 0
   300	   351 : 0
   348	   355 : 0
   352	   403 : 0
   400	   415 : 0
   412	   499 : 0
   496	   507 : 0
   504	   511 : 0
   508	   551 : 0
   548	   567 : 0
   564	   671 : 1
   668	  1079 : 0
  1076	  1083 : 0
  1080	  1087 : 0
  1084	  1147 : 0
  1144	  1151 : 0
  1148	  1699 : 1
  1696	  1703 : 0
  1700	  1707 : 0
  1704	  1731 : 0
  1728	  1735 : 0
  1732	  1739 : 0
  1736	  2103 : 0
  2100	  2179 : 0
  2176	  2191 : 0
  2188	  2203 : 0
  2200	  2387 : 0
  2384	  2399 : 0
  2396	  2423 : 0
  2420	  2431 : 0
  2428	  2451 : 0
  2448	  2483 : 0
  2480	  2571 : 0
  2568	  2931 : 0
  2928	  2995 : 1
  2992	  3011 : 0
  3008	  3027 : 0
  3024	  3111 : 0
  3108	  3239 : 0
  3236	  3243 : 0
  3240	  3279 : 0
  3276	  3287 : 0
  3284	  3295 : 0
  3292	  3303 : 0
  3300	  3307 : 0
  3304	  3311 : 0
  3308	  3315 : 0
  3312	  3319 : 0
  3316	  3327 : 0
  3324	  3339 : 0
  3336	  3343 : 0
  3340	  3347 : 0
  3344	  3351 : 0
  3348	  3355 : 0
  3352	  3367 : 0
  3364	  3411 : 0
  3408	  3415 : 0
  3412	  3427 : 0
  3424	  3431 : 0
  3428	  3443 : 0
  3440	  3455 : 0
  3452	  3511 : 0
  3508	  3587 : 0
  3584	  3603 : 0
  3600	  3607 : 0
  3604	  3631 : 0
  3628	  3659 : 0
  3656	  3663 : 0
  3660	  3723 : 0
  3720	  3727 : 0
  3724	  3731 : 0
  3728	  3739 : 0
  3736	  3759 : 0
  3756	  3763 : 0
  3760	  3771 : 0
  3768	  3783 : 0
  3780	  3811 : 0
  3808	  3827 : 0
  3824	  3831 : 0
  3828	  3839 : 0
  3836	  3843 : 0
  3840	  3851 : 0
  3848	  3927 : 1
  3924	  3935 : 0
  3932	  3947 : 0
  3944	  3955 : 0
  3952	  3963 : 0
  3960	  3967 : 0
  3964	  4003 : 0
  4000	  4151 : 0
  4148	  4179 : 0
  4176	  4187 : 0
  4184	  4263 : 0
  4260	  4307 : 0
  4304	  4391 : 0
  4388	  4399 : 0
  4396	  4403 : 0
  4400	  4567 : 0
  4564	  4595 : 0
  4592	  4599 : 0
  4596	  4603 : 0
  4600	  4619 : 0
  4616	  4623 : 0
  4620	  4631 : 0
  4628	  4667 : 0
  4664	  4671 : 0
  4668	  4675 : 0
  4672	  4679 : 0
  4676	  4687 : 1
  4684	  4695 : 0
  4692	  4715 : 0
  4712	  4719 : 0
  4716	  4775 : 0
  4772	  4783 : 0
  4780	  4799 : 0
  4796	  4811 : 0
  4808	  4819 : 0
  4816	  4851 : 0
  4848	  4859 : 0
  4856	  4895 : 0
  4892	  4899 : 0
  4896	  4903 : 0
  4900	  4915 : 0
  4912	  4927 : 0
  4924	  4931 : 0
  4928	  4939 : 0
  4936	  4979 : 0
  4976	  4987 : 0
  4984	  5003 : 0
  5000	  5015 : 0
  5012	  5019 : 0
  5016	  5267 : 0
  5264	  5279 : 0
  5276	  5383 : 0
  5380	  5407 : 0
  5404	  5415 : 0
  5412	  5419 : 0
  5416	  5463 : 0
  5460	  5475 : 0
  5472	  5487 : 0
  5484	  5591 : 0
  5588	  5599 : 0
  5596	  5611 : 0
  5608	  5755 : 0
