     0	    23 : 1
    20	    27 : 0
    24	    51 : 0
    48	    59 : 0
    56	   447 : 0
   444	   451 : 0
   448	   683 : 0
   680	   955 : 0
   952	   963 : 0
   960	  1011 : 0
  1008	  1015 : 0
  1012	  1023 : 0
  1020	  1035 : 0
  1032	  1103 : 0
  1100	  1111 : 0
  1108	  1207 : 0
  1204	  1351 : 1
  1348	  1355 : 0
  1352	  1367 : 0
  1364	  1391 : 0
  1388	  1399 : 0
  1396	  1403 : 0
  1400	  1415 : 0
  1412	  1423 : 0
  1420	  1479 : 0
  1476	  1483 : 0
  1480	  1487 : 0
  1484	  1491 : 0
  1488	  1507 : 0
  1504	  1519 : 0
  1516	  1523 : 0
  1520	  1567 : 0
  1564	  1575 : 0
  1572	  1587 : 0
  1584	  1591 : 0
  1588	  1595 : 0
  1592	  1599 : 0
  1596	  1623 : 0
  1620	  1635 : 0
  1632	  1639 : 0
  1636	  1651 : 0
  1648	  1699 : 0
  1696	  1763 : 0
  1760	  1771 : 0
  1768	  1775 : 0
  1772	  1779 : 0
  1776	  1795 : 1
  1792	  1807 : 0
  1804	  1815 : 1
  1812	  1879 : 0
  1876	  1931 : 0
  1928	  1979 : 0
  1976	  2071 : 1
  2068	  2075 : 0
  2072	  2107 : 0
  2104	  2127 : 0
  2124	  2191 : 1
  2188	  2195 : 0
  2192	  2215 : 0
  2212	  2219 : 0
  2216	  2239 : 0
  2236	  2247 : 0
  2244	  2251 : 0
  2248	  2255 : 0
  2252	  2267 : 0
  2264	  2271 : 2
  2268	  2275 : 0
  2272	  2287 : 0
  2284	  2291 : 0
  2288	  2315 : 0
  2312	  2323 : 0
  2320	  2327 : 0
  2324	  2355 : 0
  2352	  2363 : 0
  2360	  2371 : 0
  2368	  2375 : 0
  2372	  2475 : 0
  2472	  2483 : 0
  2480	  2527 : 0
  2524	  2535 : 0
  2532	  2543 : 0
  2540	  2547 : 0
  2544	  2671 : 0
  2668	  2687 : 0
  2684	  2695 : 0
  2692	  2707 : 0
  2704	  2715 : 0
  2712	  2775 : 0
  2772	  2847 : 1
  2844	  2851 : 0
  2848	  2859 : 0
  2856	  2863 : 0
  2860	  2899 : 0
  2896	  2927 : 0
  2924	  2931 : 1
  2928	  2959 : 0
  2956	  2991 : 1
  2988	  3059 : 0
  3056	  3103 : 0
  3100	  3107 : 0
  3104	  3115 : 1
  3112	  3151 : 0
  3148	  3207 : 0
  3204	  3231 : 0
  3228	  3279 : 0
  3276	  3367 : 0
  3364	  3375 : 1
  3372	  3959 : 0
  3956	  3963 : 0
  3960	  3995 : 0
  3992	  4155 : 0
  4152	  4167 : 0
  4164	  4175 : 0
  4172	  4207 : 0
  4204	  4215 : 1
  4212	  4231 : 0
  4228	  4239 : 1
  4236	  4267 : 0
  4264	  4275 : 0
  4272	  4283 : 0
  4280	  4287 : 0
  4284	  4331 : 0
  4328	  4343 : 1
  4340	  4347 : 0
  4344	  4355 : 0
  4352	  4371 : 0
  4368	  4375 : 0
  4372	  4379 : 0
  4376	  4419 : 0
  4416	  4423 : 0
  4420	  4471 : 0
  4468	  4475 : 0
  4472	  4483 : 0
  4480	  4551 : 0
  4548	  4583 : 1
  4580	  4607 : 0
  4604	  4611 : 1
  4608	  4627 : 0
  4624	  4631 : 1
  4628	  4635 : 0
  4632	  4663 : 0
  4660	  4671 : 0
  4668	  4683 : 0
  4680	  4687 : 0
  4684	  4711 : 0
  4708	  4735 : 0
  4732	  4739 : 0
  4736	  4751 : 0
  4748	  4767 : 0
  4764	  4815 : 0
  4812	  4827 : 1
  4824	  4839 : 0
  4836	  4855 : 0
  4852	  5035 : 0
  5032	  5039 : 1
  5036	  5067 : 0
  5064	  5075 : 1
  5072	  5195 : 0
  5192	  5207 : 1
  5204	  5227 : 0
  5224	  5235 : 0
  5232	  5323 : 0
  5320	  5327 : 0
  5324	  5339 : 0
  5336	  5347 : 0
  5344	  5379 : 0
  5376	  5391 : 0
  5388	  5427 : 0
  5424	  5447 : 0
  5444	  5455 : 0
  5452	  5535 : 0
  5532	  5563 : 0
  5560	  5611 : 1
  5608	  5615 : 0
  5612	  5631 : 1
  5628	  5675 : 0
  5672	  5679 : 2
  5676	  5743 : 0
  5740	  5751 : 0
  5748	  5823 : 0
  5820	  5831 : 0
  5828	  5955 : 0
  5952	  5963 : 0
  5960	  5971 : 0
  5968	  5979 : 0
  5976	  5983 : 0
  5980	  5999 : 0
  5996	  6023 : 0
  6020	  6031 : 1
  6028	  6055 : 0
  6052	  6071 : 0
  6068	  6099 : 0
  6096	  6119 : 0
  6116	  6135 : 0
  6132	  6143 : 0
  6140	  6195 : 0
  6192	  6199 : 0
  6196	  6203 : 0
  6200	  6211 : 0
  6208	  6219 : 0
  6216	  6223 : 0
  6220	  6231 : 0
  6228	  6239 : 0
  6236	  6247 : 0
  6244	  6251 : 0
  6248	  6259 : 0
  6256	  6263 : 0
  6260	  6267 : 0
  6264	  6275 : 0
  6272	  6279 : 0
  6276	  6287 : 0
  6284	  6291 : 0
  6288	  6299 : 0
  6296	  6307 : 0
  6304	  6315 : 0
  6312	  6327 : 0
  6324	  6339 : 0
  6336	  6343 : 0
  6340	  6375 : 0
  6372	  6379 : 0
  6376	  6399 : 0
  6396	  6411 : 0
  6408	  6415 : 1
  6412	  6435 : 0
  6432	  6447 : 0
  6444	  6467 : 0
  6464	  6479 : 0
  6476	  6555 : 0
  6552	  6587 : 0
  6584	  6615 : 0
  6612	  6627 : 0
  6624	  6635 : 0
  6632	  6639 : 0
  6636	  6655 : 0
  6652	  6675 : 0
  6672	  6715 : 0
  6712	  6843 : 0
  6840	  6915 : 0
  6912	  6923 : 1
  6920	  6983 : 0
  6980	  6999 : 0
  6996	  7003 : 0
  7000	  7007 : 0
  7004	  7015 : 0
  7012	  7027 : 0
  7024	  7031 : 0
  7028	  7035 : 0
  7032	  7043 : 0
  7040	  7051 : 1
  7048	  7107 : 0
  7104	  7111 : 1
  7108	  7115 : 0
  7112	  7139 : 0
  7136	  7155 : 0
  7152	  7199 : 0
  7196	  7215 : 0
  7212	  7259 : 0
  7256	  7263 : 0
  7260	  7271 : 0
  7268	  7287 : 0
  7284	  7295 : 1
  7292	  7307 : 0
  7304	  7311 : 0
  7308	  7315 : 0
  7312	  7327 : 0
  7324	  7335 : 0
  7332	  7339 : 0
  7336	  7375 : 0
  7372	  7399 : 0
  7396	  7411 : 0
  7408	  7423 : 0
  7420	  7443 : 0
  7440	  7455 : 0
  7452	  7499 : 0
  7496	  7507 : 1
  7504	  7515 : 0
  7512	  7591 : 0
  7588	  7603 : 0
  7600	  7615 : 0
  7612	  7627 : 0
  7624	  7639 : 0
  7636	  7643 : 0
  7640	  7667 : 0
  7664	  7675 : 0
  7672	  7687 : 0
  7684	  7695 : 0
  7692	  7699 : 0
  7696	  7703 : 0
  7700	  7707 : 0
  7704	  7711 : 0
  7708	  7747 : 0
  7744	  7751 : 0
  7748	  7759 : 0
  7756	  7767 : 0
  7764	  7771 : 0
  7768	  7775 : 0
  7772	  7795 : 0
  7792	  7799 : 0
  7796	  7807 : 0
  7804	  7823 : 0
  7820	  7899 : 1
  7896	  7903 : 0
  7900	  7907 : 0
  7904	  7915 : 0
  7912	  7931 : 0
  7928	  7967 : 0
  7964	  7975 : 0
  7972	  7995 : 0
  7992	  7999 : 0
  7996	  8003 : 0
  8000	  8015 : 0
  8012	  8023 : 0
  8020	  8027 : 0
  8024	  8035 : 0
  8032	  8043 : 0
  8040	  8047 : 0
  8044	  8067 : 0
  8064	  8087 : 0
  8084	  8095 : 0
  8092	  8103 : 0
  8100	  8139 : 0
  8136	  8147 : 0
  8144	  8151 : 0
  8148	  8159 : 0
  8156	  8195 : 0
  8192	  8199 : 0
  8196	  8203 : 0
  8200	  8207 : 0
  8204	  8219 : 0
  8216	  8243 : 0
  8240	  8255 : 0
  8252	  8259 : 0
  8256	  8267 : 0
  8264	  8271 : 0
  8268	  8275 : 0
  8272	  8283 : 0
  8280	  8331 : 0
  8328	  8351 : 0
  8348	  8359 : 0
  8356	  8371 : 0
  8368	  8379 : 1
  8376	  8407 : 0
  8404	  8411 : 1
  8408	  8455 : 0
  8452	  8467 : 1
  8464	  8483 : 0
  8480	  8539 : 1
  8536	  8547 : 0
  8544	  8555 : 0
  8552	  8559 : 0
  8556	  8591 : 0
  8588	  8631 : 0
  8628	  8639 : 1
  8636	  8691 : 0
  8688	  8699 : 0
  8696	  8763 : 0
  8760	  8771 : 1
  8768	  8779 : 0
  8776	  8783 : 0
  8780	  8787 : 0
  8784	  8791 : 1
  8788	  8815 : 0
  8812	  8819 : 0
  8816	  8823 : 0
  8820	  8831 : 1
  8828	  8843 : 0
  8840	  8887 : 0
  8884	  8891 : 0
  8888	  8899 : 0
  8896	  8907 : 0
  8904	  8919 : 0
  8916	  8947 : 0
  8944	  8995 : 0
  8992	  8999 : 0
  8996	  9007 : 1
  9004	  9035 : 0
  9032	  9051 : 0
  9048	  9067 : 0
  9064	  9075 : 0
  9072	  9091 : 0
  9088	  9095 : 0
  9092	  9115 : 0
  9112	  9123 : 0
  9120	  9151 : 0
  9148	  9155 : 0
  9152	  9167 : 0
  9164	  9175 : 0
  9172	  9191 : 0
  9188	  9199 : 0
  9196	  9219 : 0
  9216	  9231 : 1
  9228	  9235 : 0
  9232	  9239 : 0
  9236	  9255 : 0
  9252	  9267 : 0
  9264	  9275 : 0
  9272	  9279 : 1
  9276	  9291 : 0
  9288	  9299 : 0
  9296	  9303 : 0
  9300	  9307 : 0
  9304	  9311 : 0
  9308	  9343 : 1
  9340	  9347 : 0
  9344	  9351 : 1
  9348	  9371 : 0
  9368	  9379 : 0
  9376	  9383 : 0
  9380	  9439 : 0
  9436	  9443 : 0
  9440	  9451 : 0
  9448	  9463 : 0
  9460	  9475 : 0
  9472	  9479 : 0
  9476	  9487 : 0
  9484	  9491 : 0
  9488	  9503 : 0
  9500	  9507 : 0
  9504	  9519 : 0
  9516	  9539 : 0
  9536	  9555 : 0
  9552	  9563 : 0
  9560	  9587 : 1
  9584	  9595 : 0
  9592	  9599 : 0
  9596	  9615 : 0
  9612	  9663 : 0
  9660	  9671 : 0
  9668	  9679 : 0
  9676	  9683 : 0
  9680	  9731 : 0
  9728	  9739 : 0
  9736	  9747 : 0
  9744	  9751 : 0
  9748	  9767 : 1
  9764	  9771 : 0
  9768	  9787 : 0
  9784	  9791 : 0
  9788	  9811 : 0
  9808	  9855 : 0
  9852	  9871 : 0
  9868	  9883 : 0
  9880	  9943 : 0
  9940	  9971 : 0
  9968	  9979 : 0
  9976	 10015 : 0
 10012	 10023 : 1
 10020	 10039 : 0
 10036	 10047 : 0
 10044	 10063 : 0
 10060	 10095 : 1
 10092	 10127 : 0
 10124	 10143 : 0
 10140	 10151 : 0
 10148	 10155 : 0
 10152	 10159 : 0
 10156	 10187 : 0
 10184	 10191 : 0
 10188	 10195 : 0
 10192	 10203 : 0
 10200	 10215 : 0
 10212	 10223 : 0
 10220	 10283 : 0
 10280	 10287 : 0
 10284	 10291 : 0
 10288	 10295 : 0
 10292	 10303 : 0
 10300	 10315 : 0
 10312	 10331 : 0
 10328	 10343 : 0
 10340	 10359 : 0
 10356	 10391 : 0
 10388	 10451 : 0
 10448	 10463 : 0
 10460	 10491 : 0
 10488	 10551 : 0
 10548	 10567 : 1
 10564	 10579 : 0
 10576	 10583 : 0
 10580	 10591 : 0
 10588	 10599 : 0
 10596	 10607 : 0
 10604	 10611 : 0
 10608	 10615 : 0
 10612	 10619 : 1
 10616	 10659 : 0
 10656	 10683 : 0
 10680	 10731 : 0
 10728	 10735 : 0
 10732	 10743 : 0
 10740	 10751 : 0
 10748	 10979 : 0
 10976	 10983 : 0
 10980	 11043 : 0
 11040	 11047 : 0
 11044	 11063 : 0
 11060	 11071 : 0
 11068	 11123 : 0
 11120	 11143 : 0
 11140	 11171 : 0
 11168	 11179 : 0
 11176	 11191 : 0
 11188	 11203 : 0
 11200	 11219 : 0
 11216	 11227 : 0
 11224	 11231 : 0
 11228	 11267 : 0
 11264	 11271 : 0
 11268	 11279 : 0
 11276	 11287 : 0
 11284	 11291 : 0
 11288	 11331 : 0
 11328	 11359 : 0
 11356	 11367 : 0
 11364	 11371 : 0
 11368	 11395 : 0
 11392	 11399 : 0
 11396	 11407 : 0
 11404	 11411 : 1
 11408	 11431 : 0
 11428	 11451 : 0
 11448	 11455 : 0
 11452	 11463 : 0
 11460	 11487 : 0
 11484	 11491 : 0
 11488	 11511 : 0
 11508	 11543 : 0
 11540	 11551 : 0
 11548	 11571 : 0
 11568	 11575 : 0
 11572	 11655 : 0
 11652	 11659 : 0
 11656	 11683 : 0
 11680	 11707 : 0
 11704	 11715 : 1
 11712	 11783 : 0
 11780	 11791 : 1
 11788	 11795 : 0
 11792	 11811 : 0
 11808	 11827 : 0
 11824	 11859 : 0
 11856	 11867 : 0
 11864	 11883 : 0
 11880	 11927 : 0
 11924	 12027 : 0
 12024	 12035 : 0
 12032	 12039 : 0
 12036	 12099 : 0
 12096	 12103 : 0
 12100	 12111 : 0
 12108	 12115 : 0
 12112	 12207 : 0
 12204	 12211 : 0
 12208	 12255 : 0
 12252	 12259 : 0
 12256	 12347 : 0
 12344	 12351 : 0
 12348	 12355 : 0
 12352	 12367 : 0
 12364	 12387 : 0
 12384	 12395 : 0
 12392	 12407 : 0
 12404	 12411 : 2
 12408	 12415 : 1
 12412	 12463 : 0
 12460	 12475 : 1
 12472	 12503 : 0
 12500	 12543 : 1
 12540	 12547 : 0
 12544	 12559 : 1
 12556	 12563 : 0
 12560	 12631 : 0
 12628	 12659 : 0
 12656	 12667 : 1
 12664	 12683 : 0
 12680	 12715 : 0
 12712	 12787 : 0
 12784	 12855 : 0
 12852	 12879 : 0
 12876	 12883 : 0
 12880	 12907 : 0
 12904	 12935 : 0
 12932	 12939 : 0
 12936	 12947 : 1
 12944	 12955 : 0
 12952	 12983 : 0
 12980	 13035 : 0
 13032	 13059 : 0
 13056	 13063 : 0
 13060	 13075 : 0
 13072	 13079 : 0
 13076	 13087 : 0
 13084	 13091 : 0
 13088	 13123 : 0
 13120	 13131 : 0
 13128	 13159 : 0
 13156	 13163 : 0
 13160	 13171 : 1
 13168	 13207 : 0
 13204	 13211 : 0
 13208	 13219 : 0
 13216	 13231 : 0
 13228	 13255 : 0
 13252	 13259 : 0
 13256	 13335 : 0
 13332	 13339 : 0
 13336	 13455 : 0
 13452	 13459 : 0
 13456	 13483 : 0
 13480	 13559 : 0
 13556	 13563 : 0
 13560	 13571 : 0
 13568	 13615 : 0
 13612	 13619 : 1
 13616	 13627 : 0
 13624	 13639 : 0
 13636	 13643 : 0
 13640	 13655 : 0
 13652	 13667 : 0
 13664	 13683 : 0
 13680	 13687 : 0
 13684	 13699 : 0
 13696	 13703 : 0
 13700	 13715 : 0
 13712	 13731 : 0
 13728	 13747 : 1
 13744	 13763 : 0
 13760	 13767 : 0
 13764	 13771 : 0
 13768	 13787 : 0
 13784	 13807 : 0
 13804	 13831 : 0
 13828	 13991 : 0
 13988	 13995 : 1
 13992	 14003 : 0
 14000	 14047 : 0
 14044	 14103 : 0
 14100	 14127 : 0
 14124	 14167 : 0
 14164	 14175 : 0
 14172	 14179 : 0
 14176	 14247 : 0
 14244	 14251 : 0
 14248	 14483 : 0
 14480	 14491 : 0
 14488	 14495 : 0
 14492	 14499 : 0
 14496	 14503 : 0
 14500	 14519 : 0
 14516	 14527 : 0
 14524	 14531 : 0
 14528	 14539 : 0
 14536	 14555 : 0
 14552	 14563 : 0
 14560	 14571 : 0
 14568	 14591 : 0
 14588	 14595 : 0
 14592	 14603 : 0
 14600	 14611 : 0
 14608	 14655 : 0
 14652	 14659 : 0
 14656	 14695 : 1
 14692	 14703 : 0
 14700	 14735 : 0
 14732	 14739 : 0
 14736	 14763 : 0
 14760	 14775 : 0
 14772	 14807 : 0
 14804	 14827 : 0
 14824	 14847 : 0
 14844	 14859 : 0
 14856	 14863 : 0
 14860	 14903 : 0
 14900	 14907 : 0
 14904	 14927 : 0
 14924	 14963 : 1
 14960	 14971 : 0
 14968	 14983 : 0
 14980	 14991 : 0
 14988	 14995 : 1
 14992	 15059 : 0
 15056	 15063 : 1
 15060	 15087 : 0
 15084	 15103 : 1
 15100	 15111 : 0
 15108	 15143 : 0
 15140	 15147 : 0
 15144	 15151 : 0
 15148	 15167 : 0
 15164	 15187 : 0
 15184	 15263 : 0
 15260	 15283 : 0
 15280	 15307 : 0
 15304	 15343 : 0
 15340	 15347 : 0
 15344	 15495 : 0
