     0	    31 : 0
    28	   151 : 0
   148	   191 : 1
   188	   195 : 0
   192	   203 : 0
   200	   211 : 0
   208	   315 : 0
   312	   331 : 0
   328	   347 : 0
   344	   355 : 0
   352	   359 : 1
   356	   375 : 0
   372	   399 : 0
   396	   403 : 0
   400	   407 : 0
   404	   435 : 0
   432	   443 : 1
   440	   455 : 0
   452	   483 : 0
   480	   539 : 0
   536	   543 : 1
   540	   587 : 0
   584	   591 : 0
   588	   599 : 0
   596	   615 : 0
   612	   659 : 0
   656	   679 : 0
   676	   695 : 0
   692	   731 : 1
   728	   739 : 0
   736	   751 : 0
   748	   763 : 0
   760	   771 : 1
   768	   783 : 0
   780	   791 : 0
   788	   819 : 0
   816	   831 : 0
   828	   899 : 0
   896	   987 : 1
   984	   991 : 0
   988	   999 : 0
   996	  1007 : 0
  1004	  1015 : 0
  1012	  1019 : 0
  1016	  1027 : 1
  1024	  1047 : 0
  1044	  1051 : 0
  1048	  1071 : 0
  1068	  1083 : 0
  1080	  1127 : 0
  1124	  1135 : 1
  1132	  1187 : 0
  1184	  1191 : 1
  1188	  1207 : 0
  1204	  1211 : 0
  1208	  1219 : 0
  1216	  1227 : 0
  1224	  1255 : 0
  1252	  1259 : 1
  1256	  1315 : 0
  1312	  1323 : 1
  1320	  1339 : 0
  1336	  1359 : 0
  1356	  1371 : 0
  1368	  1375 : 0
  1372	  1407 : 0
  1404	  1419 : 0
  1416	  1435 : 0
  1432	  1447 : 0
  1444	  1467 : 0
  1464	  1499 : 0
  1496	  1503 : 0
  1500	  1531 : 0
  1528	  1579 : 0
  1576	  1587 : 1
  1584	  1607 : 0
  1604	  1611 : 1
  1608	  1635 : 0
  1632	  1699 : 0
  1696	  1851 : 0
  1848	  1867 : 1
  1864	  1891 : 0
  1888	  1895 : 1
  1892	  1907 : 0
  1904	  1915 : 0
  1912	  1927 : 0
  1924	  1931 : 1
  1928	  1979 : 0
  1976	  1983 : 1
  1980	  2019 : 0
  2016	  2023 : 1
  2020	  2035 : 0
  2032	  2051 : 1
  2048	  2055 : 2
  2052	  2067 : 0
  2064	  2099 : 1
  2096	  2103 : 0
  2100	  2115 : 0
  2112	  2143 : 0
  2140	  2151 : 1
  2148	  2195 : 0
  2192	  2207 : 1
  2204	  2211 : 0
  2208	  2247 : 0
  2244	  2259 : 0
  2256	  2275 : 0
  2272	  2279 : 0
  2276	  2287 : 0
  2284	  2291 : 0
  2288	  2343 : 0
  2340	  2351 : 0
  2348	  2355 : 0
  2352	  2359 : 0
  2356	  2367 : 1
  2364	  2411 : 0
  2408	  2415 : 0
  2412	  2431 : 0
  2428	  2435 : 1
  2432	  2455 : 0
  2452	  2491 : 1
  2488	  2499 : 0
  2496	  2503 : 1
  2500	  2511 : 0
  2508	  2523 : 1
  2520	  2531 : 0
  2528	  2539 : 1
  2536	  2555 : 0
  2552	  2599 : 1
  2596	  2631 : 0
  2628	  2635 : 1
  2632	  2643 : 0
  2640	  2655 : 0
  2652	  2659 : 0
  2656	  2691 : 1
  2688	  2711 : 0
  2708	  2719 : 1
  2716	  2735 : 0
  2732	  2743 : 1
  2740	  2755 : 0
  2752	  2775 : 0
  2772	  2779 : 0
  2776	  2795 : 1
  2792	  2799 : 0
  2796	  2807 : 1
  2804	  2811 : 0
  2808	  2815 : 0
  2812	  2827 : 0
  2824	  2859 : 0
  2856	  2867 : 0
  2864	  2879 : 0
  2876	  2903 : 0
  2900	  2911 : 1
  2908	  2923 : 0
  2920	  2935 : 0
  2932	  2947 : 0
  2944	  2955 : 0
  2952	  2963 : 0
  2960	  2979 : 0
  2976	  2983 : 0
  2980	  2987 : 0
  2984	  2991 : 0
  2988	  2999 : 0
  2996	  3003 : 0
  3000	  3019 : 0
  3016	  3043 : 0
  3040	  3071 : 0
  3068	  3075 : 0
  3072	  3079 : 0
  3076	  3083 : 0
  3080	  3087 : 0
  3084	  3091 : 0
  3088	  3095 : 0
  3092	  3107 : 0
  3104	  3111 : 1
  3108	  3147 : 0
  3144	  3151 : 0
  3148	  3155 : 0
  3152	  3211 : 0
  3208	  3223 : 0
  3220	  3251 : 0
  3248	  3315 : 0
  3312	  3327 : 1
  3324	  3331 : 0
  3328	  3335 : 0
  3332	  3339 : 0
  3336	  3351 : 0
  3348	  3355 : 0
  3352	  3363 : 0
  3360	  3367 : 0
  3364	  3383 : 0
  3380	  3387 : 0
  3384	  3395 : 1
  3392	  3403 : 0
  3400	  3411 : 0
  3408	  3415 : 0
  3412	  3419 : 1
  3416	  3447 : 0
  3444	  3451 : 1
  3448	  3463 : 0
  3460	  3483 : 0
  3480	  3495 : 0
  3492	  3515 : 0
  3512	  3519 : 0
  3516	  3531 : 0
  3528	  3563 : 0
  3560	  3579 : 0
  3576	  3603 : 0
  3600	  3627 : 1
  3624	  3635 : 0
  3632	  3659 : 0
  3656	  3683 : 0
  3680	  3715 : 0
  3712	  3719 : 0
  3716	  3723 : 1
  3720	  3747 : 0
  3744	  3751 : 1
  3748	  3755 : 0
  3752	  3763 : 0
  3760	  3791 : 0
  3788	  3803 : 0
  3800	  3859 : 0
  3856	  3867 : 1
  3864	  3895 : 0
  3892	  3915 : 0
  3912	  3943 : 0
  3940	  3951 : 1
  3948	  3967 : 0
  3964	  3975 : 1
  3972	  4019 : 0
  4016	  4031 : 0
  4028	  4071 : 0
  4068	  4075 : 0
  4072	  4087 : 0
  4084	  4091 : 0
  4088	  4103 : 0
  4100	  4107 : 0
  4104	  4127 : 0
  4124	  4131 : 1
  4128	  4159 : 0
  4156	  4167 : 0
  4164	  4195 : 0
  4192	  4199 : 0
  4196	  4211 : 0
  4208	  4223 : 0
  4220	  4227 : 0
  4224	  4231 : 0
  4228	  4235 : 0
  4232	  4243 : 1
  4240	  4255 : 0
  4252	  4271 : 0
  4268	  4311 : 0
  4308	  4315 : 0
  4312	  4331 : 0
  4328	  4335 : 0
  4332	  4383 : 0
  4380	  4395 : 1
  4392	  4399 : 0
  4396	  4427 : 0
  4424	  4431 : 0
  4428	  4447 : 0
  4444	  4467 : 0
  4464	  4471 : 1
  4468	  4479 : 0
  4476	  4499 : 1
  4496	  4519 : 0
  4516	  4523 : 1
  4520	  4539 : 0
  4536	  4543 : 1
  4540	  4547 : 0
  4544	  4555 : 1
  4552	  4559 : 0
  4556	  4567 : 0
  4564	  4583 : 0
  4580	  4699 : 1
  4696	  4707 : 0
  4704	  4719 : 0
  4716	  4723 : 0
  4720	  4779 : 0
