     0	    23 : 0
    20	    31 : 0
    28	    59 : 0
    56	   151 : 0
   148	   159 : 1
   156	   171 : 0
   168	   183 : 1
   180	   187 : 0
   184	   195 : 1
   192	   199 : 0
   196	   203 : 1
   200	   223 : 0
   220	   291 : 0
   288	   339 : 0
   336	   391 : 0
   388	   399 : 0
   396	   435 : 0
   432	   467 : 0
   464	   491 : 1
   488	   495 : 0
   492	   499 : 0
   496	   559 : 0
   556	   563 : 1
   560	   667 : 0
   664	   671 : 0
   668	   675 : 0
   672	   679 : 0
   676	   683 : 0
   680	   695 : 0
   692	   739 : 0
   736	   743 : 2
   740	   791 : 1
   788	   799 : 0
   796	   803 : 0
   800	   827 : 0
   824	   831 : 0
   828	   951 : 0
   948	   955 : 0
   952	   963 : 0
   960	   967 : 0
   964	   971 : 0
   968	   983 : 0
   980	  1107 : 0
  1104	  1111 : 0
  1108	  1119 : 0
  1116	  1127 : 0
  1124	  1267 : 0
  1264	  1271 : 1
  1268	  1275 : 0
  1272	  1287 : 1
  1284	  1323 : 0
  1320	  1375 : 1
  1372	  1459 : 0
  1456	  1463 : 2
  1460	  1467 : 0
  1464	  2035 : 0
  2032	  2075 : 0
  2072	  2083 : 1
  2080	  2163 : 0
  2160	  2171 : 0
  2168	  2223 : 0
  2220	  2255 : 1
  2252	  2263 : 0
  2260	  2283 : 0
  2280	  2315 : 0
  2312	  2319 : 1
  2316	  2419 : 0
  2416	  2451 : 0
  2448	  2455 : 0
  2452	  2499 : 0
  2496	  2511 : 0
  2508	  2627 : 0
  2624	  2647 : 0
  2644	  2651 : 0
  2648	  2663 : 0
  2660	  2675 : 0
  2672	  2679 : 0
  2676	  2683 : 0
  2680	  2687 : 0
  2684	  2695 : 0
  2692	  2707 : 0
  2704	  2767 : 0
  2764	  2771 : 2
  2768	  2867 : 0
  2864	  2883 : 0
  2880	  2907 : 0
  2904	  2939 : 0
  2936	  3187 : 1
  3184	  3203 : 0
  3200	  3255 : 0
  3252	  3263 : 0
  3260	  3283 : 0
  3280	  3363 : 0
  3360	  3367 : 0
  3364	  3379 : 0
  3376	  3399 : 0
  3396	  3495 : 0
  3492	  3539 : 0
  3536	  3543 : 0
  3540	  3579 : 1
  3576	  3611 : 0
  3608	  3627 : 0
  3624	  3871 : 0
  3868	  4019 : 1
  4016	  4023 : 0
  4020	  4219 : 1
  4216	  4223 : 0
  4220	  4271 : 0
  4268	  4279 : 0
  4276	  4295 : 0
  4292	  4319 : 0
  4316	  4323 : 0
  4320	  4343 : 0
  4340	  4355 : 0
  4352	  4359 : 0
  4356	  4387 : 0
  4384	  4575 : 0
  4572	  4695 : 1
  4692	  4699 : 0
  4696	  4703 : 0
  4700	  4715 : 0
  4712	  4719 : 0
  4716	  4727 : 0
  4724	  4739 : 0
  4736	  4743 : 0
  4740	  4747 : 0
  4744	  4767 : 0
  4764	  4971 : 0
  4968	  4975 : 0
  4972	  4987 : 0
  4984	  4995 : 0
  4992	  5023 : 0
  5020	  5031 : 0
  5028	  5067 : 0
  5064	  5071 : 0
  5068	  5079 : 0
  5076	  5135 : 0
  5132	  5143 : 0
  5140	  5267 : 0
  5264	  5275 : 1
  5272	  5291 : 0
  5288	  5383 : 0
  5380	  5423 : 0
  5420	  5471 : 0
  5468	  5479 : 0
  5476	  5495 : 0
  5492	  5499 : 0
  5496	  5707 : 0
  5704	  5715 : 0
  5712	  5743 : 0
  5740	  5747 : 0
  5744	  5791 : 0
  5788	  5863 : 0
  5860	  5907 : 0
  5904	  5911 : 0
  5908	  5915 : 1
  5912	  5979 : 0
  5976	  6087 : 0
  6084	  6239 : 0
  6236	  6247 : 0
  6244	  6255 : 0
  6252	  6271 : 0
  6268	  6319 : 0
  6316	  6331 : 0
  6328	  6811 : 0
  6808	  6835 : 0
  6832	  6839 : 0
  6836	  6855 : 0
  6852	  6859 : 2
  6856	  6879 : 0
  6876	  6919 : 0
  6916	  6927 : 0
  6924	  6963 : 0
  6960	  6967 : 0
  6964	  6987 : 0
  6984	  6991 : 0
  6988	  6995 : 0
  6992	  7043 : 0
  7040	  7055 : 0
  7052	  7059 : 0
  7056	  7087 : 0
  7084	  7107 : 0
  7104	  7115 : 1
  7112	  7619 : 0
  7616	  7663 : 0
  7660	  7667 : 0
  7664	  7679 : 0
  7676	  7683 : 0
  7680	  7691 : 0
  7688	  7703 : 0
  7700	  7795 : 0
  7792	  7907 : 0
  7904	  7951 : 0
  7948	  7959 : 0
  7956	  8023 : 0
  8020	  8031 : 0
  8028	  8035 : 1
  8032	  8267 : 0
  8264	  8279 : 0
  8276	  8291 : 0
  8288	  8331 : 0
  8328	  8443 : 0
  8440	  8463 : 0
  8460	  9999 : 0
  9996	 10055 : 1
 10052	 10059 : 0
 10056	 10079 : 0
 10076	 10087 : 0
 10084	 10139 : 0
 10136	 10143 : 0
 10140	 10167 : 0
 10164	 10171 : 0
 10168	 10175 : 0
 10172	 10179 : 0
 10176	 10187 : 0
 10184	 10211 : 0
 10208	 10239 : 0
 10236	 10247 : 0
 10244	 10251 : 0
 10248	 10283 : 0
 10280	 10287 : 1
 10284	 10291 : 0
 10288	 10343 : 1
 10340	 10435 : 0
