     0	   255 : 0
   252	   259 : 0
   256	   303 : 1
   300	   311 : 0
   308	   331 : 0
   328	   335 : 0
   332	   339 : 0
   336	   347 : 0
   344	   407 : 0
   404	   423 : 0
   420	   471 : 0
   468	   487 : 0
   484	   523 : 0
   520	   531 : 0
   528	   535 : 0
   532	   547 : 0
   544	   583 : 1
   580	   591 : 0
   588	   595 : 0
   592	   651 : 0
   648	   659 : 0
   656	   663 : 0
   660	   687 : 0
   684	   699 : 0
   696	   719 : 0
   716	   727 : 0
   724	   779 : 1
   776	   839 : 0
   836	   867 : 0
   864	   871 : 0
   868	   875 : 0
   872	   883 : 0
   880	  1083 : 0
  1080	  1087 : 0
  1084	  1111 : 0
  1108	  1147 : 0
  1144	  1203 : 0
  1200	  1227 : 0
  1224	  1239 : 0
  1236	  1267 : 0
  1264	  1271 : 0
  1268	  1307 : 0
  1304	  1331 : 0
  1328	  1355 : 0
  1352	  1383 : 0
  1380	  1411 : 0
  1408	  1539 : 1
  1536	  1583 : 0
  1580	  1607 : 0
  1604	  1611 : 0
  1608	  1627 : 0
  1624	  1639 : 0
  1636	  1655 : 1
  1652	  1703 : 0
  1700	  1731 : 0
  1728	  1735 : 0
  1732	  1743 : 0
  1740	  1755 : 0
  1752	  1759 : 1
  1756	  1775 : 0
  1772	  1779 : 0
  1776	  1783 : 0
  1780	  1787 : 0
  1784	  2099 : 0
  2096	  2207 : 1
  2204	  2359 : 0
  2356	  2367 : 1
  2364	  2443 : 0
  2440	  2471 : 1
  2468	  2563 : 0
  2560	  2571 : 1
  2568	  2687 : 0
  2684	  2695 : 1
  2692	  2711 : 0
  2708	  2723 : 0
  2720	  2727 : 0
  2724	  2739 : 0
  2736	  2755 : 0
  2752	  2759 : 0
  2756	  2811 : 0
  2808	  2815 : 0
  2812	  2823 : 0
  2820	  2851 : 0
  2848	  2871 : 0
  2868	  2975 : 0
  2972	  2979 : 0
  2976	  2983 : 1
  2980	  2991 : 0
  2988	  2995 : 0
  2992	  3003 : 0
  3000	  3127 : 1
  3124	  3131 : 0
  3128	  3235 : 1
  3232	  3355 : 0
  3352	  3435 : 0
  3432	  3543 : 0
  3540	  3567 : 0
  3564	  3579 : 0
  3576	  3615 : 0
  3612	  3631 : 0
  3628	  3651 : 0
  3648	  3655 : 0
  3652	  3687 : 0
  3684	  3691 : 0
  3688	  3707 : 0
  3704	  4163 : 0
  4160	  4179 : 1
  4176	  4183 : 0
  4180	  4219 : 1
  4216	  4243 : 0
  4240	  4247 : 0
  4244	  4251 : 0
  4248	  4255 : 0
  4252	  4263 : 0
  4260	  4267 : 0
  4264	  4307 : 0
  4304	  4315 : 0
  4312	  4319 : 0
  4316	  4331 : 0
  4328	  4339 : 0
  4336	  4379 : 0
  4376	  4403 : 0
  4400	  4407 : 0
  4404	  4447 : 0
  4444	  4451 : 0
  4448	  4459 : 0
  4456	  4487 : 0
  4484	  4503 : 0
  4500	  4515 : 0
  4512	  4535 : 0
  4532	  4635 : 0
  4632	  4639 : 0
  4636	  4655 : 1
  4652	  4663 : 0
  4660	  4675 : 1
  4672	  4679 : 0
  4676	  4699 : 0
  4696	  4707 : 0
  4704	  4711 : 0
  4708	  4719 : 0
  4716	  4731 : 0
  4728	  4739 : 0
  4736	  4759 : 0
  4756	  4771 : 0
  4768	  4783 : 0
  4780	  4815 : 0
  4812	  4931 : 1
  4928	  4955 : 0
  4952	  4983 : 0
  4980	  5003 : 0
  5000	  5011 : 1
  5008	  5019 : 0
  5016	  5031 : 0
  5028	  5035 : 0
  5032	  5051 : 0
  5048	  5063 : 0
  5060	  5067 : 1
  5064	  5079 : 0
  5076	  5111 : 0
  5108	  5115 : 0
  5112	  5147 : 1
  5144	  5151 : 0
  5148	  5215 : 0
  5212	  5299 : 0
  5296	  5307 : 1
  5304	  5327 : 0
  5324	  5335 : 0
  5332	  5339 : 0
  5336	  5359 : 0
  5356	  5383 : 0
  5380	  5403 : 0
  5400	  5415 : 0
  5412	  5431 : 0
  5428	  5435 : 0
  5432	  5479 : 0
  5476	  5487 : 0
  5484	  5575 : 0
  5572	  5591 : 0
  5588	  5595 : 0
  5592	  5599 : 0
  5596	  5655 : 0
  5652	  5659 : 0
  5656	  5695 : 1
  5692	  5751 : 0
  5748	  5771 : 1
  5768	  5779 : 0
  5776	  5791 : 1
  5788	  5807 : 0
  5804	  5875 : 0
  5872	  5879 : 0
  5876	  5887 : 1
  5884	  5899 : 0
  5896	  5919 : 1
  5916	  5935 : 0
  5932	  5963 : 1
  5960	  5991 : 0
  5988	  6147 : 0
  6144	  6159 : 0
  6156	  6239 : 0
  6236	  6267 : 0
  6264	  6295 : 0
  6292	  6299 : 0
  6296	  6315 : 0
  6312	  6327 : 0
  6324	  6351 : 0
  6348	  6355 : 0
  6352	  6359 : 0
  6356	  6367 : 0
  6364	  6371 : 1
  6368	  6375 : 0
  6372	  6391 : 0
  6388	  6399 : 0
  6396	  6423 : 1
  6420	  6431 : 0
  6428	  6439 : 0
  6436	  6455 : 0
  6452	  6483 : 0
  6480	  6507 : 0
  6504	  6539 : 0
  6536	  6575 : 0
  6572	  6615 : 1
  6612	  6619 : 0
  6616	  6735 : 0
  6732	  6739 : 0
  6736	  6747 : 0
  6744	  6759 : 0
  6756	  6783 : 0
  6780	  6795 : 0
  6792	  6811 : 0
  6808	  6831 : 0
  6828	  6859 : 0
  6856	  6871 : 0
  6868	  6883 : 0
  6880	  6911 : 0
  6908	  6915 : 1
  6912	  6919 : 0
  6916	  6943 : 0
  6940	  6967 : 0
  6964	  7007 : 0
  7004	  7031 : 0
  7028	  7039 : 0
  7036	  7063 : 0
  7060	  7115 : 0
  7112	  7203 : 0
  7200	  7211 : 1
  7208	  7239 : 0
  7236	  7243 : 0
  7240	  7247 : 0
  7244	  7283 : 0
  7280	  7287 : 0
  7284	  7315 : 1
  7312	  7343 : 0
  7340	  7355 : 0
  7352	  7371 : 0
  7368	  7399 : 0
  7396	  7415 : 0
  7412	  7419 : 0
  7416	  7427 : 0
  7424	  7435 : 0
  7432	  7443 : 0
  7440	  7459 : 0
  7456	  7463 : 0
  7460	  7479 : 0
  7476	  7483 : 0
  7480	  7491 : 0
  7488	  7503 : 0
  7500	  7539 : 0
  7536	  7555 : 0
  7552	  7579 : 0
  7576	  7583 : 0
  7580	  7595 : 0
  7592	  7603 : 0
  7600	  7635 : 0
  7632	  7663 : 0
  7660	  7679 : 1
  7676	  7683 : 0
  7680	  7703 : 0
  7700	  7707 : 0
  7704	  7719 : 0
  7716	  7727 : 0
  7724	  7759 : 0
  7756	  7763 : 0
  7760	  7775 : 0
  7772	  7807 : 0
  7804	  7843 : 0
  7840	  7847 : 0
  7844	  7855 : 0
  7852	  7859 : 0
  7856	  7863 : 0
  7860	  7883 : 0
  7880	  7887 : 0
  7884	  7891 : 0
  7888	  7895 : 0
  7892	  7903 : 0
  7900	  7927 : 0
  7924	  7987 : 0
  7984	  7995 : 1
  7992	  8019 : 0
  8016	  8031 : 0
  8028	  8051 : 0
  8048	  8055 : 1
  8052	  8059 : 2
  8056	  8079 : 0
  8076	  8107 : 0
  8104	  8111 : 0
  8108	  8119 : 0
  8116	  8131 : 0
  8128	  8183 : 0
  8180	  8243 : 0
  8240	  8267 : 0
  8264	  8283 : 0
  8280	  8291 : 0
  8288	  8331 : 0
  8328	  8335 : 0
  8332	  8339 : 0
  8336	  8343 : 0
  8340	  8359 : 0
  8356	  8375 : 0
  8372	  8399 : 1
  8396	  8415 : 0
  8412	  8455 : 0
  8452	  8479 : 0
  8476	  8491 : 0
  8488	  8515 : 0
  8512	  8523 : 0
  8520	  8535 : 0
  8532	  8559 : 0
  8556	  8563 : 0
  8560	  8567 : 1
  8564	  8571 : 0
  8568	  8587 : 0
  8584	  8603 : 0
  8600	  8743 : 0
  8740	  8787 : 0
  8784	  8791 : 0
  8788	  8863 : 0
  8860	  9099 : 1
  9096	  9187 : 0
  9184	  9215 : 1
  9212	  9279 : 0
  9276	  9283 : 0
  9280	  9327 : 0
  9324	  9335 : 1
  9332	  9415 : 0
  9412	  9419 : 1
  9416	  9431 : 0
  9428	  9435 : 0
  9432	  9439 : 0
  9436	  9491 : 0
  9488	  9507 : 0
  9504	  9527 : 0
  9524	  9539 : 0
  9536	  9595 : 0
  9592	  9599 : 0
  9596	  9623 : 0
  9620	  9627 : 0
  9624	  9675 : 0
  9672	  9679 : 0
  9676	  9751 : 0
  9748	  9759 : 0
  9756	  9879 : 0
  9876	  9891 : 0
  9888	  9923 : 0
  9920	  9931 : 0
  9928	  9935 : 0
  9932	  9939 : 0
  9936	  9943 : 0
  9940	  9979 : 0
  9976	  9987 : 0
  9984	  9991 : 0
  9988	  9995 : 0
  9992	 10007 : 0
 10004	 10047 : 1
 10044	 10051 : 0
 10048	 10055 : 0
 10052	 10059 : 0
 10056	 10079 : 0
 10076	 10087 : 0
 10084	 10151 : 0
 10148	 10223 : 0
 10220	 10231 : 1
 10228	 10235 : 0
 10232	 10243 : 0
 10240	 10247 : 0
 10244	 10255 : 0
 10252	 10263 : 0
 10260	 10271 : 0
 10268	 10295 : 0
 10292	 10319 : 0
 10316	 10327 : 0
 10324	 10343 : 0
 10340	 10347 : 0
 10344	 10379 : 0
 10376	 10391 : 0
 10388	 10403 : 0
 10400	 10419 : 0
 10416	 10423 : 0
 10420	 10427 : 0
 10424	 10431 : 0
 10428	 10451 : 0
 10448	 10455 : 0
 10452	 10459 : 0
 10456	 10475 : 0
 10472	 10491 : 0
 10488	 10519 : 0
 10516	 10523 : 0
 10520	 10543 : 0
 10540	 10551 : 0
 10548	 10563 : 0
 10560	 10567 : 0
 10564	 10571 : 1
 10568	 10583 : 0
 10580	 10643 : 0
 10640	 10655 : 0
 10652	 10671 : 0
 10668	 10715 : 0
 10712	 10719 : 1
 10716	 10735 : 0
 10732	 10743 : 0
 10740	 10747 : 0
 10744	 10751 : 0
 10748	 10771 : 0
 10768	 10783 : 0
 10780	 10787 : 0
 10784	 10791 : 1
 10788	 10815 : 0
 10812	 10855 : 0
 10852	 10859 : 0
 10856	 10911 : 0
 10908	 10919 : 0
 10916	 10935 : 0
 10932	 10943 : 0
 10940	 10999 : 1
 10996	 11007 : 0
 11004	 11011 : 0
 11008	 11019 : 0
 11016	 11023 : 0
 11020	 11031 : 0
 11028	 11043 : 1
 11040	 11059 : 0
 11056	 11139 : 0
 11136	 11183 : 0
 11180	 11203 : 0
 11200	 11211 : 0
 11208	 11275 : 0
 11272	 11283 : 0
 11280	 11299 : 0
 11296	 11303 : 0
 11300	 11323 : 0
 11320	 11331 : 0
 11328	 11347 : 0
 11344	 11351 : 0
 11348	 11359 : 0
 11356	 11371 : 0
 11368	 11395 : 0
 11392	 11407 : 0
 11404	 11411 : 0
 11408	 11419 : 0
 11416	 11431 : 0
 11428	 11443 : 0
 11440	 11455 : 0
 11452	 11459 : 0
 11456	 11471 : 0
 11468	 11475 : 0
 11472	 11491 : 0
 11488	 11519 : 0
 11516	 11523 : 0
 11520	 11527 : 0
 11524	 11563 : 0
 11560	 11567 : 0
 11564	 11591 : 1
 11588	 11599 : 0
 11596	 11615 : 1
 11612	 11619 : 0
 11616	 11627 : 0
 11624	 11635 : 0
 11632	 11655 : 0
 11652	 11659 : 0
 11656	 11663 : 0
 11660	 11675 : 0
 11672	 11703 : 0
 11700	 11711 : 0
 11708	 11743 : 0
 11740	 11763 : 0
 11760	 11783 : 0
 11780	 11795 : 0
 11792	 11803 : 0
 11800	 11807 : 0
 11804	 11811 : 0
 11808	 11819 : 0
 11816	 11823 : 1
 11820	 11883 : 0
 11880	 11891 : 1
 11888	 11903 : 0
 11900	 11911 : 0
 11908	 11935 : 0
 11932	 12039 : 0
 12036	 12051 : 0
 12048	 12063 : 0
 12060	 12079 : 0
 12076	 12083 : 0
 12080	 12107 : 0
 12104	 12111 : 0
 12108	 12115 : 0
 12112	 12123 : 0
 12120	 12167 : 0
 12164	 12183 : 0
 12180	 12187 : 0
 12184	 12195 : 0
 12192	 12199 : 0
 12196	 12207 : 1
 12204	 12243 : 0
 12240	 12247 : 0
 12244	 12267 : 0
 12264	 12275 : 0
 12272	 12279 : 0
 12276	 12283 : 1
 12280	 12287 : 0
 12284	 12291 : 0
 12288	 12295 : 0
 12292	 12299 : 0
 12296	 12303 : 0
 12300	 12335 : 1
 12332	 12339 : 0
 12336	 12431 : 1
 12428	 12435 : 0
 12432	 12459 : 1
 12456	 12671 : 0
 12668	 12863 : 1
 12860	 12867 : 0
 12864	 12979 : 0
 12976	 12983 : 0
 12980	 13007 : 1
 13004	 13019 : 0
 13016	 13215 : 0
 13212	 13335 : 0
 13332	 13515 : 0
 13512	 13679 : 0
