     0	   171 : 0
   168	   183 : 0
   180	   191 : 0
   188	   207 : 0
   204	   211 : 1
   208	   227 : 0
   224	   275 : 1
   272	   283 : 0
   280	   311 : 1
   308	   319 : 0
   316	   375 : 0
   372	   391 : 0
   388	   395 : 0
   392	   403 : 0
   400	   447 : 0
   444	   451 : 0
   448	   459 : 1
   456	   463 : 0
   460	   487 : 0
   484	   491 : 0
   488	   539 : 1
   536	   551 : 0
   548	   559 : 1
   556	   567 : 0
   564	   615 : 1
   612	   627 : 0
   624	   639 : 1
   636	   647 : 0
   644	   675 : 1
   672	   711 : 0
   708	   715 : 0
   712	   727 : 0
   724	   759 : 0
   756	   771 : 0
   768	   783 : 1
   780	   795 : 0
   792	   799 : 0
   796	   811 : 0
   808	   831 : 1
   828	   835 : 0
   832	   843 : 1
   840	   847 : 0
   844	   883 : 0
   880	   895 : 0
   892	   903 : 1
   900	   907 : 0
   904	   947 : 0
   944	   955 : 0
   952	   963 : 1
   960	   979 : 0
   976	   987 : 0
   984	  1003 : 0
  1000	  1007 : 0
  1004	  1023 : 0
  1020	  1043 : 1
  1040	  1063 : 0
  1060	  1071 : 0
  1068	  1079 : 0
  1076	  1091 : 0
  1088	  1103 : 0
  1100	  1107 : 0
  1104	  1123 : 0
  1120	  1131 : 0
  1128	  1143 : 0
  1140	  1195 : 0
  1192	  1203 : 0
  1200	  1215 : 1
  1212	  1231 : 0
  1228	  1255 : 0
  1252	  1263 : 0
  1260	  1295 : 1
  1292	  1307 : 0
  1304	  1343 : 1
  1340	  1347 : 0
  1344	  1355 : 1
  1352	  1367 : 0
  1364	  1375 : 1
  1372	  1387 : 0
  1384	  1399 : 1
  1396	  1407 : 0
  1404	  1415 : 1
  1412	  1423 : 0
  1420	  1427 : 0
  1424	  1435 : 0
  1432	  1439 : 1
  1436	  1447 : 0
  1444	  1499 : 0
  1496	  1515 : 0
  1512	  1739 : 1
  1736	  1743 : 0
  1740	  1763 : 1
  1760	  1767 : 0
  1764	  1927 : 0
  1924	  1935 : 0
  1932	  1987 : 0
  1984	  1991 : 0
  1988	  2035 : 0
  2032	  2039 : 0
  2036	  2051 : 1
  2048	  2055 : 0
  2052	  2215 : 0
  2212	  2219 : 0
  2216	  2223 : 0
  2220	  2227 : 0
  2224	  2727 : 0
  2724	  2731 : 0
  2728	  2759 : 1
  2756	  2763 : 0
  2760	  2791 : 0
  2788	  2795 : 0
  2792	  2799 : 0
  2796	  2815 : 0
  2812	  2831 : 0
  2828	  2839 : 0
  2836	  2847 : 0
  2844	  2851 : 0
  2848	  2951 : 1
  2948	  2955 : 0
  2952	  3015 : 1
  3012	  3019 : 0
  3016	  3063 : 0
  3060	  3067 : 0
  3064	  3083 : 0
  3080	  3087 : 0
  3084	  3103 : 0
  3100	  3115 : 0
  3112	  3255 : 1
  3252	  3263 : 0
  3260	  3267 : 0
  3264	  3279 : 0
  3276	  3387 : 1
  3384	  3391 : 0
  3388	  3435 : 0
  3432	  3439 : 0
  3436	  3499 : 0
  3496	  3503 : 0
  3500	  3583 : 0
  3580	  3587 : 0
  3584	  3595 : 0
  3592	  3599 : 0
  3596	  3643 : 0
  3640	  3647 : 0
  3644	  3803 : 1
  3800	  3807 : 0
  3804	  3839 : 0
  3836	  3843 : 0
  3840	  3851 : 0
  3848	  3863 : 0
  3860	  3907 : 0
  3904	  3911 : 0
  3908	  3935 : 1
  3932	  3939 : 0
  3936	  3967 : 0
  3964	  3979 : 0
  3976	  3995 : 0
  3992	  4007 : 0
  4004	  4055 : 1
  4052	  4059 : 0
  4056	  4151 : 0
  4148	  4167 : 0
  4164	  4171 : 0
  4168	  4175 : 0
  4172	  4587 : 1
  4584	  4591 : 0
  4588	  4867 : 1
  4864	  4871 : 0
  4868	  4875 : 0
  4872	  4883 : 0
  4880	  5147 : 0
  5144	  5155 : 0
  5152	  5455 : 0
  5452	  5463 : 0
  5460	  5575 : 1
  5572	  5579 : 0
  5576	  5587 : 1
  5584	  5591 : 0
  5588	  5599 : 0
  5596	  5603 : 0
  5600	  5607 : 0
  5604	  5611 : 0
  5608	  6031 : 1
  6028	  6035 : 0
  6032	  6047 : 1
  6044	  6051 : 0
  6048	  6063 : 0
  6060	  6083 : 0
  6080	  6087 : 0
  6084	  6103 : 0
  6100	  6111 : 1
  6108	  6119 : 0
  6116	  6127 : 1
  6124	  6139 : 0
  6136	  6159 : 1
  6156	  6163 : 0
  6160	  6171 : 1
  6168	  6183 : 0
  6180	  6187 : 1
  6184	  6203 : 0
  6200	  6215 : 0
  6212	  6223 : 0
  6220	  6231 : 1
  6228	  6243 : 0
  6240	  6279 : 1
  6276	  6287 : 0
  6284	  6291 : 1
  6288	  6299 : 0
  6296	  6315 : 0
  6312	  6327 : 0
  6324	  6331 : 1
  6328	  6347 : 0
  6344	  6371 : 1
  6368	  6375 : 0
  6372	  6383 : 0
  6380	  6387 : 0
  6384	  6395 : 1
  6392	  6407 : 0
  6404	  6427 : 1
  6424	  6431 : 0
  6428	  6507 : 1
  6504	  6511 : 0
  6508	  6539 : 1
  6536	  6555 : 0
  6552	  6559 : 1
  6556	  6571 : 0
  6568	  6583 : 1
  6580	  6595 : 0
  6592	  6703 : 1
  6700	  6707 : 0
  6704	  6951 : 0
  6948	  7075 : 0
  7072	  7211 : 0
