     0	    27 : 0
    24	    35 : 0
    32	   127 : 0
   124	   131 : 0
   128	   155 : 1
   152	   163 : 0
   160	   199 : 0
   196	   207 : 0
   204	   235 : 0
   232	   239 : 0
   236	   259 : 0
   256	   271 : 0
   268	   275 : 1
   272	   319 : 0
   316	   339 : 0
   336	   407 : 0
   404	   423 : 1
   420	   463 : 0
   460	   479 : 0
   476	   483 : 0
   480	   491 : 0
   488	   511 : 0
   508	   587 : 0
   584	   627 : 0
   624	   635 : 0
   632	   899 : 0
   896	   907 : 0
   904	   919 : 0
   916	   923 : 0
   920	  1167 : 0
  1164	  1227 : 1
  1224	  1399 : 0
  1396	  1475 : 0
  1472	  1627 : 0
  1624	  1843 : 0
  1840	  1851 : 0
  1848	  2079 : 0
  2076	  2083 : 0
  2080	  2107 : 1
  2104	  2115 : 0
  2112	  2119 : 0
  2116	  2131 : 0
  2128	  2139 : 1
  2136	  2163 : 0
  2160	  2187 : 1
  2184	  2195 : 0
  2192	  2211 : 1
  2208	  2215 : 0
  2212	  2223 : 0
  2220	  2243 : 0
  2240	  2251 : 0
  2248	  2255 : 0
  2252	  2267 : 0
  2264	  2275 : 0
  2272	  2303 : 0
  2300	  2327 : 0
  2324	  2359 : 1
  2356	  2387 : 0
  2384	  2399 : 0
  2396	  2403 : 0
  2400	  2407 : 1
  2404	  2475 : 0
  2472	  2479 : 0
  2476	  2483 : 0
  2480	  2487 : 0
  2484	  2495 : 0
  2492	  2503 : 1
  2500	  2507 : 0
  2504	  2523 : 0
  2520	  2531 : 0
  2528	  2551 : 0
  2548	  2555 : 0
  2552	  2559 : 1
  2556	  2571 : 0
  2568	  2627 : 0
  2624	  2631 : 0
  2628	  2651 : 1
  2648	  2655 : 0
  2652	  2703 : 1
  2700	  2707 : 0
  2704	  2711 : 0
  2708	  2719 : 0
  2716	  2779 : 0
  2776	  2803 : 0
  2800	  2855 : 1
  2852	  2895 : 0
  2892	  2899 : 1
  2896	  2903 : 0
  2900	  3039 : 0
  3036	  3043 : 0
  3040	  3055 : 0
  3052	  3075 : 0
  3072	  3091 : 1
  3088	  3451 : 0
  3448	  3479 : 0
  3476	  3487 : 0
  3484	  3583 : 0
  3580	  3591 : 0
  3588	  3599 : 0
  3596	  3639 : 0
  3636	  3699 : 0
  3696	  3711 : 0
  3708	  3743 : 0
  3740	  3759 : 0
  3756	  3767 : 1
  3764	  3771 : 0
  3768	  3775 : 0
  3772	  3783 : 0
  3780	  3799 : 1
  3796	  3815 : 0
  3812	  3847 : 0
  3844	  3859 : 0
  3856	  3863 : 0
  3860	  3871 : 0
  3868	  3879 : 0
  3876	  3903 : 0
  3900	  3907 : 1
  3904	  3911 : 0
  3908	  3915 : 0
  3912	  3931 : 0
  3928	  3943 : 0
  3940	  3947 : 0
  3944	  3951 : 0
  3948	  3955 : 0
  3952	  3959 : 0
  3956	  3963 : 0
  3960	  3967 : 0
  3964	  3971 : 0
  3968	  3975 : 0
  3972	  3979 : 0
  3976	  3983 : 1
  3980	  3987 : 0
  3984	  4019 : 0
  4016	  4023 : 0
  4020	  4071 : 0
  4068	  4079 : 0
  4076	  4187 : 0
  4184	  4279 : 0
  4276	  4283 : 0
  4280	  4287 : 0
  4284	  4299 : 0
  4296	  4335 : 0
  4332	  4367 : 0
  4364	  4371 : 0
  4368	  4407 : 0
  4404	  4411 : 0
  4408	  4415 : 0
  4412	  4419 : 0
  4416	  4439 : 0
  4436	  4483 : 0
  4480	  4495 : 0
  4492	  4531 : 0
  4528	  4539 : 0
  4536	  4543 : 0
  4540	  4611 : 0
  4608	  4631 : 0
  4628	  4695 : 1
  4692	  4707 : 0
  4704	  4715 : 0
  4712	  4739 : 0
  4736	  4779 : 0
  4776	  4783 : 0
  4780	  4787 : 0
  4784	  4791 : 0
  4788	  4795 : 0
  4792	  4835 : 0
  4832	  4875 : 0
  4872	  4887 : 0
  4884	  4895 : 0
  4892	  4899 : 0
  4896	  4939 : 0
  4936	  4955 : 0
  4952	  4975 : 1
  4972	  4979 : 0
  4976	  4999 : 0
  4996	  5003 : 0
  5000	  5019 : 0
  5016	  5027 : 0
  5024	  5063 : 0
  5060	  5067 : 0
  5064	  5071 : 0
  5068	  5075 : 0
  5072	  5087 : 0
  5084	  5095 : 0
  5092	  5099 : 0
  5096	  5103 : 0
  5100	  5151 : 0
  5148	  5159 : 0
  5156	  5187 : 0
  5184	  5191 : 0
  5188	  5215 : 0
  5212	  5231 : 0
  5228	  5263 : 1
  5260	  5267 : 0
  5264	  5279 : 0
  5276	  5291 : 0
  5288	  5295 : 0
  5292	  5303 : 0
  5300	  5307 : 0
  5304	  5319 : 0
  5316	  5331 : 0
  5328	  5363 : 0
  5360	  5371 : 0
  5368	  5395 : 0
  5392	  5399 : 0
  5396	  5403 : 0
  5400	  5407 : 0
  5404	  5411 : 0
  5408	  5415 : 1
  5412	  5607 : 0
  5604	  5611 : 0
  5608	  5623 : 0
  5620	  5631 : 0
  5628	  5651 : 0
  5648	  5699 : 0
  5696	  5723 : 0
  5720	  5727 : 0
  5724	  5743 : 0
  5740	  5747 : 0
  5744	  5775 : 0
  5772	  5783 : 1
  5780	  5787 : 0
  5784	  5807 : 0
  5804	  5815 : 0
  5812	  5819 : 0
  5816	  5835 : 0
  5832	  5839 : 0
  5836	  5843 : 0
  5840	  5867 : 0
  5864	  5887 : 0
  5884	  5891 : 0
  5888	  5903 : 0
  5900	  5987 : 0
  5984	  5991 : 0
  5988	  5995 : 1
  5992	  6063 : 0
  6060	  6103 : 0
  6100	  6107 : 0
  6104	  6175 : 0
  6172	  6179 : 0
  6176	  6195 : 0
  6192	  6199 : 0
  6196	  6207 : 0
  6204	  6211 : 0
  6208	  6215 : 0
  6212	  6219 : 0
  6216	  6223 : 0
  6220	  6231 : 0
  6228	  6235 : 0
  6232	  6239 : 0
  6236	  6247 : 0
  6244	  6267 : 0
  6264	  6275 : 0
  6272	  6279 : 0
  6276	  6287 : 0
  6284	  6307 : 0
  6304	  6331 : 0
  6328	  6463 : 0
  6460	  6495 : 1
  6492	  6503 : 0
  6500	  6567 : 0
  6564	  6603 : 0
  6600	  6607 : 0
  6604	  6611 : 0
  6608	  6623 : 0
  6620	  6647 : 0
  6644	  6655 : 1
  6652	  6671 : 0
  6668	  6755 : 0
  6752	  6759 : 0
  6756	  6787 : 0
  6784	  6799 : 0
  6796	  6807 : 0
  6804	  6907 : 0
  6904	  6911 : 0
  6908	  6935 : 0
  6932	  6943 : 0
  6940	  6971 : 0
  6968	  7087 : 0
  7084	  7103 : 0
  7100	  7111 : 0
  7108	  7235 : 0
  7232	  7239 : 1
  7236	  7243 : 0
  7240	  7291 : 1
  7288	  7295 : 0
  7292	  7299 : 0
  7296	  7307 : 0
  7304	  7319 : 0
  7316	  7335 : 0
  7332	  7343 : 0
  7340	  7347 : 0
  7344	  7351 : 0
  7348	  7475 : 0
  7472	  7483 : 0
  7480	  7487 : 0
  7484	  7491 : 1
  7488	  7499 : 0
  7496	  7527 : 1
  7524	  7555 : 0
  7552	  7563 : 1
  7560	  7567 : 0
  7564	  7587 : 0
  7584	  7595 : 0
  7592	  7611 : 0
  7608	  7619 : 0
  7616	  7639 : 0
  7636	  7659 : 0
  7656	  7667 : 0
  7664	  7687 : 0
  7684	  7735 : 0
  7732	  7743 : 0
  7740	  7767 : 0
  7764	  7779 : 0
  7776	  7787 : 0
  7784	  7799 : 0
  7796	  7807 : 0
  7804	  7815 : 0
  7812	  7819 : 0
  7816	  7827 : 0
  7824	  7971 : 1
  7968	  7983 : 0
  7980	  7991 : 1
  7988	  7999 : 0
  7996	  8007 : 0
  8004	  8019 : 0
  8016	  8023 : 0
  8020	  8031 : 0
  8028	  8087 : 0
  8084	  8099 : 0
  8096	  8131 : 0
  8128	  8143 : 0
  8140	  8155 : 0
  8152	  8195 : 0
  8192	  8203 : 0
  8200	  8207 : 0
  8204	  8215 : 0
  8212	  8227 : 0
  8224	  8243 : 1
  8240	  8247 : 0
  8244	  8287 : 0
  8284	  8291 : 0
  8288	  8303 : 0
  8300	  8307 : 0
  8304	  8311 : 0
  8308	  8315 : 0
  8312	  8355 : 0
  8352	  8371 : 0
  8368	  8375 : 1
  8372	  8379 : 0
  8376	  8547 : 0
  8544	  8563 : 0
  8560	  8571 : 0
  8568	  8607 : 0
  8604	  8611 : 0
  8608	  8631 : 0
  8628	  8639 : 0
  8636	  8739 : 0
  8736	  8743 : 0
  8740	  8759 : 0
  8756	  8763 : 0
  8760	  8803 : 0
  8800	  8807 : 0
  8804	  8811 : 0
  8808	  8879 : 0
  8876	  8887 : 0
  8884	  8907 : 0
  8904	  8927 : 0
  8924	  8935 : 0
  8932	  8939 : 0
  8936	  8951 : 0
  8948	  8979 : 0
  8976	  9031 : 0
  9028	  9051 : 0
  9048	  9091 : 0
  9088	  9107 : 0
  9104	  9115 : 0
  9112	  9131 : 0
  9128	  9135 : 0
  9132	  9155 : 0
  9152	  9159 : 0
  9156	  9247 : 0
  9244	  9255 : 0
  9252	  9259 : 0
  9256	  9287 : 0
  9284	  9299 : 0
  9296	  9323 : 0
  9320	  9327 : 0
  9324	  9363 : 0
  9360	  9375 : 0
  9372	  9407 : 0
  9404	  9415 : 0
  9412	  9419 : 0
  9416	  9423 : 0
  9420	  9447 : 0
  9444	  9467 : 0
  9464	  9479 : 0
  9476	  9487 : 0
  9484	  9515 : 0
  9512	  9519 : 0
  9516	  9535 : 0
  9532	  9551 : 0
  9548	  9559 : 0
  9556	  9563 : 0
  9560	  9587 : 0
  9584	  9595 : 0
  9592	  9599 : 0
  9596	  9615 : 0
  9612	  9651 : 0
  9648	  9671 : 0
  9668	  9731 : 0
  9728	  9739 : 0
  9736	  9743 : 0
  9740	  9751 : 0
  9748	  9779 : 0
  9776	  9787 : 0
  9784	  9791 : 0
  9788	  9839 : 0
  9836	  9875 : 0
  9872	  9883 : 0
  9880	  9911 : 0
  9908	  9915 : 0
  9912	  9947 : 0
  9944	  9951 : 0
  9948	  9955 : 0
  9952	  9975 : 0
  9972	 10011 : 0
 10008	 10031 : 0
 10028	 10083 : 0
 10080	 10107 : 0
 10104	 10111 : 0
 10108	 10123 : 0
 10120	 10163 : 0
 10160	 10183 : 0
 10180	 10203 : 0
 10200	 10227 : 0
 10224	 10231 : 0
 10228	 10315 : 0
 10312	 10327 : 0
 10324	 10343 : 0
 10340	 10383 : 0
 10380	 10395 : 0
 10392	 10399 : 0
 10396	 10403 : 0
 10400	 10407 : 0
 10404	 10419 : 0
 10416	 10427 : 0
 10424	 10435 : 0
 10432	 10471 : 0
 10468	 10475 : 0
 10472	 10487 : 0
 10484	 10519 : 0
 10516	 10563 : 0
 10560	 10639 : 0
 10636	 10655 : 0
 10652	 10659 : 0
 10656	 10675 : 0
 10672	 10679 : 0
 10676	 10695 : 0
 10692	 10715 : 0
 10712	 10791 : 0
 10788	 10799 : 0
 10796	 10847 : 0
 10844	 10851 : 0
 10848	 10871 : 0
 10868	 10907 : 0
 10904	 10935 : 0
 10932	 10939 : 0
 10936	 10967 : 0
 10964	 10971 : 0
 10968	 10991 : 0
 10988	 11003 : 0
 11000	 11039 : 0
 11036	 11087 : 0
 11084	 11111 : 0
 11108	 11131 : 0
 11128	 11147 : 0
 11144	 11179 : 0
 11176	 11187 : 0
 11184	 11191 : 0
 11188	 11227 : 0
 11224	 11243 : 0
 11240	 11275 : 1
 11272	 11279 : 0
 11276	 11483 : 0
 11480	 11547 : 0
 11544	 11551 : 0
 11548	 11587 : 0
 11584	 11607 : 0
 11604	 11615 : 0
 11612	 11635 : 0
 11632	 11647 : 0
 11644	 11699 : 0
 11696	 11703 : 0
 11700	 11707 : 1
 11704	 11719 : 0
 11716	 11727 : 0
 11724	 11743 : 0
 11740	 11875 : 0
 11872	 11891 : 0
 11888	 11919 : 0
 11916	 11927 : 0
 11924	 11939 : 0
 11936	 11955 : 0
 11952	 11979 : 0
 11976	 12027 : 0
 12024	 12031 : 1
 12028	 12071 : 0
 12068	 12083 : 1
 12080	 12091 : 0
 12088	 12115 : 0
 12112	 12119 : 0
 12116	 12163 : 1
 12160	 12167 : 0
 12164	 12207 : 1
 12204	 12219 : 0
 12216	 12223 : 1
 12220	 12315 : 0
 12312	 12319 : 0
 12316	 12331 : 0
 12328	 12371 : 0
 12368	 12395 : 0
 12392	 12415 : 0
 12412	 12435 : 0
 12432	 12447 : 0
 12444	 12451 : 0
 12448	 12459 : 0
 12456	 12495 : 0
 12492	 12515 : 0
 12512	 12531 : 0
 12528	 12559 : 0
 12556	 12579 : 0
 12576	 12591 : 0
 12588	 12643 : 0
 12640	 12647 : 0
 12644	 12691 : 0
 12688	 12715 : 1
 12712	 12719 : 0
 12716	 12727 : 0
 12724	 12731 : 0
 12728	 12763 : 0
 12760	 12783 : 0
 12780	 12799 : 0
 12796	 12803 : 0
 12800	 12819 : 1
 12816	 12835 : 0
 12832	 12843 : 0
 12840	 12855 : 0
 12852	 12907 : 1
 12904	 12919 : 0
 12916	 12959 : 0
 12956	 12979 : 0
 12976	 13007 : 1
 13004	 13015 : 0
 13012	 13043 : 0
 13040	 13051 : 0
 13048	 13055 : 0
 13052	 13075 : 0
 13072	 13091 : 0
 13088	 13095 : 0
 13092	 13111 : 0
 13108	 13191 : 0
 13188	 13195 : 0
 13192	 13347 : 0
 13344	 13359 : 0
 13356	 13379 : 0
 13376	 13443 : 1
 13440	 13471 : 0
 13468	 13527 : 0
 13524	 13547 : 0
 13544	 13551 : 0
 13548	 13555 : 0
 13552	 13567 : 0
 13564	 13607 : 0
 13604	 13627 : 0
 13624	 13655 : 0
 13652	 13663 : 0
 13660	 13687 : 0
 13684	 13699 : 0
 13696	 13819 : 0
 13816	 13823 : 1
 13820	 13863 : 0
 13860	 13867 : 0
 13864	 13891 : 0
 13888	 13895 : 0
 13892	 13899 : 0
 13896	 13927 : 1
 13924	 13979 : 0
 13976	 14023 : 0
 14020	 14027 : 0
 14024	 14059 : 0
 14056	 14083 : 0
 14080	 14087 : 0
 14084	 14123 : 0
 14120	 14131 : 0
 14128	 14135 : 0
 14132	 14155 : 0
 14152	 14163 : 0
 14160	 14167 : 0
 14164	 14179 : 0
 14176	 14183 : 0
 14180	 14203 : 0
 14200	 14207 : 1
 14204	 14215 : 0
 14212	 14319 : 1
 14316	 14359 : 0
 14356	 14411 : 0
 14408	 14435 : 0
 14432	 14439 : 0
 14436	 14455 : 0
 14452	 14495 : 0
 14492	 14499 : 0
 14496	 14575 : 1
 14572	 14675 : 0
 14672	 14687 : 0
 14684	 14723 : 0
 14720	 14775 : 0
 14772	 14783 : 0
 14780	 14787 : 0
 14784	 14799 : 0
 14796	 14855 : 0
 14852	 14871 : 0
 14868	 14879 : 1
 14876	 14883 : 0
 14880	 14887 : 0
 14884	 14891 : 0
 14888	 14899 : 0
 14896	 14903 : 0
 14900	 14915 : 0
 14912	 14919 : 0
 14916	 14947 : 0
 14944	 14951 : 0
 14948	 14955 : 0
 14952	 14971 : 0
 14968	 14995 : 0
 14992	 15011 : 0
 15008	 15019 : 0
 15016	 15051 : 0
 15048	 15055 : 0
 15052	 15143 : 0
 15140	 15167 : 0
 15164	 15171 : 0
 15168	 15179 : 0
 15176	 15191 : 0
 15188	 15223 : 0
 15220	 15227 : 0
 15224	 15235 : 1
 15232	 15239 : 0
 15236	 15243 : 0
 15240	 15267 : 0
 15264	 15291 : 0
 15288	 15323 : 0
 15320	 15347 : 0
 15344	 15355 : 0
 15352	 15395 : 0
 15392	 15419 : 0
 15416	 15439 : 0
 15436	 15447 : 0
 15444	 15471 : 0
 15468	 15487 : 0
 15484	 15495 : 0
 15492	 15499 : 0
 15496	 15527 : 0
 15524	 15535 : 0
 15532	 15547 : 0
 15544	 15671 : 0
 15668	 15675 : 0
 15672	 15683 : 0
 15680	 15687 : 1
 15684	 15751 : 0
 15748	 15755 : 0
 15752	 15791 : 0
 15788	 15803 : 0
 15800	 15867 : 0
 15864	 15871 : 0
 15868	 15879 : 0
 15876	 15919 : 0
 15916	 15931 : 0
 15928	 15991 : 0
 15988	 16011 : 0
 16008	 16087 : 0
 16084	 16203 : 0
 16200	 16211 : 1
 16208	 16219 : 0
 16216	 16227 : 0
 16224	 16263 : 0
 16260	 16267 : 0
 16264	 16271 : 0
 16268	 16303 : 1
 16300	 16323 : 0
 16320	 16391 : 0
 16388	 16703 : 0
 16700	 16707 : 1
 16704	 16711 : 0
 16708	 16731 : 0
 16728	 16735 : 0
 16732	 16799 : 0
 16796	 16807 : 0
 16804	 16863 : 0
 16860	 16875 : 0
 16872	 16903 : 0
 16900	 16907 : 0
 16904	 16911 : 1
 16908	 16923 : 0
 16920	 16927 : 1
 16924	 16931 : 0
 16928	 17003 : 1
 17000	 17035 : 0
 17032	 17051 : 0
 17048	 17147 : 0
 17144	 17179 : 0
 17176	 17199 : 0
 17196	 17227 : 0
 17224	 17327 : 0
 17324	 17347 : 1
 17344	 17371 : 0
 17368	 17411 : 0
 17408	 17419 : 0
 17416	 17423 : 0
 17420	 17431 : 0
 17428	 17439 : 0
 17436	 17471 : 0
 17468	 17491 : 1
 17488	 17503 : 0
 17500	 17515 : 0
 17512	 17523 : 0
 17520	 17535 : 0
 17532	 17551 : 0
 17548	 17555 : 0
 17552	 17575 : 0
 17572	 17599 : 1
 17596	 17603 : 0
 17600	 17607 : 0
 17604	 17611 : 0
 17608	 17615 : 0
 17612	 17631 : 0
 17628	 17639 : 1
 17636	 17655 : 0
 17652	 17663 : 1
 17660	 17667 : 0
 17664	 17679 : 0
 17676	 17683 : 0
 17680	 17687 : 0
 17684	 17691 : 0
 17688	 17723 : 0
 17720	 17727 : 0
 17724	 17751 : 0
 17748	 17755 : 0
 17752	 17759 : 0
 17756	 17775 : 0
 17772	 17779 : 0
 17776	 17783 : 0
 17780	 17795 : 1
 17792	 17799 : 0
 17796	 17807 : 1
 17804	 17867 : 0
 17864	 17875 : 1
 17872	 17895 : 0
 17892	 17899 : 0
 17896	 17907 : 0
 17904	 17911 : 1
 17908	 17939 : 0
 17936	 17955 : 0
 17952	 17971 : 0
 17968	 17991 : 0
 17988	 17995 : 0
 17992	 17999 : 0
 17996	 18027 : 0
 18024	 18035 : 0
 18032	 18039 : 0
 18036	 18043 : 0
 18040	 18075 : 0
 18072	 18083 : 0
 18080	 18091 : 0
 18088	 18103 : 0
 18100	 18131 : 0
 18128	 18139 : 0
 18136	 18147 : 0
 18144	 18155 : 0
 18152	 18167 : 0
 18164	 18175 : 0
 18172	 18179 : 0
 18176	 18183 : 0
 18180	 18203 : 0
 18200	 18227 : 0
 18224	 18239 : 0
 18236	 18279 : 1
 18276	 18287 : 0
 18284	 18295 : 0
 18292	 18303 : 0
 18300	 18307 : 0
 18304	 18331 : 0
 18328	 18407 : 0
 18404	 18423 : 0
 18420	 18439 : 0
 18436	 18459 : 0
 18456	 18479 : 1
 18476	 18511 : 0
 18508	 18515 : 0
 18512	 18527 : 0
 18524	 18535 : 0
 18532	 18547 : 0
 18544	 18551 : 0
 18548	 18555 : 0
 18552	 18567 : 0
 18564	 18571 : 0
 18568	 18587 : 0
 18584	 18591 : 0
 18588	 18595 : 0
 18592	 18599 : 0
 18596	 18603 : 0
 18600	 18615 : 0
 18612	 18619 : 0
 18616	 18623 : 0
 18620	 18639 : 0
 18636	 18675 : 0
 18672	 18823 : 0
 18820	 18827 : 0
 18824	 18831 : 0
 18828	 18851 : 0
 18848	 18855 : 0
 18852	 18863 : 0
 18860	 18879 : 0
 18876	 18887 : 0
 18884	 18911 : 0
 18908	 18919 : 0
 18916	 18951 : 0
 18948	 18955 : 0
 18952	 18959 : 0
 18956	 18963 : 0
 18960	 18975 : 0
 18972	 19015 : 0
 19012	 19059 : 0
 19056	 19095 : 0
 19092	 19099 : 0
 19096	 19139 : 0
 19136	 19143 : 0
 19140	 19151 : 0
 19148	 19163 : 1
 19160	 19171 : 0
 19168	 19183 : 0
 19180	 19207 : 0
 19204	 19215 : 0
 19212	 19223 : 0
 19220	 19231 : 0
 19228	 19239 : 0
 19236	 19267 : 0
 19264	 19271 : 0
 19268	 19275 : 0
 19272	 19299 : 0
 19296	 19307 : 0
 19304	 19335 : 0
 19332	 19339 : 0
 19336	 19347 : 0
 19344	 19351 : 0
 19348	 19363 : 0
 19360	 19383 : 0
 19380	 19387 : 0
 19384	 19391 : 1
 19388	 19423 : 0
 19420	 19427 : 0
 19424	 19467 : 0
 19464	 19487 : 0
 19484	 19507 : 0
 19504	 19531 : 0
 19528	 19551 : 0
 19548	 19555 : 0
 19552	 19583 : 0
 19580	 19599 : 0
 19596	 19619 : 0
 19616	 19623 : 0
 19620	 19675 : 0
 19672	 19679 : 0
 19676	 19683 : 0
 19680	 19691 : 0
 19688	 19695 : 0
 19692	 19703 : 0
 19700	 19711 : 0
 19708	 19723 : 0
 19720	 19727 : 0
 19724	 19735 : 0
 19732	 19739 : 0
 19736	 19743 : 0
 19740	 19751 : 0
 19748	 19767 : 0
 19764	 19803 : 0
 19800	 19807 : 1
 19804	 19827 : 0
 19824	 19835 : 0
 19832	 19875 : 0
 19872	 19883 : 1
 19880	 19995 : 0
 19992	 20003 : 0
 20000	 20011 : 0
 20008	 20019 : 0
 20016	 20031 : 0
 20028	 20035 : 0
 20032	 20043 : 0
 20040	 20047 : 0
 20044	 20059 : 0
 20056	 20067 : 0
 20064	 20151 : 0
 20148	 20155 : 0
 20152	 20163 : 0
 20160	 20171 : 0
 20168	 20195 : 0
 20192	 20199 : 0
 20196	 20207 : 0
 20204	 20215 : 0
 20212	 20219 : 0
 20216	 20227 : 0
 20224	 20235 : 0
 20232	 20243 : 0
 20240	 20279 : 0
 20276	 20287 : 0
 20284	 20295 : 0
 20292	 20307 : 0
 20304	 20315 : 0
 20312	 20323 : 1
 20320	 20355 : 0
 20352	 20371 : 0
 20368	 20375 : 0
 20372	 20383 : 0
 20380	 20395 : 0
 20392	 20455 : 0
 20452	 20459 : 0
 20456	 20511 : 0
 20508	 20515 : 0
 20512	 20535 : 0
 20532	 20539 : 0
 20536	 20543 : 0
 20540	 20547 : 0
 20544	 20563 : 0
 20560	 20575 : 0
 20572	 20587 : 1
 20584	 20611 : 0
 20608	 20635 : 0
 20632	 20639 : 0
 20636	 20647 : 0
 20644	 20671 : 0
 20668	 20703 : 0
 20700	 20763 : 0
 20760	 20771 : 0
 20768	 20783 : 0
 20780	 20787 : 0
 20784	 20791 : 0
 20788	 20807 : 0
 20804	 20815 : 0
 20812	 20819 : 0
 20816	 20863 : 0
 20860	 20867 : 0
 20864	 20895 : 0
 20892	 20903 : 0
 20900	 20907 : 0
 20904	 20991 : 0
