     0	    91 : 0
    88	   199 : 0
   196	   203 : 0
   200	   211 : 0
   208	   231 : 0
   228	   243 : 0
   240	   263 : 0
   260	   291 : 0
   288	   299 : 0
   296	   303 : 0
   300	   307 : 0
   304	   407 : 0
   404	   451 : 0
   448	   455 : 0
   452	   459 : 0
   456	   467 : 0
   464	   479 : 0
   476	   503 : 0
   500	   511 : 0
   508	   683 : 0
   680	   751 : 0
   748	   759 : 0
   756	   783 : 0
   780	   787 : 0
   784	   807 : 0
   804	   811 : 0
   808	   899 : 0
   896	   915 : 0
   912	   919 : 0
   916	   923 : 0
   920	  1027 : 0
  1024	  1031 : 0
  1028	  1035 : 0
  1032	  1075 : 0
  1072	  1083 : 0
  1080	  1607 : 0
  1604	  1791 : 0
  1788	  1855 : 0
  1852	  1867 : 0
  1864	  1911 : 0
  1908	  1915 : 0
  1912	  1927 : 0
  1924	  1943 : 0
  1940	  1955 : 0
  1952	  1959 : 0
  1956	  1971 : 0
  1968	  1983 : 0
  1980	  2155 : 0
  2152	  2163 : 0
  2160	  2227 : 0
  2224	  2235 : 0
  2232	  2283 : 0
  2280	  2303 : 0
  2300	  2351 : 0
  2348	  2359 : 0
  2356	  2559 : 0
  2556	  2563 : 1
  2560	  2599 : 0
  2596	  2619 : 0
  2616	  2671 : 0
  2668	  2679 : 0
  2676	  2711 : 0
  2708	  2739 : 0
  2736	  2775 : 0
  2772	  2783 : 1
  2780	  2891 : 0
  2888	  2907 : 1
  2904	  2927 : 0
  2924	  2943 : 0
  2940	  2955 : 0
  2952	  2959 : 1
  2956	  3063 : 0
  3060	  3067 : 0
  3064	  3071 : 0
  3068	  3075 : 0
  3072	  3079 : 0
  3076	  3083 : 0
  3080	  3103 : 0
  3100	  3107 : 0
  3104	  3151 : 0
  3148	  3155 : 0
  3152	  3191 : 0
  3188	  3203 : 0
  3200	  3211 : 0
  3208	  3223 : 0
  3220	  3235 : 0
  3232	  3243 : 0
  3240	  3251 : 0
  3248	  3255 : 0
  3252	  3259 : 0
  3256	  3283 : 0
  3280	  3339 : 0
  3336	  3355 : 0
  3352	  3447 : 0
  3444	  3463 : 0
  3460	  3467 : 0
  3464	  3483 : 0
  3480	  3491 : 0
  3488	  3511 : 0
  3508	  3563 : 0
  3560	  3567 : 0
  3564	  3595 : 0
  3592	  3615 : 0
  3612	  3623 : 0
  3620	  3643 : 0
  3640	  3651 : 0
  3648	  3659 : 0
  3656	  3775 : 0
  3772	  3783 : 1
  3780	  3799 : 0
  3796	  3807 : 0
  3804	  3871 : 0
  3868	  3895 : 0
  3892	  3911 : 0
  3908	  3923 : 0
  3920	  4019 : 0
  4016	  4027 : 0
  4024	  4071 : 0
  4068	  4103 : 0
  4100	  4107 : 0
  4104	  4183 : 0
  4180	  4187 : 0
  4184	  4191 : 1
  4188	  4207 : 0
  4204	  4267 : 0
  4264	  4271 : 0
  4268	  4275 : 0
  4272	  4327 : 0
  4324	  4335 : 0
  4332	  4355 : 0
  4352	  4363 : 0
  4360	  4403 : 0
  4400	  4407 : 0
  4404	  4411 : 0
  4408	  4423 : 0
  4420	  4431 : 0
  4428	  4447 : 0
  4444	  4475 : 0
  4472	  4479 : 0
  4476	  4495 : 0
  4492	  4499 : 0
  4496	  4503 : 0
  4500	  4511 : 0
  4508	  4519 : 0
  4516	  4535 : 0
  4532	  4579 : 0
  4576	  4583 : 1
  4580	  4611 : 0
  4608	  4615 : 0
  4612	  4631 : 0
  4628	  4643 : 1
  4640	  4663 : 0
  4660	  4667 : 0
  4664	  4671 : 0
  4668	  4691 : 0
  4688	  4699 : 0
  4696	  4711 : 0
  4708	  4783 : 0
  4780	  4787 : 0
  4784	  4823 : 0
  4820	  4835 : 1
  4832	  5015 : 0
  5012	  5035 : 0
  5032	  5047 : 0
  5044	  5051 : 0
  5048	  5059 : 0
  5056	  5079 : 0
  5076	  5087 : 0
  5084	  5107 : 0
  5104	  5159 : 0
  5156	  5183 : 0
  5180	  5203 : 0
  5200	  5211 : 0
  5208	  5223 : 0
  5220	  5227 : 0
  5224	  5247 : 0
  5244	  5263 : 1
  5260	  5267 : 0
  5264	  5279 : 0
  5276	  5283 : 0
  5280	  5291 : 0
  5288	  5319 : 0
  5316	  5327 : 0
  5324	  5355 : 0
  5352	  5359 : 0
  5356	  5363 : 0
  5360	  5379 : 0
  5376	  5383 : 0
  5380	  5391 : 0
  5388	  5439 : 0
  5436	  5759 : 0
  5756	  5767 : 0
  5764	  5911 : 0
