     0	    39 : 0
    36	    51 : 0
    48	    75 : 0
    72	    79 : 0
    76	   179 : 0
   176	   195 : 0
   192	   199 : 0
   196	   203 : 0
   200	   207 : 0
   204	   219 : 0
   216	   223 : 1
   220	   239 : 0
   236	   247 : 0
   244	   275 : 0
   272	   291 : 1
   288	   303 : 0
   300	   307 : 0
   304	   335 : 0
   332	   351 : 0
   348	   407 : 0
   404	   427 : 1
   424	   443 : 0
   440	   527 : 0
   524	   571 : 0
   568	   575 : 1
   572	   599 : 0
   596	   619 : 1
   616	   623 : 0
   620	   663 : 0
   660	   675 : 0
   672	   719 : 0
   716	   735 : 0
   732	   751 : 0
   748	   775 : 0
   772	   779 : 0
   776	   823 : 0
   820	   827 : 0
   824	   831 : 0
   828	   835 : 0
   832	   843 : 0
   840	   859 : 0
   856	   879 : 0
   876	   887 : 0
   884	   911 : 0
   908	   915 : 1
   912	   927 : 0
   924	   939 : 0
   936	   955 : 0
   952	  1143 : 0
  1140	  1147 : 0
  1144	  1155 : 0
  1152	  1159 : 0
  1156	  1163 : 0
  1160	  1175 : 0
  1172	  1227 : 0
  1224	  1319 : 0
  1316	  1323 : 0
  1320	  1471 : 0
  1468	  1479 : 0
  1476	  1507 : 0
  1504	  1519 : 0
  1516	  1535 : 0
  1532	  1547 : 0
  1544	  1579 : 0
  1576	  1603 : 0
  1600	  1671 : 0
  1668	  1727 : 0
  1724	  1775 : 0
  1772	  1803 : 0
  1800	  1807 : 0
  1804	  1819 : 1
  1816	  1823 : 0
  1820	  1927 : 0
  1924	  1947 : 0
  1944	  1951 : 0
  1948	  1975 : 0
  1972	  2011 : 1
  2008	  2015 : 0
  2012	  2023 : 1
  2020	  2027 : 0
  2024	  2047 : 0
  2044	  2051 : 0
  2048	  2063 : 0
  2060	  2139 : 0
  2136	  2187 : 1
  2184	  2195 : 0
  2192	  2223 : 0
  2220	  2227 : 0
  2224	  2259 : 0
  2256	  2331 : 0
  2328	  2335 : 1
  2332	  2347 : 0
  2344	  2355 : 0
  2352	  2391 : 0
  2388	  2415 : 1
  2412	  2431 : 0
  2428	  2463 : 0
  2460	  2475 : 0
  2472	  2479 : 0
  2476	  2487 : 0
  2484	  2507 : 0
  2504	  2539 : 0
  2536	  2543 : 0
  2540	  2547 : 0
  2544	  2551 : 0
  2548	  2555 : 0
  2552	  2567 : 0
  2564	  2583 : 0
  2580	  2591 : 0
  2588	  2599 : 0
  2596	  2607 : 0
  2604	  2611 : 0
  2608	  2655 : 0
  2652	  2759 : 0
  2756	  2763 : 0
  2760	  2783 : 0
  2780	  2791 : 1
  2788	  2799 : 0
  2796	  2811 : 0
  2808	  2815 : 0
  2812	  2907 : 1
  2904	  2919 : 0
  2916	  2943 : 1
  2940	  2951 : 0
  2948	  2955 : 0
  2952	  2971 : 0
  2968	  2995 : 1
  2992	  3035 : 0
  3032	  3047 : 0
  3044	  3051 : 0
  3048	  3059 : 1
  3056	  3063 : 0
  3060	  3083 : 0
  3080	  3099 : 0
  3096	  3127 : 1
  3124	  3139 : 0
  3136	  3147 : 0
  3144	  3151 : 0
  3148	  3167 : 0
  3164	  3171 : 0
  3168	  3179 : 1
  3176	  3211 : 0
  3208	  3231 : 0
  3228	  3243 : 0
  3240	  3259 : 0
  3256	  3267 : 0
  3264	  3299 : 0
  3296	  3319 : 0
  3316	  3335 : 1
  3332	  3347 : 0
  3344	  3371 : 1
  3368	  3379 : 0
  3376	  3383 : 1
  3380	  3407 : 0
  3404	  3411 : 0
  3408	  3427 : 0
  3424	  3431 : 0
  3428	  3447 : 0
  3444	  3499 : 1
  3496	  3503 : 0
  3500	  3527 : 0
  3524	  3531 : 0
  3528	  3535 : 1
  3532	  3547 : 0
  3544	  3551 : 0
  3548	  3563 : 0
  3560	  3571 : 0
  3568	  3623 : 0
  3620	  3639 : 1
  3636	  3643 : 0
  3640	  3647 : 0
  3644	  3659 : 0
  3656	  3671 : 0
  3668	  3675 : 0
  3672	  3683 : 0
  3680	  3695 : 0
  3692	  3791 : 0
  3788	  3795 : 0
  3792	  3799 : 0
  3796	  3803 : 0
  3800	  3807 : 0
  3804	  3835 : 0
  3832	  3847 : 0
  3844	  3867 : 0
  3864	  3879 : 0
  3876	  3895 : 0
  3892	  3923 : 0
  3920	  3947 : 0
  3944	  3971 : 0
  3968	  3975 : 0
  3972	  3979 : 0
  3976	  4015 : 0
  4012	  4035 : 1
  4032	  4047 : 0
  4044	  4059 : 0
  4056	  4075 : 0
  4072	  4099 : 0
  4096	  4103 : 0
  4100	  4107 : 1
  4104	  4123 : 0
  4120	  4127 : 1
  4124	  4131 : 0
  4128	  4163 : 1
  4160	  4171 : 0
  4168	  4207 : 0
  4204	  4223 : 0
  4220	  4235 : 1
  4232	  4243 : 0
  4240	  4255 : 0
  4252	  4279 : 0
  4276	  4303 : 0
  4300	  4307 : 0
  4304	  4315 : 1
  4312	  4355 : 0
  4352	  4359 : 0
  4356	  4367 : 0
  4364	  4379 : 0
  4376	  4383 : 0
  4380	  4387 : 1
  4384	  4447 : 0
  4444	  4467 : 1
  4464	  4475 : 0
  4472	  4483 : 0
  4480	  4487 : 0
  4484	  4507 : 0
  4504	  4523 : 0
  4520	  4531 : 1
  4528	  4551 : 0
  4548	  4559 : 0
  4556	  4575 : 0
  4572	  4579 : 0
  4576	  4587 : 0
  4584	  4615 : 0
  4612	  4719 : 0
  4716	  4723 : 0
  4720	  4731 : 0
  4728	  4755 : 0
  4752	  4803 : 0
  4800	  4859 : 1
  4856	  4867 : 0
  4864	  4879 : 0
  4876	  4887 : 0
  4884	  4907 : 0
  4904	  4971 : 0
  4968	  4987 : 0
  4984	  4995 : 0
  4992	  4999 : 0
  4996	  5147 : 0
  5144	  5151 : 0
  5148	  5235 : 0
  5232	  5243 : 0
  5240	  5303 : 0
  5300	  5307 : 0
  5304	  5315 : 0
  5312	  5327 : 0
  5324	  5331 : 0
  5328	  5339 : 1
  5336	  5343 : 0
  5340	  5347 : 0
  5344	  5379 : 0
  5376	  5395 : 0
  5392	  5423 : 0
  5420	  5507 : 0
  5504	  5511 : 0
  5508	  5527 : 0
  5524	  5531 : 0
  5528	  5575 : 1
  5572	  5591 : 0
  5588	  5599 : 0
  5596	  5603 : 0
  5600	  5655 : 0
  5652	  5659 : 0
  5656	  5679 : 0
  5676	  5687 : 0
  5684	  5691 : 0
  5688	  5695 : 0
  5692	  5715 : 0
  5712	  5727 : 0
  5724	  5743 : 0
  5740	  5747 : 0
  5744	  5759 : 1
  5756	  5763 : 0
  5760	  5771 : 0
  5768	  5775 : 0
  5772	  5791 : 1
  5788	  5799 : 0
  5796	  5811 : 0
  5808	  5815 : 0
  5812	  5859 : 0
  5856	  5863 : 0
  5860	  5867 : 0
  5864	  5871 : 0
  5868	  5879 : 0
  5876	  5895 : 0
  5892	  5911 : 0
  5908	  5931 : 0
  5928	  5935 : 0
  5932	  5943 : 0
  5940	  5967 : 0
  5964	  5999 : 0
  5996	  6015 : 1
  6012	  6019 : 0
  6016	  6087 : 0
  6084	  6099 : 0
  6096	  6103 : 0
  6100	  6111 : 0
  6108	  6123 : 0
  6120	  6135 : 0
  6132	  6147 : 0
  6144	  6167 : 0
  6164	  6199 : 0
  6196	  6203 : 0
  6200	  6239 : 0
  6236	  6243 : 0
  6240	  6259 : 0
  6256	  6267 : 0
  6264	  6295 : 0
  6292	  6299 : 0
  6296	  6315 : 0
  6312	  6335 : 0
  6332	  6343 : 0
  6340	  6347 : 0
  6344	  6355 : 0
  6352	  6371 : 0
  6368	  6375 : 0
  6372	  6403 : 0
  6400	  6407 : 1
  6404	  6431 : 0
  6428	  6455 : 0
  6452	  6471 : 0
  6468	  6475 : 1
  6472	  6483 : 0
  6480	  6499 : 1
  6496	  6507 : 0
  6504	  6527 : 0
  6524	  6543 : 0
  6540	  6595 : 1
  6592	  6603 : 0
  6600	  6631 : 0
  6628	  6643 : 0
  6640	  6659 : 0
  6656	  6663 : 0
  6660	  6699 : 1
  6696	  6731 : 0
  6728	  6747 : 0
  6744	  6751 : 0
  6748	  6759 : 0
  6756	  6763 : 0
  6760	  6803 : 1
  6800	  6831 : 0
  6828	  6895 : 1
  6892	  6899 : 0
  6896	  6903 : 0
  6900	  6919 : 0
  6916	  6947 : 0
  6944	  6951 : 0
  6948	  6987 : 0
  6984	  6999 : 0
  6996	  7047 : 1
  7044	  7059 : 0
  7056	  7095 : 0
  7092	  7103 : 0
  7100	  7139 : 0
  7136	  7143 : 0
  7140	  7155 : 1
  7152	  7159 : 0
  7156	  7183 : 0
  7180	  7187 : 0
  7184	  7191 : 0
  7188	  7199 : 0
  7196	  7211 : 0
  7208	  7219 : 0
  7216	  7355 : 0
  7352	  7359 : 0
  7356	  7395 : 0
  7392	  7399 : 0
  7396	  7407 : 1
  7404	  7411 : 0
  7408	  7451 : 0
  7448	  7483 : 0
  7480	  7503 : 1
  7500	  7507 : 0
  7504	  7571 : 0
  7568	  7587 : 0
  7584	  7595 : 0
  7592	  7599 : 0
  7596	  7647 : 0
  7644	  7651 : 0
  7648	  7655 : 1
  7652	  7659 : 0
  7656	  7695 : 0
  7692	  7735 : 0
  7732	  7739 : 1
  7736	  7747 : 0
  7744	  7751 : 0
  7748	  7763 : 0
  7760	  7775 : 0
  7772	  7779 : 0
  7776	  7783 : 0
  7780	  7811 : 0
  7808	  7843 : 1
  7840	  7875 : 0
  7872	  7907 : 1
  7904	  7915 : 0
  7912	  7927 : 0
  7924	  7959 : 0
  7956	  7963 : 1
  7960	  7967 : 0
  7964	  8015 : 1
  8012	  8019 : 0
  8016	  8027 : 1
  8024	  8059 : 0
  8056	  8063 : 0
  8060	  8067 : 0
  8064	  8075 : 0
  8072	  8083 : 0
  8080	  8087 : 0
  8084	  8103 : 0
  8100	  8139 : 0
  8136	  8143 : 0
  8140	  8151 : 0
  8148	  8159 : 0
  8156	  8175 : 0
  8172	  8191 : 0
  8188	  8207 : 0
  8204	  8219 : 0
  8216	  8223 : 0
  8220	  8251 : 0
  8248	  8255 : 0
  8252	  8279 : 0
  8276	  8287 : 1
  8284	  8315 : 0
  8312	  8331 : 0
  8328	  8339 : 0
  8336	  8379 : 0
  8376	  8391 : 0
  8388	  8399 : 0
  8396	  8403 : 0
  8400	  8411 : 0
  8408	  8415 : 0
  8412	  8431 : 0
  8428	  8527 : 0
  8524	  8531 : 1
  8528	  8535 : 0
  8532	  8543 : 0
  8540	  8547 : 0
  8544	  8619 : 0
  8616	  8659 : 0
  8656	  8667 : 0
  8664	  8695 : 0
  8692	  8723 : 1
  8720	  8731 : 0
  8728	  8747 : 0
  8744	  8755 : 0
  8752	  8779 : 1
  8776	  8795 : 0
  8792	  8799 : 1
  8796	  8803 : 0
  8800	  8807 : 0
  8804	  8815 : 0
  8812	  8823 : 0
  8820	  8831 : 0
  8828	  8835 : 0
  8832	  8847 : 0
  8844	  8855 : 0
  8852	  8859 : 0
  8856	  8863 : 0
  8860	  8887 : 0
  8884	  8891 : 1
  8888	  8935 : 0
  8932	  8939 : 0
  8936	  8951 : 0
  8948	  8963 : 0
  8960	  8971 : 0
  8968	  8979 : 0
  8976	  9015 : 0
  9012	  9023 : 0
  9020	  9027 : 0
  9024	  9039 : 1
  9036	  9043 : 0
  9040	  9091 : 0
  9088	  9103 : 0
  9100	  9123 : 0
  9120	  9127 : 0
  9124	  9159 : 0
  9156	  9167 : 0
  9164	  9179 : 0
  9176	  9191 : 0
  9188	  9219 : 0
  9216	  9243 : 0
  9240	  9259 : 0
  9256	  9263 : 0
  9260	  9267 : 0
  9264	  9283 : 0
  9280	  9291 : 0
  9288	  9311 : 0
  9308	  9343 : 0
  9340	  9371 : 0
  9368	  9391 : 1
  9388	  9395 : 0
  9392	  9431 : 0
  9428	  9435 : 0
  9432	  9443 : 0
  9440	  9471 : 0
  9468	  9475 : 1
  9472	  9491 : 0
  9488	  9495 : 2
  9492	  9523 : 0
  9520	  9539 : 0
  9536	  9555 : 0
  9552	  9591 : 0
  9588	  9631 : 0
  9628	  9679 : 1
  9676	  9683 : 0
  9680	  9695 : 0
  9692	  9707 : 0
  9704	  9739 : 0
  9736	  9747 : 0
  9744	  9751 : 0
  9748	  9755 : 0
  9752	  9759 : 1
  9756	  9763 : 0
  9760	  9775 : 0
  9772	  9799 : 0
  9796	  9803 : 0
  9800	  9835 : 0
  9832	  9883 : 0
  9880	  9899 : 0
  9896	  9907 : 0
  9904	  9911 : 0
  9908	  9939 : 0
  9936	  9947 : 0
  9944	  9955 : 0
  9952	  9963 : 0
  9960	  9991 : 0
  9988	  9995 : 0
  9992	  9999 : 0
  9996	 10011 : 0
 10008	 10019 : 1
 10016	 10043 : 0
 10040	 10047 : 0
 10044	 10063 : 0
 10060	 10067 : 0
 10064	 10071 : 0
 10068	 10083 : 0
 10080	 10087 : 0
 10084	 10095 : 1
 10092	 10143 : 0
 10140	 10163 : 0
 10160	 10167 : 0
 10164	 10183 : 0
 10180	 10191 : 0
 10188	 10215 : 0
 10212	 10231 : 0
 10228	 10255 : 0
 10252	 10259 : 0
 10256	 10267 : 0
 10264	 10283 : 0
 10280	 10371 : 0
 10368	 10379 : 0
 10376	 10383 : 0
 10380	 10387 : 0
 10384	 10475 : 0
 10472	 10675 : 0
 10672	 10691 : 0
 10688	 10723 : 0
 10720	 10727 : 1
 10724	 10747 : 0
 10744	 10755 : 0
 10752	 10759 : 0
 10756	 10779 : 0
 10776	 10831 : 0
 10828	 10835 : 1
 10832	 10843 : 0
 10840	 10871 : 1
 10868	 10875 : 0
 10872	 10879 : 2
 10876	 10903 : 1
 10900	 10919 : 0
 10916	 10947 : 0
 10944	 10951 : 0
 10948	 10955 : 1
 10952	 10959 : 0
 10956	 10979 : 0
 10976	 10983 : 0
 10980	 11003 : 1
 11000	 11023 : 0
 11020	 11027 : 0
 11024	 11051 : 0
 11048	 11075 : 0
 11072	 11111 : 0
 11108	 11167 : 0
 11164	 11171 : 0
 11168	 11191 : 0
 11188	 11203 : 0
 11200	 11287 : 0
 11284	 11319 : 0
 11316	 11327 : 1
 11324	 11331 : 0
 11328	 11347 : 0
 11344	 11399 : 0
 11396	 11435 : 1
 11432	 11451 : 0
 11448	 11463 : 0
 11460	 11479 : 0
 11476	 11487 : 1
 11484	 11491 : 0
 11488	 11539 : 0
 11536	 11571 : 0
 11568	 11575 : 1
 11572	 11579 : 0
 11576	 11639 : 0
 11636	 11647 : 0
 11644	 11655 : 0
 11652	 11679 : 0
 11676	 11771 : 1
 11768	 11775 : 0
 11772	 11779 : 0
 11776	 11787 : 0
 11784	 11839 : 0
 11836	 11855 : 0
 11852	 11863 : 0
 11860	 11867 : 0
 11864	 11871 : 0
 11868	 11883 : 0
 11880	 11891 : 0
 11888	 11907 : 0
 11904	 11915 : 1
 11912	 11943 : 0
 11940	 11951 : 0
 11948	 11959 : 0
 11956	 11983 : 0
 11980	 11991 : 0
 11988	 11999 : 0
 11996	 12007 : 0
 12004	 12015 : 0
 12012	 12027 : 0
 12024	 12035 : 0
 12032	 12043 : 0
 12040	 12063 : 0
 12060	 12071 : 0
 12068	 12091 : 1
 12088	 12095 : 0
 12092	 12103 : 1
 12100	 12107 : 0
 12104	 12111 : 0
 12108	 12127 : 0
 12124	 12167 : 0
 12164	 12207 : 0
 12204	 12231 : 0
 12228	 12239 : 0
 12236	 12267 : 0
 12264	 12283 : 0
 12280	 12287 : 1
 12284	 12307 : 0
 12304	 12319 : 0
 12316	 12331 : 0
 12328	 12343 : 0
 12340	 12355 : 0
 12352	 12363 : 1
 12360	 12371 : 0
 12368	 12391 : 0
 12388	 12399 : 0
 12396	 12403 : 0
 12400	 12431 : 0
 12428	 12451 : 1
 12448	 12455 : 0
 12452	 12539 : 0
 12536	 12571 : 0
 12568	 12607 : 0
 12604	 12619 : 0
 12616	 12627 : 0
 12624	 12631 : 0
 12628	 12643 : 0
 12640	 12655 : 0
 12652	 12699 : 0
 12696	 12735 : 0
 12732	 12755 : 0
 12752	 12759 : 0
 12756	 12871 : 0
 12868	 12887 : 0
 12884	 12955 : 0
 12952	 12959 : 0
 12956	 12963 : 0
 12960	 12975 : 0
 12972	 12983 : 0
 12980	 12987 : 0
 12984	 13043 : 0
 13040	 13055 : 0
 13052	 13087 : 0
 13084	 13095 : 0
 13092	 13119 : 0
 13116	 13131 : 0
 13128	 13195 : 0
 13192	 13203 : 0
 13200	 13215 : 0
 13212	 13219 : 0
 13216	 13231 : 0
 13228	 13239 : 0
 13236	 13275 : 0
 13272	 13279 : 0
 13276	 13379 : 0
 13376	 13395 : 0
 13392	 13423 : 0
 13420	 13427 : 0
 13424	 13471 : 1
 13468	 13487 : 0
 13484	 13495 : 0
 13492	 13499 : 0
 13496	 13507 : 1
 13504	 13575 : 0
 13572	 13579 : 1
 13576	 13595 : 0
 13592	 13607 : 0
 13604	 13615 : 0
 13612	 13631 : 0
 13628	 13643 : 0
 13640	 13659 : 0
 13656	 13687 : 0
 13684	 13727 : 0
 13724	 13759 : 0
 13756	 13763 : 0
 13760	 13767 : 0
 13764	 13775 : 1
 13772	 13779 : 0
 13776	 13843 : 0
 13840	 13911 : 0
 13908	 13915 : 1
 13912	 13919 : 0
 13916	 13943 : 0
 13940	 13955 : 0
 13952	 13967 : 0
 13964	 13971 : 0
 13968	 14019 : 0
 14016	 14027 : 0
 14024	 14035 : 0
 14032	 14051 : 0
 14048	 14099 : 0
 14096	 14103 : 0
 14100	 14123 : 0
 14120	 14127 : 0
 14124	 14163 : 0
 14160	 14171 : 0
 14168	 14195 : 0
 14192	 14203 : 0
 14200	 14251 : 0
 14248	 14255 : 0
 14252	 14279 : 0
 14276	 14283 : 0
 14280	 14287 : 0
 14284	 14295 : 0
 14292	 14303 : 0
 14300	 14311 : 0
 14308	 14351 : 0
 14348	 14355 : 0
 14352	 14359 : 0
 14356	 14367 : 0
 14364	 14379 : 0
 14376	 14391 : 0
 14388	 14395 : 1
 14392	 14399 : 0
 14396	 14463 : 0
 14460	 14479 : 0
 14476	 14555 : 0
 14552	 14563 : 0
 14560	 14635 : 0
 14632	 14647 : 0
 14644	 14659 : 1
 14656	 14671 : 0
 14668	 14687 : 1
 14684	 14699 : 0
 14696	 14715 : 0
 14712	 14719 : 0
 14716	 14727 : 0
 14724	 14731 : 0
 14728	 14771 : 1
 14768	 14775 : 0
 14772	 14803 : 0
 14800	 14823 : 0
 14820	 14827 : 0
 14824	 14835 : 0
 14832	 14903 : 0
 14900	 14907 : 0
 14904	 14911 : 0
 14908	 14915 : 0
 14912	 14975 : 0
 14972	 14991 : 0
 14988	 15031 : 0
 15028	 15035 : 0
 15032	 15063 : 0
 15060	 15147 : 0
 15144	 15179 : 0
 15176	 15207 : 0
 15204	 15279 : 0
 15276	 15283 : 0
 15280	 15287 : 1
 15284	 15291 : 0
 15288	 15295 : 0
 15292	 15299 : 0
 15296	 15303 : 0
 15300	 15315 : 0
 15312	 15395 : 0
 15392	 15411 : 0
 15408	 15423 : 0
 15420	 15427 : 0
 15424	 15483 : 0
 15480	 15503 : 0
 15500	 15507 : 0
 15504	 15543 : 0
 15540	 15555 : 1
 15552	 15583 : 0
 15580	 15607 : 1
 15604	 15611 : 0
 15608	 15627 : 0
 15624	 15667 : 0
 15664	 15687 : 0
 15684	 15691 : 0
 15688	 15707 : 1
 15704	 15787 : 0
 15784	 15795 : 0
 15792	 15799 : 0
 15796	 15827 : 0
 15824	 15847 : 0
 15844	 15851 : 0
 15848	 15863 : 0
 15860	 15867 : 0
 15864	 15871 : 0
 15868	 15895 : 0
 15892	 15899 : 0
 15896	 15915 : 0
 15912	 15951 : 0
 15948	 15967 : 0
 15964	 15971 : 0
 15968	 15975 : 0
 15972	 15987 : 0
 15984	 16015 : 0
 16012	 16019 : 0
 16016	 16063 : 0
 16060	 16067 : 1
 16064	 16079 : 0
 16076	 16083 : 0
 16080	 16091 : 0
 16088	 16131 : 0
 16128	 16151 : 0
 16148	 16159 : 1
 16156	 16163 : 0
 16160	 16167 : 0
 16164	 16235 : 0
 16232	 16239 : 1
 16236	 16291 : 0
 16288	 16307 : 0
 16304	 16311 : 0
 16308	 16315 : 1
 16312	 16347 : 0
 16344	 16351 : 0
 16348	 16367 : 0
 16364	 16375 : 1
 16372	 16411 : 0
 16408	 16415 : 0
 16412	 16431 : 0
 16428	 16439 : 0
 16436	 16503 : 0
 16500	 16507 : 0
 16504	 16515 : 0
 16512	 16535 : 0
 16532	 16539 : 0
 16536	 16615 : 0
 16612	 16623 : 0
 16620	 16695 : 0
 16692	 16703 : 0
 16700	 16735 : 0
 16732	 16759 : 0
 16756	 16767 : 1
 16764	 16799 : 0
 16796	 16811 : 0
 16808	 16827 : 0
 16824	 16867 : 0
 16864	 16879 : 0
 16876	 16891 : 0
 16888	 16903 : 0
 16900	 16911 : 0
 16908	 16915 : 0
 16912	 16919 : 0
 16916	 16967 : 0
 16964	 16979 : 0
 16976	 17031 : 0
 17028	 17035 : 0
 17032	 17115 : 0
 17112	 17119 : 0
 17116	 17123 : 0
 17120	 17127 : 1
 17124	 17179 : 0
 17176	 17183 : 1
 17180	 17187 : 0
 17184	 17195 : 0
 17192	 17231 : 0
 17228	 17303 : 0
 17300	 17319 : 0
 17316	 17327 : 0
 17324	 17355 : 0
 17352	 17359 : 0
 17356	 17363 : 0
 17360	 17375 : 0
 17372	 17383 : 0
 17380	 17395 : 1
 17392	 17399 : 0
 17396	 17439 : 0
 17436	 17443 : 0
 17440	 17487 : 0
 17484	 17495 : 0
 17492	 17507 : 0
 17504	 17511 : 0
 17508	 17515 : 1
 17512	 17563 : 0
 17560	 17567 : 0
 17564	 17615 : 0
 17612	 17631 : 1
 17628	 17635 : 0
 17632	 17639 : 2
 17636	 17663 : 1
 17660	 17675 : 0
 17672	 17683 : 0
 17680	 17703 : 0
 17700	 17723 : 0
 17720	 17727 : 0
 17724	 17739 : 0
 17736	 17775 : 0
 17772	 17783 : 0
 17780	 17803 : 0
 17800	 17827 : 0
 17824	 17851 : 0
 17848	 17859 : 0
 17856	 17867 : 0
 17864	 17879 : 0
 17876	 17895 : 0
 17892	 17931 : 0
 17928	 17939 : 0
 17936	 18047 : 1
 18044	 18051 : 0
 18048	 18055 : 0
 18052	 18059 : 0
 18056	 18139 : 0
 18136	 18179 : 0
 18176	 18231 : 1
 18228	 18243 : 0
 18240	 18267 : 0
 18264	 18275 : 0
 18272	 18279 : 0
 18276	 18291 : 0
 18288	 18299 : 1
 18296	 18327 : 0
 18324	 18351 : 0
 18348	 18355 : 0
 18352	 18431 : 0
 18428	 18451 : 0
 18448	 18495 : 0
 18492	 18543 : 0
 18540	 18583 : 1
 18580	 18587 : 0
 18584	 18655 : 0
 18652	 18659 : 0
 18656	 18671 : 0
 18668	 18679 : 0
 18676	 18691 : 0
 18688	 18703 : 0
 18700	 18719 : 0
 18716	 18731 : 0
 18728	 18759 : 0
 18756	 18763 : 0
 18760	 18839 : 0
 18836	 18843 : 0
 18840	 18855 : 0
 18852	 18863 : 0
 18860	 18871 : 0
 18868	 18899 : 0
 18896	 18947 : 1
 18944	 18959 : 0
 18956	 18971 : 0
 18968	 18975 : 0
 18972	 18995 : 1
 18992	 19007 : 0
 19004	 19087 : 0
 19084	 19091 : 0
 19088	 19095 : 1
 19092	 19099 : 0
 19096	 19119 : 0
 19116	 19131 : 0
 19128	 19267 : 0
 19264	 19275 : 0
 19272	 19291 : 1
 19288	 19315 : 0
 19312	 19319 : 1
 19316	 19323 : 0
 19320	 19355 : 0
 19352	 19359 : 0
 19356	 19387 : 0
 19384	 19391 : 0
 19388	 19395 : 1
 19392	 19415 : 0
 19412	 19459 : 0
 19456	 19463 : 0
 19460	 19475 : 0
 19472	 19483 : 0
 19480	 19543 : 0
 19540	 19579 : 0
 19576	 19583 : 1
 19580	 19587 : 0
 19584	 19607 : 0
 19604	 19615 : 0
 19612	 19643 : 1
 19640	 19647 : 0
 19644	 19651 : 0
 19648	 19663 : 0
 19660	 19675 : 0
 19672	 19695 : 0
 19692	 19703 : 0
 19700	 19707 : 0
 19704	 19731 : 0
 19728	 19755 : 0
 19752	 19783 : 1
 19780	 19799 : 0
 19796	 19811 : 1
 19808	 19819 : 0
 19816	 19835 : 1
 19832	 19839 : 0
 19836	 19871 : 0
 19868	 19875 : 0
 19872	 19883 : 0
 19880	 19891 : 0
 19888	 19899 : 1
 19896	 19907 : 0
 19904	 19923 : 0
 19920	 19927 : 0
 19924	 19931 : 0
 19928	 19943 : 0
 19940	 19963 : 1
 19960	 19979 : 0
 19976	 19999 : 0
 19996	 20007 : 0
 20004	 20039 : 0
 20036	 20059 : 0
 20056	 20083 : 0
 20080	 20111 : 0
 20108	 20135 : 1
 20132	 20143 : 0
 20140	 20151 : 0
 20148	 20179 : 0
 20176	 20191 : 1
 20188	 20203 : 0
 20200	 20219 : 0
 20216	 20223 : 0
 20220	 20231 : 0
 20228	 20263 : 0
 20260	 20291 : 0
 20288	 20299 : 0
 20296	 20347 : 0
 20344	 20351 : 0
 20348	 20367 : 0
 20364	 20371 : 0
 20368	 20387 : 0
 20384	 20391 : 0
 20388	 20395 : 0
 20392	 20399 : 0
 20396	 20423 : 0
 20420	 20435 : 0
 20432	 20439 : 1
 20436	 20447 : 0
 20444	 20451 : 1
 20448	 20459 : 0
 20456	 20483 : 0
 20480	 20495 : 0
 20492	 20511 : 0
 20508	 20519 : 0
 20516	 20615 : 1
 20612	 20619 : 0
 20616	 20623 : 1
 20620	 20643 : 0
 20640	 20655 : 0
 20652	 20659 : 0
 20656	 20667 : 0
 20664	 20687 : 0
 20684	 20711 : 0
 20708	 20731 : 0
 20728	 20759 : 0
 20756	 20767 : 0
 20764	 20835 : 1
 20832	 20843 : 0
 20840	 20851 : 1
 20848	 20859 : 0
 20856	 20867 : 0
 20864	 20875 : 0
 20872	 20879 : 0
 20876	 20883 : 0
 20880	 20923 : 0
 20920	 20939 : 0
 20936	 20947 : 1
 20944	 20951 : 0
 20948	 20959 : 0
 20956	 20967 : 0
 20964	 20987 : 0
 20984	 20991 : 0
 20988	 21003 : 1
 21000	 21035 : 0
 21032	 21043 : 0
 21040	 21071 : 0
 21068	 21075 : 1
 21072	 21111 : 0
 21108	 21147 : 1
 21144	 21171 : 0
 21168	 21195 : 0
 21192	 21203 : 0
 21200	 21227 : 0
 21224	 21259 : 0
 21256	 21263 : 0
 21260	 21271 : 0
 21268	 21287 : 0
 21284	 21291 : 0
 21288	 21299 : 0
 21296	 21315 : 0
 21312	 21351 : 1
 21348	 21363 : 0
 21360	 21395 : 0
 21392	 21407 : 0
 21404	 21411 : 0
 21408	 21439 : 0
 21436	 21447 : 0
 21444	 21459 : 0
 21456	 21487 : 0
 21484	 21491 : 0
 21488	 21507 : 0
 21504	 21511 : 0
 21508	 21515 : 1
 21512	 21535 : 0
 21532	 21543 : 1
 21540	 21591 : 0
 21588	 21595 : 0
 21592	 21603 : 0
 21600	 21651 : 0
 21648	 21655 : 0
 21652	 21663 : 1
 21660	 21675 : 0
 21672	 21727 : 0
 21724	 21731 : 0
 21728	 21735 : 0
 21732	 21767 : 0
 21764	 21787 : 1
 21784	 21839 : 0
 21836	 21843 : 0
 21840	 21871 : 0
 21868	 21875 : 0
 21872	 21895 : 0
 21892	 21919 : 0
 21916	 21967 : 0
 21964	 22055 : 1
 22052	 22071 : 0
 22068	 22079 : 0
 22076	 22091 : 0
 22088	 22095 : 0
 22092	 22131 : 0
 22128	 22163 : 0
 22160	 22179 : 0
 22176	 22191 : 0
 22188	 22263 : 0
 22260	 22267 : 0
 22264	 22331 : 0
 22328	 22339 : 1
 22336	 22375 : 0
 22372	 22431 : 0
 22428	 22435 : 0
 22432	 22439 : 1
 22436	 22459 : 0
 22456	 22467 : 0
 22464	 22479 : 0
 22476	 22487 : 0
 22484	 22511 : 0
 22508	 22519 : 0
 22516	 22527 : 0
 22524	 22535 : 0
 22532	 22559 : 0
 22556	 22567 : 0
 22564	 22595 : 0
 22592	 22631 : 0
 22628	 22639 : 0
 22636	 22647 : 0
 22644	 22651 : 0
 22648	 22659 : 1
 22656	 22679 : 0
 22676	 22707 : 1
 22704	 22715 : 0
 22712	 22719 : 0
 22716	 22727 : 0
 22724	 22731 : 0
 22728	 22871 : 0
 22868	 22879 : 1
 22876	 22887 : 0
 22884	 22891 : 0
 22888	 22935 : 0
 22932	 22943 : 0
 22940	 22947 : 0
 22944	 22979 : 0
 22976	 22995 : 0
 22992	 23007 : 0
 23004	 23031 : 0
 23028	 23055 : 1
 23052	 23095 : 0
 23092	 23103 : 1
 23100	 23107 : 0
 23104	 23111 : 0
 23108	 23131 : 0
 23128	 23139 : 0
 23136	 23151 : 0
 23148	 23175 : 1
 23172	 23179 : 0
 23176	 23247 : 0
 23244	 23251 : 0
 23248	 23255 : 0
 23252	 23267 : 0
 23264	 23275 : 1
 23272	 23287 : 0
 23284	 23291 : 1
 23288	 23299 : 0
 23296	 23307 : 1
 23304	 23315 : 0
 23312	 23327 : 1
 23324	 23339 : 0
 23336	 23347 : 0
 23344	 23355 : 0
 23352	 23391 : 0
 23388	 23403 : 0
 23400	 23447 : 0
 23444	 23455 : 0
 23452	 23475 : 0
 23472	 23479 : 0
 23476	 23483 : 0
 23480	 23499 : 0
 23496	 23519 : 0
 23516	 23535 : 0
 23532	 23539 : 0
 23536	 23575 : 0
 23572	 23627 : 0
 23624	 23647 : 0
 23644	 23711 : 0
 23708	 23727 : 0
 23724	 23731 : 0
 23728	 23743 : 0
 23740	 23787 : 0
 23784	 23791 : 0
 23788	 23827 : 0
 23824	 23843 : 0
 23840	 23855 : 1
 23852	 23867 : 0
 23864	 23879 : 0
 23876	 23887 : 0
 23884	 23899 : 0
 23896	 23919 : 0
 23916	 23939 : 1
 23936	 23947 : 0
 23944	 24007 : 0
 24004	 24031 : 0
 24028	 24035 : 1
 24032	 24039 : 0
 24036	 24047 : 0
 24044	 24055 : 0
 24052	 24079 : 1
 24076	 24099 : 0
 24096	 24119 : 0
 24116	 24135 : 0
 24132	 24147 : 1
 24144	 24155 : 0
 24152	 24163 : 0
 24160	 24167 : 0
 24164	 24171 : 0
 24168	 24175 : 0
 24172	 24183 : 0
 24180	 24187 : 0
 24184	 24191 : 0
 24188	 24195 : 0
 24192	 24203 : 0
 24200	 24207 : 0
 24204	 24275 : 1
 24272	 24279 : 0
 24276	 24287 : 1
 24284	 24291 : 0
 24288	 24303 : 1
 24300	 24315 : 0
 24312	 24319 : 0
 24316	 24327 : 0
 24324	 24347 : 0
 24344	 24351 : 0
 24348	 24367 : 0
 24364	 24387 : 0
 24384	 24395 : 1
 24392	 24403 : 0
 24400	 24407 : 0
 24404	 24411 : 0
 24408	 24419 : 0
 24416	 24423 : 0
 24420	 24431 : 0
 24428	 24455 : 0
 24452	 24495 : 1
 24492	 24511 : 0
 24508	 24563 : 0
 24560	 24567 : 0
 24564	 24571 : 0
 24568	 24575 : 0
 24572	 24579 : 0
 24576	 24595 : 0
 24592	 24603 : 0
 24600	 24607 : 0
 24604	 24639 : 1
 24636	 24667 : 0
 24664	 24679 : 0
 24676	 24691 : 0
 24688	 24707 : 0
 24704	 24711 : 0
 24708	 24731 : 0
 24728	 24751 : 0
 24748	 24755 : 1
 24752	 24783 : 0
 24780	 24799 : 1
 24796	 24819 : 0
 24816	 24823 : 0
 24820	 24827 : 0
 24824	 24871 : 0
 24868	 24883 : 0
 24880	 24895 : 0
 24892	 24899 : 0
 24896	 24927 : 0
 24924	 24951 : 0
 24948	 24955 : 1
 24952	 24963 : 0
 24960	 24971 : 0
 24968	 24983 : 0
 24980	 25047 : 0
 25044	 25051 : 0
 25048	 25071 : 0
 25068	 25075 : 0
 25072	 25095 : 0
 25092	 25099 : 0
 25096	 25103 : 0
 25100	 25107 : 0
 25104	 25143 : 0
 25140	 25147 : 0
 25144	 25167 : 0
 25164	 25175 : 0
 25172	 25187 : 0
 25184	 25195 : 0
 25192	 25203 : 1
 25200	 25215 : 0
 25212	 25231 : 0
 25228	 25235 : 0
 25232	 25259 : 0
 25256	 25279 : 0
 25276	 25283 : 1
 25280	 25287 : 0
 25284	 25291 : 0
 25288	 25299 : 0
 25296	 25307 : 0
 25304	 25311 : 0
 25308	 25335 : 0
 25332	 25339 : 0
 25336	 25343 : 1
 25340	 25347 : 0
 25344	 25355 : 0
 25352	 25379 : 0
 25376	 25383 : 0
 25380	 25391 : 0
 25388	 25403 : 0
 25400	 25427 : 0
 25424	 25439 : 1
 25436	 25455 : 0
 25452	 25499 : 0
 25496	 25523 : 0
 25520	 25535 : 0
 25532	 25563 : 0
 25560	 25567 : 0
 25564	 25587 : 0
 25584	 25603 : 0
 25600	 25611 : 0
 25608	 25619 : 0
 25616	 25623 : 0
 25620	 25627 : 0
 25624	 25635 : 0
 25632	 25655 : 0
 25652	 25663 : 0
 25660	 25683 : 0
 25680	 25695 : 0
 25692	 25711 : 0
 25708	 25743 : 0
 25740	 25747 : 0
 25744	 25763 : 0
 25760	 25771 : 0
 25768	 25775 : 0
 25772	 25791 : 1
 25788	 25799 : 0
 25796	 25823 : 0
 25820	 25843 : 0
 25840	 25851 : 1
 25848	 25855 : 0
 25852	 25871 : 0
 25868	 25923 : 0
 25920	 25927 : 1
 25924	 25931 : 0
 25928	 26003 : 0
 26000	 26011 : 0
 26008	 26027 : 1
 26024	 26031 : 0
 26028	 26047 : 0
 26044	 26051 : 0
 26048	 26055 : 0
 26052	 26059 : 0
 26056	 26063 : 0
 26060	 26071 : 0
 26068	 26127 : 0
 26124	 26131 : 0
 26128	 26151 : 0
 26148	 26155 : 0
 26152	 26167 : 0
 26164	 26171 : 0
 26168	 26179 : 0
 26176	 26195 : 0
 26192	 26199 : 0
 26196	 26203 : 0
 26200	 26211 : 0
 26208	 26223 : 0
 26220	 26251 : 1
 26248	 26271 : 0
 26268	 26279 : 0
 26276	 26295 : 0
 26292	 26339 : 0
 26336	 26367 : 0
 26364	 26375 : 0
 26372	 26379 : 0
 26376	 26387 : 1
 26384	 26411 : 0
 26408	 26423 : 1
 26420	 26431 : 0
 26428	 26587 : 0
 26584	 26595 : 0
 26592	 26603 : 1
 26600	 26611 : 0
 26608	 26619 : 0
 26616	 26651 : 0
 26648	 26687 : 0
 26684	 26695 : 0
 26692	 26715 : 0
 26712	 26743 : 0
 26740	 26791 : 0
 26788	 26811 : 0
 26808	 26819 : 1
 26816	 26835 : 0
 26832	 26839 : 0
 26836	 26843 : 0
 26840	 26979 : 0
 26976	 26991 : 0
 26988	 27059 : 0
 27056	 27067 : 0
 27064	 27075 : 0
 27072	 27087 : 0
 27084	 27147 : 0
 27144	 27159 : 0
 27156	 27219 : 1
 27216	 27239 : 0
 27236	 27247 : 1
 27244	 27291 : 0
 27288	 27295 : 0
 27292	 27299 : 0
 27296	 27327 : 0
 27324	 27331 : 0
 27328	 27363 : 0
 27360	 27367 : 0
 27364	 27411 : 0
 27408	 27415 : 0
 27412	 27423 : 0
 27420	 27435 : 0
 27432	 27487 : 0
 27484	 27511 : 0
 27508	 27539 : 1
 27536	 27543 : 0
 27540	 27627 : 0
 27624	 27631 : 0
 27628	 27643 : 0
 27640	 27667 : 0
 27664	 27675 : 1
 27672	 27731 : 0
 27728	 27735 : 1
 27732	 27739 : 0
 27736	 27787 : 0
 27784	 27831 : 0
 27828	 27835 : 0
 27832	 27839 : 0
 27836	 27859 : 0
 27856	 27883 : 0
 27880	 27887 : 1
 27884	 27899 : 0
 27896	 27907 : 0
 27904	 27911 : 0
 27908	 27935 : 0
 27932	 27943 : 0
 27940	 28047 : 0
 28044	 28091 : 0
 28088	 28115 : 1
 28112	 28123 : 0
 28120	 28139 : 1
 28136	 28147 : 0
 28144	 28179 : 0
 28176	 28183 : 0
 28180	 28207 : 0
 28204	 28211 : 0
 28208	 28227 : 0
 28224	 28235 : 0
 28232	 28275 : 0
 28272	 28279 : 0
 28276	 28335 : 0
 28332	 28339 : 0
 28336	 28347 : 0
 28344	 28359 : 0
 28356	 28363 : 0
 28360	 28391 : 0
 28388	 28423 : 0
 28420	 28443 : 0
 28440	 28487 : 0
 28484	 28503 : 0
 28500	 28531 : 0
 28528	 28535 : 0
 28532	 28571 : 0
 28568	 28579 : 0
 28576	 28591 : 1
 28588	 28595 : 0
 28592	 28599 : 0
 28596	 28611 : 0
 28608	 28671 : 0
 28668	 28687 : 0
 28684	 28695 : 0
 28692	 28703 : 0
 28700	 28751 : 0
 28748	 28771 : 0
 28768	 28823 : 1
 28820	 28843 : 0
 28840	 28871 : 1
 28868	 28903 : 0
 28900	 28935 : 1
 28932	 28947 : 0
 28944	 28955 : 0
 28952	 28963 : 0
 28960	 28971 : 0
 28968	 28987 : 0
 28984	 28991 : 0
 28988	 28995 : 0
 28992	 29043 : 1
 29040	 29071 : 0
 29068	 29095 : 0
 29092	 29115 : 0
 29112	 29123 : 1
 29120	 29163 : 0
 29160	 29171 : 0
 29168	 29179 : 0
 29176	 29195 : 0
 29192	 29203 : 0
 29200	 29211 : 0
 29208	 29239 : 0
 29236	 29255 : 0
 29252	 29259 : 0
 29256	 29291 : 0
 29288	 29299 : 0
 29296	 29319 : 0
 29316	 29327 : 0
 29324	 29339 : 0
 29336	 29343 : 0
 29340	 29355 : 0
 29352	 29363 : 0
 29360	 29395 : 0
 29392	 29415 : 0
 29412	 29423 : 0
 29420	 29447 : 0
 29444	 29455 : 0
 29452	 29467 : 0
 29464	 29471 : 1
 29468	 29479 : 0
 29476	 29491 : 1
 29488	 29507 : 0
 29504	 29535 : 1
 29532	 29563 : 0
 29560	 29587 : 1
 29584	 29591 : 0
 29588	 29631 : 1
 29628	 29663 : 0
 29660	 29671 : 0
 29668	 29679 : 0
 29676	 29699 : 0
 29696	 29715 : 0
 29712	 29719 : 0
 29716	 29743 : 0
 29740	 29751 : 0
 29748	 29763 : 0
 29760	 29771 : 0
 29768	 29783 : 0
 29780	 29787 : 0
 29784	 29795 : 0
 29792	 29811 : 0
 29808	 29819 : 0
 29816	 29835 : 0
 29832	 29855 : 0
 29852	 29879 : 0
 29876	 29899 : 0
 29896	 29971 : 1
 29968	 29975 : 0
 29972	 29991 : 0
 29988	 29999 : 0
 29996	 30003 : 0
 30000	 30015 : 0
 30012	 30039 : 0
 30036	 30043 : 0
 30040	 30051 : 0
 30048	 30087 : 0
 30084	 30095 : 0
 30092	 30099 : 0
 30096	 30103 : 0
 30100	 30107 : 0
 30104	 30119 : 0
 30116	 30167 : 0
 30164	 30175 : 0
 30172	 30195 : 0
 30192	 30199 : 0
 30196	 30207 : 0
 30204	 30235 : 0
 30232	 30239 : 0
 30236	 30247 : 0
 30244	 30251 : 0
 30248	 30263 : 0
 30260	 30283 : 0
 30280	 30299 : 1
 30296	 30311 : 0
 30308	 30315 : 0
 30312	 30331 : 0
 30328	 30339 : 0
 30336	 30347 : 0
 30344	 30355 : 1
 30352	 30379 : 0
 30376	 30391 : 0
 30388	 30395 : 0
 30392	 30419 : 0
 30416	 30431 : 0
 30428	 30455 : 0
 30452	 30463 : 0
 30460	 30475 : 0
 30472	 30483 : 0
 30480	 30515 : 0
 30512	 30563 : 0
 30560	 30583 : 0
 30580	 30591 : 0
 30588	 30607 : 0
 30604	 30615 : 0
 30612	 30619 : 0
 30616	 30623 : 0
 30620	 30631 : 0
 30628	 30643 : 0
 30640	 30651 : 0
 30648	 30679 : 0
 30676	 30683 : 0
 30680	 30691 : 0
 30688	 30707 : 1
 30704	 30711 : 0
 30708	 30743 : 0
 30740	 30755 : 0
 30752	 30795 : 0
 30792	 30799 : 0
 30796	 30815 : 0
 30812	 30831 : 0
 30828	 30835 : 0
 30832	 30839 : 0
 30836	 30847 : 0
 30844	 30851 : 0
 30848	 30871 : 0
 30868	 30883 : 0
 30880	 30895 : 0
 30892	 30903 : 0
 30900	 30939 : 0
 30936	 30951 : 0
 30948	 30959 : 0
 30956	 30963 : 0
 30960	 30971 : 1
 30968	 30979 : 0
 30976	 30991 : 0
 30988	 31003 : 0
 31000	 31015 : 0
 31012	 31019 : 0
 31016	 31027 : 0
 31024	 31039 : 0
 31036	 31103 : 0
 31100	 31115 : 0
 31112	 31127 : 0
 31124	 31131 : 0
 31128	 31143 : 0
 31140	 31151 : 0
 31148	 31163 : 0
 31160	 31191 : 0
 31188	 31199 : 0
 31196	 31211 : 0
 31208	 31223 : 0
 31220	 31231 : 0
 31228	 31263 : 0
 31260	 31267 : 0
 31264	 31275 : 1
 31272	 31279 : 0
 31276	 31303 : 0
 31300	 31327 : 0
 31324	 31343 : 1
 31340	 31347 : 0
 31344	 31351 : 0
 31348	 31375 : 0
 31372	 31383 : 0
 31380	 31387 : 0
 31384	 31403 : 0
 31400	 31415 : 0
 31412	 31447 : 1
 31444	 31451 : 0
 31448	 31455 : 0
 31452	 31479 : 0
 31476	 31483 : 1
 31480	 31491 : 0
 31488	 31499 : 0
 31496	 31511 : 0
 31508	 31543 : 0
 31540	 31547 : 0
 31544	 31567 : 1
 31564	 31575 : 0
 31572	 31579 : 0
 31576	 31591 : 0
 31588	 31623 : 0
 31620	 31635 : 0
 31632	 31667 : 0
 31664	 31671 : 0
 31668	 31711 : 0
 31708	 31719 : 0
 31716	 31755 : 1
 31752	 31759 : 0
 31756	 31767 : 0
 31764	 31775 : 0
 31772	 31783 : 0
 31780	 31791 : 0
 31788	 31831 : 0
 31828	 31851 : 0
 31848	 31859 : 0
 31856	 31863 : 0
 31860	 31867 : 1
 31864	 31871 : 0
 31868	 31935 : 0
 31932	 31939 : 0
 31936	 31943 : 1
 31940	 31947 : 0
 31944	 31975 : 0
 31972	 32011 : 0
 32008	 32031 : 0
 32028	 32043 : 0
 32040	 32047 : 0
 32044	 32051 : 0
 32048	 32059 : 1
 32056	 32079 : 0
 32076	 32155 : 0
 32152	 32175 : 0
 32172	 32199 : 0
 32196	 32235 : 0
 32232	 32267 : 0
 32264	 32335 : 0
 32332	 32339 : 0
 32336	 32351 : 0
 32348	 32355 : 0
 32352	 32387 : 0
 32384	 32391 : 0
 32388	 32395 : 0
 32392	 32399 : 0
 32396	 32407 : 0
 32404	 32411 : 0
 32408	 32487 : 0
 32484	 32491 : 0
 32488	 32559 : 0
 32556	 32567 : 0
 32564	 32587 : 0
 32584	 32603 : 0
 32600	 32607 : 0
 32604	 32695 : 0
 32692	 32699 : 0
 32696	 32723 : 0
 32720	 32751 : 0
 32748	 32915 : 0
 32912	 32919 : 0
 32916	 32943 : 0
 32940	 32959 : 0
 32956	 32975 : 0
 32972	 33087 : 0
 33084	 33091 : 0
 33088	 33135 : 0
 33132	 33159 : 1
 33156	 33167 : 0
 33164	 33207 : 0
 33204	 33251 : 0
 33248	 33303 : 0
 33300	 33323 : 0
 33320	 33383 : 0
 33380	 33411 : 0
 33408	 33471 : 0
 33468	 33479 : 0
 33476	 33483 : 0
 33480	 33491 : 0
 33488	 33511 : 0
 33508	 33523 : 0
 33520	 33543 : 0
 33540	 33579 : 0
 33576	 33599 : 0
 33596	 33607 : 0
 33604	 33655 : 0
 33652	 33691 : 0
 33688	 33783 : 0
 33780	 33795 : 0
 33792	 33815 : 0
 33812	 33819 : 0
 33816	 33859 : 0
 33856	 33887 : 0
 33884	 33911 : 0
 33908	 33915 : 0
 33912	 33943 : 0
 33940	 34043 : 0
 34040	 34079 : 0
 34076	 34091 : 0
 34088	 34095 : 0
 34092	 34151 : 0
 34148	 34159 : 0
 34156	 34199 : 0
 34196	 34203 : 0
 34200	 34219 : 0
 34216	 34239 : 0
 34236	 34259 : 0
 34256	 34263 : 0
 34260	 34283 : 0
 34280	 34311 : 0
 34308	 34347 : 0
 34344	 34367 : 0
 34364	 34491 : 0
 34488	 34511 : 0
 34508	 34523 : 0
 34520	 34527 : 0
 34524	 34531 : 0
 34528	 34579 : 0
 34576	 34711 : 0
 34708	 34723 : 0
 34720	 34871 : 0
 34868	 34903 : 0
 34900	 34927 : 0
 34924	 34935 : 0
 34932	 34955 : 0
 34952	 34963 : 0
 34960	 35083 : 0
 35080	 35087 : 0
 35084	 35119 : 0
 35116	 35131 : 0
 35128	 35147 : 0
 35144	 35163 : 0
 35160	 35187 : 0
 35184	 35207 : 0
