     0	    15 : 1
    12	    19 : 0
    16	    43 : 1
    40	    47 : 0
    44	    95 : 0
    92	    99 : 0
    96	   115 : 1
   112	   123 : 0
   120	   127 : 0
   124	   131 : 0
   128	   143 : 0
   140	   151 : 0
   148	   159 : 1
   156	   215 : 0
   212	   219 : 1
   216	   231 : 0
   228	   235 : 1
   232	   283 : 0
   280	   287 : 1
   284	   299 : 0
   296	   303 : 1
   300	   339 : 0
   336	   355 : 1
   352	   391 : 0
   388	   447 : 1
   444	   451 : 0
   448	   459 : 1
   456	   487 : 0
   484	   491 : 1
   488	   503 : 0
   500	   507 : 0
   504	   515 : 0
   512	   523 : 0
   520	   535 : 0
   532	   539 : 1
   536	   547 : 0
   544	   579 : 0
   576	   595 : 0
   592	   603 : 1
   600	   619 : 0
   616	   623 : 0
   620	   635 : 0
   632	   643 : 1
   640	   683 : 0
   680	   687 : 1
   684	   727 : 0
   724	   735 : 1
   732	   739 : 0
   736	   743 : 0
   740	   771 : 0
   768	   779 : 1
   776	   807 : 0
   804	   815 : 1
   812	   863 : 0
   860	   867 : 1
   864	   899 : 0
   896	   907 : 0
   904	   911 : 0
   908	   923 : 0
   920	   931 : 0
   928	   935 : 0
   932	   939 : 0
   936	   943 : 0
   940	   955 : 0
   952	   971 : 0
   968	   983 : 0
   980	  1007 : 0
  1004	  1015 : 0
  1012	  1019 : 0
  1016	  1031 : 0
  1028	  1035 : 0
  1032	  1039 : 0
  1036	  1047 : 1
  1044	  1055 : 0
  1052	  1063 : 0
  1060	  1071 : 0
  1068	  1079 : 0
  1076	  1103 : 0
  1100	  1107 : 0
  1104	  1115 : 0
  1112	  1131 : 0
  1128	  1259 : 0
  1256	  1263 : 0
  1260	  1307 : 0
  1304	  1311 : 0
  1308	  1343 : 0
  1340	  1347 : 0
  1344	  1367 : 0
  1364	  1379 : 0
  1376	  1383 : 0
  1380	  1391 : 0
  1388	  1395 : 0
  1392	  1403 : 0
  1400	  1419 : 0
  1416	  1427 : 0
  1424	  1431 : 0
  1428	  1503 : 0
  1500	  1563 : 0
  1560	  1567 : 1
  1564	  1579 : 0
  1576	  1595 : 0
  1592	  1599 : 0
  1596	  1607 : 0
  1604	  1627 : 0
  1624	  1651 : 0
  1648	  1659 : 0
  1656	  1695 : 0
  1692	  1711 : 0
  1708	  1715 : 1
  1712	  1739 : 0
  1736	  1747 : 0
  1744	  1759 : 0
  1756	  1763 : 0
  1760	  1803 : 0
  1800	  1815 : 0
  1812	  1823 : 0
  1820	  1839 : 0
  1836	  1847 : 0
  1844	  1923 : 1
  1920	  1935 : 0
  1932	  1943 : 0
  1940	  1947 : 0
  1944	  1963 : 0
  1960	  1967 : 0
  1964	  1983 : 0
  1980	  2051 : 0
  2048	  2059 : 1
  2056	  2091 : 0
  2088	  2099 : 0
  2096	  2119 : 0
  2116	  2127 : 0
  2124	  2147 : 0
  2144	  2155 : 1
  2152	  2171 : 0
  2168	  2199 : 0
  2196	  2203 : 0
  2200	  2223 : 0
  2220	  2227 : 0
  2224	  2235 : 1
  2232	  2255 : 0
  2252	  2287 : 1
  2284	  2291 : 0
  2288	  2327 : 1
  2324	  2335 : 0
  2332	  2371 : 0
  2368	  2375 : 0
  2372	  2415 : 0
  2412	  2431 : 0
  2428	  2459 : 0
  2456	  2463 : 0
  2460	  2499 : 0
  2496	  2507 : 0
  2504	  2515 : 0
  2512	  2547 : 0
  2544	  2555 : 0
  2552	  2583 : 0
  2580	  2595 : 0
  2592	  2607 : 0
  2604	  2611 : 1
  2608	  2647 : 0
  2644	  2675 : 0
  2672	  2727 : 0
  2724	  2731 : 1
  2728	  2879 : 0
  2876	  2919 : 1
  2916	  2923 : 0
  2920	  2935 : 0
  2932	  2943 : 0
  2940	  3027 : 1
  3024	  3043 : 0
  3040	  3055 : 0
  3052	  3059 : 0
  3056	  3067 : 0
  3064	  3119 : 0
  3116	  3143 : 1
  3140	  3151 : 0
  3148	  3167 : 0
  3164	  3179 : 0
  3176	  3187 : 1
  3184	  3207 : 0
  3204	  3275 : 0
  3272	  3283 : 0
  3280	  3287 : 0
  3284	  3291 : 0
  3288	  3295 : 1
  3292	  3303 : 0
  3300	  3335 : 0
  3332	  3503 : 0
  3500	  3519 : 1
  3516	  3559 : 0
  3556	  3563 : 0
  3560	  3603 : 0
  3600	  3607 : 1
  3604	  3615 : 0
  3612	  3627 : 1
  3624	  3667 : 0
  3664	  3687 : 0
  3684	  3699 : 0
  3696	  3703 : 0
  3700	  3707 : 0
  3704	  3715 : 0
  3712	  3719 : 0
  3716	  3723 : 0
  3720	  3787 : 0
  3784	  3815 : 0
  3812	  3879 : 0
  3876	  3899 : 1
  3896	  3903 : 0
  3900	  3987 : 0
  3984	  3995 : 0
  3992	  4003 : 0
  4000	  4011 : 0
  4008	  4095 : 0
  4092	  4123 : 0
  4120	  4127 : 0
  4124	  4163 : 0
  4160	  4179 : 1
  4176	  4215 : 0
  4212	  4223 : 0
  4220	  4235 : 0
  4232	  4239 : 0
  4236	  4259 : 0
  4256	  4263 : 0
  4260	  4283 : 0
  4280	  4291 : 0
  4288	  4299 : 0
  4296	  4307 : 0
  4304	  4331 : 0
  4328	  4339 : 0
  4336	  4367 : 0
  4364	  4379 : 0
  4376	  4383 : 0
  4380	  4419 : 0
  4416	  4427 : 0
  4424	  4439 : 0
  4436	  4447 : 0
  4444	  4455 : 1
  4452	  4459 : 0
  4456	  4463 : 0
  4460	  4475 : 0
  4472	  4479 : 1
  4476	  4499 : 0
  4496	  4507 : 0
  4504	  4523 : 0
  4520	  4531 : 1
  4528	  4539 : 0
  4536	  4543 : 0
  4540	  4555 : 0
  4552	  4563 : 1
  4560	  4591 : 0
  4588	  4607 : 0
  4604	  4627 : 0
  4624	  4635 : 0
  4632	  4643 : 0
  4640	  4651 : 0
  4648	  4707 : 0
  4704	  4711 : 1
  4708	  4735 : 0
  4732	  4739 : 0
  4736	  4743 : 0
  4740	  4755 : 1
  4752	  4759 : 0
  4756	  4791 : 0
  4788	  4795 : 0
  4792	  4799 : 1
  4796	  4839 : 0
  4836	  4843 : 0
  4840	  4923 : 0
  4920	  4927 : 0
  4924	  4955 : 0
  4952	  4959 : 1
  4956	  4971 : 0
  4968	  5099 : 1
