     0	    43 : 0
    40	   127 : 0
   124	   131 : 0
   128	   159 : 0
   156	   163 : 0
   160	   179 : 0
   176	   187 : 0
   184	   191 : 0
   188	   199 : 0
   196	   207 : 0
   204	   211 : 0
   208	   371 : 0
   368	   391 : 0
   388	   407 : 0
   404	   411 : 0
   408	   423 : 0
   420	   451 : 0
   448	   459 : 0
   456	  1087 : 1
  1084	  1199 : 0
  1196	  1359 : 1
  1356	  1431 : 0
  1428	  1435 : 1
  1432	  1487 : 0
  1484	  1511 : 1
  1508	  1515 : 0
  1512	  1519 : 1
  1516	  1531 : 0
  1528	  1555 : 0
  1552	  1583 : 0
  1580	  1595 : 1
  1592	  1659 : 0
  1656	  1711 : 0
  1708	  1723 : 0
  1720	  2071 : 1
  2068	  2139 : 0
  2136	  2155 : 0
  2152	  2195 : 0
  2192	  2299 : 0
  2296	  2403 : 0
  2400	  2511 : 0
  2508	  2567 : 0
  2564	  2571 : 1
  2568	  2667 : 0
  2664	  2671 : 1
  2668	  2715 : 0
  2712	  2731 : 0
  2728	  2747 : 0
  2744	  2755 : 0
  2752	  2839 : 0
  2836	  2963 : 0
  2960	  3091 : 0
  3088	  3095 : 0
  3092	  3219 : 0
  3216	  3227 : 1
  3224	  3279 : 0
  3276	  3287 : 1
  3284	  3303 : 0
  3300	  3307 : 0
  3304	  3383 : 0
  3380	  3395 : 0
  3392	  3483 : 0
  3480	  3487 : 1
  3484	  3719 : 0
  3716	  3735 : 1
  3732	  3767 : 0
  3764	  3779 : 1
  3776	  3783 : 0
  3780	  3827 : 0
  3824	  3875 : 0
  3872	  3883 : 1
  3880	  3899 : 0
  3896	  3923 : 0
  3920	  3943 : 0
  3940	  3955 : 0
  3952	  3963 : 0
  3960	  3979 : 0
  3976	  3983 : 0
  3980	  3987 : 0
  3984	  3995 : 0
  3992	  3999 : 0
  3996	  4035 : 0
  4032	  4043 : 0
  4040	  4091 : 0
  4088	  4095 : 0
  4092	  4111 : 0
  4108	  4115 : 0
  4112	  4163 : 0
  4160	  4167 : 0
  4164	  4179 : 0
  4176	  4187 : 0
  4184	  4227 : 0
  4224	  4315 : 1
  4312	  4387 : 0
  4384	  4395 : 0
  4392	  4483 : 0
  4480	  4595 : 1
  4592	  4623 : 0
  4620	  4891 : 1
  4888	  4903 : 0
  4900	  4907 : 0
  4904	  4915 : 0
  4912	  4923 : 0
  4920	  4963 : 0
  4960	  4971 : 0
  4968	  5011 : 0
  5008	  5019 : 0
  5016	  5023 : 0
  5020	  5035 : 0
  5032	  5167 : 0
  5164	  5263 : 0
  5260	  5267 : 0
  5264	  5291 : 1
  5288	  5563 : 0
  5560	  5571 : 1
  5568	  5647 : 0
  5644	  5659 : 0
  5656	  5755 : 0
  5752	  5779 : 0
  5776	  5827 : 0
  5824	  5851 : 0
  5848	  6095 : 0
  6092	  6683 : 1
