     0	    43 : 0
    40	   679 : 0
   676	   683 : 1
   680	   803 : 0
   800	   807 : 0
   804	   863 : 0
   860	   887 : 0
   884	   939 : 0
   936	   947 : 0
   944	   995 : 0
   992	  1003 : 1
  1000	  1019 : 0
  1016	  1039 : 0
  1036	  1135 : 0
  1132	  1139 : 0
  1136	  1143 : 0
  1140	  1151 : 0
  1148	  1551 : 0
  1548	  1571 : 0
  1568	  1575 : 0
  1572	  1579 : 0
  1576	  1635 : 0
  1632	  1639 : 0
  1636	  1703 : 0
  1700	  1863 : 0
  1860	  1867 : 0
  1864	  1875 : 0
  1872	  1887 : 0
  1884	  1995 : 0
  1992	  2031 : 0
  2028	  2043 : 0
  2040	  2051 : 0
  2048	  2071 : 0
  2068	  2095 : 0
  2092	  2099 : 0
  2096	  2107 : 0
  2104	  2183 : 0
  2180	  2203 : 0
  2200	  2223 : 0
  2220	  2227 : 0
  2224	  2503 : 0
  2500	  2507 : 0
  2504	  2531 : 0
  2528	  2551 : 0
  2548	  2639 : 0
  2636	  2643 : 0
  2640	  2655 : 0
  2652	  2675 : 0
  2672	  2771 : 0
  2768	  2783 : 0
  2780	  2815 : 0
  2812	  2823 : 0
  2820	  2835 : 0
  2832	  3483 : 0
  3480	  3499 : 0
  3496	  3503 : 0
  3500	  3507 : 0
  3504	  3531 : 0
  3528	  3555 : 0
  3552	  3559 : 0
  3556	  3595 : 0
  3592	  3763 : 0
  3760	  3771 : 1
  3768	  3803 : 0
  3800	  3807 : 1
  3804	  3903 : 0
  3900	  3907 : 1
  3904	  4059 : 0
  4056	  4067 : 0
  4064	  4071 : 0
  4068	  4075 : 0
  4072	  4111 : 0
  4108	  4175 : 0
  4172	  4215 : 0
  4212	  4223 : 0
  4220	  4271 : 0
  4268	  4275 : 0
  4272	  4507 : 0
  4504	  4515 : 1
  4512	  4555 : 0
  4552	  4559 : 1
  4556	  4635 : 0
  4632	  4639 : 0
  4636	  4663 : 0
  4660	  4683 : 0
  4680	  4687 : 0
  4684	  4691 : 0
  4688	  4767 : 0
  4764	  4771 : 1
  4768	  4799 : 0
  4796	  4807 : 0
  4804	  4911 : 0
  4908	  4939 : 0
  4936	  4947 : 0
  4944	  4951 : 0
  4948	  4963 : 0
  4960	  4995 : 0
  4992	  5003 : 0
  5000	  5007 : 1
  5004	  5067 : 0
  5064	  5079 : 0
  5076	  5167 : 0
  5164	  5175 : 0
  5172	  5179 : 0
  5176	  5183 : 0
  5180	  5187 : 0
  5184	  5195 : 0
  5192	  5219 : 0
  5216	  5223 : 0
  5220	  5275 : 0
  5272	  5279 : 0
  5276	  5311 : 0
  5308	  5367 : 1
  5364	  5379 : 0
  5376	  5383 : 0
  5380	  5407 : 0
  5404	  5427 : 1
  5424	  5475 : 0
  5472	  5607 : 0
  5604	  5611 : 0
  5608	  5651 : 0
  5648	  5715 : 0
  5712	  5723 : 0
  5720	  5739 : 0
  5736	  5747 : 1
  5744	  5751 : 0
  5748	  5759 : 0
  5756	  5775 : 0
  5772	  5811 : 0
  5808	  5815 : 0
  5812	  5819 : 1
  5816	  5867 : 0
  5864	  5871 : 0
  5868	  6035 : 0
  6032	  6043 : 1
  6040	  6199 : 0
  6196	  6203 : 0
  6200	  6235 : 0
  6232	  6255 : 0
  6252	  6259 : 0
  6256	  6267 : 0
  6264	  6315 : 0
  6312	  6335 : 1
  6332	  6443 : 0
  6440	  6451 : 0
  6448	  6479 : 0
  6476	  6483 : 0
  6480	  6519 : 0
  6516	  6523 : 0
  6520	  6527 : 0
  6524	  6579 : 0
  6576	  6627 : 0
  6624	  6635 : 1
  6632	  6647 : 0
  6644	  6651 : 0
  6648	  6655 : 0
  6652	  6659 : 0
  6656	  6807 : 0
  6804	  6815 : 1
  6812	  6979 : 0
  6976	  6983 : 1
  6980	  7031 : 0
  7028	  7055 : 0
  7052	  7063 : 0
  7060	  7095 : 0
  7092	  7099 : 0
  7096	  7127 : 0
  7124	  7143 : 0
  7140	  7167 : 0
  7164	  7179 : 0
  7176	  7247 : 0
  7244	  7251 : 0
  7248	  7263 : 0
  7260	  7267 : 0
  7264	  7271 : 0
  7268	  7279 : 0
  7276	  7303 : 0
  7300	  7307 : 0
  7304	  7335 : 0
  7332	  7359 : 0
  7356	  7371 : 0
  7368	  7387 : 0
  7384	  7395 : 0
  7392	  7407 : 0
  7404	  7463 : 0
  7460	  7471 : 0
  7468	  7487 : 0
  7484	  7491 : 0
  7488	  7503 : 0
  7500	  7547 : 0
  7544	  7559 : 0
  7556	  7571 : 0
  7568	  7611 : 0
  7608	  7623 : 0
  7620	  7627 : 0
  7624	  7631 : 0
  7628	  7635 : 0
  7632	  7643 : 0
  7640	  7703 : 0
  7700	  7715 : 0
  7712	  7723 : 0
  7720	  7755 : 0
  7752	  7787 : 0
  7784	  7807 : 0
  7804	  7811 : 0
  7808	  7819 : 0
  7816	  7823 : 0
  7820	  7827 : 0
  7824	  7835 : 0
  7832	  7871 : 0
  7868	  7891 : 0
  7888	  8491 : 0
  8488	  8499 : 0
  8496	  8523 : 0
  8520	  8527 : 1
  8524	  8555 : 0
  8552	  8559 : 0
  8556	  8563 : 0
  8560	  8583 : 0
  8580	  8719 : 0
  8716	  8723 : 1
  8720	  8739 : 0
  8736	  8743 : 0
  8740	  8751 : 0
  8748	  8767 : 0
  8764	  8815 : 0
  8812	  8839 : 0
  8836	  9239 : 0
  9236	  9287 : 1
  9284	  9295 : 0
  9292	  9303 : 0
  9300	  9323 : 0
  9320	  9331 : 0
  9328	  9335 : 0
  9332	  9363 : 0
  9360	  9415 : 0
  9412	  9547 : 0
