     0	   111 : 0
   108	   295 : 0
   292	   359 : 0
   356	   387 : 0
   384	   403 : 0
   400	   407 : 1
   404	   451 : 0
   448	   459 : 1
   456	   519 : 0
   516	   523 : 1
   520	   591 : 0
   588	   743 : 0
   740	   819 : 0
   816	   823 : 1
   820	   955 : 0
   952	   963 : 1
   960	   987 : 0
   984	  1003 : 0
  1000	  1015 : 0
  1012	  1023 : 0
  1020	  1027 : 0
  1024	  1031 : 0
  1028	  1051 : 0
  1048	  1055 : 1
  1052	  1171 : 0
  1168	  1175 : 1
  1172	  1215 : 0
  1212	  1227 : 0
  1224	  1339 : 0
  1336	  1343 : 1
  1340	  1471 : 0
  1468	  1479 : 1
  1476	  1487 : 0
  1484	  1499 : 0
  1496	  1543 : 0
  1540	  1567 : 1
  1564	  1635 : 0
  1632	  1643 : 1
  1640	  1739 : 0
  1736	  1747 : 1
  1744	  1819 : 0
  1816	  1827 : 1
  1824	  1927 : 0
  1924	  1939 : 0
  1936	  1943 : 0
  1940	  1975 : 1
  1972	  1983 : 0
  1980	  2099 : 0
  2096	  2223 : 0
  2220	  2227 : 1
  2224	  2303 : 0
  2300	  2311 : 1
  2308	  2395 : 0
  2392	  2407 : 1
  2404	  2415 : 0
  2412	  2431 : 0
  2428	  2455 : 0
  2452	  2467 : 1
  2464	  2583 : 0
  2580	  2591 : 1
  2588	  2743 : 0
  2740	  2747 : 1
  2744	  2855 : 0
  2852	  2863 : 1
  2860	  2943 : 0
  2940	  2955 : 1
  2952	  2963 : 0
  2960	  3055 : 0
  3052	  3175 : 0
  3172	  3179 : 1
  3176	  3271 : 0
  3268	  3279 : 1
  3276	  3451 : 0
  3448	  3459 : 1
  3456	  3487 : 0
  3484	  3491 : 0
  3488	  3495 : 0
  3492	  3503 : 1
  3500	  3555 : 0
  3552	  3591 : 0
  3588	  3647 : 0
  3644	  3655 : 1
  3652	  3691 : 0
  3688	  3695 : 1
  3692	  3819 : 0
  3816	  3823 : 1
  3820	  3907 : 0
  3904	  3915 : 0
  3912	  3955 : 0
  3952	  3963 : 1
  3960	  4003 : 0
  4000	  4007 : 1
  4004	  4067 : 0
  4064	  4071 : 1
  4068	  4231 : 0
  4228	  4235 : 1
  4232	  4455 : 0
  4452	  4463 : 0
  4460	  4759 : 0
  4756	  4775 : 0
  4772	  4871 : 0
  4868	  4875 : 1
  4872	  4903 : 0
  4900	  4943 : 0
  4940	  4967 : 0
  4964	  4971 : 0
  4968	  5019 : 0
  5016	  5027 : 1
  5024	  5135 : 0
  5132	  5143 : 1
  5140	  5207 : 0
  5204	  5215 : 0
  5212	  5343 : 0
  5340	  5351 : 1
  5348	  5491 : 0
  5488	  5495 : 1
  5492	  5683 : 0
  5680	  5687 : 1
  5684	  5691 : 0
  5688	  5731 : 0
  5728	  5735 : 0
  5732	  5739 : 0
  5736	  5759 : 0
  5756	  5787 : 0
  5784	  5791 : 0
  5788	  5803 : 1
  5800	  5819 : 0
  5816	  5835 : 0
  5832	  5859 : 0
  5856	  5899 : 1
  5896	  5939 : 0
  5936	  5947 : 1
  5944	  6315 : 0
  6312	  6323 : 1
  6320	  6419 : 0
  6416	  6423 : 1
  6420	  6495 : 0
  6492	  6499 : 1
  6496	  6563 : 0
  6560	  6567 : 1
  6564	  6619 : 0
  6616	  6695 : 1
  6692	  6699 : 0
  6696	  6707 : 1
  6704	  6823 : 0
  6820	  6831 : 1
  6828	  6847 : 0
  6844	  6851 : 0
  6848	  6963 : 0
  6960	  6971 : 1
  6968	  7047 : 0
  7044	  7051 : 1
  7048	  7211 : 0
  7208	  7215 : 1
  7212	  7283 : 0
  7280	  7287 : 1
  7284	  7299 : 0
  7296	  7303 : 0
  7300	  7307 : 0
  7304	  7351 : 0
  7348	  7359 : 0
  7356	  7363 : 1
  7360	  7427 : 0
  7424	  7431 : 1
  7428	  7535 : 0
  7532	  7539 : 1
  7536	  7595 : 0
  7592	  7607 : 0
  7604	  7683 : 0
  7680	  7691 : 1
  7688	  7747 : 0
  7744	  7751 : 1
  7748	  7783 : 0
  7780	  7787 : 0
  7784	  7823 : 0
  7820	  7839 : 0
  7836	  7863 : 0
  7860	  7871 : 0
  7868	  7875 : 0
  7872	  7915 : 0
  7912	  7987 : 0
  7984	  7991 : 0
  7988	  8007 : 0
  8004	  8011 : 0
  8008	  8039 : 0
  8036	  8043 : 1
  8040	  8255 : 0
  8252	  8263 : 0
  8260	  8271 : 0
  8268	  8275 : 1
  8272	  8343 : 0
  8340	  8347 : 1
  8344	  8355 : 0
  8352	  8359 : 0
  8356	  8455 : 0
  8452	  8459 : 0
  8456	  8475 : 0
  8472	  8483 : 0
  8480	  8487 : 0
  8484	  8491 : 0
  8488	  8567 : 0
  8564	  8571 : 1
  8568	  8651 : 0
  8648	  8655 : 0
  8652	  8699 : 0
  8696	  8703 : 0
  8700	  8787 : 0
  8784	  8795 : 1
  8792	  8799 : 0
  8796	  8807 : 1
  8804	  8815 : 0
  8812	  8831 : 0
  8828	  8879 : 0
  8876	  8887 : 0
  8884	  8947 : 0
  8944	  8975 : 0
  8972	  9051 : 0
  9048	  9059 : 1
  9056	  9107 : 0
  9104	  9139 : 0
  9136	  9223 : 0
  9220	  9231 : 0
  9228	  9383 : 0
  9380	  9391 : 1
  9388	  9487 : 0
  9484	  9507 : 0
  9504	  9519 : 0
  9516	  9559 : 0
  9556	  9607 : 0
  9604	  9647 : 1
  9644	  9651 : 0
  9648	  9659 : 1
  9656	  9675 : 0
  9672	  9683 : 0
  9680	  9751 : 0
  9748	  9759 : 1
  9756	  9831 : 0
  9828	  9835 : 1
  9832	  9891 : 0
  9888	  9915 : 0
  9912	  9935 : 0
  9932	  9943 : 1
  9940	 10059 : 0
 10056	 10155 : 0
 10152	 10351 : 0
 10348	 10355 : 1
 10352	 10383 : 0
 10380	 10435 : 0
 10432	 10439 : 0
 10436	 10443 : 0
 10440	 10467 : 0
 10464	 10479 : 0
 10476	 10487 : 0
 10484	 10515 : 0
 10512	 10655 : 0
 10652	 10811 : 1
