     0	    27 : 0
    24	    63 : 0
    60	    67 : 0
    64	    95 : 0
    92	   103 : 0
   100	   107 : 0
   104	   115 : 1
   112	   191 : 0
   188	   203 : 0
   200	   219 : 0
   216	   279 : 0
   276	   283 : 0
   280	   419 : 0
   416	   443 : 0
   440	   447 : 0
   444	   451 : 0
   448	   499 : 0
   496	   507 : 0
   504	   511 : 1
   508	   535 : 0
   532	   563 : 0
   560	   567 : 0
   564	   619 : 0
   616	   623 : 0
   620	   627 : 0
   624	   655 : 0
   652	   691 : 1
   688	   719 : 0
   716	   779 : 1
   776	   859 : 0
   856	   867 : 1
   864	   919 : 0
   916	   931 : 0
   928	   999 : 0
   996	  1011 : 0
  1008	  1023 : 0
  1020	  1031 : 0
  1028	  1035 : 2
  1032	  1047 : 0
  1044	  1059 : 1
  1056	  1075 : 0
  1072	  1079 : 1
  1076	  1087 : 0
  1084	  1111 : 0
  1108	  1115 : 2
  1112	  1191 : 0
  1188	  1195 : 1
  1192	  1215 : 0
  1212	  1223 : 1
  1220	  1307 : 0
  1304	  1311 : 1
  1308	  1351 : 0
  1348	  1359 : 1
  1356	  1363 : 0
  1360	  1367 : 0
  1364	  1379 : 0
  1376	  1395 : 1
  1392	  1415 : 0
  1412	  1423 : 1
  1420	  1455 : 0
  1452	  1515 : 0
  1512	  1571 : 0
  1568	  1595 : 1
  1592	  1619 : 0
  1616	  1631 : 0
  1628	  1743 : 0
  1740	  1747 : 1
  1744	  1763 : 0
  1760	  1771 : 0
  1768	  1783 : 0
  1780	  1807 : 0
  1804	  1811 : 0
  1808	  1871 : 0
  1868	  1895 : 0
  1892	  1903 : 1
  1900	  1939 : 0
  1936	  1951 : 0
  1948	  1959 : 0
  1956	  1999 : 1
  1996	  2007 : 0
  2004	  2043 : 0
  2040	  2067 : 0
  2064	  2071 : 1
  2068	  2099 : 0
  2096	  2107 : 1
  2104	  2139 : 0
  2136	  2143 : 1
  2140	  2207 : 0
  2204	  2211 : 1
  2208	  2319 : 0
  2316	  2327 : 1
  2324	  2343 : 0
  2340	  2347 : 0
  2344	  2351 : 0
  2348	  2371 : 0
  2368	  2387 : 0
  2384	  2395 : 0
  2392	  2411 : 0
  2408	  2535 : 1
  2532	  2539 : 0
  2536	  2611 : 0
  2608	  2623 : 0
  2620	  2627 : 1
  2624	  2639 : 0
  2636	  2655 : 0
  2652	  2659 : 0
  2656	  2723 : 1
  2720	  2747 : 0
  2744	  2751 : 0
  2748	  2759 : 0
  2756	  2807 : 1
  2804	  2815 : 0
  2812	  2851 : 0
  2848	  2855 : 0
  2852	  2871 : 0
  2868	  2875 : 0
  2872	  2887 : 0
  2884	  2891 : 0
  2888	  2899 : 0
  2896	  2903 : 0
  2900	  2907 : 0
  2904	  2911 : 0
  2908	  2919 : 0
  2916	  2931 : 0
  2928	  2939 : 1
  2936	  2963 : 0
  2960	  2971 : 0
  2968	  2987 : 0
  2984	  2995 : 0
  2992	  3011 : 0
  3008	  3015 : 1
  3012	  3047 : 0
  3044	  3051 : 1
  3048	  3107 : 0
  3104	  3119 : 1
  3116	  3139 : 0
  3136	  3147 : 0
  3144	  3159 : 0
  3156	  3195 : 1
  3192	  3199 : 0
  3196	  3207 : 0
  3204	  3243 : 0
  3240	  3247 : 1
  3244	  3263 : 0
  3260	  3327 : 0
  3324	  3339 : 0
  3336	  3343 : 1
  3340	  3375 : 0
  3372	  3395 : 1
  3392	  3407 : 0
  3404	  3415 : 0
  3412	  3419 : 0
  3416	  3435 : 0
  3432	  3495 : 0
  3492	  3499 : 1
  3496	  3535 : 0
  3532	  3591 : 1
  3588	  3635 : 0
  3632	  3683 : 0
  3680	  3699 : 0
  3696	  3735 : 0
  3732	  3747 : 0
  3744	  3755 : 1
  3752	  3767 : 0
  3764	  3787 : 0
  3784	  3811 : 0
  3808	  3859 : 0
  3856	  3915 : 0
  3912	  3935 : 1
  3932	  3951 : 0
  3948	  3971 : 0
  3968	  4007 : 0
  4004	  4019 : 0
  4016	  4031 : 0
  4028	  4039 : 0
  4036	  4043 : 0
  4040	  4047 : 0
  4044	  4059 : 0
  4056	  4071 : 0
  4068	  4083 : 0
  4080	  4095 : 0
  4092	  4135 : 0
  4132	  4147 : 0
  4144	  4155 : 0
  4152	  4163 : 1
  4160	  4187 : 0
  4184	  4203 : 0
  4200	  4235 : 0
  4232	  4239 : 1
  4236	  4243 : 0
  4240	  4247 : 0
  4244	  4331 : 0
  4328	  4395 : 1
  4392	  4399 : 0
  4396	  4407 : 1
  4404	  4451 : 0
  4448	  4479 : 0
  4476	  4483 : 0
  4480	  4499 : 0
  4496	  4531 : 0
  4528	  4535 : 1
  4532	  4539 : 0
  4536	  4555 : 0
  4552	  4595 : 0
  4592	  4623 : 1
  4620	  4687 : 0
  4684	  4739 : 1
  4736	  4799 : 0
  4796	  4815 : 0
  4812	  4875 : 0
  4872	  4883 : 1
  4880	  4891 : 0
  4888	  4895 : 0
  4892	  4931 : 0
  4928	  4935 : 0
  4932	  4947 : 0
  4944	  4967 : 1
  4964	  5007 : 0
  5004	  5015 : 1
  5012	  5043 : 0
  5040	  5055 : 1
  5052	  5059 : 0
  5056	  5071 : 0
  5068	  5075 : 0
  5072	  5083 : 0
  5080	  5095 : 0
  5092	  5099 : 0
  5096	  5103 : 0
  5100	  5107 : 0
  5104	  5119 : 0
  5116	  5135 : 0
  5132	  5247 : 0
  5244	  5303 : 1
  5300	  5307 : 0
  5304	  5315 : 0
  5312	  5319 : 0
  5316	  5331 : 0
  5328	  5335 : 0
  5332	  5347 : 0
  5344	  5367 : 0
  5364	  5375 : 1
  5372	  5423 : 0
  5420	  5447 : 1
  5444	  5451 : 0
  5448	  5463 : 0
  5460	  5483 : 0
  5480	  5499 : 0
  5496	  5503 : 0
  5500	  5511 : 0
  5508	  5523 : 0
  5520	  5527 : 0
  5524	  5531 : 0
  5528	  5555 : 0
  5552	  5559 : 0
  5556	  5603 : 0
  5600	  5607 : 0
  5604	  5619 : 0
  5616	  5631 : 0
  5628	  5635 : 0
  5632	  5647 : 0
  5644	  5675 : 1
  5672	  5683 : 0
  5680	  5691 : 0
  5688	  5695 : 0
  5692	  5703 : 0
  5700	  5711 : 0
  5708	  5719 : 1
  5716	  5731 : 0
  5728	  5783 : 0
  5780	  5787 : 0
  5784	  5807 : 0
  5804	  5815 : 0
  5812	  5831 : 0
  5828	  5835 : 0
  5832	  5843 : 0
  5840	  5851 : 0
  5848	  5863 : 0
  5860	  5867 : 0
  5864	  5871 : 0
  5868	  5887 : 0
  5884	  5895 : 1
  5892	  5923 : 0
  5920	  5931 : 1
  5928	  5935 : 0
  5932	  5951 : 0
  5948	  5955 : 0
  5952	  5979 : 0
  5976	  5987 : 0
  5984	  6031 : 0
  6028	  6087 : 0
  6084	  6111 : 1
  6108	  6127 : 0
  6124	  6139 : 0
  6136	  6159 : 0
  6156	  6187 : 0
