     0	   231 : 0
   228	   279 : 0
   276	   287 : 1
   284	   367 : 0
   364	   443 : 1
   440	   447 : 2
   444	   555 : 0
   552	   559 : 1
   556	   655 : 0
   652	   663 : 1
   660	   767 : 0
   764	   811 : 0
   808	   847 : 0
   844	   855 : 1
   852	   903 : 0
   900	   911 : 0
   908	   975 : 0
   972	  1043 : 0
  1040	  1103 : 0
  1100	  1111 : 1
  1108	  1167 : 0
  1164	  1179 : 1
  1176	  1219 : 0
  1216	  1231 : 0
  1228	  1275 : 0
  1272	  1291 : 0
  1288	  1311 : 0
  1308	  1347 : 0
  1344	  1447 : 0
  1444	  1451 : 1
  1448	  1475 : 0
  1472	  1495 : 0
  1492	  1539 : 0
  1536	  1543 : 1
  1540	  1679 : 0
  1676	  1687 : 1
  1684	  1779 : 0
  1776	  1787 : 1
  1784	  1799 : 0
  1796	  1803 : 0
  1800	  1807 : 0
  1804	  1811 : 0
  1808	  1855 : 0
  1852	  1863 : 1
  1860	  1875 : 0
  1872	  1887 : 0
  1884	  1891 : 0
  1888	  1907 : 0
  1904	  1935 : 0
  1932	  2047 : 1
  2044	  2051 : 0
  2048	  2087 : 0
  2084	  2091 : 0
  2088	  2151 : 0
  2148	  2183 : 0
  2180	  2223 : 1
  2220	  2231 : 0
  2228	  2295 : 0
  2292	  2299 : 0
  2296	  2303 : 0
  2300	  2311 : 0
  2308	  2319 : 1
  2316	  2439 : 0
  2436	  2499 : 1
  2496	  2631 : 0
  2628	  2635 : 1
  2632	  2703 : 0
  2700	  2739 : 0
  2736	  2759 : 0
  2756	  2767 : 0
  2764	  2771 : 0
  2768	  2807 : 0
  2804	  2879 : 0
  2876	  2935 : 1
  2932	  2939 : 0
  2936	  2947 : 1
  2944	  2995 : 0
  2992	  3015 : 0
  3012	  3023 : 0
  3020	  3035 : 0
  3032	  3047 : 0
  3044	  3051 : 0
  3048	  3059 : 0
  3056	  3095 : 1
  3092	  3099 : 0
  3096	  3103 : 0
  3100	  3107 : 0
  3104	  3211 : 0
  3208	  3223 : 0
  3220	  3243 : 0
  3240	  3255 : 0
  3252	  3263 : 0
  3260	  3267 : 0
  3264	  3279 : 0
  3276	  3295 : 0
  3292	  3303 : 0
  3300	  3355 : 0
  3352	  3363 : 1
  3360	  3387 : 0
  3384	  3399 : 0
  3396	  3475 : 0
  3472	  3515 : 0
  3512	  3587 : 0
  3584	  3599 : 0
  3596	  3635 : 0
  3632	  3659 : 1
  3656	  3683 : 0
  3680	  3687 : 0
  3684	  3707 : 0
  3704	  3715 : 1
  3712	  3747 : 0
  3744	  3759 : 0
  3756	  3807 : 0
  3804	  3811 : 1
  3808	  3859 : 0
  3856	  3919 : 1
  3916	  4083 : 0
  4080	  4091 : 1
  4088	  4135 : 0
  4132	  4247 : 1
  4244	  4315 : 0
  4312	  4323 : 1
  4320	  4399 : 0
  4396	  4403 : 2
  4400	  4407 : 1
  4404	  4415 : 0
  4412	  4423 : 0
  4420	  4427 : 0
  4424	  4439 : 0
  4436	  4443 : 0
  4440	  4455 : 0
  4452	  4579 : 0
  4576	  4583 : 0
  4580	  4595 : 0
  4592	  4611 : 0
  4608	  4863 : 0
  4860	  4907 : 0
  4904	  4915 : 0
  4912	  4939 : 0
  4936	  4959 : 0
  4956	  4983 : 1
  4980	  4995 : 0
  4992	  5003 : 1
  5000	  5019 : 0
  5016	  5099 : 0
  5096	  5255 : 0
  5252	  5259 : 1
  5256	  5475 : 0
  5472	  5523 : 1
  5520	  5527 : 0
  5524	  5539 : 0
  5536	  5563 : 0
  5560	  5587 : 0
  5584	  5591 : 0
  5588	  5623 : 0
  5620	  5627 : 0
  5624	  5671 : 0
  5668	  5707 : 0
  5704	  5735 : 1
  5732	  5831 : 0
  5828	  5843 : 0
  5840	  5863 : 0
  5860	  5871 : 1
  5868	  5875 : 0
  5872	  5895 : 0
  5892	  5899 : 0
  5896	  5939 : 0
  5936	  5943 : 0
  5940	  5983 : 0
  5980	  6003 : 0
  6000	  6007 : 0
  6004	  6019 : 0
  6016	  6031 : 0
  6028	  6099 : 0
  6096	  6107 : 0
  6104	  6219 : 0
  6216	  6267 : 1
  6264	  6271 : 0
  6268	  6279 : 0
  6276	  6283 : 0
  6280	  6287 : 0
  6284	  6363 : 0
  6360	  6527 : 1
