     0	   163 : 0
   160	   267 : 0
   264	   271 : 0
   268	   735 : 0
   732	   747 : 0
   744	   839 : 0
   836	   847 : 0
   844	   895 : 0
   892	   927 : 0
   924	   943 : 0
   940	   951 : 0
   948	   963 : 0
   960	  1003 : 0
  1000	  1027 : 0
  1024	  1031 : 0
  1028	  1035 : 0
  1032	  1039 : 0
  1036	  1051 : 0
  1048	  1091 : 0
  1088	  1107 : 0
  1104	  1119 : 0
  1116	  1143 : 0
  1140	  1147 : 0
  1144	  1155 : 0
  1152	  1159 : 0
  1156	  1179 : 0
  1176	  1187 : 0
  1184	  1195 : 0
  1192	  1203 : 0
  1200	  1207 : 0
  1204	  1215 : 0
  1212	  1231 : 0
  1228	  1251 : 0
  1248	  1263 : 0
  1260	  1275 : 0
  1272	  1291 : 0
  1288	  1307 : 0
  1304	  1343 : 0
  1340	  1351 : 0
  1348	  1379 : 0
  1376	  1395 : 0
  1392	  1467 : 0
  1464	  1479 : 0
  1476	  1535 : 0
  1532	  1651 : 0
  1648	  1715 : 0
  1712	  1719 : 0
  1716	  1723 : 0
  1720	  1727 : 0
  1724	  1747 : 0
  1744	  1751 : 0
  1748	  1791 : 0
  1788	  1831 : 0
  1828	  1847 : 0
  1844	  1851 : 0
  1848	  2363 : 0
  2360	  2423 : 0
  2420	  2431 : 0
  2428	  2435 : 0
  2432	  2455 : 0
  2452	  2471 : 0
  2468	  2655 : 0
  2652	  2659 : 0
  2656	  2803 : 0
  2800	  2831 : 0
  2828	  2839 : 0
  2836	  2851 : 0
  2848	  2871 : 0
  2868	  2875 : 0
  2872	  2943 : 0
  2940	  2947 : 0
  2944	  2967 : 0
  2964	  2999 : 0
  2996	  3003 : 0
  3000	  3007 : 1
  3004	  3431 : 0
  3428	  3439 : 1
  3436	  3455 : 0
  3452	  3471 : 0
  3468	  3495 : 0
  3492	  3503 : 0
  3500	  3507 : 0
  3504	  3527 : 0
  3524	  3531 : 0
  3528	  3555 : 0
  3552	  3571 : 0
  3568	  3799 : 0
  3796	  3887 : 0
  3884	  3891 : 0
  3888	  3899 : 0
  3896	  3911 : 1
  3908	  3935 : 0
  3932	  3943 : 0
  3940	  3947 : 0
  3944	  3987 : 0
  3984	  3991 : 0
  3988	  4003 : 0
  4000	  4007 : 0
  4004	  4027 : 0
  4024	  4047 : 0
  4044	  4087 : 0
  4084	  4103 : 0
  4100	  4115 : 0
  4112	  4135 : 0
  4132	  4171 : 0
  4168	  4539 : 0
  4536	  4543 : 1
  4540	  4723 : 0
  4720	  4731 : 1
  4728	  4839 : 0
  4836	  4867 : 0
  4864	  4879 : 0
  4876	  4959 : 0
  4956	  4983 : 0
  4980	  5023 : 0
  5020	  5427 : 0
  5424	  5435 : 1
  5432	  5615 : 0
  5612	  5619 : 1
  5616	  5623 : 2
  5620	  5803 : 0
  5800	  6575 : 1
  6572	  6807 : 0
  6804	  6815 : 0
  6812	  6823 : 0
  6820	  7187 : 0
  7184	  7355 : 0
  7352	  7499 : 0
