     0	   123 : 0
   120	   127 : 0
   124	   163 : 0
   160	   167 : 0
   164	   203 : 1
   200	   207 : 0
   204	   215 : 1
   212	   247 : 0
   244	   251 : 1
   248	   259 : 0
   256	   283 : 0
   280	   291 : 0
   288	   303 : 1
   300	   315 : 0
   312	   399 : 0
   396	   555 : 0
   552	   571 : 0
   568	   671 : 0
   668	   679 : 1
   676	   719 : 0
   716	   727 : 1
   724	   767 : 0
   764	   795 : 1
   792	   831 : 0
   828	   839 : 1
   836	   915 : 0
   912	   923 : 1
   920	   995 : 0
   992	   999 : 2
   996	  1031 : 0
  1028	  1039 : 0
  1036	  1067 : 0
  1064	  1075 : 0
  1072	  1083 : 0
  1080	  1111 : 0
  1108	  1143 : 0
  1140	  1147 : 0
  1144	  1275 : 0
  1272	  1283 : 0
  1280	  1319 : 0
  1316	  1323 : 0
  1320	  1343 : 0
  1340	  1359 : 0
  1356	  1447 : 0
  1444	  1515 : 1
  1512	  1535 : 0
  1532	  1543 : 0
  1540	  1555 : 0
  1552	  1563 : 0
  1560	  1579 : 0
  1576	  1643 : 0
  1640	  1647 : 0
  1644	  1651 : 1
  1648	  1655 : 0
  1652	  1667 : 1
  1664	  1671 : 0
  1668	  1675 : 0
  1672	  1683 : 0
  1680	  1695 : 0
  1692	  1699 : 0
  1696	  1799 : 0
  1796	  1803 : 0
  1800	  1831 : 1
  1828	  1855 : 0
  1852	  1875 : 0
  1872	  1891 : 0
  1888	  1895 : 0
  1892	  1903 : 0
  1900	  1939 : 1
  1936	  1947 : 0
  1944	  1959 : 0
  1956	  1967 : 0
  1964	  1979 : 0
  1976	  2019 : 0
  2016	  2023 : 0
  2020	  2027 : 0
  2024	  2075 : 0
  2072	  2119 : 0
  2116	  2123 : 0
  2120	  2151 : 0
  2148	  2175 : 0
  2172	  2211 : 0
  2208	  2219 : 0
  2216	  2223 : 0
  2220	  2227 : 1
  2224	  2343 : 0
  2340	  2383 : 1
  2380	  2395 : 0
  2392	  2435 : 0
  2432	  2439 : 0
  2436	  2451 : 1
  2448	  2455 : 0
  2452	  2491 : 1
  2488	  2495 : 0
  2492	  2543 : 1
  2540	  2547 : 0
  2544	  2575 : 0
  2572	  2631 : 0
  2628	  2639 : 0
  2636	  2651 : 0
  2648	  2679 : 0
  2676	  2715 : 0
  2712	  2727 : 1
  2724	  2783 : 0
  2780	  2791 : 0
  2788	  2795 : 0
  2792	  2803 : 0
  2800	  2807 : 0
  2804	  2811 : 1
  2808	  2835 : 0
  2832	  2839 : 0
  2836	  2843 : 0
  2840	  2851 : 1
  2848	  2887 : 0
  2884	  3047 : 1
  3044	  3055 : 0
  3052	  3147 : 0
  3144	  3175 : 0
  3172	  3199 : 0
  3196	  3203 : 0
  3200	  3207 : 0
  3204	  3227 : 0
  3224	  3231 : 0
  3228	  3271 : 0
  3268	  3335 : 1
  3332	  3375 : 0
  3372	  3383 : 0
  3380	  3399 : 0
  3396	  3407 : 1
  3404	  3411 : 0
  3408	  3415 : 0
  3412	  3475 : 0
  3472	  3487 : 0
  3484	  3495 : 0
  3492	  3499 : 0
  3496	  3503 : 0
  3500	  3507 : 0
  3504	  3535 : 0
  3532	  3543 : 1
  3540	  3563 : 0
  3560	  3571 : 0
  3568	  3643 : 0
  3640	  3667 : 0
  3664	  3675 : 0
  3672	  3679 : 0
  3676	  3683 : 0
  3680	  3703 : 0
  3700	  3707 : 0
  3704	  3715 : 0
  3712	  3723 : 0
  3720	  3751 : 1
  3748	  3759 : 0
  3756	  3799 : 1
  3796	  3811 : 0
  3808	  3823 : 0
  3820	  3931 : 0
  3928	  3947 : 0
  3944	  3963 : 0
  3960	  3967 : 0
  3964	  3987 : 0
  3984	  4023 : 0
  4020	  4027 : 0
  4024	  4035 : 0
  4032	  4039 : 0
  4036	  4067 : 0
  4064	  4075 : 0
  4072	  4083 : 1
  4080	  4091 : 0
  4088	  4127 : 0
  4124	  4215 : 0
  4212	  4227 : 0
  4224	  4231 : 0
  4228	  4235 : 1
  4232	  4319 : 0
  4316	  4323 : 0
  4320	  4343 : 0
  4340	  4367 : 0
  4364	  4391 : 0
  4388	  4423 : 0
  4420	  4427 : 0
  4424	  4567 : 0
  4564	  4587 : 0
  4584	  4591 : 0
  4588	  4679 : 0
  4676	  4699 : 0
  4696	  4703 : 0
  4700	  4735 : 0
  4732	  4763 : 0
  4760	  4775 : 1
  4772	  4787 : 0
  4784	  4791 : 0
  4788	  4851 : 0
  4848	  4855 : 0
  4852	  4863 : 0
  4860	  4879 : 0
  4876	  4883 : 0
  4880	  4887 : 0
  4884	  4999 : 0
  4996	  5003 : 0
  5000	  5055 : 0
  5052	  5063 : 1
  5060	  5139 : 0
  5136	  5155 : 1
  5152	  5223 : 0
  5220	  5251 : 0
  5248	  5255 : 0
  5252	  5259 : 1
  5256	  5275 : 0
  5272	  5291 : 0
  5288	  5303 : 0
  5300	  5311 : 0
  5308	  5371 : 0
  5368	  5375 : 1
  5372	  5403 : 0
  5400	  5411 : 0
  5408	  5439 : 0
  5436	  5443 : 1
  5440	  5483 : 0
  5480	  5555 : 0
  5552	  5635 : 0
  5632	  5883 : 1
