     0	    15 : 0
    12	    59 : 0
    56	    63 : 0
    60	   167 : 0
   164	   187 : 0
   184	   195 : 0
   192	   219 : 0
   216	   247 : 0
   244	   303 : 1
   300	   343 : 0
   340	   411 : 0
   408	   571 : 0
   568	   635 : 0
   632	   919 : 0
   916	   923 : 0
   920	   975 : 0
   972	   979 : 0
   976	   995 : 0
   992	   999 : 0
   996	  1007 : 0
  1004	  1011 : 0
  1008	  1047 : 0
  1044	  1055 : 0
  1052	  1079 : 0
  1076	  1123 : 0
  1120	  1155 : 0
  1152	  1207 : 0
  1204	  1211 : 0
  1208	  1235 : 0
  1232	  1287 : 0
  1284	  1291 : 1
  1288	  1375 : 0
  1372	  1383 : 0
  1380	  1431 : 0
  1428	  1443 : 0
  1440	  1467 : 0
  1464	  1491 : 0
  1488	  1519 : 0
  1516	  1555 : 0
  1552	  1579 : 0
  1576	  1583 : 0
  1580	  1695 : 0
  1692	  1715 : 0
  1712	  1735 : 0
  1732	  1743 : 0
  1740	  1775 : 0
  1772	  1799 : 0
  1796	  1803 : 0
  1800	  1807 : 0
  1804	  1851 : 0
  1848	  1855 : 0
  1852	  1891 : 0
  1888	  1895 : 0
  1892	  1911 : 0
  1908	  1931 : 0
  1928	  2143 : 0
  2140	  2183 : 0
  2180	  2191 : 0
  2188	  2195 : 0
  2192	  2235 : 0
  2232	  2251 : 0
  2248	  2259 : 0
  2256	  2275 : 0
  2272	  2307 : 0
  2304	  2327 : 0
  2324	  2351 : 0
  2348	  2375 : 0
  2372	  2487 : 0
  2484	  2499 : 0
  2496	  2531 : 0
  2528	  2535 : 0
  2532	  2539 : 0
  2536	  2543 : 0
  2540	  2611 : 0
  2608	  2631 : 0
  2628	  2695 : 0
  2692	  2719 : 0
  2716	  2727 : 0
  2724	  2763 : 0
  2760	  2779 : 0
  2776	  2799 : 0
  2796	  2815 : 0
  2812	  2827 : 0
  2824	  2839 : 0
  2836	  2859 : 0
  2856	  2867 : 0
  2864	  2903 : 0
  2900	  2911 : 0
  2908	  2915 : 0
  2912	  2923 : 0
  2920	  2931 : 0
  2928	  2935 : 0
  2932	  2955 : 0
  2952	  2971 : 0
  2968	  2995 : 0
  2992	  3067 : 0
  3064	  3071 : 0
  3068	  3107 : 0
  3104	  3115 : 0
  3112	  3119 : 0
  3116	  3135 : 0
  3132	  3367 : 0
  3364	  3371 : 1
  3368	  3407 : 0
  3404	  3419 : 0
  3416	  3455 : 0
  3452	  3527 : 0
  3524	  3559 : 0
  3556	  3567 : 0
  3564	  3603 : 0
  3600	  3607 : 0
  3604	  3611 : 0
  3608	  3623 : 0
  3620	  3635 : 0
  3632	  3639 : 0
  3636	  3667 : 0
  3664	  3679 : 0
  3676	  3683 : 0
  3680	  3703 : 0
  3700	  3759 : 0
  3756	  3827 : 0
  3824	  4075 : 0
  4072	  4079 : 0
  4076	  4139 : 0
  4136	  4175 : 0
  4172	  4179 : 0
  4176	  4191 : 0
  4188	  4199 : 0
  4196	  4227 : 0
  4224	  4283 : 0
  4280	  4291 : 1
  4288	  4359 : 0
  4356	  4395 : 0
  4392	  4399 : 0
  4396	  4407 : 0
  4404	  4439 : 0
  4436	  4443 : 0
  4440	  4471 : 0
  4468	  4487 : 0
  4484	  4587 : 0
  4584	  4691 : 0
  4688	  4731 : 0
  4728	  4739 : 0
  4736	  4755 : 0
  4752	  4783 : 0
  4780	  4799 : 0
  4796	  4807 : 0
  4804	  4823 : 0
  4820	  4835 : 0
  4832	  4851 : 0
  4848	  4891 : 0
  4888	  4939 : 0
  4936	  4951 : 0
  4948	  4983 : 0
  4980	  4991 : 0
  4988	  5027 : 0
  5024	  5047 : 0
  5044	  5163 : 0
  5160	  5199 : 0
  5196	  5231 : 0
  5228	  5239 : 0
  5236	  5267 : 0
  5264	  5291 : 0
  5288	  5407 : 0
  5404	  5411 : 0
  5408	  5423 : 0
  5420	  5427 : 0
  5424	  5459 : 0
  5456	  5523 : 0
  5520	  5539 : 0
  5536	  5555 : 0
  5552	  5599 : 0
  5596	  5603 : 0
  5600	  5627 : 0
  5624	  5639 : 0
  5636	  5643 : 0
  5640	  5679 : 0
  5676	  5715 : 0
  5712	  5719 : 0
  5716	  5723 : 0
  5720	  5731 : 0
  5728	  5747 : 0
  5744	  5799 : 0
  5796	  5803 : 0
  5800	  5807 : 1
  5804	  6015 : 0
  6012	  6027 : 1
  6024	  6031 : 0
  6028	  6035 : 0
  6032	  6039 : 0
  6036	  6059 : 0
  6056	  6095 : 0
  6092	  6103 : 0
  6100	  6115 : 0
  6112	  6131 : 0
  6128	  6271 : 0
  6268	  6275 : 0
  6272	  6283 : 0
  6280	  6299 : 0
  6296	  6323 : 0
  6320	  6335 : 0
  6332	  6347 : 0
  6344	  6355 : 0
  6352	  6399 : 0
  6396	  6407 : 0
  6404	  6427 : 0
  6424	  6451 : 0
  6448	  6503 : 0
  6500	  6511 : 0
  6508	  6631 : 0
  6628	  6655 : 0
  6652	  6671 : 0
  6668	  6691 : 0
  6688	  6819 : 0
  6816	  6827 : 0
  6824	  6863 : 0
  6860	  6871 : 0
  6868	  6879 : 0
  6876	  6971 : 0
