     0	   195 : 0
   192	   203 : 0
   200	   223 : 0
   220	   455 : 0
   452	   459 : 0
   456	   511 : 0
   508	   515 : 0
   512	   531 : 0
   528	   535 : 0
   532	   579 : 0
   576	   671 : 0
   668	   683 : 0
   680	   691 : 0
   688	   739 : 0
   736	   747 : 0
   744	   755 : 0
   752	   771 : 0
   768	   779 : 0
   776	   787 : 0
   784	   795 : 0
   792	   807 : 0
   804	   883 : 0
   880	   887 : 0
   884	   899 : 0
   896	   903 : 0
   900	   915 : 0
   912	   995 : 0
   992	  1003 : 0
  1000	  1035 : 0
  1032	  1047 : 0
  1044	  1055 : 0
  1052	  1067 : 0
  1064	  1075 : 0
  1072	  1079 : 0
  1076	  1095 : 0
  1092	  1103 : 0
  1100	  1107 : 0
  1104	  1111 : 0
  1108	  1207 : 0
  1204	  1211 : 0
  1208	  1219 : 0
  1216	  1227 : 0
  1224	  1235 : 0
  1232	  1255 : 0
  1252	  1259 : 1
  1256	  1355 : 0
  1352	  1359 : 1
  1356	  1363 : 2
  1360	  1383 : 0
  1380	  1395 : 0
  1392	  1519 : 0
  1516	  1527 : 1
  1524	  1551 : 0
  1548	  1559 : 0
  1556	  1563 : 0
  1560	  1571 : 0
  1568	  1587 : 0
  1584	  1599 : 0
  1596	  1603 : 0
  1600	  1607 : 0
  1604	  1631 : 0
  1628	  1639 : 0
  1636	  1647 : 0
  1644	  1659 : 0
  1656	  1683 : 0
  1680	  1687 : 0
  1684	  1695 : 0
  1692	  1703 : 0
  1700	  1715 : 0
  1712	  1779 : 0
  1776	  1787 : 0
  1784	  1799 : 0
  1796	  1843 : 0
  1840	  1883 : 0
  1880	  1891 : 0
  1888	  1895 : 0
  1892	  1951 : 0
  1948	  1955 : 0
  1952	  1959 : 0
  1956	  1975 : 0
  1972	  2023 : 0
  2020	  2031 : 0
  2028	  2035 : 0
  2032	  2039 : 0
  2036	  2059 : 0
  2056	  2063 : 0
  2060	  2075 : 0
  2072	  2091 : 0
  2088	  2095 : 0
  2092	  2107 : 0
  2104	  2111 : 0
  2108	  2163 : 0
  2160	  2179 : 0
  2176	  2231 : 0
  2228	  2235 : 0
  2232	  2239 : 0
  2236	  2259 : 0
  2256	  2363 : 0
  2360	  2379 : 0
  2376	  2475 : 0
  2472	  2479 : 0
  2476	  2491 : 1
  2488	  2515 : 0
  2512	  2523 : 0
  2520	  2527 : 0
  2524	  2647 : 0
  2644	  2651 : 0
  2648	  2727 : 0
  2724	  2731 : 0
  2728	  2739 : 0
  2736	  2743 : 0
  2740	  2775 : 0
  2772	  2779 : 0
  2776	  2835 : 0
  2832	  2847 : 0
  2844	  2911 : 0
  2908	  2919 : 0
  2916	  2927 : 0
  2924	  2939 : 0
  2936	  2979 : 0
  2976	  2983 : 0
  2980	  2999 : 0
  2996	  3003 : 0
  3000	  3015 : 0
  3012	  3019 : 0
  3016	  3023 : 0
  3020	  3035 : 0
  3032	  3055 : 0
  3052	  3083 : 0
  3080	  3107 : 0
  3104	  3111 : 0
  3108	  3143 : 0
  3140	  3171 : 0
  3168	  3175 : 0
  3172	  3179 : 0
  3176	  3183 : 0
  3180	  3207 : 0
  3204	  3211 : 0
  3208	  3215 : 0
  3212	  3223 : 0
  3220	  3263 : 0
  3260	  3275 : 0
  3272	  3291 : 0
  3288	  3359 : 0
  3356	  3363 : 0
  3360	  3663 : 0
  3660	  3667 : 0
  3664	  3747 : 1
  3744	  3751 : 0
  3748	  3755 : 0
  3752	  3759 : 0
  3756	  3779 : 0
  3776	  3799 : 0
  3796	  3811 : 0
  3808	  3815 : 0
  3812	  3823 : 0
  3820	  3827 : 0
  3824	  3891 : 0
  3888	  3895 : 0
  3892	  3951 : 0
  3948	  4075 : 0
  4072	  4083 : 0
  4080	  4099 : 0
  4096	  4399 : 0
  4396	  4403 : 0
  4400	  4491 : 0
  4488	  4499 : 0
  4496	  4599 : 0
  4596	  4603 : 0
  4600	  4779 : 0
  4776	  4783 : 0
  4780	  4967 : 0
  4964	  4971 : 0
  4968	  4991 : 0
  4988	  4999 : 0
  4996	  5115 : 0
  5112	  5127 : 0
  5124	  5135 : 0
  5132	  5143 : 0
  5140	  5155 : 0
  5152	  5159 : 0
  5156	  5183 : 0
  5180	  5187 : 0
  5184	  5251 : 0
  5248	  5267 : 0
  5264	  5283 : 0
  5280	  5287 : 0
  5284	  5395 : 0
  5392	  5403 : 0
  5400	  5451 : 0
  5448	  5491 : 0
  5488	  5563 : 1
  5560	  5567 : 0
  5564	  5575 : 0
  5572	  5591 : 0
  5588	  5703 : 0
  5700	  5707 : 0
  5704	  5955 : 0
  5952	  5963 : 0
  5960	  6019 : 0
  6016	  6031 : 0
  6028	  6107 : 0
  6104	  6131 : 0
  6128	  6135 : 0
  6132	  6159 : 0
  6156	  6163 : 0
  6160	  6167 : 0
  6164	  6175 : 0
  6172	  6195 : 0
  6192	  6259 : 0
  6256	  6267 : 0
  6264	  6291 : 0
  6288	  6295 : 0
  6292	  6307 : 1
  6304	  6311 : 0
  6308	  6435 : 0
  6432	  6439 : 0
  6436	  6443 : 0
  6440	  6447 : 0
  6444	  6455 : 0
  6452	  6459 : 0
  6456	  6475 : 0
  6472	  6479 : 0
  6476	  6503 : 0
  6500	  6515 : 0
  6512	  6527 : 0
  6524	  6531 : 0
  6528	  6683 : 0
  6680	  6687 : 0
  6684	  6699 : 0
  6696	  6715 : 0
  6712	  6719 : 0
  6716	  6723 : 0
  6720	  6727 : 0
  6724	  6731 : 0
  6728	  6735 : 0
  6732	  6739 : 0
  6736	  6759 : 0
  6756	  6771 : 0
  6768	  6799 : 0
  6796	  6803 : 0
  6800	  6807 : 0
  6804	  6831 : 0
  6828	  6835 : 0
  6832	  6887 : 0
  6884	  6899 : 0
  6896	  6939 : 0
  6936	  6943 : 0
  6940	  6955 : 0
  6952	  6959 : 0
  6956	  6963 : 0
  6960	  6967 : 0
  6964	  6975 : 0
  6972	  6983 : 0
  6980	  6987 : 0
  6984	  7015 : 0
  7012	  7027 : 0
  7024	  7119 : 0
  7116	  7123 : 0
  7120	  7215 : 0
  7212	  7219 : 0
  7216	  7227 : 0
  7224	  7231 : 0
  7228	  7455 : 0
  7452	  7459 : 0
  7456	  7467 : 1
  7464	  7535 : 0
  7532	  7539 : 0
  7536	  7563 : 0
  7560	  7603 : 0
  7600	  7611 : 0
  7608	  7615 : 0
  7612	  7619 : 0
  7616	  7623 : 0
  7620	  7635 : 0
  7632	  7655 : 0
  7652	  7659 : 0
  7656	  7667 : 0
  7664	  7671 : 0
  7668	  7679 : 0
  7676	  7683 : 0
  7680	  7687 : 0
  7684	  7695 : 0
  7692	  7703 : 0
  7700	  7723 : 0
  7720	  7727 : 0
  7724	  7751 : 0
  7748	  7783 : 0
  7780	  7795 : 0
  7792	  7859 : 0
  7856	  7863 : 0
  7860	  7879 : 0
  7876	  7895 : 0
  7892	  7899 : 0
  7896	  7903 : 0
  7900	  7923 : 0
  7920	  7927 : 0
  7924	  7943 : 0
  7940	  7947 : 0
  7944	  7963 : 0
  7960	  7975 : 0
  7972	  8027 : 0
  8024	  8043 : 0
  8040	  8095 : 0
  8092	  8099 : 0
  8096	  8111 : 0
  8108	  8115 : 0
  8112	  8167 : 0
  8164	  8171 : 0
  8168	  8175 : 0
  8172	  8183 : 0
  8180	  8195 : 0
  8192	  8199 : 0
  8196	  8211 : 0
  8208	  8223 : 0
  8220	  8239 : 0
  8236	  8243 : 0
  8240	  8247 : 0
  8244	  8259 : 0
  8256	  8263 : 1
  8260	  8267 : 0
  8264	  8423 : 0
  8420	  8431 : 0
  8428	  8435 : 0
  8432	  8459 : 0
  8456	  8463 : 0
  8460	  8571 : 0
  8568	  8615 : 1
  8612	  8619 : 0
  8616	  8623 : 1
  8620	  8747 : 0
  8744	  8751 : 0
  8748	  8759 : 0
  8756	  8871 : 1
  8868	  8875 : 0
  8872	  8891 : 0
  8888	  8895 : 0
  8892	  8923 : 0
  8920	  8927 : 0
  8924	  8983 : 0
  8980	  8987 : 0
  8984	  9067 : 0
  9064	  9079 : 0
  9076	  9115 : 0
  9112	  9119 : 0
  9116	  9135 : 0
  9132	  9143 : 0
  9140	  9187 : 0
  9184	  9199 : 0
  9196	  9247 : 0
  9244	  9255 : 0
  9252	  9271 : 0
  9268	  9363 : 0
  9360	  9387 : 0
  9384	  9439 : 0
  9436	  9451 : 0
  9448	  9559 : 0
  9556	  9567 : 0
  9564	  9591 : 0
  9588	  9643 : 0
  9640	  9647 : 0
  9644	  9779 : 1
  9776	  9783 : 0
  9780	  9787 : 0
  9784	  9791 : 0
  9788	  9795 : 0
  9792	  9799 : 0
  9796	  9815 : 0
  9812	  9823 : 0
  9820	  9827 : 0
  9824	  9871 : 0
  9868	  9883 : 0
  9880	  9955 : 0
  9952	  9975 : 0
  9972	  9979 : 0
  9976	 10159 : 0
 10156	 10163 : 0
 10160	 10171 : 1
 10168	 10179 : 0
 10176	 10183 : 0
 10180	 10187 : 0
 10184	 10195 : 0
 10192	 10199 : 0
 10196	 10211 : 0
 10208	 10219 : 0
 10216	 10255 : 0
 10252	 10259 : 0
 10256	 10327 : 0
 10324	 10335 : 0
 10332	 10387 : 0
 10384	 10391 : 0
 10388	 10443 : 0
 10440	 10447 : 0
 10444	 10451 : 0
 10448	 10455 : 0
 10452	 10459 : 0
 10456	 10463 : 0
 10460	 10487 : 0
 10484	 10491 : 0
 10488	 10495 : 0
 10492	 10499 : 0
 10496	 10523 : 0
 10520	 10531 : 0
 10528	 10535 : 0
 10532	 10539 : 0
 10536	 10579 : 0
 10576	 10591 : 0
 10588	 10595 : 0
 10592	 10607 : 0
 10604	 10683 : 0
 10680	 10687 : 0
 10684	 10691 : 0
 10688	 10695 : 0
 10692	 10707 : 0
 10704	 10711 : 0
 10708	 10719 : 0
 10716	 10751 : 0
 10748	 10755 : 0
 10752	 10767 : 0
 10764	 10783 : 0
 10780	 10807 : 0
 10804	 10819 : 0
 10816	 10843 : 0
 10840	 10903 : 0
 10900	 10907 : 0
 10904	 10959 : 0
 10956	 10987 : 0
 10984	 10995 : 0
 10992	 11003 : 0
 11000	 11011 : 0
 11008	 11059 : 0
 11056	 11067 : 0
 11064	 11075 : 0
 11072	 11103 : 0
 11100	 11111 : 0
 11108	 11115 : 0
 11112	 11131 : 0
 11128	 11135 : 0
 11132	 11143 : 0
 11140	 11171 : 0
 11168	 11271 : 0
 11268	 11279 : 0
 11276	 11299 : 0
 11296	 11303 : 0
 11300	 11307 : 0
 11304	 11311 : 0
 11308	 11347 : 0
 11344	 11367 : 0
 11364	 11371 : 0
 11368	 11375 : 0
 11372	 11379 : 0
 11376	 11383 : 0
 11380	 11387 : 0
 11384	 11395 : 0
 11392	 11439 : 0
 11436	 11499 : 0
 11496	 11519 : 0
 11516	 11523 : 1
 11520	 11547 : 0
 11544	 11671 : 1
 11668	 11675 : 0
 11672	 11683 : 0
 11680	 11687 : 0
 11684	 11699 : 0
 11696	 11707 : 0
 11704	 11727 : 0
 11724	 11751 : 0
 11748	 11755 : 0
 11752	 11759 : 0
 11756	 11767 : 0
 11764	 11775 : 0
 11772	 11779 : 0
 11776	 11783 : 0
 11780	 11803 : 0
 11800	 11807 : 0
 11804	 11819 : 0
 11816	 11839 : 0
 11836	 11907 : 1
 11904	 11911 : 0
 11908	 12047 : 0
 12044	 12067 : 0
 12064	 12119 : 1
 12116	 12123 : 0
 12120	 12151 : 0
 12148	 12155 : 0
 12152	 12419 : 0
 12416	 12427 : 0
 12424	 12507 : 0
 12504	 12543 : 0
 12540	 12555 : 0
 12552	 12563 : 0
 12560	 12567 : 0
 12564	 12571 : 0
 12568	 12615 : 0
 12612	 12635 : 0
 12632	 12647 : 1
 12644	 12651 : 0
 12648	 12659 : 0
 12656	 12755 : 0
 12752	 12787 : 1
 12784	 12791 : 0
 12788	 12875 : 0
 12872	 12879 : 0
 12876	 12891 : 0
 12888	 12895 : 0
 12892	 12903 : 0
 12900	 12971 : 0
 12968	 13003 : 0
 13000	 13055 : 0
 13052	 13067 : 1
 13064	 13135 : 0
 13132	 13235 : 0
