     0	   303 : 0
   300	   311 : 0
   308	   315 : 0
   312	   327 : 0
   324	   371 : 0
   368	   387 : 0
   384	   395 : 0
   392	   431 : 0
   428	   439 : 0
   436	   447 : 0
   444	   455 : 0
   452	   459 : 0
   456	   511 : 0
   508	   639 : 0
   636	   643 : 0
   640	   659 : 0
   656	   663 : 0
   660	   667 : 0
   664	   671 : 0
   668	   703 : 0
   700	   711 : 0
   708	   731 : 0
   728	   755 : 0
   752	   759 : 0
   756	   775 : 0
   772	   779 : 0
   776	   803 : 0
   800	   807 : 0
   804	   859 : 0
   856	   871 : 0
   868	   875 : 0
   872	   879 : 0
   876	   891 : 0
   888	   895 : 0
   892	   911 : 0
   908	   939 : 0
   936	   963 : 0
   960	   983 : 0
   980	   991 : 0
   988	   995 : 0
   992	  1007 : 0
  1004	  1011 : 0
  1008	  1075 : 0
  1072	  1083 : 0
  1080	  1099 : 0
  1096	  1103 : 0
  1100	  1107 : 1
  1104	  1115 : 0
  1112	  1139 : 0
  1136	  1151 : 0
  1148	  1155 : 0
  1152	  1175 : 0
  1172	  1183 : 0
  1180	  1191 : 0
  1188	  1195 : 0
  1192	  1211 : 0
  1208	  1235 : 0
  1232	  1239 : 0
  1236	  1247 : 0
  1244	  1259 : 0
  1256	  1267 : 0
  1264	  1271 : 0
  1268	  1275 : 0
  1272	  1279 : 0
  1276	  1291 : 1
  1288	  1311 : 0
  1308	  1323 : 0
  1320	  1331 : 0
  1328	  1347 : 0
  1344	  1351 : 0
  1348	  1359 : 1
  1356	  1363 : 0
  1360	  1375 : 0
  1372	  1383 : 0
  1380	  1411 : 0
  1408	  1415 : 0
  1412	  1419 : 0
  1416	  1423 : 0
  1420	  1443 : 0
  1440	  1447 : 0
  1444	  1451 : 0
  1448	  1475 : 0
  1472	  1479 : 1
  1476	  1483 : 0
  1480	  1531 : 0
  1528	  1535 : 0
  1532	  1543 : 1
  1540	  1547 : 0
  1544	  1571 : 0
  1568	  1591 : 0
  1588	  1595 : 0
  1592	  1603 : 0
  1600	  1607 : 0
  1604	  1615 : 0
  1612	  1619 : 0
  1616	  1643 : 0
  1640	  1759 : 0
  1756	  1763 : 0
  1760	  1863 : 1
  1860	  1959 : 0
  1956	  2171 : 0
  2168	  2175 : 0
  2172	  2191 : 1
  2188	  2195 : 0
  2192	  2211 : 0
  2208	  2239 : 0
  2236	  2259 : 0
  2256	  2267 : 0
  2264	  2271 : 0
  2268	  2287 : 0
  2284	  2299 : 0
  2296	  2303 : 0
  2300	  2311 : 0
  2308	  2315 : 0
  2312	  2327 : 0
  2324	  2339 : 0
  2336	  2343 : 0
  2340	  2359 : 0
  2356	  2375 : 0
  2372	  2379 : 0
  2376	  2387 : 0
  2384	  2403 : 0
  2400	  2411 : 0
  2408	  2487 : 0
  2484	  2491 : 0
  2488	  2599 : 0
  2596	  2623 : 0
  2620	  2647 : 0
  2644	  2655 : 1
  2652	  2667 : 0
  2664	  2675 : 0
  2672	  2771 : 0
  2768	  2783 : 0
  2780	  2787 : 0
  2784	  2811 : 0
  2808	  2827 : 0
  2824	  2831 : 0
  2828	  2883 : 0
  2880	  2887 : 0
  2884	  2895 : 0
  2892	  2899 : 0
  2896	  2907 : 0
  2904	  2915 : 1
  2912	  2923 : 0
  2920	  2927 : 0
  2924	  2931 : 0
  2928	  2935 : 0
  2932	  2939 : 0
  2936	  2943 : 0
  2940	  2955 : 0
  2952	  2959 : 0
  2956	  2975 : 0
  2972	  2979 : 0
  2976	  2995 : 0
  2992	  3007 : 0
  3004	  3039 : 0
  3036	  3043 : 0
  3040	  3055 : 0
  3052	  3063 : 0
  3060	  3071 : 0
  3068	  3079 : 0
  3076	  3083 : 0
  3080	  3131 : 0
  3128	  3135 : 0
  3132	  3155 : 0
  3152	  3159 : 0
  3156	  3167 : 0
  3164	  3179 : 0
  3176	  3183 : 0
  3180	  3187 : 0
  3184	  3191 : 0
  3188	  3287 : 0
  3284	  3327 : 1
  3324	  3335 : 0
  3332	  3343 : 1
  3340	  3451 : 0
  3448	  3455 : 1
  3452	  3483 : 0
  3480	  3487 : 0
  3484	  3491 : 0
  3488	  3495 : 0
  3492	  3507 : 0
  3504	  3523 : 0
  3520	  3531 : 0
  3528	  3539 : 0
  3536	  3927 : 0
  3924	  3931 : 1
  3928	  3967 : 0
  3964	  3991 : 0
  3988	  4011 : 0
  4008	  4023 : 0
  4020	  4035 : 0
  4032	  4039 : 0
  4036	  4043 : 0
  4040	  4047 : 0
  4044	  4087 : 0
  4084	  4107 : 0
  4104	  4123 : 0
  4120	  4135 : 0
  4132	  4143 : 0
  4140	  4151 : 0
  4148	  4179 : 0
  4176	  4191 : 0
  4188	  4307 : 0
  4304	  4315 : 0
  4312	  4323 : 0
  4320	  4339 : 0
  4336	  4355 : 0
  4352	  4367 : 0
  4364	  4395 : 0
  4392	  4399 : 0
  4396	  4403 : 0
  4400	  4419 : 0
  4416	  4423 : 0
  4420	  4427 : 1
  4424	  4483 : 0
  4480	  4507 : 0
  4504	  4527 : 0
  4524	  4627 : 0
  4624	  4687 : 0
  4684	  4695 : 0
  4692	  4707 : 0
  4704	  4767 : 0
  4764	  4771 : 0
  4768	  4775 : 0
  4772	  4799 : 0
  4796	  4807 : 0
  4804	  4815 : 0
  4812	  4867 : 0
  4864	  4879 : 0
  4876	  4883 : 0
  4880	  4887 : 0
  4884	  4919 : 0
  4916	  4923 : 0
  4920	  4963 : 0
  4960	  4987 : 0
  4984	  4991 : 0
  4988	  5287 : 0
  5284	  5307 : 0
  5304	  5327 : 0
  5324	  5331 : 0
  5328	  5371 : 0
  5368	  5375 : 0
  5372	  5415 : 0
  5412	  5423 : 1
  5420	  5431 : 0
  5428	  5443 : 0
  5440	  5459 : 0
  5456	  5491 : 0
  5488	  5747 : 0
  5744	  5759 : 0
  5756	  5775 : 0
  5772	  5799 : 0
  5796	  5815 : 0
  5812	  5847 : 0
  5844	  5927 : 0
  5924	  5943 : 0
  5940	  6079 : 0
  6076	  6083 : 0
  6080	  6087 : 0
  6084	  6111 : 0
  6108	  6299 : 0
  6296	  6303 : 0
  6300	  6411 : 0
  6408	  6447 : 0
  6444	  6459 : 0
  6456	  6539 : 0
  6536	  6547 : 0
  6544	  6559 : 0
  6556	  6683 : 0
  6680	  6747 : 0
  6744	  6751 : 0
  6748	  6791 : 0
  6788	  6795 : 0
  6792	  6799 : 0
  6796	  6803 : 0
  6800	  6815 : 0
  6812	  6819 : 0
  6816	  6823 : 1
  6820	  6875 : 0
  6872	  6911 : 1
  6908	  6923 : 0
  6920	  6931 : 0
  6928	  6935 : 0
  6932	  6939 : 0
  6936	  6955 : 0
  6952	  6959 : 0
  6956	  6971 : 0
  6968	  6975 : 1
  6972	  7011 : 0
  7008	  7039 : 1
  7036	  7067 : 0
  7064	  7107 : 0
  7104	  8051 : 0
  8048	  8131 : 0
  8128	  8179 : 0
  8176	  8231 : 0
  8228	  8235 : 0
  8232	  8239 : 0
  8236	  8267 : 0
  8264	  8275 : 0
  8272	  8375 : 0
  8372	  8379 : 1
  8376	  8619 : 0
  8616	  8659 : 0
  8656	  8683 : 0
  8680	  8687 : 0
  8684	  8695 : 0
  8692	  8711 : 0
  8708	  8715 : 0
  8712	  8767 : 0
  8764	  8779 : 0
  8776	  8783 : 0
  8780	  8787 : 0
  8784	  8815 : 0
  8812	  8827 : 0
  8824	  8839 : 0
  8836	  8847 : 0
  8844	  8863 : 0
  8860	  8895 : 0
  8892	  8903 : 0
  8900	  8911 : 0
  8908	  8983 : 1
  8980	  8987 : 0
  8984	  9027 : 0
  9024	  9039 : 0
  9036	  9063 : 0
  9060	  9095 : 0
  9092	  9103 : 0
  9100	  9119 : 0
  9116	  9127 : 1
  9124	  9139 : 0
  9136	  9163 : 0
  9160	  9179 : 0
  9176	  9215 : 0
  9212	  9247 : 0
  9244	  9251 : 0
  9248	  9255 : 0
  9252	  9263 : 0
  9260	  9271 : 0
  9268	  9275 : 0
  9272	  9291 : 0
  9288	  9311 : 0
  9308	  9359 : 0
  9356	  9395 : 0
  9392	  9399 : 0
  9396	  9407 : 0
  9404	  9415 : 0
  9412	  9419 : 1
  9416	  9423 : 0
  9420	  9427 : 0
  9424	  9447 : 0
  9444	  9459 : 0
  9456	  9471 : 0
  9468	  9479 : 0
  9476	  9483 : 0
  9480	  9491 : 0
  9488	  9499 : 0
  9496	  9503 : 0
  9500	  9507 : 0
  9504	  9511 : 0
  9508	  9547 : 0
  9544	  9559 : 0
  9556	  9567 : 0
  9564	  9603 : 0
  9600	  9655 : 0
  9652	  9671 : 0
  9668	  9675 : 0
  9672	  9711 : 0
  9708	  9723 : 0
  9720	  9731 : 0
  9728	  9739 : 0
  9736	  9743 : 0
  9740	  9751 : 0
  9748	  9763 : 0
  9760	  9775 : 0
  9772	  9791 : 0
  9788	  9803 : 0
  9800	  9807 : 0
  9804	  9811 : 0
  9808	  9819 : 0
  9816	  9943 : 0
  9940	  9971 : 0
  9968	  9979 : 0
  9976	  9987 : 0
  9984	  9995 : 0
  9992	  9999 : 0
  9996	 10023 : 0
 10020	 10027 : 0
 10024	 10115 : 0
 10112	 10183 : 0
 10180	 10187 : 0
 10184	 10203 : 0
 10200	 10239 : 0
 10236	 10259 : 0
 10256	 10263 : 0
 10260	 10275 : 0
 10272	 10295 : 0
 10292	 10303 : 0
 10300	 10307 : 0
 10304	 10315 : 0
 10312	 10379 : 0
 10376	 10383 : 0
 10380	 10627 : 0
 10624	 10631 : 0
 10628	 10667 : 0
 10664	 10671 : 0
 10668	 10675 : 0
 10672	 10699 : 0
 10696	 10747 : 0
 10744	 10771 : 0
 10768	 10775 : 0
 10772	 10799 : 0
 10796	 10803 : 0
 10800	 10815 : 0
 10812	 10823 : 0
 10820	 10831 : 0
 10828	 10839 : 0
 10836	 10855 : 0
 10852	 10903 : 0
 10900	 10915 : 0
 10912	 10951 : 0
 10948	 10999 : 0
 10996	 11023 : 0
 11020	 11027 : 0
 11024	 11063 : 0
 11060	 11071 : 0
 11068	 11095 : 0
 11092	 11099 : 1
 11096	 11103 : 0
 11100	 11107 : 0
 11104	 11131 : 0
 11128	 11135 : 0
 11132	 11163 : 0
 11160	 11167 : 0
 11164	 11235 : 0
 11232	 11239 : 0
 11236	 11559 : 0
 11556	 11563 : 0
 11560	 11571 : 0
 11568	 11591 : 0
 11588	 11595 : 0
 11592	 11599 : 0
 11596	 11607 : 0
 11604	 11611 : 1
 11608	 11615 : 0
 11612	 11675 : 0
 11672	 11679 : 0
 11676	 11711 : 0
 11708	 11719 : 0
 11716	 11731 : 0
 11728	 11735 : 0
 11732	 11739 : 0
 11736	 11743 : 0
 11740	 11771 : 1
 11768	 11775 : 0
 11772	 11787 : 0
 11784	 11799 : 0
 11796	 11811 : 0
 11808	 11819 : 0
 11816	 11823 : 0
 11820	 11827 : 0
 11824	 11971 : 0
 11968	 11975 : 0
 11972	 12023 : 0
 12020	 12027 : 0
 12024	 12155 : 0
 12152	 12159 : 0
 12156	 12163 : 0
 12160	 12175 : 0
 12172	 12179 : 0
 12176	 12195 : 0
 12192	 12207 : 0
 12204	 12211 : 0
 12208	 12235 : 0
 12232	 12259 : 0
 12256	 12263 : 0
 12260	 12283 : 0
 12280	 12303 : 0
 12300	 12307 : 0
 12304	 12315 : 0
 12312	 12343 : 0
 12340	 12347 : 0
 12344	 12367 : 0
 12364	 12383 : 0
 12380	 12391 : 0
 12388	 12431 : 0
 12428	 12447 : 0
 12444	 12455 : 0
 12452	 12463 : 0
 12460	 12475 : 0
 12472	 12515 : 0
 12512	 12571 : 0
 12568	 12575 : 0
 12572	 12607 : 0
 12604	 12631 : 0
 12628	 12639 : 0
 12636	 12671 : 0
 12668	 12675 : 0
 12672	 12747 : 0
 12744	 12751 : 0
 12748	 12819 : 0
 12816	 12823 : 1
 12820	 12939 : 0
 12936	 13031 : 1
 13028	 13043 : 0
 13040	 13047 : 0
 13044	 13211 : 0
 13208	 13243 : 0
 13240	 13387 : 0
 13384	 13415 : 0
 13412	 13431 : 0
 13428	 13463 : 0
 13460	 13563 : 0
 13560	 13579 : 0
 13576	 13587 : 0
 13584	 13591 : 0
 13588	 13607 : 0
 13604	 13643 : 0
 13640	 13655 : 0
 13652	 13659 : 0
 13656	 13695 : 0
 13692	 13703 : 1
 13700	 13711 : 0
 13708	 13719 : 0
 13716	 13735 : 0
 13732	 13743 : 0
 13740	 13767 : 0
 13764	 13815 : 0
 13812	 13819 : 0
 13816	 13847 : 0
 13844	 13851 : 0
 13848	 13859 : 0
 13856	 13875 : 0
 13872	 13943 : 0
 13940	 13947 : 0
 13944	 13963 : 1
 13960	 13967 : 0
 13964	 13979 : 0
 13976	 13983 : 0
 13980	 13991 : 0
 13988	 14007 : 0
 14004	 14011 : 0
 14008	 14079 : 0
 14076	 14115 : 0
 14112	 14127 : 0
 14124	 14171 : 0
 14168	 14183 : 0
 14180	 14187 : 0
 14184	 14343 : 0
 14340	 14347 : 1
 14344	 14351 : 0
 14348	 14355 : 0
 14352	 14391 : 0
 14388	 14423 : 0
 14420	 14439 : 0
 14436	 14447 : 0
 14444	 14451 : 0
 14448	 14459 : 0
 14456	 14463 : 0
 14460	 14475 : 0
 14472	 14479 : 0
 14476	 14495 : 0
 14492	 14503 : 0
 14500	 14543 : 0
 14540	 14623 : 0
 14620	 14635 : 0
 14632	 14675 : 0
 14672	 14687 : 0
 14684	 14703 : 0
 14700	 14715 : 0
 14712	 14719 : 0
 14716	 14751 : 0
 14748	 14771 : 0
 14768	 14775 : 0
 14772	 14791 : 0
 14788	 14795 : 1
 14792	 14815 : 0
 14812	 14835 : 0
 14832	 14843 : 0
 14840	 14851 : 0
 14848	 14855 : 0
 14852	 14863 : 0
 14860	 14883 : 0
 14880	 14887 : 0
 14884	 14927 : 0
 14924	 14931 : 0
 14928	 14959 : 0
 14956	 14971 : 0
 14968	 14987 : 0
 14984	 15007 : 0
 15004	 15067 : 0
 15064	 15075 : 0
 15072	 15079 : 0
 15076	 15115 : 0
 15112	 15175 : 0
 15172	 15191 : 0
 15188	 15195 : 0
 15192	 15207 : 0
 15204	 15231 : 0
 15228	 15371 : 0
 15368	 15375 : 0
 15372	 15403 : 0
 15400	 15415 : 0
 15412	 15419 : 0
 15416	 15503 : 0
 15500	 15507 : 0
 15504	 15511 : 0
 15508	 15527 : 0
 15524	 15531 : 0
 15528	 15555 : 0
 15552	 15575 : 0
 15572	 15607 : 0
 15604	 15635 : 0
 15632	 15687 : 0
 15684	 15691 : 0
 15688	 15695 : 0
 15692	 15699 : 0
 15696	 15703 : 0
 15700	 15731 : 0
 15728	 15735 : 0
 15732	 15739 : 0
 15736	 15751 : 0
 15748	 15755 : 0
 15752	 15779 : 0
 15776	 15791 : 0
 15788	 15799 : 0
 15796	 15803 : 0
 15800	 15815 : 0
 15812	 15827 : 0
 15824	 15831 : 0
 15828	 15859 : 0
 15856	 15863 : 0
 15860	 15875 : 0
 15872	 15895 : 0
 15892	 15899 : 0
 15896	 15903 : 0
 15900	 15927 : 0
 15924	 15943 : 0
 15940	 15959 : 0
 15956	 15967 : 0
 15964	 15999 : 0
 15996	 16003 : 0
 16000	 16015 : 0
 16012	 16043 : 0
 16040	 16059 : 0
 16056	 16063 : 0
 16060	 16071 : 0
 16068	 16091 : 0
 16088	 16103 : 0
 16100	 16195 : 0
 16192	 16207 : 0
 16204	 16215 : 0
 16212	 16243 : 0
 16240	 16259 : 0
 16256	 16263 : 0
 16260	 16271 : 0
 16268	 16283 : 0
 16280	 16287 : 0
 16284	 16311 : 0
 16308	 16335 : 0
 16332	 16363 : 0
 16360	 16375 : 0
 16372	 16419 : 0
 16416	 16431 : 0
 16428	 16435 : 0
 16432	 16443 : 0
 16440	 16447 : 0
 16444	 16451 : 0
 16448	 16455 : 0
 16452	 16491 : 0
 16488	 16495 : 0
 16492	 16511 : 0
 16508	 16539 : 0
 16536	 16547 : 0
 16544	 16551 : 0
 16548	 16583 : 0
 16580	 16587 : 0
 16584	 16607 : 0
 16604	 16611 : 0
 16608	 16623 : 0
 16620	 16627 : 0
 16624	 16631 : 0
 16628	 16651 : 0
 16648	 16679 : 0
 16676	 16691 : 0
 16688	 16695 : 0
 16692	 16699 : 0
 16696	 16703 : 0
 16700	 16715 : 0
 16712	 16731 : 0
 16728	 16759 : 0
 16756	 16859 : 0
 16856	 16863 : 0
 16860	 16875 : 0
 16872	 16891 : 0
 16888	 16907 : 1
 16904	 16919 : 0
 16916	 16923 : 1
 16920	 16927 : 0
 16924	 16943 : 0
 16940	 16951 : 0
 16948	 16983 : 1
 16980	 16987 : 0
 16984	 16995 : 0
 16992	 17007 : 0
 17004	 17011 : 0
 17008	 17015 : 0
 17012	 17059 : 0
 17056	 17063 : 0
 17060	 17099 : 1
 17096	 17103 : 0
 17100	 17119 : 0
 17116	 17127 : 0
 17124	 17151 : 0
 17148	 17155 : 0
 17152	 17159 : 0
 17156	 17163 : 0
 17160	 17167 : 1
 17164	 17171 : 0
 17168	 17191 : 0
 17188	 17195 : 0
 17192	 17199 : 0
 17196	 17231 : 0
 17228	 17235 : 0
 17232	 17255 : 0
 17252	 17259 : 0
 17256	 17263 : 0
 17260	 17267 : 0
 17264	 17271 : 0
 17268	 17283 : 0
 17280	 17299 : 0
 17296	 17319 : 0
 17316	 17359 : 0
 17356	 17367 : 0
 17364	 17399 : 0
 17396	 17407 : 0
 17404	 17423 : 0
 17420	 17443 : 0
 17440	 17451 : 0
 17448	 17455 : 0
 17452	 17479 : 0
 17476	 17495 : 0
 17492	 17503 : 0
 17500	 17515 : 0
 17512	 17519 : 0
 17516	 17523 : 0
 17520	 17527 : 0
 17524	 17531 : 0
 17528	 17535 : 0
 17532	 17559 : 0
 17556	 17567 : 0
 17564	 17579 : 0
 17576	 17583 : 0
 17580	 17603 : 0
 17600	 17615 : 0
 17612	 17619 : 0
 17616	 17651 : 0
 17648	 17663 : 0
 17660	 17667 : 0
 17664	 17679 : 0
 17676	 17687 : 0
 17684	 17703 : 0
 17700	 17707 : 0
 17704	 17735 : 0
 17732	 17759 : 0
 17756	 17771 : 0
 17768	 17775 : 0
 17772	 17787 : 0
 17784	 17799 : 0
 17796	 17803 : 0
 17800	 17807 : 0
 17804	 17819 : 0
 17816	 17823 : 0
 17820	 17839 : 0
 17836	 17843 : 0
 17840	 17851 : 0
 17848	 17863 : 0
 17860	 17875 : 0
 17872	 17891 : 0
 17888	 17895 : 0
 17892	 17899 : 0
 17896	 17903 : 0
 17900	 17907 : 0
 17904	 17927 : 0
 17924	 17931 : 0
 17928	 17935 : 0
 17932	 17939 : 0
 17936	 17943 : 0
 17940	 17951 : 0
 17948	 17955 : 0
 17952	 17987 : 0
 17984	 17991 : 1
 17988	 17999 : 0
 17996	 18039 : 0
 18036	 18083 : 0
 18080	 18087 : 0
 18084	 18091 : 0
 18088	 18095 : 0
 18092	 18115 : 0
 18112	 18143 : 0
 18140	 18175 : 0
 18172	 18199 : 0
 18196	 18207 : 0
 18204	 18211 : 1
 18208	 18223 : 0
 18220	 18259 : 0
 18256	 18271 : 0
 18268	 18275 : 0
 18272	 18327 : 0
 18324	 18343 : 0
 18340	 18347 : 0
 18344	 18355 : 0
 18352	 18363 : 0
 18360	 18367 : 0
 18364	 18379 : 0
 18376	 18387 : 0
 18384	 18395 : 0
 18392	 18411 : 0
 18408	 18427 : 0
 18424	 18435 : 0
 18432	 18439 : 0
 18436	 18459 : 0
 18456	 18467 : 0
 18464	 18475 : 0
 18472	 18483 : 0
 18480	 18491 : 0
 18488	 18495 : 0
 18492	 18499 : 0
 18496	 18523 : 0
 18520	 18527 : 0
 18524	 18535 : 0
 18532	 18539 : 0
 18536	 18543 : 0
 18540	 18547 : 1
 18544	 18595 : 0
 18592	 18603 : 0
 18600	 18623 : 0
 18620	 18627 : 0
 18624	 18631 : 0
 18628	 18643 : 0
 18640	 18651 : 0
 18648	 18663 : 1
 18660	 18667 : 0
 18664	 18671 : 0
 18668	 18675 : 0
 18672	 18679 : 0
 18676	 18687 : 0
 18684	 18695 : 1
 18692	 18699 : 0
 18696	 18707 : 0
 18704	 18715 : 0
 18712	 18719 : 0
 18716	 18723 : 0
 18720	 18727 : 0
 18724	 18739 : 0
 18736	 18743 : 1
 18740	 18751 : 0
 18748	 18783 : 0
 18780	 18795 : 0
 18792	 18803 : 0
 18800	 18807 : 0
 18804	 18811 : 0
 18808	 18831 : 0
 18828	 18835 : 0
 18832	 18871 : 0
 18868	 18879 : 0
 18876	 18895 : 0
 18892	 18911 : 0
 18908	 18915 : 0
 18912	 18927 : 1
 18924	 18931 : 0
 18928	 18935 : 0
 18932	 18943 : 0
 18940	 18963 : 0
 18960	 18971 : 0
 18968	 19007 : 0
 19004	 19011 : 0
 19008	 19027 : 1
 19024	 19035 : 0
 19032	 19055 : 0
 19052	 19079 : 0
 19076	 19083 : 0
 19080	 19099 : 0
 19096	 19115 : 1
 19112	 19159 : 0
 19156	 19191 : 0
 19188	 19207 : 0
 19204	 19235 : 1
 19232	 19339 : 0
 19336	 19355 : 1
 19352	 19359 : 0
 19356	 19387 : 0
 19384	 19391 : 0
 19388	 19395 : 0
 19392	 19399 : 0
 19396	 19431 : 0
 19428	 19451 : 0
 19448	 19455 : 0
 19452	 19459 : 0
 19456	 19463 : 0
 19460	 19479 : 0
 19476	 19495 : 0
 19492	 19503 : 0
 19500	 19511 : 0
 19508	 19519 : 0
 19516	 19579 : 0
 19576	 19583 : 0
 19580	 19591 : 0
 19588	 19599 : 0
 19596	 19603 : 0
 19600	 19631 : 0
 19628	 19643 : 0
 19640	 19659 : 0
 19656	 19667 : 0
 19664	 19671 : 0
 19668	 19683 : 0
 19680	 19695 : 0
 19692	 19703 : 0
 19700	 19723 : 0
 19720	 19735 : 0
 19732	 19751 : 0
 19748	 19759 : 0
 19756	 19787 : 0
 19784	 19791 : 0
 19788	 19803 : 0
 19800	 19807 : 0
 19804	 19819 : 0
 19816	 19823 : 0
 19820	 19835 : 0
 19832	 19843 : 0
 19840	 19847 : 0
 19844	 19851 : 0
 19848	 19855 : 0
 19852	 19863 : 0
 19860	 19871 : 0
 19868	 19975 : 0
 19972	 19979 : 0
 19976	 19987 : 0
 19984	 20007 : 0
 20004	 20083 : 0
 20080	 20119 : 0
 20116	 20151 : 0
 20148	 20155 : 0
 20152	 20179 : 0
 20176	 20183 : 0
 20180	 20195 : 0
 20192	 20199 : 0
 20196	 20227 : 0
 20224	 20407 : 0
 20404	 20439 : 0
 20436	 20443 : 0
 20440	 20451 : 0
 20448	 20463 : 0
 20460	 20475 : 0
 20472	 20487 : 0
 20484	 20515 : 0
 20512	 20527 : 0
 20524	 20619 : 0
 20616	 20647 : 0
 20644	 20655 : 0
 20652	 20675 : 0
 20672	 20683 : 0
 20680	 20711 : 0
 20708	 20739 : 0
 20736	 20931 : 0
 20928	 20939 : 0
 20936	 20947 : 0
 20944	 20951 : 0
 20948	 20979 : 0
 20976	 20983 : 0
 20980	 20991 : 0
 20988	 20999 : 0
 20996	 21015 : 0
 21012	 21031 : 0
 21028	 21047 : 0
 21044	 21051 : 0
 21048	 21055 : 0
 21052	 21063 : 0
 21060	 21079 : 0
 21076	 21083 : 1
 21080	 21087 : 0
 21084	 21091 : 0
 21088	 21095 : 0
 21092	 21103 : 0
 21100	 21107 : 0
 21104	 21135 : 0
 21132	 21219 : 0
 21216	 21235 : 0
 21232	 21239 : 0
 21236	 21243 : 0
 21240	 21247 : 0
 21244	 21279 : 0
 21276	 21287 : 0
 21284	 21295 : 0
 21292	 21299 : 0
 21296	 21307 : 0
 21304	 21315 : 0
 21312	 21323 : 0
 21320	 21327 : 0
 21324	 21339 : 0
 21336	 21343 : 0
 21340	 21351 : 0
 21348	 21359 : 0
 21356	 21367 : 0
 21364	 21375 : 0
 21372	 21411 : 1
 21408	 21739 : 0
 21736	 21767 : 0
 21764	 21851 : 0
 21848	 21863 : 0
 21860	 21875 : 0
 21872	 21879 : 0
 21876	 21883 : 0
 21880	 21903 : 0
 21900	 21907 : 0
 21904	 21959 : 0
 21956	 21975 : 0
 21972	 21979 : 0
 21976	 22019 : 0
 22016	 22067 : 0
 22064	 22095 : 0
 22092	 22151 : 0
 22148	 22155 : 0
 22152	 22163 : 0
 22160	 22175 : 0
 22172	 22199 : 0
 22196	 22235 : 0
 22232	 22243 : 0
 22240	 22251 : 0
 22248	 22263 : 0
 22260	 22271 : 0
 22268	 22275 : 0
 22272	 22279 : 0
 22276	 22283 : 0
 22280	 22291 : 0
 22288	 22295 : 0
 22292	 22315 : 0
 22312	 22323 : 1
 22320	 22335 : 0
 22332	 22343 : 0
 22340	 22355 : 0
 22352	 22359 : 0
 22356	 22383 : 0
 22380	 22387 : 0
 22384	 22399 : 0
 22396	 22403 : 0
 22400	 22419 : 0
 22416	 22443 : 0
 22440	 22451 : 0
 22448	 22467 : 0
 22464	 22471 : 0
 22468	 22475 : 0
 22472	 22479 : 0
 22476	 22483 : 0
 22480	 22519 : 0
 22516	 22523 : 1
 22520	 22527 : 0
 22524	 22543 : 0
 22540	 22631 : 0
 22628	 22635 : 0
 22632	 22775 : 0
 22772	 22891 : 0
 22888	 22907 : 0
 22904	 22923 : 0
 22920	 22931 : 0
 22928	 22935 : 0
 22932	 22963 : 0
 22960	 22971 : 0
 22968	 23095 : 0
 23092	 23099 : 0
 23096	 23211 : 0
 23208	 23367 : 0
 23364	 23387 : 0
 23384	 23391 : 0
 23388	 23395 : 0
 23392	 23399 : 0
 23396	 23411 : 0
 23408	 23415 : 0
 23412	 23447 : 0
 23444	 23475 : 0
 23472	 23531 : 0
 23528	 23535 : 0
 23532	 23543 : 0
 23540	 23547 : 0
 23544	 23563 : 0
 23560	 23575 : 0
 23572	 23583 : 0
 23580	 23599 : 0
 23596	 23627 : 0
 23624	 23635 : 0
 23632	 23643 : 0
 23640	 23671 : 0
 23668	 23683 : 0
 23680	 23711 : 0
 23708	 23715 : 0
 23712	 23771 : 0
 23768	 23775 : 0
 23772	 23779 : 0
 23776	 23787 : 0
 23784	 23875 : 0
 23872	 23959 : 0
 23956	 23963 : 0
 23960	 24091 : 0
 24088	 24099 : 0
 24096	 24175 : 0
 24172	 24191 : 0
 24188	 24207 : 0
 24204	 24223 : 0
 24220	 24235 : 0
 24232	 24251 : 0
 24248	 24287 : 0
 24284	 24291 : 0
 24288	 24307 : 0
 24304	 24315 : 0
 24312	 24399 : 0
 24396	 24411 : 0
 24408	 24435 : 0
 24432	 24443 : 0
 24440	 24463 : 0
 24460	 24479 : 0
 24476	 24495 : 0
 24492	 24515 : 0
 24512	 24531 : 0
 24528	 24543 : 0
 24540	 24579 : 0
 24576	 24583 : 0
 24580	 24595 : 0
 24592	 24619 : 1
 24616	 24623 : 0
 24620	 24647 : 0
 24644	 24699 : 0
 24696	 24735 : 0
 24732	 24787 : 0
 24784	 24803 : 0
 24800	 24839 : 0
 24836	 24847 : 1
 24844	 24851 : 0
 24848	 24871 : 1
 24868	 24891 : 0
 24888	 24919 : 0
 24916	 24927 : 0
 24924	 24939 : 0
 24936	 24967 : 0
 24964	 24979 : 0
 24976	 24983 : 0
 24980	 24995 : 0
 24992	 25003 : 0
 25000	 25023 : 1
 25020	 25035 : 0
 25032	 25055 : 0
 25052	 25067 : 0
 25064	 25075 : 0
 25072	 25083 : 0
 25080	 25091 : 1
 25088	 25099 : 0
 25096	 25127 : 0
 25124	 25131 : 0
 25128	 25139 : 1
 25136	 25151 : 0
 25148	 25155 : 0
 25152	 25159 : 0
 25156	 25167 : 1
 25164	 25171 : 0
 25168	 25183 : 0
 25180	 25203 : 0
 25200	 25215 : 0
 25212	 25219 : 0
 25216	 25231 : 0
 25228	 25239 : 0
 25236	 25243 : 0
 25240	 25267 : 0
 25264	 25275 : 1
 25272	 25303 : 0
 25300	 25307 : 0
 25304	 25315 : 0
 25312	 25327 : 0
 25324	 25343 : 0
 25340	 25359 : 1
 25356	 25391 : 0
 25388	 25395 : 0
 25392	 25415 : 0
 25412	 25427 : 1
 25424	 25459 : 0
 25456	 25463 : 1
 25460	 25479 : 0
 25476	 25483 : 0
 25480	 25487 : 0
 25484	 25547 : 0
 25544	 25583 : 0
 25580	 25595 : 1
 25592	 25599 : 0
 25596	 25635 : 0
 25632	 25679 : 0
 25676	 25695 : 0
 25692	 25699 : 0
 25696	 25707 : 0
 25704	 25711 : 0
 25708	 25715 : 0
 25712	 25719 : 0
 25716	 25723 : 0
 25720	 25731 : 0
 25728	 25735 : 0
 25732	 25747 : 0
 25744	 25751 : 0
 25748	 25755 : 0
 25752	 25775 : 0
 25772	 25779 : 0
 25776	 25783 : 0
 25780	 25807 : 0
 25804	 25815 : 1
 25812	 25819 : 0
 25816	 25867 : 0
 25864	 25871 : 0
 25868	 25883 : 0
 25880	 25887 : 0
 25884	 25899 : 0
 25896	 25907 : 0
 25904	 25911 : 0
 25908	 26031 : 0
 26028	 26451 : 0
 26448	 26471 : 0
 26468	 26579 : 0
 26576	 26859 : 0
 26856	 28239 : 0
 28236	 28243 : 0
 28240	 28271 : 0
 28268	 28287 : 0
 28284	 28311 : 0
 28308	 28319 : 0
 28316	 28743 : 0
 28740	 28755 : 0
 28752	 28763 : 0
 28760	 28771 : 0
 28768	 28783 : 0
 28780	 28791 : 0
 28788	 28795 : 0
 28792	 28815 : 0
 28812	 29103 : 0
