     0	    27 : 1
    24	    31 : 0
    28	    79 : 0
    76	    83 : 0
    80	    99 : 0
    96	   107 : 0
   104	   131 : 1
   128	   143 : 0
   140	   167 : 0
   164	   171 : 0
   168	   195 : 0
   192	   199 : 0
   196	   203 : 0
   200	   235 : 0
   232	   239 : 0
   236	   243 : 0
   240	   255 : 1
   252	   267 : 0
   264	   315 : 1
   312	   347 : 0
   344	   355 : 1
   352	   371 : 0
   368	   387 : 0
   384	   419 : 0
   416	   427 : 1
   424	   463 : 0
   460	   471 : 0
   468	   483 : 0
   480	   495 : 1
   492	   499 : 0
   496	   511 : 0
   508	   515 : 0
   512	   539 : 0
   536	   583 : 0
   580	   591 : 1
   588	   607 : 0
   604	   639 : 0
   636	   643 : 0
   640	   655 : 0
   652	   687 : 0
   684	   695 : 0
   692	   699 : 0
   696	   719 : 0
   716	   783 : 0
   780	   787 : 1
   784	   791 : 0
   788	   795 : 0
   792	   799 : 0
   796	   803 : 0
   800	   807 : 0
   804	   811 : 0
   808	   831 : 0
   828	   839 : 0
   836	   843 : 0
   840	   855 : 0
   852	   859 : 0
   856	   863 : 0
   860	   875 : 0
   872	   907 : 0
   904	   915 : 0
   912	   935 : 1
   932	   947 : 0
   944	   951 : 0
   948	   959 : 0
   956	   991 : 0
   988	  1011 : 0
  1008	  1067 : 0
  1064	  1087 : 0
  1084	  1159 : 0
  1156	  1199 : 0
  1196	  1207 : 0
  1204	  1215 : 0
  1212	  1223 : 1
  1220	  1243 : 0
  1240	  1259 : 0
  1256	  1275 : 0
  1272	  1323 : 0
  1320	  1343 : 0
  1340	  1383 : 0
  1380	  1387 : 0
  1384	  1399 : 0
  1396	  1403 : 0
  1400	  1415 : 0
  1412	  1419 : 0
  1416	  1427 : 1
  1424	  1435 : 0
  1432	  1439 : 0
  1436	  1443 : 0
  1440	  1451 : 0
  1448	  1459 : 0
  1456	  1515 : 0
  1512	  1519 : 0
  1516	  1523 : 1
  1520	  1535 : 0
  1532	  1547 : 0
  1544	  1611 : 0
  1608	  1623 : 0
  1620	  1679 : 0
  1676	  1687 : 0
  1684	  1731 : 0
  1728	  1759 : 0
  1756	  1819 : 0
  1816	  1823 : 1
  1820	  1951 : 0
  1948	  1959 : 1
  1956	  1963 : 0
  1960	  1967 : 0
  1964	  1991 : 0
  1988	  2027 : 0
  2024	  2031 : 0
  2028	  2051 : 0
  2048	  2067 : 0
  2064	  2079 : 0
  2076	  2083 : 0
  2080	  2143 : 0
  2140	  2215 : 0
  2212	  2227 : 0
  2224	  2231 : 0
  2228	  2271 : 0
  2268	  2279 : 0
  2276	  2295 : 0
  2292	  2315 : 0
  2312	  2323 : 1
  2320	  2391 : 0
  2388	  2431 : 1
  2428	  2459 : 0
  2456	  2599 : 0
  2596	  2611 : 0
  2608	  2615 : 0
  2612	  2623 : 0
  2620	  2659 : 0
  2656	  2663 : 0
  2660	  2667 : 1
  2664	  2671 : 0
  2668	  2679 : 0
  2676	  2703 : 0
  2700	  2763 : 0
  2760	  2791 : 0
  2788	  2795 : 0
  2792	  2803 : 0
  2800	  2887 : 1
  2884	  2931 : 0
  2928	  2943 : 0
  2940	  3015 : 0
  3012	  3131 : 1
  3128	  3135 : 0
  3132	  3139 : 0
  3136	  3163 : 0
  3160	  3175 : 0
  3172	  3183 : 0
  3180	  3223 : 0
  3220	  3235 : 0
  3232	  3251 : 0
  3248	  3255 : 2
  3252	  3259 : 1
  3256	  3271 : 0
  3268	  3275 : 1
  3272	  3279 : 0
  3276	  3287 : 1
  3284	  3291 : 0
  3288	  3299 : 1
  3296	  3303 : 0
  3300	  3311 : 1
  3308	  3319 : 0
  3316	  3323 : 1
  3320	  3327 : 0
  3324	  3335 : 0
  3332	  3355 : 0
  3352	  3359 : 1
  3356	  3391 : 0
  3388	  3415 : 0
  3412	  3419 : 0
  3416	  3435 : 0
  3432	  3447 : 0
  3444	  3503 : 0
  3500	  3567 : 0
  3564	  3575 : 1
  3572	  3587 : 0
  3584	  3599 : 0
  3596	  3607 : 0
  3604	  3639 : 1
  3636	  3679 : 0
  3676	  3683 : 1
  3680	  3743 : 0
  3740	  3747 : 1
  3744	  3751 : 0
  3748	  3791 : 0
  3788	  3795 : 0
  3792	  3823 : 0
  3820	  3827 : 0
  3824	  3847 : 1
  3844	  3863 : 0
  3860	  3887 : 0
  3884	  3891 : 0
  3888	  3895 : 2
  3892	  3915 : 1
  3912	  3927 : 0
  3924	  3939 : 1
  3936	  3943 : 0
  3940	  3999 : 0
  3996	  4003 : 0
  4000	  4007 : 1
  4004	  4039 : 0
  4036	  4051 : 0
  4048	  4067 : 0
  4064	  4071 : 0
  4068	  4087 : 0
  4084	  4091 : 0
  4088	  4115 : 0
  4112	  4163 : 1
  4160	  4215 : 0
  4212	  4267 : 1
  4264	  4327 : 0
  4324	  4359 : 1
  4356	  4363 : 0
  4360	  4375 : 0
  4372	  4435 : 0
  4432	  4455 : 1
  4452	  4499 : 0
  4496	  4503 : 0
  4500	  4511 : 0
  4508	  4647 : 0
  4644	  4659 : 0
  4656	  4683 : 1
  4680	  4691 : 0
  4688	  4699 : 0
  4696	  4759 : 0
  4756	  4767 : 0
  4764	  4775 : 0
  4772	  4783 : 0
  4780	  4875 : 0
  4872	  4915 : 1
  4912	  4927 : 0
  4924	  4931 : 0
  4928	  4963 : 0
  4960	  4975 : 0
  4972	  4999 : 0
  4996	  5007 : 0
  5004	  5015 : 0
  5012	  5019 : 0
  5016	  5031 : 0
  5028	  5035 : 0
  5032	  5055 : 0
  5052	  5067 : 0
  5064	  5071 : 0
  5068	  5083 : 0
  5080	  5087 : 0
  5084	  5095 : 0
  5092	  5099 : 0
  5096	  5119 : 0
  5116	  5223 : 0
  5220	  5251 : 0
