     0	    79 : 0
    76	   351 : 0
   348	   355 : 2
   352	   359 : 0
   356	   443 : 0
   440	   595 : 0
   592	   599 : 1
   596	   823 : 0
   820	   843 : 0
   840	   855 : 0
   852	  1103 : 0
  1100	  1135 : 0
  1132	  1143 : 1
  1140	  1219 : 0
  1216	  1283 : 1
  1280	  1723 : 0
  1720	  1731 : 1
  1728	  2007 : 0
  2004	  2011 : 1
  2008	  2043 : 0
  2040	  2051 : 1
  2048	  2079 : 0
  2076	  2087 : 1
  2084	  2107 : 0
  2104	  2115 : 1
  2112	  2135 : 0
  2132	  2215 : 1
  2212	  2219 : 0
  2216	  2339 : 0
  2336	  2515 : 0
  2512	  2539 : 0
  2536	  2547 : 0
  2544	  2555 : 0
  2552	  2643 : 0
  2640	  2651 : 1
  2648	  2707 : 0
  2704	  2711 : 1
  2708	  2727 : 0
  2724	  2739 : 1
  2736	  2743 : 0
  2740	  2759 : 1
  2756	  2779 : 0
  2776	  2783 : 1
  2780	  2787 : 0
  2784	  2815 : 0
  2812	  2943 : 0
  2940	  2995 : 1
  2992	  3235 : 0
  3232	  3275 : 1
  3272	  3283 : 0
  3280	  3291 : 0
  3288	  3563 : 0
  3560	  3571 : 0
  3568	  3575 : 0
  3572	  3599 : 0
  3596	  3603 : 0
  3600	  3655 : 0
  3652	  3659 : 0
  3656	  3663 : 0
  3660	  3671 : 0
  3668	  3679 : 0
  3676	  3735 : 0
  3732	  3747 : 0
  3744	  3767 : 0
  3764	  3775 : 1
  3772	  3867 : 0
  3864	  3875 : 1
  3872	  3907 : 0
  3904	  3915 : 0
  3912	  3947 : 0
  3944	  3963 : 0
  3960	  3967 : 0
  3964	  3983 : 0
  3980	  4011 : 0
  4008	  4015 : 0
  4012	  4027 : 0
  4024	  4031 : 0
  4028	  4255 : 0
  4252	  4279 : 0
  4276	  4291 : 0
  4288	  4415 : 0
  4412	  4827 : 0
  4824	  5023 : 1
  5020	  5039 : 0
  5036	  5047 : 1
  5044	  5279 : 0
  5276	  5287 : 1
  5284	  5343 : 0
  5340	  5347 : 1
  5344	  5519 : 0
  5516	  5527 : 0
  5524	  5531 : 0
  5528	  5539 : 1
  5536	  5583 : 0
  5580	  5591 : 1
  5588	  5639 : 0
  5636	  5659 : 0
  5656	  5687 : 0
  5684	  5695 : 2
  5692	  5779 : 0
  5776	  5883 : 0
  5880	  5891 : 1
  5888	  6027 : 0
  6024	  6239 : 1
