     0	   195 : 0
   192	   211 : 0
   208	   219 : 0
   216	   223 : 0
   220	   227 : 0
   224	   231 : 0
   228	   235 : 0
   232	   259 : 0
   256	   459 : 1
   456	   463 : 0
   460	   535 : 0
   532	   551 : 0
   548	   559 : 0
   556	   671 : 0
   668	   803 : 1
   800	   807 : 0
   804	   847 : 0
   844	   859 : 0
   856	   863 : 0
   860	   951 : 0
   948	  1047 : 1
  1044	  1051 : 0
  1048	  1095 : 1
  1092	  1099 : 0
  1096	  1107 : 0
  1104	  1219 : 0
  1216	  1227 : 1
  1224	  1231 : 0
  1228	  1359 : 0
  1356	  1387 : 0
  1384	  1403 : 0
  1400	  1411 : 0
  1408	  1503 : 0
  1500	  1515 : 0
  1512	  1639 : 0
  1636	  1655 : 0
  1652	  1767 : 0
  1764	  1799 : 0
  1796	  1847 : 1
  1844	  1851 : 0
  1848	  1855 : 0
  1852	  1859 : 0
  1856	  1935 : 0
  1932	  2027 : 0
  2024	  2235 : 0
  2232	  2255 : 0
  2252	  2259 : 0
  2256	  2271 : 0
  2268	  2335 : 0
  2332	  2367 : 0
  2364	  2387 : 1
  2384	  2391 : 0
  2388	  2431 : 1
  2428	  2435 : 0
  2432	  2443 : 0
  2440	  2447 : 0
  2444	  2463 : 0
  2460	  2471 : 0
  2468	  2495 : 0
  2492	  2499 : 0
  2496	  2779 : 1
  2776	  2787 : 0
  2784	  2847 : 0
  2844	  2859 : 0
  2856	  2899 : 1
  2896	  2931 : 0
  2928	  3051 : 1
  3048	  3223 : 0
  3220	  3383 : 1
  3380	  3499 : 0
  3496	  3539 : 1
  3536	  3547 : 0
  3544	  3923 : 0
  3920	  3943 : 0
  3940	  3955 : 1
  3952	  3959 : 0
  3956	  3963 : 0
  3960	  3987 : 0
  3984	  4099 : 1
  4096	  4103 : 0
  4100	  4123 : 0
  4120	  4155 : 0
  4152	  4163 : 1
  4160	  4251 : 0
  4248	  4255 : 1
  4252	  4459 : 0
  4456	  4479 : 0
  4476	  4483 : 0
  4480	  4491 : 0
  4488	  4499 : 0
  4496	  4511 : 0
  4508	  4547 : 0
  4544	  4567 : 0
  4564	  4759 : 0
  4756	  4763 : 1
  4760	  4779 : 0
  4776	  4787 : 1
  4784	  4791 : 0
  4788	  4795 : 1
  4792	  4951 : 0
  4948	  4963 : 1
  4960	  4971 : 0
  4968	  4979 : 0
  4976	  5095 : 0
  5092	  5111 : 0
  5108	  5187 : 0
  5184	  5191 : 1
  5188	  5247 : 0
  5244	  5251 : 0
  5248	  5267 : 0
  5264	  5275 : 0
  5272	  5415 : 0
  5412	  5427 : 1
  5424	  5507 : 0
  5504	  5515 : 0
  5512	  5731 : 0
  5728	  5739 : 1
  5736	  5751 : 0
  5748	  6011 : 0
  6008	  6031 : 0
  6028	  6043 : 1
  6040	  6047 : 0
  6044	  6051 : 0
  6048	  6071 : 0
  6068	  6211 : 1
  6208	  6215 : 0
  6212	  6247 : 0
  6244	  6403 : 0
  6400	  6407 : 0
  6404	  6483 : 0
  6480	  6487 : 1
  6484	  6495 : 0
  6492	  6503 : 1
  6500	  6531 : 0
  6528	  6575 : 0
  6572	  6635 : 0
  6632	  6647 : 0
  6644	  6651 : 0
  6648	  6667 : 0
  6664	  6687 : 0
  6684	  6691 : 0
  6688	  6703 : 0
  6700	  6707 : 0
  6704	  6711 : 0
  6708	  6731 : 0
  6728	  6759 : 0
  6756	  6767 : 1
  6764	  6791 : 0
  6788	  6811 : 0
  6808	  6823 : 0
  6820	  6831 : 1
  6828	  6959 : 0
  6956	  6967 : 0
  6964	  7019 : 0
  7016	  7027 : 0
  7024	  7271 : 0
  7268	  7287 : 1
  7284	  7291 : 0
  7288	  7475 : 0
