     0	   119 : 0
   116	   127 : 0
   124	   411 : 0
   408	   423 : 1
   420	   451 : 0
   448	   475 : 0
   472	   495 : 0
   492	   563 : 0
   560	  1135 : 0
  1132	  1211 : 0
  1208	  2511 : 0
  2508	  2611 : 0
  2608	  3063 : 0
  3060	  3071 : 0
  3068	  3191 : 0
  3188	  3195 : 0
  3192	  3271 : 0
  3268	  3275 : 0
  3272	  3323 : 0
  3320	  3331 : 0
  3328	  3343 : 0
  3340	  3359 : 0
  3356	  3363 : 0
  3360	  3395 : 0
  3392	  3711 : 0
  3708	  3731 : 0
  3728	  4047 : 0
  4044	  4051 : 0
  4048	  4083 : 0
  4080	  4119 : 0
  4116	  4403 : 0
  4400	  4439 : 0
  4436	  4991 : 0
  4988	  5007 : 0
  5004	  5063 : 0
  5060	  5071 : 0
  5068	  5259 : 0
  5256	  5283 : 0
  5280	  5571 : 0
  5568	  5595 : 0
  5592	  5651 : 0
  5648	  5659 : 0
  5656	  5763 : 0
  5760	  5767 : 0
  5764	  5787 : 0
  5784	  5819 : 0
  5816	  5839 : 0
  5836	  5899 : 0
  5896	  6075 : 0
  6072	  6103 : 0
  6100	  6495 : 0
  6492	  6499 : 0
  6496	  6539 : 0
  6536	  6579 : 0
  6576	  6611 : 0
  6608	  6627 : 0
  6624	  6751 : 0
  6748	  6851 : 0
  6848	  7223 : 0
  7220	  7243 : 0
  7240	  7763 : 0
  7760	  7815 : 0
  7812	  7819 : 0
  7816	  7835 : 0
  7832	  7855 : 0
  7852	  7871 : 0
  7868	  7943 : 0
  7940	  7959 : 0
  7956	  8467 : 0
  8464	  8519 : 0
  8516	  8851 : 0
  8848	  8891 : 0
  8888	  8899 : 0
  8896	  8935 : 0
  8932	  8987 : 0
  8984	  9031 : 0
  9028	  9047 : 0
  9044	  9055 : 0
  9052	  9079 : 0
  9076	  9091 : 0
  9088	  9119 : 0
  9116	  9123 : 0
  9120	  9159 : 0
  9156	  9199 : 0
  9196	  9219 : 0
  9216	  9295 : 0
  9292	  9643 : 0
  9640	  9667 : 0
  9664	  9835 : 0
  9832	  9851 : 0
  9848	 10419 : 0
 10416	 10459 : 0
 10456	 10755 : 0
 10752	 10759 : 0
 10756	 10935 : 0
 10932	 10939 : 0
 10936	 10951 : 0
 10948	 10991 : 0
 10988	 11051 : 0
 11048	 11059 : 0
 11056	 11063 : 0
 11060	 11103 : 0
 11100	 11475 : 0
 11472	 11587 : 0
 11584	 11643 : 0
 11640	 11683 : 0
 11680	 11915 : 0
 11912	 11959 : 0
 11956	 12491 : 0
 12488	 12539 : 0
 12536	 12551 : 0
 12548	 12583 : 0
 12580	 12663 : 0
 12660	 12731 : 0
 12728	 13051 : 0
 13048	 13079 : 0
 13076	 13111 : 0
 13108	 13135 : 0
 13132	 13191 : 0
 13188	 13203 : 0
 13200	 13219 : 0
 13216	 13223 : 0
 13220	 13379 : 0
 13376	 13383 : 0
 13380	 13455 : 0
 13452	 13479 : 0
 13476	 13683 : 0
 13680	 13695 : 0
 13692	 13991 : 0
 13988	 13995 : 0
 13992	 14487 : 0
 14484	 14491 : 0
 14488	 14839 : 0
 14836	 14843 : 0
 14840	 15059 : 0
 15056	 15119 : 0
 15116	 15123 : 0
 15120	 15239 : 0
 15236	 15295 : 0
 15292	 15323 : 0
 15320	 15343 : 0
 15340	 15351 : 0
 15348	 15531 : 0
 15528	 15567 : 0
 15564	 15655 : 0
 15652	 15663 : 0
 15660	 15731 : 0
 15728	 15743 : 0
 15740	 15755 : 0
 15752	 15767 : 0
 15764	 15951 : 0
 15948	 15959 : 0
 15956	 15983 : 0
 15980	 15999 : 0
 15996	 16087 : 0
 16084	 16103 : 0
 16100	 16315 : 0
 16312	 16323 : 0
 16320	 16327 : 0
 16324	 16347 : 0
 16344	 16851 : 0
 16848	 16871 : 0
 16868	 17119 : 0
 17116	 17131 : 0
 17128	 17359 : 0
 17356	 17407 : 0
 17404	 17619 : 0
 17616	 17623 : 0
 17620	 17735 : 0
 17732	 17747 : 0
 17744	 17863 : 0
 17860	 17899 : 0
 17896	 18071 : 0
 18068	 18079 : 0
 18076	 18215 : 0
 18212	 18231 : 0
 18228	 18263 : 0
 18260	 18271 : 0
 18268	 18507 : 0
 18504	 18515 : 0
 18512	 18527 : 0
 18524	 18531 : 0
 18528	 18543 : 0
 18540	 18559 : 0
 18556	 18819 : 0
 18816	 18823 : 0
 18820	 18847 : 0
 18844	 18851 : 0
 18848	 18903 : 0
 18900	 18911 : 0
 18908	 18935 : 0
 18932	 18963 : 0
 18960	 19039 : 0
 19036	 19043 : 0
 19040	 19103 : 0
 19100	 19111 : 0
 19108	 19123 : 0
 19120	 19135 : 0
 19132	 19319 : 0
 19316	 19343 : 0
 19340	 19435 : 0
 19432	 19443 : 0
 19440	 19559 : 0
 19556	 19571 : 0
 19568	 19647 : 0
 19644	 19679 : 0
 19676	 19715 : 0
 19712	 19723 : 0
 19720	 19779 : 0
 19776	 19783 : 0
 19780	 19835 : 0
 19832	 19839 : 0
 19836	 20099 : 0
 20096	 20103 : 0
 20100	 20179 : 0
 20176	 20183 : 0
 20180	 20267 : 0
 20264	 20275 : 0
 20272	 20331 : 0
 20328	 20371 : 0
 20368	 20431 : 0
 20428	 20467 : 0
 20464	 20667 : 0
 20664	 20703 : 0
 20700	 20727 : 0
 20724	 20759 : 0
 20756	 20935 : 0
 20932	 20959 : 0
 20956	 21047 : 0
 21044	 21083 : 0
 21080	 21087 : 0
 21084	 21227 : 0
 21224	 21231 : 0
 21228	 21275 : 0
 21272	 21319 : 0
 21316	 21327 : 1
 21324	 21383 : 0
 21380	 21387 : 1
 21384	 21395 : 0
 21392	 21415 : 1
 21412	 21463 : 0
 21460	 21475 : 1
 21472	 21479 : 0
 21476	 21507 : 1
