     0	    11 : 0
     8	    31 : 0
    28	    51 : 0
    48	   119 : 0
   116	   123 : 0
   120	   127 : 0
   124	   195 : 0
   192	   211 : 0
   208	   219 : 0
   216	   227 : 0
   224	   275 : 0
   272	   331 : 0
   328	   339 : 0
   336	   427 : 0
   424	   435 : 0
   432	   547 : 0
   544	   583 : 1
   580	   615 : 0
   612	   655 : 0
   652	   955 : 0
   952	   963 : 0
   960	   987 : 0
   984	  1035 : 0
  1032	  1055 : 0
  1052	  1083 : 0
  1080	  1111 : 0
  1108	  1123 : 0
  1120	  1131 : 0
  1128	  1151 : 0
  1148	  1315 : 0
  1312	  1347 : 1
  1344	  1355 : 0
  1352	  1359 : 0
  1356	  1363 : 0
  1360	  1723 : 0
  1720	  1747 : 0
  1744	  1751 : 0
  1748	  1763 : 0
  1760	  1819 : 0
  1816	  1827 : 0
  1824	  1915 : 0
  1912	  1919 : 0
  1916	  1927 : 0
  1924	  1947 : 0
  1944	  1955 : 0
  1952	  1959 : 0
  1956	  2071 : 0
  2068	  2075 : 0
  2072	  2103 : 0
  2100	  3139 : 0
  3136	  3175 : 1
  3172	  3203 : 0
  3200	  3235 : 0
  3232	  3243 : 0
  3240	  3255 : 0
  3252	  3267 : 0
  3264	  3291 : 0
  3288	  3311 : 0
  3308	  3315 : 0
  3312	  3335 : 0
  3332	  3355 : 0
  3352	  3383 : 0
  3380	  3387 : 0
  3384	  3399 : 0
  3396	  3423 : 0
  3420	  3479 : 0
  3476	  3491 : 0
  3488	  3831 : 0
  3828	  3863 : 1
  3860	  4167 : 0
  4164	  4203 : 0
  4200	  4215 : 0
  4212	  4219 : 0
  4216	  4223 : 0
  4220	  4231 : 0
  4228	  4267 : 0
  4264	  4275 : 0
  4272	  4327 : 0
  4324	  4347 : 0
  4344	  4363 : 0
  4360	  4371 : 0
  4368	  4379 : 0
  4376	  4383 : 0
  4380	  4495 : 0
  4492	  4527 : 0
  4524	  4539 : 0
  4536	  4559 : 0
  4556	  4563 : 0
  4560	  4575 : 0
  4572	  4675 : 0
  4672	  4679 : 0
  4676	  5035 : 0
  5032	  5227 : 1
  5224	  5891 : 0
  5888	  5895 : 0
  5892	  5899 : 0
  5896	  5951 : 0
  5948	  6011 : 0
  6008	  6015 : 0
  6012	  6019 : 0
  6016	  6067 : 0
  6064	  6131 : 0
  6128	  6155 : 0
  6152	  6163 : 0
  6160	  6171 : 0
  6168	  6323 : 0
  6320	  6327 : 0
  6324	  6331 : 0
  6328	  6335 : 0
  6332	  6443 : 0
  6440	  6447 : 0
  6444	  6451 : 0
  6448	  6459 : 0
  6456	  6463 : 0
  6460	  6475 : 0
  6472	  6483 : 0
  6480	  6503 : 0
  6500	  6507 : 0
  6504	  6515 : 0
  6512	  6523 : 0
  6520	  6531 : 0
  6528	  6615 : 0
  6612	  6627 : 1
