     0	   183 : 0
   180	   391 : 0
   388	   395 : 1
   392	   451 : 0
   448	   471 : 0
   468	   475 : 0
   472	   479 : 0
   476	   503 : 0
   500	   515 : 0
   512	   519 : 0
   516	   523 : 0
   520	   531 : 0
   528	   559 : 0
   556	   583 : 0
   580	   603 : 0
   600	   607 : 0
   604	   611 : 0
   608	   623 : 0
   620	   627 : 0
   624	   743 : 0
   740	   787 : 0
   784	   791 : 0
   788	   875 : 0
   872	   899 : 0
   896	   907 : 0
   904	   999 : 0
   996	  1003 : 0
  1000	  1031 : 0
  1028	  1043 : 0
  1040	  1051 : 0
  1048	  1083 : 0
  1080	  1091 : 0
  1088	  1111 : 0
  1108	  1123 : 0
  1120	  1131 : 0
  1128	  1223 : 0
  1220	  1227 : 0
  1224	  1255 : 0
  1252	  1303 : 0
  1300	  1311 : 0
  1308	  1319 : 0
  1316	  1335 : 0
  1332	  1339 : 0
  1336	  1347 : 0
  1344	  1355 : 0
  1352	  1359 : 0
  1356	  1395 : 0
  1392	  1411 : 0
  1408	  1415 : 0
  1412	  1419 : 0
  1416	  1439 : 0
  1436	  1447 : 0
  1444	  1463 : 0
  1460	  1487 : 0
  1484	  1491 : 0
  1488	  1507 : 0
  1504	  1511 : 0
  1508	  1527 : 0
  1524	  1547 : 0
  1544	  1555 : 0
  1552	  1559 : 0
  1556	  1575 : 0
  1572	  1615 : 0
  1612	  1619 : 0
  1616	  1627 : 1
  1624	  1871 : 0
  1868	  1879 : 1
  1876	  1983 : 0
  1980	  1999 : 1
  1996	  2075 : 0
  2072	  2079 : 0
  2076	  2091 : 0
  2088	  2111 : 0
  2108	  2115 : 0
  2112	  2123 : 0
  2120	  2247 : 0
  2244	  2251 : 0
  2248	  2411 : 0
  2408	  2423 : 0
  2420	  2447 : 0
  2444	  2559 : 0
  2556	  2563 : 0
  2560	  2571 : 0
  2568	  2595 : 0
  2592	  2627 : 0
  2624	  2663 : 0
  2660	  2687 : 0
  2684	  2719 : 0
  2716	  2731 : 0
  2728	  2799 : 0
  2796	  2811 : 0
  2808	  2819 : 0
  2816	  2827 : 0
  2824	  2831 : 0
  2828	  2839 : 0
  2836	  2847 : 0
  2844	  2891 : 0
  2888	  2935 : 0
  2932	  2951 : 0
  2948	  2959 : 0
  2956	  2971 : 0
  2968	  2975 : 0
  2972	  3003 : 0
  3000	  3015 : 0
  3012	  3071 : 0
  3068	  3115 : 0
  3112	  3207 : 1
  3204	  3227 : 0
  3224	  3267 : 0
  3264	  3271 : 0
  3268	  3275 : 0
  3272	  3299 : 0
  3296	  3303 : 0
  3300	  3307 : 0
  3304	  3319 : 0
  3316	  3331 : 0
  3328	  3335 : 0
  3332	  3355 : 0
  3352	  3359 : 0
  3356	  3363 : 0
  3360	  3367 : 0
  3364	  3379 : 0
  3376	  3391 : 0
  3388	  3395 : 0
  3392	  3415 : 1
  3412	  3419 : 0
  3416	  3423 : 0
  3420	  3519 : 0
  3516	  3531 : 1
  3528	  3539 : 0
  3536	  3543 : 0
  3540	  3551 : 0
  3548	  3611 : 0
  3608	  3623 : 0
  3620	  3671 : 0
  3668	  3679 : 0
  3676	  3691 : 0
  3688	  3695 : 0
  3692	  3723 : 0
  3720	  3767 : 0
  3764	  3775 : 1
  3772	  3807 : 0
  3804	  3811 : 0
  3808	  3867 : 0
  3864	  3879 : 0
  3876	  3883 : 0
  3880	  3899 : 0
  3896	  3915 : 0
  3912	  3931 : 0
  3928	  4019 : 0
  4016	  4035 : 0
  4032	  4143 : 0
  4140	  4155 : 0
  4152	  4159 : 0
  4156	  4187 : 0
  4184	  4191 : 0
  4188	  4215 : 0
  4212	  4219 : 0
  4216	  4327 : 0
  4324	  4419 : 0
  4416	  4427 : 0
  4424	  4747 : 0
  4744	  4755 : 1
  4752	  4807 : 0
  4804	  4811 : 0
  4808	  4823 : 0
  4820	  4871 : 0
  4868	  4887 : 0
  4884	  4891 : 0
  4888	  4931 : 0
  4928	  4951 : 0
  4948	  4971 : 0
  4968	  4975 : 0
  4972	  4983 : 0
  4980	  5007 : 0
  5004	  5011 : 0
  5008	  5015 : 0
  5012	  5019 : 0
  5016	  5043 : 0
  5040	  5055 : 0
  5052	  5067 : 0
  5064	  5075 : 0
  5072	  5087 : 0
  5084	  5099 : 0
  5096	  5103 : 0
  5100	  5107 : 0
  5104	  5123 : 0
  5120	  5143 : 0
  5140	  5147 : 0
  5144	  5251 : 0
  5248	  5319 : 0
  5316	  5339 : 0
  5336	  5351 : 0
  5348	  5387 : 0
  5384	  5403 : 0
  5400	  5407 : 0
  5404	  5411 : 0
  5408	  5463 : 0
  5460	  5475 : 0
  5472	  5507 : 0
  5504	  5643 : 0
  5640	  5647 : 0
  5644	  5651 : 0
  5648	  5683 : 0
  5680	  5691 : 0
  5688	  5723 : 0
  5720	  5739 : 0
  5736	  5867 : 0
  5864	  5883 : 0
  5880	  5891 : 0
  5888	  5899 : 0
  5896	  5947 : 0
  5944	  5951 : 0
  5948	  5967 : 0
  5964	  5999 : 0
  5996	  6051 : 0
  6048	  6067 : 0
  6064	  6091 : 0
  6088	  6175 : 0
  6172	  6179 : 0
  6176	  6219 : 0
  6216	  6223 : 0
  6220	  6307 : 0
  6304	  6311 : 0
  6308	  6327 : 0
  6324	  6331 : 0
  6328	  6343 : 0
  6340	  6379 : 0
  6376	  6387 : 0
  6384	  6395 : 0
  6392	  6435 : 1
  6432	  6443 : 0
  6440	  6451 : 0
  6448	  6459 : 0
  6456	  6463 : 0
  6460	  6539 : 0
  6536	  6619 : 1
  6616	  6623 : 0
  6620	  6663 : 0
  6660	  6695 : 0
  6692	  6711 : 0
  6708	  6719 : 0
  6716	  6731 : 0
  6728	  6735 : 0
  6732	  6747 : 0
  6744	  6751 : 0
  6748	  6771 : 0
  6768	  6775 : 0
  6772	  6787 : 0
  6784	  6795 : 0
  6792	  6807 : 0
  6804	  6819 : 0
  6816	  6843 : 0
  6840	  6863 : 0
  6860	  6871 : 1
  6868	  6891 : 0
  6888	  6895 : 0
  6892	  6951 : 0
  6948	  6959 : 0
  6956	  7071 : 0
  7068	  7087 : 0
  7084	  7107 : 0
  7104	  7159 : 0
  7156	  7167 : 0
  7164	  7175 : 0
  7172	  7183 : 0
  7180	  7367 : 0
  7364	  7371 : 0
  7368	  7491 : 0
  7488	  7499 : 0
  7496	  7507 : 0
  7504	  7511 : 0
  7508	  7523 : 0
  7520	  7527 : 0
  7524	  7531 : 0
  7528	  7583 : 0
  7580	  7591 : 0
  7588	  7607 : 0
  7604	  7611 : 0
  7608	  7623 : 0
  7620	  7631 : 0
  7628	  7647 : 0
  7644	  7707 : 0
  7704	  7711 : 0
  7708	  7719 : 0
  7716	  7727 : 0
  7724	  7735 : 0
  7732	  7767 : 0
  7764	  7791 : 0
  7788	  7875 : 0
  7872	  7883 : 0
  7880	  7887 : 0
  7884	  7891 : 0
  7888	  7935 : 0
  7932	  7955 : 0
  7952	  8099 : 0
  8096	  8103 : 0
  8100	  8111 : 0
  8108	  8115 : 0
  8112	  8267 : 0
  8264	  8275 : 0
  8272	  8291 : 0
  8288	  8295 : 0
  8292	  8367 : 0
  8364	  8467 : 0
  8464	  8471 : 0
  8468	  8475 : 0
  8472	  8487 : 0
  8484	  8491 : 0
  8488	  8511 : 0
  8508	  8515 : 0
  8512	  8527 : 0
  8524	  8551 : 0
  8548	  8555 : 0
  8552	  8567 : 0
  8564	  8575 : 0
  8572	  8583 : 0
  8580	  8611 : 0
  8608	  8623 : 0
  8620	  8631 : 0
  8628	  8639 : 0
  8636	  8655 : 0
  8652	  8663 : 0
  8660	  8667 : 0
  8664	  8679 : 0
  8676	  8687 : 0
  8684	  8723 : 0
  8720	  8751 : 0
  8748	  8775 : 0
  8772	  8783 : 0
  8780	  8795 : 0
  8792	  8815 : 0
  8812	  8827 : 0
  8824	  8835 : 0
  8832	  8851 : 0
  8848	  8883 : 0
  8880	  8911 : 0
  8908	  8939 : 0
  8936	  8947 : 0
  8944	  8955 : 0
  8952	  9047 : 0
  9044	  9075 : 0
  9072	  9095 : 0
  9092	  9099 : 0
  9096	  9103 : 0
  9100	  9107 : 0
  9104	  9119 : 0
  9116	  9123 : 0
  9120	  9135 : 0
  9132	  9159 : 0
  9156	  9167 : 0
  9164	  9195 : 0
  9192	  9203 : 0
  9200	  9207 : 0
  9204	  9239 : 0
  9236	  9295 : 0
  9292	  9335 : 0
  9332	  9339 : 0
  9336	  9395 : 0
  9392	  9415 : 0
  9412	  9431 : 0
  9428	  9475 : 0
  9472	  9755 : 0
  9752	  9771 : 0
  9768	  9779 : 0
  9776	  9795 : 0
  9792	  9807 : 0
  9804	  9851 : 0
  9848	  9899 : 0
  9896	  9955 : 0
  9952	  9959 : 0
  9956	  9963 : 0
  9960	 10051 : 0
 10048	 10083 : 0
 10080	 10087 : 0
 10084	 10091 : 0
 10088	 10159 : 0
 10156	 10163 : 0
 10160	 10203 : 0
 10200	 10207 : 0
 10204	 10211 : 0
 10208	 10235 : 0
 10232	 10239 : 0
 10236	 10247 : 0
 10244	 10279 : 0
 10276	 10283 : 0
 10280	 10287 : 0
 10284	 10295 : 0
 10292	 10339 : 0
 10336	 10343 : 0
 10340	 10363 : 0
 10360	 10379 : 0
 10376	 10383 : 0
 10380	 10435 : 0
 10432	 10439 : 0
 10436	 10447 : 0
 10444	 10451 : 1
 10448	 10455 : 0
 10452	 10499 : 0
 10496	 10507 : 0
 10504	 10615 : 0
 10612	 10619 : 0
 10616	 10623 : 0
 10620	 10627 : 0
 10624	 10631 : 0
 10628	 10663 : 0
 10660	 10667 : 0
 10664	 10671 : 0
 10668	 10679 : 0
 10676	 10691 : 0
 10688	 10695 : 0
 10692	 10775 : 0
 10772	 10783 : 0
 10780	 10823 : 0
 10820	 10895 : 0
 10892	 10899 : 0
 10896	 10903 : 0
 10900	 10919 : 0
 10916	 10931 : 0
 10928	 10943 : 0
 10940	 10947 : 0
 10944	 10959 : 0
 10956	 10983 : 0
 10980	 10991 : 0
 10988	 11019 : 0
 11016	 11039 : 0
 11036	 11059 : 0
 11056	 11139 : 0
 11136	 11143 : 0
 11140	 11147 : 0
 11144	 11163 : 0
 11160	 11167 : 0
 11164	 11171 : 0
 11168	 11195 : 0
 11192	 11287 : 0
 11284	 11303 : 0
 11300	 11311 : 0
 11308	 11375 : 0
 11372	 11379 : 0
 11376	 11447 : 0
 11444	 11507 : 0
 11504	 11547 : 0
 11544	 11555 : 0
 11552	 11567 : 0
 11564	 11571 : 0
 11568	 11575 : 0
 11572	 11675 : 0
 11672	 11679 : 0
 11676	 11683 : 1
 11680	 11747 : 0
 11744	 11751 : 0
 11748	 11755 : 0
 11752	 11795 : 0
 11792	 11803 : 0
 11800	 11807 : 0
 11804	 11811 : 0
 11808	 11863 : 0
 11860	 11867 : 0
 11864	 11931 : 0
 11928	 11935 : 0
 11932	 11939 : 0
 11936	 11955 : 0
 11952	 11983 : 0
 11980	 11995 : 0
 11992	 12003 : 0
 12000	 12007 : 0
 12004	 12019 : 0
 12016	 12075 : 0
 12072	 12083 : 0
 12080	 12119 : 0
 12116	 12147 : 0
 12144	 12151 : 0
 12148	 12155 : 0
 12152	 12199 : 0
 12196	 12295 : 0
 12292	 12299 : 0
 12296	 12307 : 0
 12304	 12315 : 0
 12312	 12363 : 0
 12360	 12395 : 0
 12392	 12415 : 0
 12412	 12443 : 0
 12440	 12451 : 0
 12448	 12459 : 0
 12456	 12463 : 0
 12460	 12467 : 0
 12464	 12551 : 1
 12548	 12555 : 0
 12552	 12559 : 0
 12556	 12619 : 0
 12616	 12683 : 0
 12680	 12723 : 0
 12720	 12747 : 0
 12744	 12751 : 0
 12748	 12763 : 1
 12760	 12795 : 0
 12792	 12803 : 0
 12800	 12807 : 0
 12804	 12831 : 0
 12828	 12835 : 0
 12832	 12839 : 0
 12836	 12867 : 0
 12864	 12911 : 0
 12908	 12919 : 0
 12916	 12923 : 0
 12920	 12935 : 0
 12932	 13015 : 0
 13012	 13023 : 0
 13020	 13039 : 0
 13036	 13047 : 0
 13044	 13071 : 0
 13068	 13075 : 0
 13072	 13079 : 0
 13076	 13187 : 0
 13184	 13227 : 0
 13224	 13231 : 0
 13228	 13247 : 0
 13244	 13259 : 0
 13256	 13275 : 0
 13272	 13399 : 0
 13396	 13411 : 1
 13408	 13419 : 0
 13416	 13443 : 0
 13440	 13451 : 0
 13448	 13479 : 0
 13476	 13503 : 0
 13500	 13519 : 0
 13516	 13523 : 0
 13520	 13575 : 0
 13572	 13591 : 0
 13588	 13687 : 0
 13684	 13691 : 0
 13688	 13715 : 0
 13712	 13747 : 0
 13744	 13751 : 0
 13748	 13783 : 0
 13780	 13787 : 0
 13784	 13795 : 0
 13792	 13799 : 0
 13796	 13807 : 0
 13804	 13819 : 0
 13816	 13823 : 0
 13820	 13831 : 0
 13828	 13835 : 0
 13832	 13907 : 0
 13904	 13963 : 0
 13960	 14003 : 0
 14000	 14047 : 0
 14044	 14051 : 0
 14048	 14091 : 0
 14088	 14095 : 0
 14092	 14103 : 0
 14100	 14311 : 0
 14308	 14315 : 0
 14312	 14399 : 0
 14396	 14443 : 0
 14440	 14499 : 0
 14496	 14507 : 0
 14504	 14535 : 0
 14532	 14555 : 0
 14552	 14735 : 0
 14732	 14739 : 0
 14736	 14747 : 0
 14744	 14751 : 0
 14748	 14755 : 0
 14752	 14775 : 0
 14772	 14795 : 0
 14792	 14807 : 0
 14804	 14871 : 0
 14868	 14875 : 0
 14872	 14907 : 0
 14904	 14911 : 0
 14908	 14919 : 1
 14916	 14975 : 0
 14972	 15103 : 0
 15100	 15119 : 0
 15116	 15271 : 0
 15268	 15275 : 0
 15272	 15283 : 0
 15280	 15287 : 0
 15284	 15299 : 0
 15296	 15311 : 0
 15308	 15315 : 0
 15312	 15339 : 0
 15336	 15359 : 0
 15356	 15367 : 0
 15364	 15371 : 0
 15368	 15379 : 0
 15376	 15603 : 0
 15600	 15607 : 0
 15604	 15611 : 0
 15608	 15779 : 0
 15776	 15791 : 0
 15788	 15795 : 0
 15792	 15883 : 0
 15880	 16027 : 0
 16024	 16075 : 0
 16072	 16087 : 0
 16084	 16127 : 0
 16124	 16131 : 0
 16128	 16139 : 0
 16136	 16147 : 0
 16144	 16163 : 0
 16160	 16195 : 0
 16192	 16203 : 0
 16200	 16235 : 0
 16232	 16279 : 0
 16276	 16307 : 0
 16304	 16319 : 0
 16316	 16323 : 0
 16320	 16327 : 0
 16324	 16335 : 0
 16332	 16339 : 0
 16336	 16455 : 0
 16452	 16495 : 0
 16492	 16511 : 0
 16508	 16515 : 0
 16512	 16523 : 0
 16520	 16531 : 0
 16528	 16631 : 0
 16628	 16639 : 0
 16636	 16719 : 0
 16716	 16779 : 0
 16776	 16799 : 0
 16796	 16803 : 0
 16800	 16871 : 0
 16868	 16895 : 0
 16892	 16947 : 0
 16944	 17263 : 0
 17260	 17271 : 0
 17268	 17303 : 0
 17300	 17335 : 0
 17332	 17359 : 0
 17356	 17367 : 0
 17364	 17371 : 0
 17368	 17375 : 0
 17372	 17387 : 0
 17384	 17391 : 0
 17388	 17607 : 0
 17604	 17619 : 0
 17616	 17623 : 0
 17620	 17659 : 0
 17656	 17679 : 0
 17676	 17691 : 0
 17688	 17699 : 0
 17696	 17711 : 0
 17708	 17723 : 0
 17720	 17735 : 0
 17732	 17795 : 0
 17792	 17799 : 0
 17796	 17883 : 0
 17880	 17887 : 0
 17884	 18027 : 0
 18024	 18035 : 0
 18032	 18039 : 0
 18036	 18043 : 0
 18040	 18071 : 0
 18068	 18075 : 0
 18072	 18179 : 0
 18176	 18259 : 0
 18256	 18275 : 0
 18272	 18291 : 0
 18288	 18295 : 0
 18292	 18299 : 0
 18296	 18331 : 0
 18328	 18363 : 0
 18360	 18395 : 0
 18392	 18419 : 0
 18416	 18495 : 0
 18492	 18507 : 0
 18504	 18527 : 0
 18524	 18579 : 0
 18576	 18595 : 0
 18592	 18599 : 0
 18596	 18607 : 0
 18604	 18615 : 0
 18612	 18739 : 0
 18736	 18751 : 0
 18748	 18839 : 0
 18836	 18847 : 0
 18844	 18859 : 0
 18856	 18863 : 0
 18860	 18899 : 0
 18896	 18915 : 0
 18912	 18951 : 0
 18948	 18955 : 0
 18952	 18959 : 0
 18956	 19047 : 0
 19044	 19059 : 0
 19056	 19063 : 0
 19060	 19119 : 0
 19116	 19123 : 0
 19120	 19263 : 0
 19260	 19375 : 0
 19372	 19391 : 0
 19388	 19407 : 0
 19404	 19411 : 0
 19408	 19419 : 0
 19416	 19455 : 0
 19452	 19459 : 0
 19456	 19523 : 1
 19520	 19531 : 0
 19528	 19547 : 0
 19544	 19551 : 0
 19548	 19555 : 0
 19552	 19559 : 0
 19556	 19575 : 0
 19572	 19639 : 0
 19636	 19643 : 0
 19640	 19659 : 0
 19656	 19691 : 0
 19688	 19703 : 0
 19700	 19799 : 0
 19796	 19815 : 0
 19812	 19823 : 0
 19820	 19839 : 0
 19836	 19871 : 0
 19868	 19879 : 0
 19876	 19883 : 0
 19880	 19887 : 0
 19884	 19971 : 0
 19968	 19979 : 0
 19976	 20019 : 1
 20016	 20095 : 0
 20092	 20115 : 0
 20112	 20123 : 0
 20120	 20127 : 0
 20124	 20135 : 0
 20132	 20143 : 1
 20140	 20595 : 0
 20592	 20675 : 1
