     0	    39 : 1
    36	    59 : 0
    56	    91 : 0
    88	   163 : 0
   160	   167 : 0
   164	   187 : 0
   184	   199 : 0
   196	   215 : 0
   212	   219 : 0
   216	   227 : 0
   224	   247 : 0
   244	   267 : 0
   264	   283 : 0
   280	   287 : 0
   284	   291 : 0
   288	   295 : 0
   292	   343 : 0
   340	   371 : 0
   368	   391 : 0
   388	   411 : 0
   408	   439 : 0
   436	   443 : 0
   440	   447 : 1
   444	   559 : 0
   556	   567 : 0
   564	   571 : 0
   568	   575 : 0
   572	   583 : 0
   580	   595 : 0
   592	   599 : 0
   596	   611 : 0
   608	   663 : 0
   660	   671 : 1
   668	   767 : 0
   764	   771 : 1
   768	   827 : 0
   824	   839 : 0
   836	   939 : 0
   936	   943 : 0
   940	   947 : 0
   944	   955 : 1
   952	   987 : 0
   984	   991 : 0
   988	   995 : 0
   992	  1027 : 0
  1024	  1099 : 0
  1096	  1111 : 1
  1108	  1151 : 0
  1148	  1159 : 0
  1156	  1171 : 0
  1168	  1175 : 0
  1172	  1203 : 0
  1200	  1215 : 0
  1212	  1219 : 0
  1216	  1223 : 0
  1220	  1235 : 0
  1232	  1239 : 0
  1236	  1275 : 0
  1272	  1287 : 0
  1284	  1319 : 0
  1316	  1511 : 1
  1508	  1531 : 0
  1528	  1535 : 1
  1532	  1687 : 0
  1684	  1735 : 0
  1732	  1751 : 0
  1748	  1759 : 0
  1756	  1763 : 0
  1760	  1775 : 0
  1772	  1875 : 0
  1872	  1883 : 0
  1880	  1891 : 0
  1888	  1907 : 0
  1904	  2003 : 0
  2000	  2015 : 0
  2012	  2055 : 0
  2052	  2063 : 0
  2060	  2119 : 0
  2116	  2139 : 0
  2136	  2183 : 0
  2180	  2219 : 1
  2216	  2243 : 0
  2240	  2259 : 0
  2256	  2279 : 0
  2276	  2287 : 0
  2284	  2347 : 0
  2344	  2375 : 0
  2372	  2387 : 0
  2384	  2391 : 0
  2388	  2403 : 0
  2400	  2411 : 1
  2408	  2459 : 0
  2456	  2463 : 0
  2460	  2467 : 0
  2464	  2523 : 0
  2520	  2627 : 0
  2624	  2647 : 0
  2644	  2651 : 0
  2648	  2655 : 0
  2652	  2699 : 0
  2696	  2707 : 0
  2704	  2735 : 0
  2732	  2755 : 1
  2752	  2759 : 0
  2756	  2771 : 0
  2768	  2775 : 0
  2772	  2807 : 0
  2804	  2811 : 0
  2808	  2835 : 0
  2832	  2863 : 0
  2860	  2903 : 0
  2900	  2919 : 0
  2916	  2963 : 0
  2960	  2971 : 0
  2968	  3011 : 0
  3008	  3039 : 0
  3036	  3043 : 0
  3040	  3059 : 0
  3056	  3147 : 0
  3144	  3151 : 0
  3148	  3155 : 0
  3152	  3171 : 0
  3168	  3175 : 1
  3172	  3191 : 0
  3188	  3203 : 0
  3200	  3207 : 0
  3204	  3215 : 0
  3212	  3235 : 0
  3232	  3255 : 0
  3252	  3279 : 0
  3276	  3287 : 0
  3284	  3387 : 0
  3384	  3395 : 0
  3392	  3499 : 0
  3496	  3503 : 1
  3500	  3523 : 0
  3520	  3527 : 0
  3524	  3531 : 0
  3528	  3547 : 0
  3544	  3575 : 0
  3572	  3583 : 0
  3580	  3603 : 0
  3600	  3607 : 0
  3604	  3615 : 0
  3612	  3651 : 1
  3648	  3655 : 0
  3652	  3663 : 0
  3660	  3675 : 0
  3672	  3687 : 0
  3684	  3691 : 0
  3688	  3707 : 0
  3704	  3723 : 0
  3720	  3739 : 0
  3736	  3743 : 0
  3740	  3791 : 0
  3788	  3799 : 0
  3796	  3847 : 0
  3844	  3851 : 0
  3848	  3863 : 0
  3860	  3955 : 0
  3952	  3983 : 0
  3980	  3987 : 0
  3984	  3991 : 0
  3988	  3999 : 0
  3996	  4007 : 0
  4004	  4047 : 0
  4044	  4063 : 1
  4060	  4067 : 0
  4064	  4151 : 0
  4148	  4167 : 0
  4164	  4191 : 0
  4188	  4195 : 0
  4192	  4307 : 0
  4304	  4319 : 0
  4316	  4331 : 0
  4328	  4335 : 0
  4332	  4355 : 0
  4352	  4367 : 0
  4364	  4403 : 0
  4400	  4411 : 0
  4408	  4443 : 0
  4440	  4447 : 0
  4444	  4467 : 0
  4464	  4483 : 0
  4480	  4487 : 0
  4484	  4511 : 0
  4508	  4563 : 0
  4560	  4655 : 0
  4652	  4659 : 1
  4656	  4691 : 0
  4688	  4723 : 0
  4720	  4735 : 0
  4732	  4739 : 0
  4736	  4747 : 0
  4744	  4759 : 0
  4756	  4783 : 0
  4780	  4815 : 0
  4812	  4819 : 0
  4816	  4859 : 1
  4856	  4863 : 0
  4860	  4871 : 0
  4868	  4919 : 0
  4916	  5143 : 1
  5140	  5163 : 0
  5160	  5179 : 0
  5176	  5187 : 0
  5184	  5211 : 0
  5208	  5255 : 0
  5252	  5311 : 0
  5308	  5315 : 0
  5312	  5371 : 0
  5368	  5499 : 0
  5496	  5595 : 0
  5592	  5611 : 0
  5608	  5663 : 0
  5660	  5683 : 0
  5680	  5691 : 1
  5688	  5791 : 0
  5788	  5799 : 0
  5796	  6015 : 0
  6012	  6023 : 0
  6020	  6127 : 0
  6124	  6131 : 1
  6128	  6227 : 0
  6224	  6235 : 1
  6232	  6331 : 0
  6328	  6347 : 1
  6344	  6363 : 0
  6360	  6379 : 0
  6376	  6391 : 0
  6388	  6491 : 0
  6488	  6495 : 0
  6492	  6543 : 0
  6540	  6559 : 0
  6556	  6599 : 0
