     0	    35 : 0
    32	    43 : 0
    40	    55 : 0
    52	    59 : 0
    56	    75 : 1
    72	    79 : 0
    76	   211 : 1
   208	   227 : 0
   224	   243 : 0
   240	   247 : 0
   244	   271 : 0
   268	   331 : 0
   328	   335 : 0
   332	   339 : 0
   336	   375 : 0
   372	   379 : 0
   376	   383 : 0
   380	   387 : 0
   384	   435 : 0
   432	   459 : 0
   456	   475 : 0
   472	   495 : 0
   492	   575 : 0
   572	   607 : 0
   604	   611 : 1
   608	   643 : 0
   640	   647 : 1
   644	   663 : 0
   660	   675 : 0
   672	   695 : 0
   692	   703 : 1
   700	   731 : 0
   728	   735 : 0
   732	   751 : 0
   748	   763 : 1
   760	   767 : 0
   764	   795 : 0
   792	   807 : 0
   804	   815 : 1
   812	   839 : 0
   836	   855 : 0
   852	   863 : 0
   860	   883 : 1
   880	   891 : 0
   888	   899 : 0
   896	   907 : 0
   904	   915 : 1
   912	   955 : 0
   952	   967 : 0
   964	  1023 : 0
  1020	  1031 : 1
  1028	  1035 : 2
  1032	  1051 : 0
  1048	  1059 : 1
  1056	  1075 : 0
  1072	  1079 : 1
  1076	  1139 : 0
  1136	  1143 : 1
  1140	  1203 : 0
  1200	  1207 : 1
  1204	  1331 : 0
  1328	  1399 : 0
  1396	  1403 : 0
  1400	  1407 : 0
  1404	  1463 : 0
  1460	  1467 : 1
  1464	  1471 : 2
  1468	  1611 : 0
  1608	  1707 : 0
  1704	  1719 : 1
  1716	  1923 : 0
  1920	  1927 : 1
  1924	  1939 : 0
  1936	  1971 : 0
  1968	  2015 : 0
  2012	  2019 : 0
  2016	  2067 : 0
  2064	  2099 : 0
  2096	  2135 : 0
  2132	  2151 : 0
  2148	  2319 : 0
  2316	  2323 : 0
  2320	  2331 : 0
  2328	  2335 : 0
  2332	  2351 : 0
  2348	  2359 : 0
  2356	  2411 : 0
  2408	  2419 : 0
  2416	  2439 : 0
  2436	  2447 : 0
  2444	  2475 : 0
  2472	  2483 : 0
  2480	  2491 : 0
  2488	  2495 : 0
  2492	  2543 : 0
  2540	  2559 : 0
  2556	  2583 : 0
  2580	  2587 : 0
  2584	  2627 : 0
  2624	  2651 : 0
  2648	  2671 : 0
  2668	  2715 : 0
  2712	  2727 : 0
  2724	  2731 : 0
  2728	  2795 : 0
  2792	  2799 : 0
  2796	  2807 : 0
  2804	  2843 : 1
  2840	  2855 : 0
  2852	  2859 : 0
  2856	  2863 : 0
  2860	  2911 : 0
  2908	  2923 : 0
  2920	  2939 : 0
  2936	  2967 : 0
  2964	  3087 : 1
  3084	  3091 : 0
  3088	  3215 : 0
  3212	  3287 : 0
  3284	  3315 : 1
  3312	  3323 : 0
  3320	  3347 : 0
  3344	  3379 : 0
  3376	  3471 : 1
  3468	  3503 : 0
  3500	  3531 : 0
  3528	  3535 : 0
  3532	  3539 : 1
  3536	  3543 : 0
  3540	  3563 : 0
  3560	  3575 : 0
  3572	  3579 : 0
  3576	  3639 : 0
  3636	  3655 : 0
  3652	  3667 : 0
  3664	  3675 : 0
  3672	  3683 : 0
  3680	  3687 : 0
  3684	  3703 : 0
  3700	  3711 : 1
  3708	  3739 : 0
  3736	  3743 : 0
  3740	  3751 : 0
  3748	  3755 : 0
  3752	  3759 : 0
  3756	  3763 : 0
  3760	  3783 : 0
  3780	  3803 : 0
  3800	  3807 : 0
  3804	  3815 : 1
  3812	  3947 : 0
  3944	  3983 : 1
  3980	  4015 : 0
  4012	  4031 : 0
  4028	  4035 : 0
  4032	  4043 : 0
  4040	  4055 : 0
  4052	  4059 : 0
  4056	  4071 : 0
  4068	  4075 : 0
  4072	  4079 : 0
  4076	  4083 : 0
  4080	  4087 : 0
  4084	  4099 : 0
  4096	  4103 : 0
  4100	  4107 : 0
  4104	  4127 : 0
  4124	  4131 : 1
  4128	  4167 : 0
  4164	  4175 : 0
  4172	  4195 : 0
  4192	  4203 : 0
  4200	  4207 : 0
  4204	  4219 : 0
  4216	  4227 : 0
  4224	  4243 : 1
  4240	  4255 : 0
  4252	  4295 : 0
  4292	  4299 : 0
  4296	  4307 : 0
  4304	  4323 : 0
  4320	  4395 : 0
  4392	  4403 : 0
  4400	  4443 : 0
  4440	  4455 : 0
  4452	  4463 : 1
  4460	  4575 : 0
  4572	  4643 : 1
  4640	  4663 : 0
  4660	  4675 : 0
  4672	  4679 : 0
  4676	  4755 : 1
  4752	  4803 : 0
  4800	  4807 : 1
  4804	  4819 : 0
  4816	  4823 : 0
  4820	  4827 : 0
  4824	  4835 : 0
  4832	  4839 : 0
  4836	  4859 : 0
  4856	  4883 : 0
  4880	  4887 : 0
  4884	  4903 : 0
  4900	  4919 : 0
  4916	  4923 : 0
  4920	  4931 : 0
  4928	  4935 : 0
  4932	  5039 : 0
  5036	  5055 : 0
  5052	  5219 : 0
  5216	  5223 : 1
  5220	  5243 : 0
  5240	  5251 : 0
  5248	  5255 : 0
  5252	  5263 : 0
  5260	  5283 : 0
  5280	  5323 : 1
  5320	  5339 : 0
  5336	  5351 : 0
  5348	  5363 : 0
  5360	  5491 : 0
  5488	  5511 : 0
  5508	  5527 : 0
  5524	  5539 : 0
  5536	  5555 : 0
  5552	  5563 : 0
  5560	  5567 : 0
  5564	  5619 : 0
  5616	  5623 : 1
  5620	  5779 : 0
  5776	  5799 : 1
  5796	  5807 : 0
  5804	  5811 : 0
  5808	  5831 : 0
  5828	  5855 : 0
  5852	  5863 : 0
  5860	  5867 : 1
  5864	  5911 : 0
  5908	  5915 : 0
  5912	  5923 : 0
  5920	  5939 : 0
  5936	  5975 : 0
  5972	  5987 : 0
  5984	  5991 : 0
  5988	  6007 : 0
  6004	  6011 : 0
  6008	  6015 : 1
  6012	  6119 : 0
  6116	  6127 : 1
  6124	  6135 : 0
  6132	  6139 : 0
  6136	  6147 : 0
  6144	  6191 : 0
  6188	  6195 : 0
  6192	  6275 : 0
  6272	  6347 : 0
  6344	  6355 : 1
  6352	  6407 : 0
  6404	  6411 : 1
  6408	  6463 : 0
  6460	  6527 : 1
  6524	  6535 : 0
  6532	  6539 : 1
  6536	  6567 : 0
  6564	  6571 : 0
  6568	  6579 : 0
  6576	  6591 : 0
  6588	  6599 : 0
  6596	  6623 : 0
  6620	  6627 : 0
  6624	  6651 : 0
  6648	  6667 : 0
  6664	  6683 : 1
  6680	  6687 : 0
  6684	  6759 : 0
  6756	  6779 : 0
  6776	  6783 : 0
  6780	  6799 : 0
  6796	  6803 : 0
  6800	  6843 : 0
  6840	  6855 : 0
  6852	  6871 : 0
  6868	  6939 : 0
  6936	  6963 : 0
  6960	  6975 : 1
  6972	  7003 : 0
  7000	  7019 : 0
  7016	  7023 : 0
  7020	  7063 : 1
  7060	  7087 : 0
  7084	  7095 : 0
  7092	  7099 : 0
  7096	  7127 : 0
  7124	  7131 : 0
  7128	  7159 : 1
  7156	  7163 : 0
  7160	  7203 : 0
  7200	  7227 : 0
  7224	  7231 : 0
  7228	  7455 : 0
  7452	  7459 : 0
  7456	  7499 : 0
  7496	  7539 : 1
  7536	  7543 : 0
  7540	  7555 : 0
  7552	  7607 : 0
  7604	  7615 : 0
  7612	  7619 : 0
  7616	  7627 : 0
  7624	  7651 : 0
  7648	  7659 : 0
  7656	  7699 : 0
  7696	  7715 : 0
  7712	  7803 : 0
  7800	  7971 : 0
  7968	  8111 : 0
  8108	  8115 : 0
  8112	  8191 : 0
  8188	  8239 : 1
  8236	  8275 : 0
  8272	  8279 : 0
  8276	  8299 : 0
  8296	  8307 : 1
  8304	  8315 : 0
  8312	  8335 : 0
  8332	  8355 : 0
  8352	  8359 : 1
  8356	  8375 : 0
  8372	  8387 : 0
  8384	  8391 : 0
  8388	  8395 : 0
  8392	  8415 : 0
  8412	  8419 : 0
  8416	  8495 : 0
  8492	  8499 : 1
  8496	  8587 : 0
  8584	  8695 : 0
  8692	  8699 : 0
  8696	  8715 : 0
  8712	  8767 : 0
  8764	  8771 : 0
  8768	  8827 : 0
  8824	  8831 : 0
  8828	  8871 : 0
  8868	  8879 : 1
  8876	  8959 : 0
  8956	  8963 : 0
  8960	  8999 : 0
  8996	  9011 : 0
  9008	  9051 : 0
  9048	  9063 : 0
  9060	  9067 : 0
  9064	  9071 : 1
  9068	  9091 : 0
  9088	  9099 : 0
  9096	  9123 : 0
  9120	  9127 : 1
  9124	  9131 : 0
  9128	  9155 : 0
  9152	  9167 : 0
  9164	  9179 : 0
  9176	  9235 : 0
  9232	  9239 : 1
  9236	  9339 : 0
  9336	  9359 : 0
  9356	  9395 : 0
  9392	  9399 : 0
  9396	  9427 : 0
  9424	  9439 : 0
  9436	  9459 : 0
  9456	  9463 : 0
  9460	  9551 : 0
  9548	  9675 : 1
  9672	  9923 : 0
  9920	  9931 : 1
  9928	 10043 : 0
 10040	 10047 : 1
 10044	 10115 : 0
 10112	 10127 : 0
 10124	 10131 : 0
 10128	 10139 : 0
 10136	 10143 : 0
 10140	 10147 : 1
 10144	 10159 : 0
 10156	 10215 : 0
 10212	 10219 : 0
 10216	 10323 : 0
 10320	 10339 : 0
 10336	 10343 : 0
 10340	 10347 : 0
 10344	 10363 : 0
 10360	 10375 : 0
 10372	 10395 : 0
 10392	 10483 : 0
 10480	 10487 : 1
 10484	 10539 : 0
 10536	 10543 : 1
 10540	 10595 : 0
 10592	 10815 : 0
 10812	 10823 : 0
 10820	 10831 : 0
 10828	 10851 : 0
 10848	 10863 : 0
 10860	 10883 : 0
 10880	 10891 : 0
 10888	 10987 : 0
 10984	 10995 : 1
 10992	 11047 : 0
 11044	 11055 : 1
 11052	 11075 : 0
 11072	 11079 : 0
 11076	 11083 : 0
 11080	 11087 : 0
 11084	 11095 : 0
 11092	 11107 : 1
 11104	 11199 : 0
 11196	 11207 : 0
 11204	 11211 : 0
 11208	 11227 : 0
 11224	 11303 : 0
 11300	 11307 : 1
 11304	 11387 : 0
 11384	 11391 : 1
 11388	 11435 : 0
 11432	 11447 : 0
 11444	 11451 : 0
 11448	 11459 : 0
 11456	 11467 : 0
 11464	 11491 : 0
 11488	 11519 : 0
 11516	 11535 : 1
 11532	 11567 : 0
 11564	 11583 : 0
 11580	 11591 : 0
 11588	 11611 : 0
 11608	 11623 : 0
 11620	 11675 : 0
 11672	 11743 : 0
 11740	 11755 : 0
 11752	 11783 : 0
 11780	 11815 : 0
 11812	 11819 : 0
 11816	 11839 : 0
 11836	 11847 : 0
 11844	 11855 : 0
 11852	 11867 : 0
 11864	 11903 : 0
 11900	 11959 : 0
 11956	 11963 : 0
 11960	 11999 : 0
 11996	 12011 : 0
 12008	 12055 : 0
 12052	 12059 : 1
 12056	 12159 : 0
 12156	 12175 : 0
 12172	 12183 : 0
 12180	 12211 : 1
 12208	 12215 : 0
 12212	 12227 : 1
 12224	 12255 : 0
 12252	 12259 : 0
 12256	 12311 : 0
 12308	 12319 : 1
 12316	 12323 : 0
 12320	 12335 : 0
 12332	 12355 : 0
 12352	 12415 : 0
 12412	 12423 : 0
 12420	 12463 : 0
 12460	 12511 : 0
 12508	 12531 : 0
 12528	 12547 : 0
 12544	 12551 : 0
 12548	 12575 : 0
 12572	 12583 : 0
 12580	 12607 : 0
 12604	 12635 : 0
 12632	 12687 : 0
 12684	 12719 : 0
 12716	 12727 : 0
 12724	 12779 : 0
 12776	 12791 : 0
 12788	 12803 : 0
 12800	 12807 : 0
 12804	 12811 : 0
 12808	 12843 : 0
 12840	 12903 : 1
 12900	 12919 : 0
 12916	 12927 : 0
 12924	 12935 : 0
 12932	 12951 : 0
 12948	 12987 : 0
 12984	 12991 : 1
 12988	 12995 : 2
 12992	 13039 : 0
 13036	 13043 : 0
 13040	 13067 : 1
 13064	 13079 : 0
 13076	 13091 : 0
 13088	 13147 : 0
 13144	 13383 : 1
 13380	 13427 : 0
 13424	 13431 : 1
 13428	 13471 : 0
 13468	 13503 : 1
 13500	 13515 : 0
 13512	 13527 : 0
 13524	 13575 : 0
 13572	 13579 : 1
 13576	 13703 : 0
 13700	 13707 : 0
 13704	 13723 : 0
 13720	 13731 : 0
 13728	 13739 : 0
 13736	 13743 : 0
 13740	 13751 : 0
 13748	 13763 : 0
 13760	 13771 : 0
 13768	 13775 : 1
 13772	 13919 : 0
 13916	 14055 : 0
 14052	 14091 : 0
 14088	 14119 : 0
 14116	 14131 : 0
 14128	 14199 : 0
 14196	 14231 : 0
 14228	 14243 : 0
 14240	 14251 : 0
 14248	 14271 : 0
 14268	 14283 : 0
 14280	 14287 : 0
 14284	 14291 : 0
 14288	 14331 : 0
 14328	 14339 : 0
 14336	 14343 : 0
 14340	 14347 : 0
 14344	 14439 : 0
 14436	 14447 : 0
 14444	 14503 : 0
 14500	 14519 : 0
 14516	 14527 : 0
 14524	 14535 : 0
 14532	 14547 : 0
 14544	 14559 : 0
 14556	 14563 : 0
 14560	 14567 : 0
 14564	 14575 : 1
 14572	 14631 : 0
 14628	 14639 : 0
 14636	 14643 : 0
 14640	 14651 : 1
 14648	 14683 : 0
 14680	 14687 : 0
 14684	 14695 : 0
 14692	 14699 : 0
 14696	 14727 : 0
 14724	 14751 : 1
 14748	 14763 : 0
 14760	 14771 : 0
 14768	 14799 : 0
 14796	 14803 : 1
 14800	 14811 : 0
 14808	 14815 : 0
 14812	 14887 : 0
 14884	 14923 : 0
 14920	 14927 : 0
 14924	 14931 : 0
 14928	 14943 : 0
 14940	 14947 : 0
 14944	 14955 : 0
 14952	 14959 : 0
 14956	 14983 : 0
 14980	 14991 : 1
 14988	 15039 : 0
 15036	 15051 : 1
 15048	 15091 : 0
 15088	 15099 : 1
 15096	 15127 : 0
 15124	 15147 : 0
 15144	 15187 : 0
 15184	 15195 : 0
 15192	 15203 : 0
 15200	 15207 : 1
 15204	 15211 : 0
 15208	 15219 : 0
 15216	 15223 : 0
 15220	 15267 : 0
 15264	 15271 : 0
 15268	 15295 : 0
 15292	 15311 : 0
 15308	 15315 : 0
 15312	 15319 : 0
 15316	 15387 : 1
 15384	 15403 : 0
 15400	 15411 : 0
 15408	 15415 : 0
 15412	 15419 : 0
 15416	 15443 : 0
 15440	 15475 : 0
 15472	 15487 : 0
 15484	 15519 : 0
 15516	 15535 : 0
 15532	 15567 : 0
 15564	 15607 : 0
 15604	 15611 : 0
 15608	 15615 : 0
 15612	 15635 : 0
 15632	 15651 : 0
 15648	 15655 : 0
 15652	 15663 : 0
 15660	 15667 : 0
 15664	 15675 : 0
 15672	 15683 : 1
 15680	 15691 : 0
 15688	 15695 : 0
 15692	 15711 : 0
 15708	 15723 : 0
 15720	 15731 : 0
 15728	 15739 : 0
 15736	 15751 : 0
 15748	 15755 : 1
 15752	 15835 : 0
 15832	 15875 : 1
 15872	 15887 : 0
 15884	 15915 : 0
 15912	 15923 : 0
 15920	 15943 : 0
 15940	 15947 : 0
 15944	 15959 : 0
 15956	 15963 : 0
 15960	 15979 : 0
 15976	 15983 : 0
 15980	 16003 : 0
 16000	 16011 : 0
 16008	 16023 : 0
 16020	 16079 : 0
 16076	 16087 : 1
 16084	 16091 : 0
 16088	 16107 : 0
 16104	 16131 : 0
 16128	 16151 : 0
 16148	 16159 : 0
 16156	 16183 : 0
 16180	 16219 : 0
 16216	 16343 : 0
 16340	 16351 : 0
 16348	 16367 : 0
 16364	 16371 : 0
 16368	 16375 : 0
 16372	 16463 : 0
 16460	 16467 : 1
 16464	 16491 : 0
 16488	 16515 : 0
 16512	 16519 : 0
 16516	 16531 : 0
 16528	 16567 : 0
 16564	 16579 : 0
 16576	 16707 : 0
 16704	 16743 : 1
 16740	 16747 : 0
 16744	 16775 : 0
 16772	 16791 : 0
 16788	 16795 : 0
 16792	 16823 : 0
 16820	 16899 : 0
 16896	 16919 : 0
 16916	 16939 : 0
 16936	 16947 : 0
 16944	 16951 : 0
 16948	 16975 : 0
 16972	 16991 : 0
 16988	 16995 : 0
 16992	 17039 : 0
 17036	 17043 : 0
 17040	 17051 : 0
 17048	 17055 : 0
 17052	 17063 : 0
 17060	 17067 : 0
 17064	 17079 : 1
 17076	 17087 : 0
 17084	 17091 : 1
 17088	 17103 : 0
 17100	 17115 : 0
 17112	 17159 : 0
 17156	 17167 : 0
 17164	 17179 : 0
 17176	 17183 : 0
 17180	 17191 : 0
 17188	 17199 : 1
 17196	 17223 : 0
 17220	 17227 : 0
 17224	 17255 : 0
 17252	 17263 : 0
 17260	 17291 : 0
 17288	 17299 : 0
 17296	 17319 : 0
 17316	 17327 : 0
 17324	 17339 : 0
 17336	 17343 : 0
 17340	 17351 : 0
 17348	 17359 : 0
 17356	 17383 : 0
 17380	 17387 : 0
 17384	 17403 : 0
 17400	 17407 : 1
 17404	 17411 : 0
 17408	 17419 : 0
 17416	 17447 : 0
 17444	 17503 : 0
 17500	 17511 : 0
 17508	 17575 : 0
 17572	 17627 : 0
 17624	 17631 : 0
 17628	 17691 : 0
 17688	 17719 : 0
 17716	 17723 : 0
 17720	 17739 : 0
 17736	 17755 : 0
 17752	 17759 : 0
 17756	 17911 : 0
 17908	 17955 : 0
 17952	 18011 : 1
 18008	 18063 : 0
 18060	 18071 : 0
 18068	 18163 : 0
 18160	 18167 : 1
 18164	 18223 : 0
 18220	 18227 : 1
 18224	 18231 : 0
 18228	 18267 : 0
 18264	 18271 : 0
 18268	 18279 : 0
 18276	 18283 : 0
 18280	 18339 : 1
 18336	 18391 : 0
 18388	 18395 : 1
 18392	 18399 : 2
 18396	 18467 : 0
 18464	 18539 : 0
 18536	 18615 : 0
 18612	 18619 : 0
 18616	 18623 : 0
 18620	 18675 : 0
 18672	 18679 : 0
 18676	 18683 : 2
 18680	 18711 : 0
