     0	   243 : 1
   240	   251 : 0
   248	   279 : 0
   276	   299 : 0
   296	   307 : 0
   304	   315 : 0
   312	   327 : 0
   324	   343 : 0
   340	   427 : 0
   424	   435 : 0
   432	   751 : 0
   748	   755 : 0
   752	   787 : 0
   784	   799 : 0
   796	   803 : 0
   800	   811 : 0
   808	   815 : 0
   812	   819 : 0
   816	   835 : 0
   832	   847 : 0
   844	   891 : 0
   888	   895 : 0
   892	   939 : 0
   936	   943 : 0
   940	  1107 : 0
  1104	  1111 : 0
  1108	  1243 : 0
  1240	  1247 : 0
  1244	  1287 : 0
  1284	  1291 : 0
  1288	  1307 : 0
  1304	  1311 : 0
  1308	  1327 : 0
  1324	  1331 : 0
  1328	  1339 : 0
  1336	  1351 : 0
  1348	  1455 : 0
  1452	  1459 : 0
  1456	  1463 : 0
  1460	  1467 : 0
  1464	  1531 : 0
  1528	  1535 : 0
  1532	  1559 : 0
  1556	  1563 : 0
  1560	  1591 : 0
  1588	  1595 : 0
  1592	  1607 : 0
  1604	  1619 : 0
  1616	  1627 : 0
  1624	  1639 : 0
  1636	  1671 : 0
  1668	  1675 : 0
  1672	  1731 : 0
  1728	  1735 : 0
  1732	  1747 : 0
  1744	  1759 : 0
  1756	  1767 : 0
  1764	  1779 : 0
  1776	  1899 : 0
  1896	  1911 : 0
  1908	  1915 : 0
  1912	  1919 : 0
  1916	  1923 : 0
  1920	  1939 : 0
  1936	  1947 : 0
  1944	  1959 : 0
  1956	  1967 : 0
  1964	  1971 : 0
  1968	  1979 : 0
  1976	  1991 : 0
  1988	  2003 : 0
  2000	  2007 : 0
  2004	  2015 : 0
  2012	  2031 : 0
  2028	  2035 : 0
  2032	  2047 : 0
  2044	  2063 : 0
  2060	  2067 : 0
  2064	  2079 : 0
  2076	  2087 : 0
  2084	  2095 : 0
  2092	  2103 : 0
  2100	  2111 : 0
  2108	  2115 : 0
  2112	  2123 : 0
  2120	  2131 : 0
  2128	  2151 : 0
  2148	  2175 : 0
  2172	  2183 : 0
  2180	  2219 : 0
  2216	  2235 : 0
  2232	  2295 : 0
  2292	  2299 : 0
  2296	  2311 : 0
  2308	  2323 : 0
  2320	  2339 : 0
  2336	  2347 : 0
  2344	  2363 : 0
  2360	  2367 : 0
  2364	  2463 : 0
  2460	  2479 : 0
  2476	  2495 : 0
  2492	  2507 : 0
  2504	  2527 : 0
  2524	  2531 : 0
  2528	  2551 : 0
  2548	  2555 : 0
  2552	  2567 : 0
  2564	  2583 : 0
  2580	  2591 : 0
  2588	  2619 : 0
  2616	  2623 : 0
  2620	  2647 : 0
  2644	  2655 : 0
  2652	  2659 : 0
  2656	  2663 : 0
  2660	  2671 : 0
  2668	  2679 : 0
  2676	  2683 : 0
  2680	  2695 : 0
  2692	  2703 : 0
  2700	  2715 : 0
  2712	  2719 : 0
  2716	  2723 : 0
  2720	  2747 : 0
  2744	  2755 : 0
  2752	  2759 : 0
  2756	  2783 : 0
  2780	  2795 : 0
  2792	  2799 : 0
  2796	  2811 : 0
  2808	  2815 : 0
  2812	  2819 : 0
  2816	  2847 : 0
  2844	  2859 : 0
  2856	  2887 : 0
  2884	  2895 : 0
  2892	  2899 : 0
  2896	  2907 : 0
  2904	  2911 : 0
  2908	  2915 : 0
  2912	  2923 : 0
  2920	  2939 : 0
  2936	  2959 : 0
  2956	  3039 : 0
  3036	  3043 : 0
  3040	  3167 : 0
  3164	  3171 : 0
  3168	  3239 : 0
  3236	  3243 : 0
  3240	  3351 : 0
  3348	  3363 : 0
  3360	  3371 : 0
  3368	  3379 : 0
  3376	  3419 : 0
  3416	  3423 : 0
  3420	  3431 : 0
  3428	  3435 : 0
  3432	  3439 : 0
  3436	  3443 : 0
  3440	  3499 : 0
  3496	  3503 : 0
  3500	  3519 : 0
  3516	  3523 : 0
  3520	  3587 : 0
  3584	  3591 : 0
  3588	  3655 : 0
  3652	  3659 : 0
  3656	  3751 : 0
  3748	  3755 : 0
  3752	  3763 : 0
  3760	  3767 : 0
  3764	  3787 : 0
  3784	  3795 : 0
  3792	  3839 : 0
  3836	  3851 : 0
  3848	  3859 : 0
  3856	  3871 : 0
  3868	  3883 : 0
  3880	  3887 : 0
  3884	  3899 : 0
  3896	  3903 : 0
  3900	  3907 : 0
  3904	  3911 : 0
  3908	  3923 : 0
  3920	  3927 : 0
  3924	  3943 : 0
  3940	  3947 : 0
  3944	  3959 : 0
  3956	  3963 : 0
  3960	  3979 : 0
  3976	  3987 : 0
  3984	  4075 : 0
  4072	  4079 : 0
  4076	  4159 : 0
  4156	  4163 : 0
  4160	  4355 : 0
  4352	  4363 : 0
  4360	  4367 : 0
  4364	  4371 : 0
  4368	  4379 : 0
  4376	  4383 : 0
  4380	  4387 : 0
  4384	  4391 : 0
  4388	  4395 : 0
  4392	  4399 : 0
  4396	  4471 : 0
  4468	  4475 : 0
  4472	  4491 : 0
  4488	  4495 : 0
  4492	  4499 : 0
  4496	  4515 : 0
  4512	  4519 : 0
  4516	  4531 : 0
  4528	  4547 : 0
  4544	  4551 : 0
  4548	  4559 : 0
  4556	  4567 : 0
  4564	  4579 : 0
  4576	  4587 : 0
  4584	  4603 : 0
  4600	  4607 : 0
  4604	  4615 : 0
  4612	  4623 : 0
  4620	  4639 : 0
  4636	  4643 : 0
  4640	  4651 : 0
  4648	  4663 : 0
  4660	  4671 : 0
  4668	  4679 : 0
  4676	  4687 : 0
  4684	  4691 : 0
  4688	  4695 : 0
  4692	  4699 : 0
  4696	  4703 : 0
  4700	  4707 : 0
  4704	  4711 : 0
  4708	  4715 : 0
  4712	  4723 : 0
  4720	  4727 : 0
  4724	  4731 : 0
  4728	  4735 : 0
  4732	  4743 : 0
  4740	  4755 : 0
  4752	  4767 : 0
  4764	  4771 : 0
  4768	  4787 : 0
  4784	  4791 : 0
  4788	  4803 : 0
  4800	  4807 : 0
  4804	  4823 : 0
  4820	  4827 : 0
  4824	  4835 : 0
  4832	  4847 : 0
  4844	  4851 : 0
  4848	  4859 : 0
  4856	  4863 : 0
  4860	  4867 : 0
  4864	  4879 : 0
  4876	  4883 : 0
  4880	  4915 : 0
  4912	  4939 : 0
  4936	  4947 : 0
  4944	  4951 : 0
  4948	  4955 : 0
  4952	  4959 : 0
  4956	  4963 : 0
  4960	  4979 : 0
  4976	  4983 : 0
  4980	  4995 : 0
  4992	  5003 : 0
  5000	  5015 : 0
  5012	  5019 : 0
  5016	  5035 : 0
  5032	  5039 : 0
  5036	  5051 : 0
  5048	  5059 : 0
  5056	  5087 : 0
  5084	  5095 : 0
  5092	  5099 : 0
  5096	  5107 : 0
  5104	  5119 : 0
  5116	  5131 : 0
  5128	  5135 : 0
  5132	  5151 : 0
  5148	  5163 : 0
  5160	  5167 : 0
  5164	  5171 : 0
  5168	  5183 : 0
  5180	  5191 : 0
  5188	  5203 : 0
  5200	  5211 : 0
  5208	  5223 : 0
  5220	  5227 : 0
  5224	  5235 : 0
  5232	  5243 : 0
  5240	  5259 : 0
  5256	  5263 : 0
  5260	  5267 : 0
  5264	  5279 : 0
  5276	  5283 : 0
  5280	  5291 : 0
  5288	  5295 : 0
  5292	  5311 : 0
  5308	  5315 : 0
  5312	  5319 : 0
  5316	  5331 : 0
  5328	  5343 : 0
  5340	  5351 : 0
  5348	  5355 : 0
  5352	  5387 : 0
  5384	  5391 : 0
  5388	  5407 : 0
  5404	  5411 : 0
  5408	  5419 : 0
  5416	  5423 : 0
  5420	  5427 : 0
  5424	  5439 : 0
  5436	  5443 : 0
  5440	  5447 : 0
  5444	  5519 : 0
  5516	  5523 : 0
  5520	  5527 : 0
  5524	  5531 : 0
  5528	  5619 : 0
  5616	  5623 : 0
  5620	  5631 : 0
  5628	  5635 : 0
  5632	  5639 : 0
  5636	  5643 : 0
  5640	  5651 : 0
  5648	  5655 : 0
  5652	  5667 : 0
  5664	  5671 : 0
  5668	  5687 : 0
  5684	  5703 : 0
  5700	  5707 : 0
  5704	  5715 : 0
  5712	  5731 : 0
  5728	  5739 : 0
  5736	  5751 : 0
  5748	  5755 : 0
  5752	  5763 : 0
  5760	  5771 : 0
  5768	  5775 : 0
  5772	  5779 : 0
  5776	  5871 : 0
