0.020090 0.072250
0.012592 0.046847
0.010524 0.041800
0.009607 0.038453
0.007961 0.047503
0.004938 0.057384
0.002725 0.054779
0.004366 0.087628
0.039329 0.468194
0.069020 0.854660
0.292840 0.921421
0.942171 0.937802
0.032263 0.950936
0.007412 0.961335
0.028636 0.850624
0.003084 0.111550
0.000604 0.007919
0.000537 0.002699
0.000232 0.000428
0.000392 0.000262
0.000576 0.000429
0.000728 0.000819
0.000320 0.000677
0.000070 0.000232
0.000025 0.000170
0.000021 0.000256
0.000016 0.000306
0.000010 0.000181
0.000006 0.000097
0.000003 0.000040
0.000001 0.000012
0.000001 0.000005
0.000001 0.000004
0.000001 0.000004
0.000001 0.000005
0.000001 0.000005
0.000001 0.000006
0.000001 0.000006
0.000001 0.000007
0.000001 0.000007
0.000002 0.000007
0.000002 0.000008
0.000003 0.000012
0.000003 0.000013
0.000004 0.000017
0.000004 0.000018
0.000006 0.000023
0.000006 0.000026
0.000006 0.000027
0.000008 0.000031
0.000016 0.000069
0.000015 0.000066
0.000014 0.000061
0.000015 0.000068
0.000016 0.000066
0.000014 0.000061
0.000013 0.000056
0.000016 0.000064
0.000015 0.000061
0.000014 0.000059
0.000010 0.000042
0.000011 0.000045
0.000011 0.000046
0.000011 0.000045
0.000011 0.000044
0.000013 0.000050
0.000013 0.000051
0.000015 0.000058
0.000016 0.000058
0.000017 0.000062
0.000017 0.000059
0.000018 0.000063
0.000016 0.000055
0.000016 0.000057
0.000015 0.000055
0.000015 0.000056
0.000015 0.000058
0.000015 0.000057
0.000014 0.000056
0.000014 0.000056
0.000012 0.000052
0.000010 0.000047
0.000009 0.000043
0.000009 0.000039
0.000009 0.000036
0.000009 0.000035
0.000009 0.000036
0.000009 0.000034
0.000011 0.000036
0.000012 0.000038
0.000012 0.000041
0.000015 0.000046
0.000020 0.000058
0.000027 0.000079
0.000035 0.000108
0.000038 0.000128
0.000040 0.000147
0.000050 0.000196
0.000068 0.000259
0.000093 0.000359
0.000111 0.000342
0.000135 0.000500
0.000180 0.000743
0.000240 0.001403
0.000267 0.002203
0.000261 0.004381
0.000362 0.016278
0.001112 0.134470
0.001821 0.665834
0.002557 0.906796
0.002552 0.947624
0.002012 0.953161
0.001219 0.950692
0.000464 0.953902
0.000140 0.959904
0.000043 0.967164
0.000030 0.973043
0.000053 0.977990
0.000238 0.979164
0.002736 0.979791
0.088200 0.978901
0.743246 0.972017
0.761407 0.972576
0.066282 0.981952
0.002640 0.986286
0.000429 0.986875
0.000201 0.985504
0.000144 0.983279
0.000134 0.981900
0.000136 0.979821
0.000171 0.976745
0.000193 0.978007
0.000235 0.977901
0.000270 0.976616
0.000354 0.963916
0.000293 0.897471
0.000316 0.577263
0.000260 0.199540
0.000288 0.078747
0.000288 0.043437
0.000344 0.028749
0.000269 0.020032
0.000245 0.012934
0.000175 0.006685
0.000139 0.004092
0.000107 0.002387
0.000078 0.001400
0.000039 0.000611
0.000030 0.000377
0.000033 0.000318
0.000134 0.000921
0.000127 0.000849
0.000153 0.000920
0.000146 0.000906
0.000160 0.000953
0.000158 0.000951
0.000169 0.001069
0.000170 0.001037
0.000184 0.001166
0.000221 0.001387
0.000253 0.001566
0.000300 0.001771
0.000325 0.001896
0.000328 0.001916
0.000371 0.002127
0.000400 0.002285
0.000406 0.002316
0.000402 0.002347
0.000378 0.002311
0.000370 0.002347
0.000362 0.002320
0.000366 0.002395
0.000371 0.002459
0.000385 0.002565
0.000422 0.002713
0.000445 0.002830
0.000451 0.002845
0.000436 0.002659
0.000398 0.002362
0.000329 0.001980
0.000277 0.001655
0.000223 0.001350
0.000183 0.001168
0.000164 0.001076
0.000153 0.001024
0.000125 0.000816
0.000136 0.000857
0.000131 0.000819
0.000139 0.000863
0.000107 0.000667
0.000108 0.000656
0.000089 0.000561
0.000095 0.000598
0.000065 0.000434
0.000059 0.000413
0.000052 0.000379
0.000065 0.000454
0.000047 0.000336
0.000046 0.000336
0.000044 0.000343
0.000040 0.000303
0.000040 0.000308
0.000029 0.000239
0.000032 0.000264
0.000033 0.000266
0.000027 0.000211
0.000029 0.000210
0.000034 0.000240
0.000027 0.000192
0.000023 0.000170
0.000015 0.000116
0.000014 0.000110
0.000011 0.000093
0.000009 0.000079
0.000008 0.000071
0.000007 0.000066
0.000006 0.000060
0.000006 0.000056
0.000005 0.000053
0.000005 0.000050
0.000006 0.000056
0.000009 0.000078
0.000014 0.000102
0.000021 0.000130
0.000025 0.000147
0.000029 0.000170
0.000027 0.000177
0.000024 0.000183
0.000023 0.000211
0.000026 0.000277
0.000031 0.000343
0.000029 0.000403
0.000034 0.000459
0.000065 0.000691
0.000121 0.000638
0.000112 0.000298
0.000186 0.000318
0.000297 0.000441
0.000289 0.000675
0.000231 0.001571
0.000306 0.005288
0.002791 0.077291
0.008769 0.601223
0.006430 0.885941
0.008100 0.880266
0.497213 0.858026
0.532759 0.886611
0.084335 0.970528
0.123381 0.954109
0.065571 0.869772
0.029582 0.486764
0.011509 0.142040
0.008112 0.059909
0.007874 0.037404
0.011100 0.039004
0.015082 0.052020
0.028182 0.089082
0.029472 0.122859
0.031585 0.110274
0.029251 0.081390
