0	1
52	53
92	93
213	214
242	243
274	275
315	316
372	373
410	411
471	472
512	513
547	548
674	675
763	764
854	855
919	920
970	971
977	986
992	998
1012	1027
1147	1148
1198	1199
1329	1330
1397	1398
1448	1449
1482	1483
1542	1543
1588	1589
1646	1647
1714	1715
1775	1776
1833	1834
1873	1874
1904	1905
1939	1940
1973	1974
2178	2179
2223	2268
2408	2409
2446	2447
2480	2481
2516	2517
2628	2633
2654	2655
2711	2712
2749	2750
2802	2803
2968	2973
2996	2998
3044	3045
3100	3101
3223	3247
3319	3320
3400	3401
3455	3476
3534	3535
3581	3582
3597	3599
3640	3641
3684	3685
3694	3701
3709	3714
3737	3739
3750	3769
3775	3776
3812	3813
3832	3833
3917	3918
4012	4013
4129	4130
4179	4180
4270	4271
4352	4353
4377	4385
4393	4399
4409	4419
4435	4436
4448	4450
4483	4484
4525	4526
4606	4607
4633	4634
4697	4698
4770	4771
4826	4827
4884	4885
4965	4966
5017	5018
5122	5123
5195	5204
5256	5261
5276	5279
5286	5306
5356	5357
5364	5365
5375	5376
5400	5401
5461	5462
5469	5476
5509	5510
5545	5552
5565	5566
5583	5584
5600	5601
5650	5651
5713	5714
5745	5746
5794	5795
5828	5829
5873	5874
5913	5914
5960	5961
6014	6015
6063	6064
6123	6124
6216	6217
6378	6379
6491	6492
6551	6552
6591	6592
6634	6635
6685	6686
6846	6847
6897	6898
6962	6963
7101	7102
7156	7157
7264	7265
7306	7307
7337	7338
7376	7377
7459	7460
7548	7549
7688	7689
7746	7747
7865	7866
7948	7949
8022	8023
8109	8110
8179	8180
8265	8266
8336	8337
8522	8523
