0	1
18	19
48	49
65	67
95	96
102	103
163	164
188	189
218	219
226	228
256	257
268	270
298	299
309	310
328	329
358	359
365	366
382	383
395	396
412	413
470	471
495	496
519	520
554	555
588	589
605	606
633	634
653	654
673	674
687	688
717	718
727	728
743	744
785	786
798	801
840	841
870	871
900	901
910	919
1011	1012
1034	1035
1064	1065
1080	1081
1094	1095
1160	1161
1184	1191
1294	1295
1310	1311
1340	1341
1353	1354
1580	1581
1823	1824
1850	1851
1910	1911
1930	1931
2000	2001
2069	2070
2090	2091
2120	2121
2150	2151
2180	2181
2240	2241
2270	2271
2390	2391
2420	2421
2450	2451
2480	2481
2510	2511
2644	2645
2780	2781
2870	2871
2900	2901
3310	3311
3320	3321
3410	3411
3620	3621
3645	3646
3680	3681
3716	3717
3740	3741
3770	3771
3794	3795
3824	3825
4093	4096
4131	4139
4162	4163
4192	4193
4217	4223
4252	4253
4282	4283
4312	4313
4342	4343
4365	4373
4402	4403
4432	4437
4478	4491
4526	4527
4537	4543
4562	4566
4595	4596
4895	4896
4908	4911
4938	4941
4950	4951
4998	5004
5033	5034
5133	5134
5184	5185
5242	5243
5273	5279
5303	5304
5393	5394
5456	5464
5499	5503
5518	5519
5557	5558
5638	5639
5668	5669
5685	5686
5698	5699
5728	5729
5758	5759
5784	5789
5818	5819
5908	5922
6126	6127
6306	6307
6336	6342
6461	6462
6491	6492
6551	6552
6611	6612
6701	6703
6851	6852
6915	6916
6941	6942
6971	6972
7031	7032
7421	7422
7451	7452
7511	7512
7571	7572
7601	7602
7631	7632
7961	7962
7991	7992
8021	8022
8051	8052
8067	8068
8185	8186
8456	8457
8664	8665
8771	8772
8831	8832
9011	9012
9041	9042
9385	9386
9581	9582
9634	9635
9701	9702
9900	9901
10060	10062
10091	10092
10152	10153
10331	10332
10375	10376
10421	10422
10451	10452
10601	10602
10615	10616
10661	10662
10871	10872
10901	10902
10961	10962
10991	10992
11141	11142
11171	11172
11477	11478
11750	11751
11771	11772
11831	11832
11861	11862
12041	12042
12071	12072
12311	12312
12324	12325
12371	12372
12401	12402
12415	12416
12508	12509
12521	12522
12581	12582
12701	12702
12731	12732
12946	12947
13091	13092
13183	13184
13211	13212
13511	13512
13541	13542
13601	13602
13691	13692
13751	13752
13961	13963
14093	14102
14128	14129
14278	14279
14338	14339
14428	14429
14442	14445
14550	14551
14623	14626
14652	14653
14759	14760
14857	14863
14892	14893
14911	14917
14949	14950
14986	14993
15121	15122
15172	15173
15231	15232
15266	15267
15443	15449
15485	15486
15503	15505
15542	15543
15653	15654
15671	15672
15683	15684
15713	15714
15743	15744
15769	15774
15803	15804
15893	15911
16284	16285
16324	16325
16474	16475
16534	16535
16684	16685
16714	16715
16744	16745
16774	16775
16894	16895
16924	16925
17014	17015
17044	17045
17067	17068
17134	17135
17402	17403
17644	17645
17783	17784
17794	17795
17854	17855
17914	17915
18034	18035
18184	18185
18214	18215
18244	18245
18274	18275
18304	18305
18364	18365
18394	18395
18454	18455
18664	18665
18694	18695
18757	18758
19234	19235
19267	19268
19294	19295
19414	19415
19654	19655
19684	19685
19924	19925
19954	19955
19984	19985
20104	20105
20134	20135
20194	20195
20254	20255
20284	20285
20314	20315
20326	20327
20584	20585
20614	20615
20644	20645
20674	20675
20794	20795
20824	20825
21004	21005
21034	21035
21271	21275
21332	21333
21394	21395
21424	21425
21484	21485
21842	21843
21904	21905
22054	22055
22084	22085
22414	22415
22504	22505
22624	22625
22654	22655
22684	22685
22714	22715
22744	22745
22804	22805
22834	22835
22864	22865
22970	22971
23574	23575
23614	23615
23734	23735
23824	23825
23854	23855
23949	23950
24083	24095
24124	24125
24210	24211
24244	24245
24304	24305
24334	24335
24394	24395
24424	24425
24514	24515
24544	24545
24814	24815
24837	24838
25024	25025
25054	25055
25079	25085
25114	25115
25414	25415
25444	25445
25483	25484
25564	25565
25594	25595
25834	25835
25864	25865
25954	25955
26134	26135
26164	26165
26194	26195
26254	26255
26284	26285
26314	26315
26344	26345
26404	26405
26434	26435
26464	26465
26584	26585
26674	26675
26704	26705
