0	1
73	74
225	226
362	363
521	522
1043	1044
1080	1082
1177	1178
1501	1502
1909	1910
2047	2048
2084	2085
2153	2154
2573	2574
2727	2728
2920	2921
3000	3001
3542	3543
3756	3757
3852	3853
4323	4324
4647	4648
4923	4924
5122	5123
5315	5316
5326	5327
5409	5410
5428	5433
5558	5562
5571	5578
5592	5597
5640	5641
5653	5655
5666	5694
5725	5726
5980	5981
6122	6123
6386	6387
6516	6517
6972	6973
7060	7061
7239	7240
7494	7497
7640	7641
7916	7917
8095	8096
8551	8552
8781	8782
8821	8822
9181	9189
9195	9213
9219	9221
9227	9229
9235	9237
9243	9261
