0	1
202	203
466	467
512	513
551	552
566	567
740	741
776	777
822	823
845	846
921	922
1007	1008
1079	1080
1086	1087
1132	1133
1167	1168
1189	1195
1311	1312
1396	1397
1442	1443
1575	1576
1671	1672
1699	1707
1854	1860
2035	2036
2169	2170
2289	2295
2357	2358
2399	2400
2530	2531
2652	2653
2806	2807
2916	2917
3021	3030
3705	3706
4191	4194
4368	4369
4643	4646
4658	4666
4790	4791
4911	4912
5043	5044
5167	5168
5243	5249
5332	5333
5487	5493
5511	5512
5587	5588
5673	5674
5745	5746
5855	5856
5935	5936
6044	6045
6070	6071
6093	6099
6142	6152
6166	6181
6354	6355
6449	6450
7358	7359
7649	7650
8416	8417
8522	8523
8614	8615
8746	8747
9235	9236
9589	9590
9615	9616
9640	9641
9691	9692
9752	9753
9801	9802
9813	9818
9880	9881
10032	10038
10352	10353
10367	10368
10541	10542
10829	10830
10916	10917
11333	11334
11383	11385
11403	11404
11641	11645
11651	11652
11714	11715
11752	11753
11865	11866
11998	11999
12254	12260
12342	12348
12763	12764
13248	13249
13290	13296
13352	13353
13574	13580
13618	13619
13659	13660
13697	13698
13720	13721
13767	13768
13816	13817
13866	13867
16423	16424
16907	16908
17486	17487
18140	18141
19425	19431
19910	19915
20085	20086
20165	20166
20304	20305
20316	20317
20325	20326
20453	20454
20474	20475
20570	20573
20689	20690
20736	20737
20785	20793
20912	20913
21258	21259
21730	21731
22071	22072
22129	22130
22220	22221
22318	22319
22626	22632
22722	22723
22934	22940
23214	23220
23982	23988
26449	26455
26716	26722
27996	28002
28173	28179
28243	28244
28456	28462
28741	28747
28921	28922
29089	29090
29108	29109
29134	29135
29248	29272
29314	29316
29352	29373
29493	29494
29637	29638
29665	29667
29752	29753
29764	29765
29808	29810
29833	29835
29846	29847
29917	29918
30207	30208
30448	30449
30561	30567
30749	30755
31155	31156
31280	31281
31316	31329
31338	31355
31364	31374
31391	31394
31919	31920
31972	31973
32012	32013
32245	32246
32343	32344
32438	32439
32488	32489
32553	32554
32580	32581
32765	32771
32834	32835
32847	32853
33047	33053
33348	33349
