0	2
65	66
92	93
124	125
153	154
175	176
193	194
224	225
249	250
295	296
320	321
346	347
358	379
410	411
442	443
460	461
493	494
512	513
537	551
582	583
600	601
626	627
644	645
664	665
690	691
715	734
765	766
790	791
816	817
844	845
867	868
892	893
919	920
935	942
951	958
966	984
1015	1016
1035	1037
1059	1060
1083	1084
1121	1122
1140	1141
1173	1174
1191	1192
1217	1218
1236	1237
1259	1260
1327	1328
1421	1422
1428	1432
1438	1461
1492	1493
1504	1508
1566	1567
1606	1607
1621	1622
1631	1632
1727	1728
1770	1771
1835	1836
1985	1987
2035	2036
2054	2055
2100	2101
2138	2139
2171	2172
2241	2242
2266	2273
2295	2296
2342	2343
2355	2356
2368	2369
2380	2381
2391	2392
2404	2405
2417	2418
2430	2431
2456	2457
2556	2557
2656	2657
2856	2857
2956	2957
2993	2994
3016	3017
3130	3131
3257	3258
3275	3276
3288	3289
3376	3377
3447	3448
3519	3520
3591	3592
3663	3664
3713	3714
3763	3764
3813	3814
3860	3862
3875	3883
3913	3914
3992	3993
4022	4023
4072	4073
4083	4084
4109	4110
4134	4135
4162	4163
4264	4265
4282	4283
4320	4321
4345	4346
4387	4388
4426	4427
4476	4477
4510	4511
4580	4581
4614	4615
4636	4637
4664	4665
4684	4694
4723	4724
4748	4749
4773	4774
4798	4799
4825	4826
4879	4880
4904	4905
4930	4931
4961	4962
4985	4986
5009	5010
5059	5060
5088	5089
5114	5115
5139	5140
5165	5166
5191	5192
5217	5218
5243	5244
5269	5270
5402	5403
5429	5430
5491	5492
