0	16
17	363
364	430
431	551
552	612
613	719
720	875
876	1348
1349	1422
1423	1508
1509	1567
1568	1592
1593	1646
1647	1674
1675	1714
1715	1743
1744	1779
1780	1819
1820	1873
1874	1924
1925	2026
2027	2053
2054	2088
2089	2196
2197	2220
2221	2261
2262	2295
2296	2364
2365	2390
2391	2419
2420	2453
2454	2486
2487	2580
2581	2622
2623	2650
2651	2676
2677	2700
2701	2747
2748	2853
2854	2889
2890	2922
2923	2990
2991	3150
3151	3203
3204	3386
3387	3445
3446	3485
3486	3522
3523	3568
3569	3609
3610	3642
3643	3689
3690	3730
3731	3770
3771	3805
3806	3837
3838	3864
3865	3897
3898	3941
3942	4081
4082	4131
4132	4169
4170	4289
4290	4365
4366	4473
4474	4514
4515	4559
4560	4599
4600	4641
4642	4695
4696	4735
4736	4766
4767	4802
4803	4842
4843	4900
4901	4969
4970	5062
5063	5093
5094	5140
5141	5201
5202	5290
5291	5374
5375	5414
5415	5456
5457	5533
5534	5564
5565	5593
5594	5616
5617	5648
5649	5669
5670	5719
5720	5753
5754	5784
5785	5844
5845	5911
5912	5943
5944	5998
5999	6028
6029	6050
6051	6082
6083	6103
6104	6127
6128	6171
6172	6344
6345	6376
6377	6406
6407	6440
6441	6488
6489	6581
6582	6612
6613	6643
6644	6675
6676	6712
6713	6729
6730	6763
6764	6840
6841	6861
6862	6910
6911	6937
6938	6981
6982	7059
7060	7093
7094	7186
7187	7247
7248	7442
7443	7577
