0	43
44	215
216	287
288	341
342	430
431	504
505	713
714	772
773	802
803	826
827	880
881	966
967	1050
1051	1064
1065	1189
1190	1220
1221	1243
1244	1390
1391	1430
1431	1481
1482	1506
1507	1528
1529	1547
1548	1580
1581	1602
1603	1652
1653	1683
1684	1706
1707	1736
1737	1787
1788	1812
1813	1869
1870	1915
1916	1944
1945	1996
1997	2010
2011	2169
2170	2288
2289	2366
2367	2399
2400	2460
2461	2498
2499	2558
2559	2617
2618	2705
2706	2819
2820	2953
2954	3013
3014	3027
3028	3091
3092	3148
3149	3182
3183	3218
3219	3303
3304	3343
3344	3369
3370	3412
3413	3435
3436	3464
3465	3500
3501	3570
3571	3588
3589	3617
3618	3644
3645	3683
3684	3710
3711	3865
3866	3893
3894	4048
4049	4118
4119	4187
4188	4234
4235	4312
4313	4414
4415	4464
4465	4517
4518	4548
4549	4648
4649	4694
4695	4745
4746	4785
4786	4834
4835	4858
4859	4935
4936	5054
5055	5110
5111	5169
5170	5250
5251	5372
5373	5391
5392	5432
5433	5492
5493	5634
5635	5696
5697	5724
5725	5739
5740	5769
5770	5788
5789	5851
5852	5901
5902	6401
