0	17
55	60
185	195
225	226
281	282
392	393
469	470
543	544
622	623
723	724
854	855
954	955
1008	1009
1063	1064
1092	1093
1143	1144
1189	1190
1291	1292
1343	1344
1397	1398
1438	1439
1483	1484
1525	1526
1564	1571
1613	1614
1677	1678
1712	1721
1770	1780
1817	1827
1868	1869
1959	1960
2020	2021
2061	2062
2127	2128
2191	2192
2249	2250
2295	2296
2352	2353
2409	2410
2489	2490
2549	2550
2627	2628
2791	2792
2851	2852
2952	2953
3014	3015
3076	3077
3130	3131
3155	3156
3188	3189
3255	3256
3308	3309
3393	3394
3448	3449
3690	3691
3721	3722
3765	3766
3801	3802
3856	3857
3913	3914
3946	3947
3985	3986
4025	4026
4052	4053
4075	4076
4098	4099
4137	4138
4175	4176
4247	4253
4356	4360
4445	4446
4528	4529
4648	4649
