0	1
105	107
144	145
266	267
340	341
390	391
464	465
499	500
516	517
533	534
573	574
602	603
646	647
718	722
772	773
830	851
861	865
929	930
981	982
992	1001
1012	1013
1089	1090
1108	1109
1135	1136
1144	1145
1200	1202
1219	1220
1291	1292
1358	1385
1395	1411
1421	1434
1440	1441
1616	1617
1682	1740
1750	1790
1915	1916
2002	2003
2057	2058
2144	2145
2165	2166
2217	2218
2360	2361
2375	2377
2517	2518
2696	2699
2741	2747
2763	2764
2773	2774
2815	2816
3001	3002
3154	3155
3368	3373
3392	3396
3406	3411
3593	3594
3663	3664
3690	3712
3776	3777
3813	3814
3847	3848
3982	3983
4121	4122
4243	4251
4264	4265
4290	4291
4319	4320
4430	4431
4499	4514
4558	4559
4617	4618
4758	4759
4796	4797
4876	4877
4902	4920
5045	5047
5054	5055
5117	5132
5163	5166
5176	5186
5207	5208
5305	5307
5318	5319
5493	5494
5610	5619
5625	5646
5656	5672
5678	5680
5686	5722
5745	5747
5761	5773
5826	5829
5836	5884
5934	5948
6106	6107
6117	6120
6128	6150
6177	6200
