0	1
104	107
148	152
170	171
182	183
255	256
282	306
575	576
849	850
1044	1046
1080	1081
1150	1152
1201	1202
1490	1491
1661	1662
1753	1754
1895	1897
1915	1916
2003	2004
2127	2128
2230	2231
2372	2374
2517	2518
2528	2529
2625	2627
2650	2651
2714	2716
2764	2783
2789	2794
2821	2823
2861	2862
2868	2869
2934	2936
2967	2969
2993	2994
3052	3058
3126	3128
3258	3260
3339	3340
3439	3441
3461	3462
3621	3622
3629	3630
3643	3651
3784	3786
3876	3877
3937	3939
4020	4022
4163	4164
4173	4174
4260	4262
4278	4280
4347	4349
4355	4356
4416	4417
4563	4565
4590	4592
4660	4661
4856	4864
5188	5189
5293	5294
5464	5465
5487	5488
5734	5736
5744	5746
5891	5893
5949	5950
5986	5988
6006	6008
6108	6110
6162	6163
6241	6243
6261	6263
6291	6292
6320	6321
6456	6457
6555	6556
6692	6693
6930	6931
7006	7008
7084	7085
7371	7372
7528	7529
7584	7585
7896	7898
7920	7921
7931	7932
7944	7946
7953	7954
7994	7996
8007	8008
8141	8142
8180	8184
8250	8251
8330	8331
8483	8484
8576	8578
8657	8658
8725	8727
8805	8806
8815	8816
8924	8925
8964	8965
9001	9002
9024	9026
9048	9049
9076	9077
9221	9222
9293	9294
9535	9537
9956	9957
10033	10035
10112	10116
10128	10130
10355	10356
10419	10420
10457	10459
10476	10479
10487	10490
10517	10518
10568	10570
10668	10670
10804	10805
10862	10863
10934	10937
11101	11102
11140	11142
11187	11188
11300	11302
11344	11345
11360	11361
11402	11404
11474	11475
11524	11525
11578	11579
11613	11614
11642	11644
11793	11794
11892	11894
11969	11970
12086	12087
12108	12110
12236	12244
12322	12323
12494	12495
12632	12634
12781	12782
12872	12876
