0	1
8	9
63	64
301	306
333	334
387	388
417	418
432	433
461	462
491	492
627	628
696	697
825	826
832	833
869	870
914	915
936	937
951	952
995	996
1010	1011
1039	1040
1068	1069
1083	1084
1098	1099
1160	1161
1175	1176
1188	1191
1281	1286
1337	1338
1396	1400
1441	1442
1486	1487
1515	1516
1616	1617
1699	1700
1723	1724
1760	1761
1782	1783
1915	1916
1989	1990
2076	2077
2197	2198
2244	2245
2280	2281
2358	2359
2419	2426
2437	2438
2507	2508
2516	2518
2580	2581
2610	2611
2669	2670
2772	2773
2862	2863
2951	2952
3063	3064
3137	3138
3230	3231
3377	3388
3482	3486
3510	3511
3527	3528
3581	3582
3623	3624
3675	3676
3734	3735
3784	3785
3867	3868
3933	3934
4050	4051
4100	4101
4167	4168
4200	4201
4224	4225
4234	4235
4250	4251
4300	4301
4350	4351
4400	4401
4458	4459
4517	4518
4533	4534
4600	4601
4633	4634
4667	4668
4718	4719
4750	4751
4840	4841
4917	4918
5033	5034
5067	5068
5133	5134
5179	5180
5208	5209
5233	5234
5283	5284
5333	5334
5383	5384
5400	5401
5434	5435
5500	5501
5533	5534
5600	5601
5634	5635
5675	5676
5750	5751
5800	5801
5817	5818
5850	5851
5910	5911
5967	5968
6001	6002
6083	6084
6100	6101
6115	6118
6134	6135
6209	6210
6250	6251
6300	6301
6356	6357
6400	6401
6460	6461
6537	6538
6570	6571
6604	6605
6637	6641
6764	6771
6853	6854
6995	6996
7081	7082
7245	7246
7313	7314
7395	7396
7696	7697
7795	7796
7837	7840
8325	8327
