0	16
22	30
106	108
115	116
145	146
156	157
205	206
227	228
241	242
289	290
313	314
326	327
373	386
395	402
424	425
432	434
443	444
459	460
479	500
528	529
536	543
554	555
571	572
588	594
604	605
619	638
652	653
675	676
695	714
721	722
739	740
756	757
783	814
831	832
856	857
872	873
903	904
949	950
981	982
998	999
1021	1022
1029	1031
1043	1044
1068	1069
1121	1126
1142	1154
1167	1168
1191	1192
1205	1211
1219	1227
1244	1245
1297	1298
1321	1322
1337	1338
1350	1352
1360	1361
1367	1368
1404	1405
1461	1470
1479	1493
1514	1515
1536	1537
1563	1564
1583	1584
1599	1601
1607	1608
1619	1620
1633	1634
1656	1657
1664	1665
1707	1708
1725	1726
1744	1745
1783	1795
1807	1808
1828	1829
1835	1840
1853	1854
1896	1921
1929	1933
1947	1948
1969	1985
2004	2005
2026	2027
2049	2050
2056	2065
2083	2092
2100	2104
2131	2132
2154	2155
2184	2185
2204	2205
2230	2231
2252	2253
2260	2262
2268	2269
2324	2325
2351	2363
2391	2392
2406	2407
2426	2428
2434	2435
2496	2497
2519	2520
2536	2540
2561	2568
2587	2588
2615	2616
2668	2669
2693	2694
2702	2704
2711	2712
2735	2736
2755	2756
2781	2782
2803	2804
2834	2835
2867	2868
2887	2888
2907	2908
2931	2953
2983	2984
2992	2993
3025	3026
3046	3047
3089	3122
3152	3153
3165	3166
3193	3194
3208	3209
3219	3220
3265	3266
3275	3276
3295	3296
3303	3304
3312	3313
3334	3335
3360	3363
3389	3390
3411	3412
3428	3429
3454	3455
3473	3474
3482	3483
3495	3502
3525	3526
3552	3553
3599	3600
3619	3620
3630	3631
3639	3641
3651	3652
3667	3668
3680	3681
3692	3693
3713	3714
3724	3725
3733	3734
3775	3787
3801	3815
3834	3835
3852	3853
3866	3867
3883	3884
3895	3896
3907	3908
3953	3982
3993	3994
4006	4020
4046	4047
4065	4066
4082	4098
4112	4113
4132	4133
4153	4154
4167	4182
4197	4198
4217	4218
4235	4254
4270	4287
4303	4322
4333	4334
4353	4354
4370	4371
4389	4435
4459	4481
4497	4498
4510	4554
4580	4581
4625	4626
4645	4646
4661	4662
4685	4686
4710	4722
4742	4743
4756	4757
4768	4769
4783	4784
4796	4797
4811	4813
4841	4842
4855	4856
4879	4880
4910	4911
4923	4924
4936	4937
4958	4959
4966	4967
4985	4986
5013	5014
5044	5045
5065	5066
5079	5080
5092	5093
5105	5106
5120	5121
5136	5137
5152	5153
5192	5229
5256	5257
5266	5267
5279	5280
5304	5305
5315	5316
5327	5328
5359	5370
5377	5388
5394	5395
5442	5443
