0	30
90	91
230	231
320	321
369	370
412	413
457	458
523	524
548	549
593	594
638	639
727	728
773	774
822	823
887	888
956	957
1070	1071
1180	1181
1249	1250
1272	1273
1500	1501
1545	1546
1636	1637
1727	1728
1794	1795
1863	1864
1907	1908
1977	1978
2042	2043
2106	2107
2178	2179
2223	2224
2292	2293
2304	2305
2405	2406
2451	2452
2541	2542
2630	2631
2698	2699
2739	2740
2814	2815
2923	2924
2961	2962
3000	3001
3037	3038
3066	3067
3114	3115
3181	3182
3229	3230
3382	3384
3415	3416
3425	3426
3459	3460
3535	3536
3561	3562
3597	3598
3670	3674
3688	3689
3757	3758
3810	3812
3844	3845
3873	3874
3909	3910
3920	3921
3997	4002
4275	4276
4302	4303
4316	4326
4342	4343
4382	4383
4404	4405
4425	4426
4457	4458
4816	4827
4838	4838
