0	1
9	31
55	61
77	81
92	97
120	121
181	182
249	250
306	307
326	327
351	352
368	369
410	411
460	461
512	513
598	599
638	639
685	686
707	708
724	725
756	757
822	832
842	843
931	932
966	973
1420	1421
1873	1874
2325	2326
2546	2547
2773	2774
2885	2886
2998	2999
3223	3224
3448	3449
3561	3562
3672	3673
3730	3731
3787	3788
3899	3900
4011	4012
4121	4122
4573	4574
5023	5024
5134	5135
5246	5247
5359	5360
5470	5471
5698	5699
5922	5923
6372	6373
6486	6487
6933	6934
7046	7047
7271	7272
7719	7720
7833	7834
7947	7948
8172	8173
8622	8623
9072	9073
9235	9246
9253	9266
9300	9301
9325	9326
9390	9391
9452	9479
9513	9514
9552	9553
9569	9570
9579	9580
9586	9587
9598	9599
9678	9679
9741	9742
9782	9783
9851	9852
9937	9938
10001	10021
10044	10045
10051	10082
10164	10165
10199	10206
10317	10318
10654	10655
10882	10883
11242	11243
11281	11282
11302	11303
11330	11331
11367	11368
11552	11553
11780	11781
11821	11822
12106	12107
12229	12230
12676	12677
12802	12803
13049	13057
13085	13086
13111	13112
13122	13123
13355	13356
13549	13551
13557	13558
13854	13855
13973	13974
14086	14087
14196	14197
14208	14209
14425	14426
14610	14611
14898	14899
14976	14996
15057	15058
15082	15083
15144	15145
15211	15212
15245	15246
15267	15268
15353	15354
15371	15372
15386	15388
15451	15458
15515	15516
15625	15626
15684	15685
15730	15731
15836	15842
15911	15912
15946	15953
16076	16077
16197	16198
16257	16258
16315	16316
16559	16560
16798	16799
17284	17285
17406	17407
17525	17526
17647	17648
17766	17767
17887	17888
18373	18374
18489	18490
18855	18856
19097	19098
19342	19343
19581	19582
19697	19698
20185	20186
20308	20309
20431	20432
20551	20559
20566	20580
20614	20615
20639	20640
20704	20705
20765	20792
20827	20828
20865	20866
20883	20884
20893	20900
20912	20913
20992	20993
21054	21055
21096	21097
21164	21165
21251	21252
21315	21334
21357	21358
21365	21396
21463	21464
21473	21474
21521	21522
21590	21599
