0	15
67	71
86	99
130	131
164	165
197	198
231	232
265	266
316	317
366	367
410	411
450	451
491	497
528	529
604	605
688	689
784	785
880	881
976	977
1073	1074
1169	1170
1265	1266
1361	1362
1457	1458
1541	1542
1571	1573
1637	1638
1733	1830
1925	1926
2021	2022
2118	2119
2214	2215
2310	2311
2407	2408
2503	2504
2547	2549
2692	2693
2836	2837
2980	2981
3076	3077
3168	3169
3264	3265
3408	3409
3552	3553
3696	3697
3840	3841
3984	3985
4176	4177
4368	4369
4464	4465
4656	4657
4800	4801
4982	4991
4997	5002
5380	5381
