0	26
45	46
165	166
173	174
187	191
304	305
522	523
664	665
687	688
931	932
1020	1021
1187	1188
1352	1353
1476	1477
1529	1530
1542	1557
1568	1576
1617	1618
1642	1643
1746	1747
1849	1850
2088	2089
2149	2163
2170	2173
2277	2278
2300	2302
2406	2407
2513	2514
2766	2776
2845	2846
2969	2970
3071	3081
3097	3118
3131	3132
3302	3303
3385	3386
3427	3445
3452	3458
3464	3465
3614	3615
3633	3634
3783	3784
3800	3801
4018	4019
4111	4112
4163	4166
4244	4245
4436	4437
4475	4477
4528	4529
4651	4657
4664	4665
4675	4677
4689	4698
4707	4708
4737	4738
4792	4793
4960	4961
5294	5295
5459	5460
5609	5610
5626	5627
5855	5856
5958	5959
6025	6026
6062	6072
6096	6097
6158	6159
6166	6167
6292	6293
6457	6458
6778	6779
6883	6884
6955	6956
7013	7014
7131	7132
7225	7226
7286	7287
7620	7621
7791	7792
7827	7828
7950	7951
8068	8069
8106	8107
8187	8209
