0	1
217	218
268	594
602	789
798	884
890	908
914	966
973	983
989	1297
1303	1346
1352	1449
1456	1496
1502	1544
1550	1568
1574	1602
1609	1649
1658	1713
1727	1775
1782	1799
1805	1820
1828	1849
1855	1881
1888	1968
1975	1994
2002	2090
2096	2118
2125	2187
2195	2222
2228	2235
2242	2249
2257	2274
2281	2288
2294	2322
2329	2376
2387	2414
2422	2427
2435	2486
2492	2516
2522	2531
2539	2564
2573	2622
2630	2745
2758	2765
2772	2773
2780	2783
2789	2792
2805	2871
2878	2904
2911	2930
2936	2946
2953	2984
2990	3009
3017	3062
3068	3080
3086	3136
3142	3155
3163	3188
3194	3215
3224	3239
3248	3260
3267	3268
3278	3282
3289	3297
3307	3315
3325	3345
3358	3383
3389	3392
3400	3401
3409	3419
3428	3473
3485	3531
3538	3557
3564	3611
3617	3618
3628	3632
3641	3656
3662	3663
3670	3671
3677	3707
3718	3720
3728	3755
3766	3803
3812	3815
3821	3824
3836	3848
3854	3887
3902	3908
3914	3921
3935	3938
3944	3945
3953	3954
3960	3965
3973	3974
3986	3987
3994	3995
4013	4016
4025	4026
4034	4041
4052	4058
4070	4071
4106	4113
4126	4130
4139	4140
4158	4159
4169	4172
4198	4205
4214	4225
4232	4241
4282	4283
4291	4292
4309	4312
4357	4365
4389	4390
4403	4404
4415	4424
4432	4433
4450	4456
4469	4470
4486	4487
4510	4515
4534	4535
4554	4559
4570	4571
4577	4588
4604	4608
4621	4628
4652	4653
4666	4667
4678	4679
4702	4703
4719	4720
4750	4751
4782	4786
4819	4823
4837	4838
4870	4871
4936	4937
4954	4961
4996	5007
5032	5033
5048	5055
5069	5070
5080	5081
5095	5096
5188	5189
5243	5244
5261	5262
5306	5307
5372	5373
5411	5418
5489	5490
5516	5529
5611	5612
5676	5677
5702	5703
5714	5715
5746	5747
5768	5777
5785	5790
5801	5802
5833	5834
5841	5853
5894	5895
5924	5925
6104	6105
6152	6153
6176	6177
6212	6213
6242	6243
6253	6260
6284	6285
6457	6458
6464	6465
6502	6513
6568	6569
6824	6825
6896	6897
6956	6957
7244	7247
7285	7286
7406	7413
7454	7455
7492	7493
7502	7509
7603	7604
7652	7653
7718	7719
7730	7731
7765	7766
7802	7803
7850	7851
7879	7886
8000	8007
8017	8018
8024	8025
8032	8033
8048	8049
8093	8094
8102	8103
8140	8145
8152	8153
8180	8181
8216	8217
8234	8235
8245	8246
8330	8331
8349	8350
8402	8409
8498	8499
8515	8522
8540	8541
8642	8643
8660	8661
8672	8673
8726	8733
8768	8769
8804	8805
8870	8879
8918	8919
8936	8942
8960	8961
8990	8996
9010	9011
9061	9063
9073	9104
9115	9122
9128	9141
9152	9158
9169	9171
9188	9194
9206	9209
9229	9230
9248	9249
9271	9303
9320	9332
9340	9345
9355	9362
9368	9369
9392	9398
9405	9417
9428	9435
9452	9476
9482	9488
9512	9519
9536	9554
9566	9567
9578	9585
9604	9608
9619	9626
9632	9633
9655	9662
9668	9693
9709	9710
9728	9737
9752	9759
9775	9782
9788	9804
9818	9819
9848	9855
9868	9873
9884	9885
9896	9897
9908	9921
9931	9938
9961	9963
9973	9980
9991	10005
10028	10029
10040	10046
10052	10058
10064	10076
10088	10094
10106	10112
10123	10131
10154	10161
10189	10202
10208	10232
10238	10239
10262	10263
10277	10278
10285	10286
10303	10304
10315	10322
10328	10335
10346	10358
10370	10373
10381	10389
10396	10397
10412	10425
10435	10442
10448	10454
10460	10461
10508	10509
10519	10520
10528	10529
10553	10556
10568	10605
10618	10625
10633	10634
10640	10643
10652	10661
10670	10677
10687	10688
10700	10713
10724	10736
10748	10754
10781	10787
10796	10797
10808	10809
10832	10887
10897	10929
10952	10953
10966	10995
11006	11024
11030	11037
11047	11057
11066	11073
11095	11102
11108	11109
11120	11123
11143	11150
11161	11168
11174	11201
11213	11214
11227	11254
11270	11282
11300	11313
11320	11321
11341	11348
11359	11360
11372	11373
11385	11396
11402	11415
11426	11439
11451	11452
11461	11481
11492	11493
11545	11555
11564	11565
11575	11576
11588	11613
11623	11624
11638	11639
11648	11651
11660	11679
11689	11697
11707	11709
11732	11744
11755	11762
11780	11782
11792	11811
11834	11855
11861	11877
11912	11918
11924	11930
11968	11981
11993	11999
12020	12026
12032	12033
12043	12075
12097	12098
12104	12116
12127	12141
12157	12165
12175	12183
12199	12201
12217	12218
12224	12225
12236	12267
12284	12300
12310	12311
12325	12326
12350	12363
12373	12384
12392	12393
12403	12404
12416	12417
12434	12435
12441	12446
12452	12458
12464	12470
12482	12488
12494	12525
12536	12537
12547	12560
12589	12590
12602	12603
12619	12627
12673	12674
12685	12686
12698	12716
12728	12735
12746	12773
12781	12792
12799	12800
12811	12825
12835	12867
12878	12897
12903	12909
12920	12926
12932	12933
12943	12950
12956	12957
12968	12971
12991	12998
13009	13059
13075	13076
13082	13083
13093	13124
13147	13148
13160	13169
13177	13178
13184	13191
13208	13209
13220	13235
13256	13257
13273	13275
13285	13311
13328	13329
13363	13367
13375	13394
13417	13424
13431	13461
13471	13472
13495	13526
13537	13538
13549	13574
13580	13593
13610	13631
13640	13641
13652	13659
13669	13683
13693	13713
13724	13725
13735	13736
13754	13755
13761	13773
13781	13782
13790	13791
13802	13826
13843	13844
13856	13857
13867	13868
13880	13905
13916	13922
13934	13982
14017	14031
14047	14050
14066	14073
14084	14086
14098	14099
14119	14120
14281	14290
14299	14300
14312	14313
14323	14324
14434	14435
14455	14479
14498	14511
14550	14551
14590	14591
14636	14649
14686	14692
14739	14745
14774	14781
14791	14805
14815	14819
14828	14846
14857	14858
14876	14884
14909	14910
15016	15017
15025	15033
15044	15045
15056	15057
15074	15083
15143	15152
15158	15181
15188	15194
15205	15218
15224	15225
15233	15234
15242	15243
15257	15258
15277	15281
15287	15296
15379	15380
15398	15401
15449	15450
15518	15519
15527	15528
15543	15544
15577	15578
15651	15652
15662	15663
15686	15699
15706	15707
15716	15717
15727	15734
15752	15753
15806	15809
15823	15824
15830	15837
15847	15860
15874	15885
15896	15897
15920	15933
15940	15941
15955	15956
16004	16010
16052	16065
16071	16076
16082	16089
16100	16101
16123	16124
16130	16149
16160	16166
16204	16209
16220	16233
16244	16245
16256	16280
16292	16293
16309	16311
16336	16346
16352	16358
16364	16365
16376	16403
16412	16413
16423	16424
16448	16454
16478	16479
16496	16497
16520	16521
16537	16538
16549	16562
16579	16586
16592	16601
16645	16659
16676	16695
16712	16713
16748	16760
16777	16778
16784	16791
16808	16809
16819	16820
16826	16827
16837	16838
16844	16845
16861	16865
16874	16875
16885	16887
16903	16905
16916	16917
16930	16931
16952	16959
16995	17006
17035	17036
17047	17048
17059	17066
17078	17084
17090	17091
17102	17103
17128	17129
17137	17145
17160	17161
17182	17205
17233	17265
17326	17327
17335	17342
17348	17355
17365	17366
17392	17402
17419	17421
17437	17438
17444	17463
17480	17481
17515	17516
17524	17525
17534	17546
17552	17553
17584	17608
17629	17630
17647	17649
17656	17672
17684	17685
17696	17726
17732	17751
17761	17762
17768	17769
17795	17796
17804	17817
17828	17831
17842	17859
17869	17877
17893	17894
17900	17918
17929	17930
17986	17987
18002	18008
