0	1
201	202
351	352
496	497
559	561
584	585
592	596
604	606
615	616
625	626
747	748
797	817
871	872
995	996
1119	1120
1243	1244
1334	1337
1367	1368
1376	1380
1389	1391
1493	1494
1930	1931
2015	2016
2048	2052
2075	2076
2235	2236
2358	2359
2483	2484
2604	2605
2732	2733
2855	2856
2944	2966
3101	3102
3147	3148
3165	3166
3214	3225
3343	3354
3362	3367
3413	3421
3476	3477
3605	3606
3732	3733
3943	3944
4100	4101
4224	4225
4347	4348
4457	4458
4583	4584
4643	4644
4723	4724
4794	4796
4859	4860
4961	4962
5039	5040
5116	5117
5234	5235
5341	5342
5398	5399
5431	5432
5465	5473
5717	5727
