0	368
369	419
420	509
510	565
566	828
829	865
866	943
944	1056
1057	1087
1088	1219
1220	1339
1340	1721
1722	1981
1982	2151
2152	2326
2327	2440
2441	2525
2526	2605
2606	2704
2705	2833
2834	2904
2905	2984
2985	3068
3069	3171
3172	3334
3335	3485
3486	3689
3690	3839
3840	3903
3904	4072
4073	4307
4308	4404
4405	4438
4439	4479
4480	4614
4615	4735
4736	4800
4801	4859
4860	5060
5061	5542
5543	5680
5681	6032
6033	6176
6177	6301
6302	6776
6777	6846
6847	6907
6908	6957
6958	7064
7065	7116
7117	7209
7210	7377
7378	7583
7584	7707
7708	7882
7883	8022
8023	8180
8181	8744
8745	8922
8923	9045
9046	9155
9156	9288
9289	9394
9395	9453
9454	9791
9792	9839
9840	9899
9900	9945
9946	10180
10181	10258
10259	10321
10322	10403
10404	10490
10491	10637
10638	10781
10782	10842
10843	10998
10999	11074
11075	11154
11155	11215
11216	11264
11265	11359
11360	11456
11457	11550
11551	11625
11626	11826
11827	11931
11932	12087
12088	12138
12139	12770
12771	12825
12826	12908
12909	13053
13054	13357
13358	13529
13530	13721
13722	13837
13838	13952
13953	14020
14021	14095
14096	14234
14235	14297
14298	14391
14392	14578
14579	14725
14726	14820
14821	15059
15060	15372
15373	15394
15395	15468
15469	15584
15585	15803
15804	16064
16065	16134
16135	16295
16296	16396
16397	16500
16501	16874
16875	17563
17564	17725
17726	18435
18436	18516
18517	18707
18708	18791
18792	18926
18927	19191
19192	19305
19306	19420
19421	19668
19669	20011
20012	20041
20042	20224
20225	20334
20335	20479
20480	20754
20755	21169
21170	21451
21452	21575
21576	21693
21694	21795
21796	21858
21859	22132
22133	22253
22254	22315
22316	22394
22395	22464
22465	22543
22544	22668
22669	22746
22747	23071
23072	23199
23200	23387
23388	23418
23419	23466
23467	23505
23506	23531
23532	23561
23562	23584
23585	23614
23615	23649
23650	23696
23697	23732
23733	23769
23770	23819
23820	23885
23886	23925
23926	23950
23951	24003
24004	24189
24190	24250
24251	24295
24296	24338
24339	24382
24383	24418
24419	24450
24451	24506
24507	24561
24562	24598
24599	24722
24723	24936
24937	25067
25068	25129
25130	25280
25281	25370
25371	25606
25607	25937
25938	26423
26424	26462
26463	26553
26554	26644
26645	26710
26711	26760
26761	26812
26813	26926
26927	27168
27169	27295
27296	27393
27394	27467
27468	27595
27596	27638
27639	27709
27710	27763
27764	27870
27871	27913
27914	28037
28038	28185
28186	28244
28245	28339
28340	28519
28520	28819
28820	28879
28880	28972
28973	29063
29064	29107
29108	29159
29160	29270
29271	29360
29361	29489
29490	29558
29559	29697
29698	29779
29780	29838
29839	29894
29895	29948
29949	30130
30131	30177
30178	30242
30243	30343
30344	30415
30416	30522
30523	30678
30679	30781
30782	30920
30921	31042
31043	31207
31208	31466
31467	31671
31672	31812
31813	31860
31861	32054
32055	32140
32141	32258
32259	32312
32313	32519
32520	32593
32594	32825
32826	32976
32977	33224
33225	33348
33349	33470
33471	33533
33534	33630
33631	33699
33700	34085
34086	35644
