651	657
689	691
881	884
1062	1064
3153	3155
3222	3224
6649	6650
6916	6918
7761	7763
7765	7767
7793	7795
7825	7827
7833	7835
7865	7867
7913	7915
7917	7919
7925	7927
7968	7970
7992	7994
8016	8018
8047	8049
8209	8211
8234	8238
8262	8263
9760	9764
9924	9928
10027	10028
10061	10069
10141	10142
10216	10220
10258	10259
10335	10337
10374	10376
10392	10393
10483	10488
10522	10526
10537	10541
10545	10546
10582	10584
10587	10589
10629	10632
10845	10847
10849	10850
10855	10857
10921	10923
11036	11037
11039	11041
11155	11157
11181	11182
11220	11221
11245	11251
11453	11455
11493	11495
11602	11606
11763	11765
12042	12046
12182	12186
12227	12228
12243	12244
12374	12375
12384	12385
12396	12397
12634	12636
12792	12793
12879	12880
12991	12995
13107	13112
13127	13129
13143	13144
13178	13179
13194	13196
13200	13202
13229	13230
13348	13350
13650	13657
13662	13663
13669	13671
13677	13678
13681	13683
13698	13700
13707	13709
13729	13731
13733	13738
13744	13745
13779	13781
13792	13795
13804	13806
13973	13977
14573	14575
14616	14621
14712	14713
14843	14845
14887	14889
14960	14962
15013	15015
15102	15104
15243	15246
15370	15371
15537	15538
15642	15646
16152	16154
16244	16248
16309	16314
16393	16395
16492	16496
16542	16544
16591	16592
16743	16744
18351	18353
18374	18375
18410	18411
19651	19653
19783	19784
19832	19833
20267	20269
20943	20944
21865	21867
21917	21919
22013	22015
22284	22285
22287	22288
23064	23069
24944	24946
25352	25353
25355	25357
26171	26173
26324	26325
26327	26329
26454	26456
26574	26575
26784	26788
26885	26887
27126	27128
27268	27273
27331	27332
27647	27649
27967	27969
28039	28044
28151	28155
28330	28332
28612	28614
29094	29099
30409	30410
31067	31068
32007	32009
32131	32133
32141	32143
32156	32158
32212	32214
32232	32234
32245	32247
32259	32261
32274	32276
32413	32416
32683	32687
33604	33606
33665	33667
34165	34167
34269	34271
34308	34310
36796	36798
36876	36880
36882	36884
37220	37222
37650	37652
37671	37672
37686	37688
37780	37782
37879	37881
37926	37928
39624	39629
39832	39836
40073	40074
40456	40461
42188	42189
43171	43173
43800	43802
44135	44137
44435	44437
44608	44610
44887	44888
44995	45000
45070	45073
45235	45237
45327	45329
45468	45470
45472	45473
45518	45522
45706	45707
45814	45816
46483	46485
46564	46569
46791	46793
46893	46898
47110	47115
47207	47209
47339	47341
47501	47503
47714	47715
47717	47718
47903	47905
47947	47948
48136	48138
48140	48141
48219	48221
48249	48251
48264	48266
48290	48292
48305	48309
48394	48396
48461	48462
48525	48528
48570	48572
48689	48691
48858	48860
49074	49079
49584	49586
49869	49870
50133	50138
50546	50548
50550	50551
50896	50898
51114	51116
51259	51263
51395	51397
51539	51541
51708	51712
51819	51821
52042	52044
52294	52295
52536	52538
52592	52594
52700	52702
52919	52920
52950	52951
52976	52978
53394	53395
53582	53584
53758	53760
57423	57425
58521	58523
59214	59216
59911	59915
60041	60043
60101	60103
60233	60238
60704	60706
60859	60864
61090	61092
61236	61237
62080	62084
62813	62815
64782	64783
65211	65212
65316	65318
65490	65491
65594	65596
65712	65714
66024	66026
66647	66649
66749	66751
67078	67080
67168	67170
67341	67343
67790	67792
70462	70464
71909	71910
73370	73372
73378	73380
73468	73469
73476	73478
73491	73493
