0	38
39	81
82	124
125	145
146	167
168	228
229	253
254	299
300	345
346	391
392	438
439	481
482	534
535	842
843	1414
1415	1572
1573	2009
2010	3562
3563	3797
3798	3844
3845	3890
3891	3938
3939	3984
3985	4031
4032	4076
4077	4121
4122	4169
4170	4215
4216	4267
4268	4335
4336	4858
4859	4889
4890	4913
4914	4950
4951	4980
4981	4993
4994	5021
5022	5046
5047	5071
5072	5099
5100	5129
5130	5160
5161	5192
5193	5233
5234	5314
5315	5333
5334	5357
5358	5390
5391	5409
5410	5436
5437	5524
5525	5579
5580	5615
5616	5628
5629	5679
5680	5723
5724	5759
5760	5775
5776	5854
5855	6063
6064	6123
6124	6170
6171	6237
6238	6350
6351	6395
6396	6509
6510	6818
6819	7256
7257	7274
7275	7309
7310	7324
7325	7342
7343	7360
7361	7379
7380	7405
7406	7426
7427	7486
7487	7674
7675	7705
7706	7778
7779	7808
7809	7841
7842	7880
7881	7919
7920	7966
7967	8017
8018	10576
10577	10764
10765	11900
11901	13752
13753	13803
13804	13833
13834	13900
13901	13932
13933	13999
14000	14030
14031	14097
14098	14189
14190	15117
15118	16767
16768	16818
16819	16870
16871	16924
16925	16985
16986	17039
17040	17094
17095	17161
17162	17215
17216	17269
17270	17323
17324	17377
17378	17431
17432	17485
17486	17526
17527	17580
17581	17634
17635	17688
17689	17729
17730	17770
17771	17810
17811	17851
17852	17891
17892	17918
17919	17946
17947	17972
17973	17999
18000	18026
18027	18053
18054	18080
18081	18108
18109	18135
18136	18162
18163	18189
18190	18213
18214	18261
18262	20066
20067	22504
22505	23079
23080	23156
23157	23203
23204	23271
23272	23327
23328	23413
23414	23483
23484	23559
23560	23643
23644	25936
25937	26764
26765	26808
26809	26902
26903	26943
26944	26986
26987	27030
27031	27057
27058	27110
27111	27149
27150	27183
27184	27213
27214	27251
27252	27287
27288	27338
27339	27362
27363	27393
27394	27474
27475	27512
27513	27586
27587	27611
27612	27640
27641	27670
27671	27694
27695	27725
27726	27774
27775	27837
27838	27863
27864	27889
27890	27907
27908	27932
27933	27957
27958	28724
28725	29218
29219	33089
33090	33941
33942	33955
33956	33986
33987	34001
34002	34015
34016	34053
34054	34081
34082	34101
34102	34114
34115	34129
34130	34164
34165	34190
34191	34233
34234	34285
34286	34300
34301	34314
34315	34328
34329	34344
34345	34370
34371	34391
34392	34405
34406	34479
34480	34492
34493	34513
34514	34780
