0	219
220	256
257	338
339	376
377	410
411	481
482	538
539	624
625	697
698	748
749	824
825	873
874	937
938	1014
1015	1052
1053	1075
1076	1131
1132	1164
1165	1198
1199	1258
1259	1288
1289	1316
1317	1361
1362	1441
1442	1531
1532	1585
1586	1667
1668	1709
1710	1743
1744	1782
1783	1819
1820	1857
1858	1933
1934	1969
1970	2018
2019	2052
2053	2092
2093	2135
2136	2224
2225	2288
2289	2470
2471	2546
2547	2603
2604	2672
2673	2732
2733	2791
2792	2836
2837	2949
2950	3017
3018	3078
3079	3120
3121	3181
3182	3230
3231	3386
3387	3456
3457	3518
3519	3566
3567	3631
3632	3682
3683	3742
3743	3830
3831	3978
3979	4072
4073	4116
4117	4255
4256	4539
4540	4558
4559	4596
4597	4637
4638	4704
4705	4745
4746	4820
4821	4937
4938	5007
5008	5044
5045	5153
5154	5202
5203	5335
5336	5418
5419	5495
5496	5594
5595	5632
5633	5681
5682	5777
5778	5832
5833	5885
5886	5969
5970	6070
6071	6163
6164	6491
6492	6615
