784 803
936 971
1012 1023
1028 1035
1256 1303
1636 1691
1964 1971
2044 2059
2384 2391
2612 2683
2684 2763
2776 3059
3396 3523
3804 3903
3912 4023
4096 4319
4320 4347
4520 4535
4756 4859
4888 4895
5300 5323
5328 5339
5400 5471
5472 5479
5480 5499
5664 5711
5756 5787
5788 5795
5804 5835
5836 5879
5936 5991
6016 6031
6036 6327
6972 7019
7020 7091
7092 7223
7268 7291
7300 7355
7768 7819
7900 7955
7976 7987
8004 8059
8164 8195
8756 8779
9372 9379
9876 9923
9936 9951
10072 10099
10128 10159
10184 10195
10196 10255
10636 10731
11112 11155
11240 11299
12312 12319
12392 12467
12640 12859
12860 12991
13608 13691
14336 14347
14372 14423
14616 14627
15940 16111
16112 16127
16128 16227
16228 16247
16252 16295
16536 16591
16640 16659
16660 16687
16960 16967
17244 17251
17400 17419
17428 17487
17492 17539
18092 18139
18184 18219
18280 18287
18288 18323
18384 18391
18516 18575
18636 18695
18856 18875
18876 18883
18884 18947
19208 19263
19352 19375
19468 19611
19616 19623
19844 19875
20468 20483
20488 20551
20552 20715
20716 20727
20736 20751
20776 20783
20860 20887
21488 21495
21496 21535
22088 22111
22164 22231
23068 23111
23464 23495
24264 24339
24680 24695
25336 25359
25392 25411
25760 25831
26580 26691
27256 27291
27432 27443
27472 27479
27536 27559
27868 27875
27880 27903
27908 27959
28360 28375
28400 28475
28504 28583
28772 28787
28864 28891
28900 28931
28984 28991
29028 29075
29212 29219
29220 29227
29392 29399
29692 29731
30296 30343
30348 30359
30420 30427
30472 30479
30480 30567
30768 30783
31116 31123
31124 31139
32000 32015
32152 32239
32252 32259
32280 32363
32808 32879
33004 33031
33060 33215
33236 33295
33316 33363
33612 33627
33636 33695
33704 33727
33748 33755
33756 33779
33872 33891
34156 34219
34520 34547
34548 34563
34708 34747
34852 34863
35108 35139
35484 35523
35584 35607
35680 35711
35764 35795
36232 36271
36368 36391
36520 36551
37176 37191
37212 37267
37376 37383
37384 37399
37492 37531
37576 37627
37816 37903
37944 37963
38072 38083
38120 38143
38164 38263
38316 38379
38484 38543
38832 38883
39036 39111
39272 39323
39492 39539
40032 40063
40112 40171
40324 40363
40488 40519
40528 40535
40572 40723
40804 40843
40852 40883
41228 41235
41236 41255
41708 41763
41984 41999
42028 42095
42104 42127
42380 42439
42652 42815
42916 42963
42980 42987
43128 43135
43316 43339
43352 43387
43440 43487
43504 43747
43760 43771
43900 44027
44360 44467
44536 44555
44600 44655
44728 44763
44796 44851
44916 44935
45280 45327
45332 45363
45364 45463
45968 45987
46012 46035
46108 46123
46128 46143
46264 46303
46412 46419
46468 46475
46688 46739
46744 46867
47228 47327
47668 47723
47748 47795
47976 48055
48592 48619
48828 48847
48888 48963
49092 49099
49292 49303
49472 49479
49480 49523
49872 49943
49980 49995
50032 50039
50040 50083
50784 50791
50912 50931
50932 50951
51088 51115
51720 51731
52100 52147
52308 52367
52396 52595
52612 52747
52776 52843
53268 53315
53592 53667
53812 53867
53940 53955
54204 54211
54548 54559
54560 54591
54596 54603
54692 54775
54864 54895
55004 55047
55048 55067
55440 55451
55616 55635
55692 55723
55880 55899
55900 55923
56032 56055
56092 56107
57024 57123
57488 57535
58856 58899
60092 60147
60568 60683
62264 62319
62460 62499
64016 64047
64048 64067
64804 64867
65416 65463
65896 65935
66864 66879
66884 66919
67892 67931
67932 67943
68312 68339
68364 68487
69224 69259
69304 69331
69332 69367
69380 69395
69708 69739
70724 70759
70992 71035
71136 71167
71180 71203
71232 71291