0	336
337	651
652	715
716	830
831	903
904	1106
1107	1272
1273	1326
1327	1426
1427	1521
1522	1633
1634	1846
1847	2066
2067	2122
2123	2387
2388	2476
2477	2592
2593	2679
2680	2832
2833	2952
2953	3221
3222	3502
3503	3605
3606	3975
3976	4229
4230	4361
4362	4669
4670	5132
5133	5868
5869	6483
6484	6734
6735	7038
7039	7126
7127	7241
7242	7304
7305	7536
7537	8238
8239	8629
8630	9175
9176	9692
9693	10024
10025	10213
10214	10562
10563	11182
11183	11221
11222	11236
11237	11257
11258	11275
11276	11290
11291	11305
11306	11320
11321	11376
11377	11400
11401	11707
11708	12303
12304	12359
12360	12420
12421	12443
12444	12490
12491	12512
12513	12561
12562	12608
12609	12679
12680	12774
12775	12820
12821	12844
12845	12867
12868	12891
12892	12986
12987	13129
13130	13245
13246	13316
13317	13408
13409	13529
13530	14115
14116	15859
15860	16090
16091	16710
16711	17549
17550	18978
18979	18992
18993	19012
19013	19319
19320	19754
19755	19774
