0	46
47	62
63	78
79	94
95	107
108	123
124	140
141	156
157	174
175	236
237	254
255	272
273	289
290	306
307	394
395	455
456	523
524	589
590	652
653	782
783	848
849	911
912	965
966	1103
1104	1148
1149	1190
1191	1232
1233	1272
1273	1313
1314	1347
1348	1387
1388	1413
1414	1450
1451	1514
1515	1552
1553	1590
1591	1633
1634	1736
1737	1976
1977	2035
2036	2110
2111	2168
2169	2414
2415	2470
2471	2522
2523	2554
2555	2629
2630	2744
2745	2810
2811	2908
2909	2927
2928	3004
3005	3140
3141	3212
3213	3312
3313	3345
3346	3378
3379	3409
3410	3439
3440	3491
3492	3818
3819	3898
3899	4067
4068	4103
4104	4137
4138	4169
4170	4201
4202	4227
4228	4261
4262	4295
4296	4459
4460	4530
4531	4586
4587	4692
4693	4868
4869	4940
4941	5167
5168	5254
5255	5345
5346	5376
5377	5409
5410	5444
5445	5482
5483	5528
5529	5754
5755	5792
5793	5842
5843	5907
5908	5961
5962	6385
6386	6422
6423	6479
6480	6547
6548	6617
6618	6750
6751	6807
6808	7030
7031	7078
7079	7138
7139	7181
7182	7209
7210	7276
7277	7409
7410	7775
7776	7831
7832	7884
7885	7926
7927	7988
7989	8186
8187	8722
8723	8794
8795	8866
8867	8935
8936	8970
8971	9009
9010	9041
9042	9082
9083	9120
9121	9153
9154	9187
9188	9257
9258	9342
9343	9408
9409	9513
9514	9591
9592	9642
9643	10158
10159	10225
10226	10679
10680	10709
10710	10739
10740	10767
10768	10798
10799	10826
10827	10857
10858	10929
10930	11080
11081	11107
11108	11139
11140	11216
11217	11307
11308	11422
11423	11538
11539	11605
11606	11661
11662	11691
11692	11721
11722	11748
11749	11778
11779	11808
11809	12009
12010	12080
12081	12330
12331	12399
12400	12634
12635	12704
12705	12747
12748	12871
12872	13338
13339	13390
13391	13431
13432	13477
13478	13532
13533	14660
