0	47
48	109
110	179
180	584
585	650
651	714
715	781
782	849
850	914
915	979
980	1152
1153	1218
1219	1285
1286	1352
1353	1419
1420	1519
1520	1597
1598	1683
1684	1752
1753	1819
1820	1952
1953	2053
2054	2137
2138	2220
2221	2318
2319	2592
2593	2660
2661	2734
2735	2806
2807	2873
2874	2939
2940	3017
3018	3263
3264	3282
3283	3306
3307	3322
3323	3336
3337	3354
3355	3454
3455	3498
3499	3567
3568	3607
3608	3636
3637	3677
3678	3743
3744	3779
3780	3827
3828	3893
3894	3930
3931	4001
4002	4045
4046	4114
4115	4214
4215	4261
4262	4326
4327	4371
4372	4438
4439	4548
4549	4658
4659	4768
4769	4876
4877	5029
5030	5067
5068	5252
