0	552
553	1187
1188	1246
1247	1349
1350	1502
1503	1983
1984	2002
2003	2125
2126	2227
2228	2410
2411	2426
2427	2443
2444	2469
2470	2487
2488	2504
2505	2518
2519	2533
2534	2550
2551	2567
2568	2585
2586	2601
2602	2620
2621	2634
2635	2653
2654	2671
2672	2687
2688	2786
2787	2921
2922	3220
3221	3451
3452	3476
3477	3493
3494	3583
3584	3635
3636	3681
3682	3704
3705	3894
3895	4020
4021	4052
4053	4264
4265	4460
4461	4492
4493	4506
4507	4538
4539	4683
4684	4860
4861	4937
4938	4968
4969	4986
4987	5373
5374	5407
5408	5422
5423	5543
5544	5631
5632	5774
5775	5949
5950	6072
6073	6234
6235	6277
6278	6445
6446	6846
6847	7027
7028	7327
7328	7404
7405	7516
7517	7542
7543	7555
7556	7589
7590	7687
7688	8428
8429	8463
8464	8553
8554	8839
8840	9103
9104	9542
9543	9707
9708	9755
9756	10349
10350	10503
10504	10551
10552	10571
10572	10845
10846	10985
10986	11007
11008	11218
11219	11356
11357	11784
11785	11952
11953	12026
12027	12086
12087	12327
12328	12531
12532	12795
12796	12848
12849	12871
12872	13056
13057	13599
13600	13995
13996	14013
14014	14138
14139	14295
14296	14379
14380	14432
14433	14486
14487	14826
14827	14950
14951	14966
14967	15136
15137	15173
15174	15293
15294	15323
15324	15410
15411	15462
15463	15600
15601	15641
15642	15911
15912	15932
15933	16115
16116	16129
16130	16177
16178	16218
16219	16257
16258	16334
16335	16355
16356	17450
17451	17580
17581	17730
17731	18032
18033	18064
18065	18146
18147	18191
18192	18606
18607	18723
18724	18858
18859	19260
19261	19455
19456	19521
19522	19568
19569	19843
19844	20210
20211	20401
20402	20591
20592	20719
20720	20869
20870	20899
20900	21054
21055	21139
21140	21284
21285	21388
21389	21437
21438	21708
21709	21998
21999	22013
22014	22157
22158	22377
22378	22581
22582	22686
22687	22907
22908	23034
23035	23150
23151	23246
23247	23626
23627	23781
23782	23822
23823	24050
24051	24228
24229	24288
24289	24327
24328	24372
24373	24721
24722	24962
24963	24996
24997	25557
25558	25584
25585	26268
26269	26438
26439	26638
26639	26651
26652	26714
26715	27157
27158	27215
27216	27292
27293	27695
27696	28000
28001	28020
28021	28056
28057	28105
28106	28122
28123	28138
28139	28151
28152	28175
28176	28225
28226	28761
28762	28881
28882	28933
28934	29012
29013	29180
29181	29194
29195	29330
29331	29395
29396	29674
29675	29687
29688	29711
29712	29827
29828	30127
30128	30174
30175	30260
30261	30351
30352	30464
30465	30528
30529	30808
30809	30843
30844	30901
30902	30936
30937	31136
31137	31212
31213	31278
31279	31303
31304	31389
31390	31593
31594	32107
32108	32126
32127	32280
32281	32307
32308	32639
32640	32720
32721	33420
33421	33445
33446	33475
33476	33491
33492	33694
33695	33743
33744	33785
33786	33996
33997	34552
34553	34752
34753	34836
34837	35132
35133	35246
35247	35272
35273	35311
35312	35331
35332	35350
35351	35620
35621	35745
35746	35943
35944	35977
35978	36068
36069	36302
36303	36365
36366	36477
36478	36659
36660	36692
36693	36825
36826	36845
36846	36875
36876	36921
36922	37007
37008	37056
37057	37098
37099	37261
37262	37300
37301	37357
37358	37671
37672	37814
37815	38014
38015	38077
38078	38095
38096	38188
38189	38680
38681	38830
38831	39393
39394	39435
39436	39455
39456	39518
39519	39654
39655	40663
40664	40797
40798	40942
40943	41130
41131	41250
41251	41952
41953	42005
42006	42274
42275	42291
42292	42351
42352	42493
42494	42670
42671	42746
42747	42976
