0	54
55	108
109	169
170	182
183	224
225	304
305	366
367	422
423	481
482	535
536	592
593	623
624	679
680	735
736	775
776	881
882	903
904	978
979	1079
1080	1119
1120	1186
1187	1234
1235	1291
1292	1355
1356	1412
1413	1473
1474	1550
1551	1582
1583	1633
1634	1783
1784	1837
1838	1978
1979	2063
2064	2121
2122	2201
2202	2316
2317	2376
2377	2845
2846	2900
2901	2955
2956	3011
3012	3121
3122	3344
3345	3425
3426	3453
3454	3474
3475	3495
3496	3509
3510	3532
3533	3567
3568	3678
3679	3734
3735	3847
3848	3871
3872	3903
3904	3943
3944	4068
4069	4131
4132	4331
4332	4396
4397	4411
4412	4425
4426	4439
4440	4454
4455	4480
4481	4615
