0	148
149	259
260	590
591	637
638	696
697	739
740	762
763	817
818	849
850	885
886	914
915	1047
1048	1108
1109	1165
1166	1220
1221	1279
1280	1337
1338	1526
1527	1584
1585	1643
1644	1689
1690	1752
1753	1806
1807	1903
1904	1984
1985	2044
2045	2107
2108	2217
2218	2270
2271	2330
2331	2391
2392	2503
2504	2517
2518	2556
2557	2691
2692	2748
2749	2794
2795	2862
2863	2888
2889	2924
2925	2976
2977	3041
3042	3085
3086	3142
3143	3208
3209	3244
3245	3259
3260	3288
3289	3317
3318	3382
3383	3406
3407	3491
3492	3546
3547	3613
3614	3672
3673	3726
3727	3790
3791	3845
3846	3900
3901	4083
4084	4137
4138	4195
4196	4257
4258	4310
4311	4368
4369	4418
4419	4457
4458	4553
4554	4638
4639	4693
4694	4735
4736	4788
4789	4877
4878	5143
5144	5256
