162	164
241	243
560	562
756	758
882	883
950	951
1013	1015
1093	1094
1183	1184
1262	1263
1336	1337
1416	1417
1504	1505
1580	1582
1636	1637
1692	1696
1716	1717
1767	1768
1830	1831
1916	1917
1994	1995
2059	2060
2158	2159
2229	2231
2288	2289
2362	2364
2441	2442
2484	2485
2563	2564
2706	2709
2779	2780
2848	2849
2912	2913
2975	2976
3040	3041
3068	3069
3119	3120
3200	3201
3231	3233
3298	3299
3376	3377
3458	3459
3496	3498
3566	3567
3646	3647
3750	3751
3832	3833
3913	3914
4016	4017
4049	4050
4106	4107
4191	4193
4266	4267
4306	4307
4347	4348
4395	4397
4430	4431
4509	4511
4551	4553
4632	4634
4704	4706
4736	4737
4802	4803
4866	4867
4948	4949
5028	5029
5108	5109
5185	5187
5269	5270
5345	5347
5430	5431
5445	5446
5460	5461
5511	5512
5541	5543
5590	5591
5669	5670
5751	5752
5828	5829
5873	5874
5944	5945
6045	6046
6118	6120
6200	6201
6289	6290
6339	6340
6389	6390
6447	6448
6527	6528
6591	6592
6722	6723
6802	6803
6965	6966
7039	7040
7102	7105
7157	7158
7273	7274
7439	7440
7517	7518
7598	7600
7679	7680
7759	7760
7840	7841
7918	7919
7997	7999
8109	8111
8151	8152
8213	8214
8284	8286
8366	8368
8466	8467
8597	8598
8746	8747
