15	17
30	31
32	33
34	35
72	73
74	75
190	191
363	365
368	369
379	380
454	455
509	510
567	568
618	619
629	630
634	635
994	995
1116	1117
1159	1160
1207	1208
1306	1307
1383	1384
1519	1520
1588	1589
1628	1629
1681	1682
1728	1729
1765	1766
1830	1831
1909	1910
1961	1962
2025	2026
2088	2090
2199	2200
2256	2257
2280	2281
2285	2286
2296	2297
2323	2324
2403	2404
2458	2459
2513	2514
2525	2526
2811	2812
3000	3001
3051	3052
3141	3142
3245	3246
3308	3309
3359	3361
3368	3369
3374	3375
3449	3450
3492	3493
3557	3558
3559	3560
3655	3656
3723	3725
3808	3809
3932	3933
4060	4061
4133	4134
4224	4226
4268	4269
4322	4323
4407	4408
4410	4411
4421	4422
4519	4520
4546	4547
4600	4601
4614	4615
4728	4729
4741	4742
4802	4804
4892	4894
4931	4933
5124	5125
5258	5259
5482	5483
5498	5499
