14	16
87	88
184	185
298	299
406	407
542	543
706	707
833	834
991	992
1085	1086
1377	1378
1617	1618
1854	1855
2042	2043
2191	2192
2298	2299
2473	2474
2654	2655
2848	2849
3020	3023
3100	3101
3325	3326
3417	3418
3644	3645
3765	3766
3881	3882
4029	4030
4315	4316
4515	4516
4676	4677
4849	4850
4962	4963
5137	5138
5234	5235
5293	5294
5411	5412
5596	5597
5796	5797
5928	5929
6162	6163
6305	6306
6555	6556
6802	6803
6817	6819
7241	7242
7387	7388
7402	7405
7641	7642
7837	7838
7960	7961
8151	8152
8248	8249
8452	8453
8566	8567
8836	8837
8940	8941
9124	9125
9522	9523
9784	9785
10157	10158
10406	10407
10857	10860
11200	11201
11310	11311
11506	11507
11688	11689
11793	11794
11933	11934
12065	12066
12154	12155
12441	12442
12541	12542
12673	12674
12866	12867
13011	13012
