17	18
101	102
220	221
267	268
345	346
428	429
516	518
595	596
658	659
707	708
767	768
1017	1018
1021	1022
1080	1081
1142	1143
1198	1199
1252	1253
1642	1643
1645	1646
1690	1691
1800	1801
1878	1879
1971	1972
2062	2063
2064	2065
2092	2093
2128	2129
2159	2160
2206	2207
2269	2270
2441	2442
2565	2566
2767	2768
2847	2848
2888	2889
2956	2957
3035	3036
3126	3127
3193	3194
3269	3270
3339	3340
3599	3600
3660	3661
3662	3663
3707	3708
3754	3755
3785	3786
3791	3792
3848	3849
3901	3902
4067	4068
4144	4146
4205	4206
4247	4248
4317	4318
4382	4383
4411	4412
4504	4505
4611	4612
4708	4709
4781	4782
4849	4850
4990	4991
5056	5057
5090	5091
5185	5187
