130	132
168	170
202	204
217	218
223	224
238	239
243	244
269	270
286	287
290	291
293	294
302	303
305	306
312	313
317	318
330	331
401	402
421	422
475	476
478	479
497	498
520	521
524	525
550	551
565	566
585	586
649	650
680	681
693	694
715	716
720	721
742	743
766	767
774	775
782	783
812	813
866	867
895	896
926	927
952	953
977	978
1009	1010
1025	1026
1047	1048
1061	1062
1080	1081
1092	1093
1106	1107
1131	1132
1185	1186
1200	1201
1228	1229
1272	1273
1325	1326
1373	1374
1384	1385
1434	1435
1457	1458
1477	1478
1501	1502
1532	1533
1550	1551
1555	1556
1571	1572
1575	1576
1598	1599
1632	1633
1637	1638
1650	1651
1653	1654
1726	1727
1753	1754
1774	1775
1810	1811
1824	1825
1833	1834
1840	1841
1864	1865
1871	1872
1881	1882
1900	1901
1904	1905
1907	1908
1913	1914
1924	1925
1927	1928
1946	1947
1963	1964
2007	2008
2038	2039
2051	2052
2080	2081
2139	2140
2150	2151
2162	2163
2172	2173
2178	2179
2225	2226
2253	2254
2260	2261
2269	2270
2273	2274
2285	2286
2287	2288
2297	2298
2310	2311
2328	2329
2331	2332
2356	2357
2360	2361
2367	2368
2372	2373
2378	2379
2384	2385
2391	2392
2397	2398
2403	2404
2409	2410
2415	2416
2421	2422
2426	2427
2432	2433
2467	2468
2482	2483
2494	2495
2496	2497
2519	2520
2525	2526
2537	2538
2554	2555
2560	2561
2565	2566
2570	2571
2575	2576
2581	2582
2586	2587
2602	2603
2609	2610
2620	2621
2636	2637
2641	2642
2690	2691
2694	2695
2726	2727
2740	2741
2743	2744
2842	2843
2845	2846
2853	2854
2878	2879
2910	2911
2925	2926
2951	2952
2958	2959
2967	2968
2974	2975
3039	3040
3139	3140
3173	3174
3176	3177
3196	3197
3307	3308
3315	3316
3341	3342
3395	3396
3435	3436
3458	3459
3472	3473
3562	3563
3571	3572
3576	3577
3591	3592
3606	3607
3626	3627
3650	3651
3654	3655
3736	3737
3738	3739
3795	3796
3800	3801
3828	3829
3833	3834
3931	3932
3933	3934
3977	3978
3981	3982
4055	4056
4125	4126
4148	4149
4165	4166
4181	4182
4205	4206
4210	4211
4217	4218
4227	4228
4233	4234
4244	4245
4259	4260
4271	4272
4279	4280
4283	4284
4320	4322
4350	4351
4365	4366
4397	4398
4402	4403
4408	4409
4412	4413
4426	4427
4460	4461
4481	4482
4506	4507
4508	4510
4617	4618
4659	4660
4704	4706
4753	4754
4782	4783
4810	4811
4822	4823
4890	4891
4911	4912
4970	4971
5094	5095
5292	5293
5318	5319
5355	5356
5399	5400
5409	5410
5417	5418
5427	5428
5488	5489
5531	5532
5562	5563
5618	5619
5660	5662
5746	5747
5795	5796
