195	196
330	332
409	410
618	619
705	706
830	831
962	964
1041	1042
1113	1114
1167	1169
1359	1361
1441	1443
1518	1520
1617	1619
1700	1701
1782	1783
1855	1856
1977	1979
2081	2082
2206	2207
2319	2321
2379	2380
2435	2436
2499	2500
2573	2574
2637	2638
2853	2854
2934	2936
3007	3009
3070	3072
3137	3139
3185	3186
3249	3250
3324	3325
3330	3332
3404	3405
3444	3445
3552	3553
3631	3632
3695	3696
3809	3810
3907	3908
4003	4004
4072	4074
4233	4234
4283	4284
4386	4388
4467	4468
4566	4567
4720	4721
4767	4768
4852	4853
4932	4933
4987	4988
5052	5054
5109	5110
5194	5195
5307	5308
5396	5397
5440	5442
5520	5521
5596	5597
5681	5682
5793	5794
5923	5925
6072	6074
6193	6194
6273	6274
6349	6350
6454	6455
6515	6516
6562	6563
6721	6722
6832	6833
6943	6944
7043	7044
7157	7159
7267	7268
7340	7341
7437	7438
7574	7575
7692	7693
7809	7810
7986	7987
8104	8105
