15	16
25	26
36	37
69	70
84	85
94	95
112	113
117	118
123	124
156	157
162	163
173	174
187	188
217	218
230	231
279	280
290	291
309	310
315	316
326	327
345	346
388	389
451	452
541	542
727	728
818	819
884	885
930	931
966	967
1068	1069
1164	1165
1214	1215
1300	1301
1348	1349
1411	1412
1447	1448
1470	1471
1500	1501
1604	1605
1655	1656
1788	1790
1842	1843
1865	1866
2001	2002
2051	2052
2190	2191
2470	2471
2578	2579
2802	2803
2891	2892
2951	2952
3047	3048
3095	3096
3210	3211
3353	3354
3493	3494
3633	3634
3691	3692
3731	3732
3763	3764
3798	3799
3878	3879
4009	4010
4082	4083
4191	4192
4370	4371
4585	4586
4643	4644
4798	4799
5055	5056
5142	5143
5228	5229
5298	5299
5457	5458
5582	5583
5707	5708
5882	5883
5926	5927
6006	6007
6076	6077
6161	6162
6274	6275
6325	6326
6351	6352
6383	6384
6438	6439
6468	6469
6530	6531
6615	6616
6720	6721
6902	6903
7206	7207
7415	7416
7561	7562
7623	7624
7708	7709
7852	7853
8058	8059
8074	8075
8084	8085
8136	8137
8206	8207
8312	8313
8426	8427
8548	8549
8596	8597
8713	8714
8883	8884
9100	9101
9172	9173
9373	9374
9576	9577
9765	9766
9859	9860
9979	9980
10141	10142
10749	10750
10957	10958
11134	11135
11205	11206
11509	11510
11688	11689
11802	11803
11991	11992
12250	12251
12464	12465
12531	12532
12547	12548
12557	12558
12617	12618
12914	12915
12973	12974
13011	13012
13077	13078
13259	13260
13452	13453
13558	13559
13685	13686
13758	13759
13933	13934
14134	14135
14261	14262
14424	14425
14555	14556
14626	14627
14869	14870
15016	15017
15086	15087
15206	15207
15404	15405
15600	15601
15692	15693
15863	15864
16188	16189
16357	16358
16558	16559
17355	17356
17450	17451
17504	17505
17534	17535
17591	17592
17647	17648
17716	17717
17775	17776
17912	17913
18016	18017
18243	18244
18336	18337
18399	18400
18460	18461
18538	18539
18657	18658
18761	18762
18828	18829
18886	18887
19237	19238
19257	19258
19289	19290
19333	19334
19424	19425
19474	19475
19544	19545
19605	19606
19691	19692
19821	19822
19893	19894
20039	20040
20138	20139
20241	20242
20419	20420
20456	20457
20501	20502
20629	20630
20692	20693
20733	20734
20769	20770
20876	20877
21059	21061
21100	21101
21186	21187
21291	21292
21337	21338
21450	21451
21535	21536
21645	21646
21691	21692
21815	21816
21881	21882
21923	21924
22032	22033
22042	22043
22067	22068
22087	22088
22107	22108
22132	22133
22167	22168
22188	22189
22213	22214
22260	22261
22277	22278
22342	22343
22389	22390
22427	22428
22525	22526
22593	22594
22674	22675
22748	22749
22793	22794
22837	22838
22934	22935
22960	22961
22998	22999
23020	23021
23043	23044
23067	23068
23123	23124
23129	23130
23135	23136
23139	23140
23147	23148
23195	23196
23206	23207
23277	23278
23328	23329
23366	23367
23456	23457
23480	23481
23500	23501
23541	23542
23601	23602
23654	23655
23693	23694
23717	23718
23773	23774
23848	23849
23856	23857
23875	23876
23900	23901
23935	23936
24002	24003
24026	24027
24067	24068
24099	24100
24115	24116
24125	24126
24184	24185
24244	24245
24327	24328
24423	24424
24798	24799
24843	24844
24914	24915
25025	25026
25246	25247
25285	25286
25336	25337
25409	25410
25574	25575
25811	25812
25908	25909
25961	25962
26052	26053
26169	26170
26629	26630
26712	26713
27219	27220
27223	27224
27342	27343
27445	27446
27657	27658
27754	27755
27898	27899
28069	28070
28129	28130
28358	28359
28693	28694
28941	28942
29269	29270
29283	29284
29361	29362
29482	29483
29679	29680
29783	29784
30527	30528
30645	30646
30728	30729
30862	30863
30989	30990
31194	31195
31396	31397
31589	31590
31787	31788
31850	31851
31970	31971
32165	32166
32618	32619
32703	32704
32824	32825
32936	32937
33130	33131
33376	33377
33464	33465
33574	33575
33642	33643
33747	33748
34003	34004
34076	34077
34179	34180
34394	34395
34577	34578
34732	34733
34851	34852
34995	34996
35200	35201
35296	35297
35428	35429
35609	35610
35809	35810
36014	36015
36256	36257
36457	36458
36596	36597
36809	36810
37869	37870
37994	37995
38352	38353
38400	38401
38419	38420
38450	38451
38470	38471
38541	38542
38578	38579
38686	38687
38747	38748
38797	38798
38854	38856
38888	38889
38946	38947
