25	27
108	110
422	424
510	511
659	660
721	722
776	777
816	817
862	863
927	928
986	987
1006	1007
1031	1032
1052	1053
1077	1078
1111	1112
1159	1160
1194	1195
1220	1221
1308	1309
1355	1356
1384	1385
1420	1421
1472	1473
1513	1514
1575	1576
1626	1627
1701	1702
1744	1745
1823	1824
1868	1869
1898	1899
1961	1962
1976	1977
2071	2072
2102	2103
2141	2142
2209	2210
2281	2282
2321	2322
2369	2370
2408	2411
2608	2609
2625	2626
2664	2665
2704	2705
2763	2764
2825	2826
2873	2874
2934	2935
2985	2986
3016	3017
3049	3050
3110	3111
3161	3162
3190	3191
3245	3246
3307	3308
3341	3342
3375	3376
3432	3433
3496	3497
3539	3540
3571	3572
3688	3689
3751	3752
3855	3856
3919	3920
3968	3969
4069	4070
4160	4161
4237	4238
4336	4337
4402	4403
4468	4470
4531	4532
4599	4600
4688	4689
4757	4758
4813	4814
4879	4880
4902	4903
4948	4949
5012	5013
5048	5049
5067	5068
5131	5132
5251	5252
5305	5306
5371	5372
5427	5428
5461	5462
5596	5597
5623	5624
5655	5656
5715	5716
5794	5795
5877	5878
5923	5924
5977	5978
6027	6028
6102	6103
