61	62
118	119
240	241
500	501
772	773
1232	1233
1280	1281
1322	1323
1455	1456
1516	1518
2239	2240
2267	2269
2423	2424
2461	2462
2500	2504
2581	2582
2670	2673
2756	2758
2783	2784
2909	2910
3212	3213
5705	5706
6277	6278
6308	6309
6331	6332
6349	6350
6372	6373
6402	6403
6438	6439
6561	6562
6813	6814
7101	7102
7236	7237
7359	7360
7604	7605
7684	7685
7913	7914
8063	8064
8226	8227
8263	8264
8352	8353
8500	8501
9100	9101
9338	9339
9663	9664
9797	9798
9971	9972
10235	10236
10518	10519
10751	10752
12666	12667
12935	12936
13463	13464
13541	13542
14421	14422
14955	14956
15325	15326
15934	15935
16378	16379
16660	16661
16802	16803
17229	17230
17841	17842
17902	17903
17982	17983
18076	18077
18141	18142
18359	18360
18742	18743
18803	18804
18854	18855
18920	18921
19007	19008
19077	19078
19176	19177
19282	19283
19909	19910
20444	20445
21279	21280
21821	21822
22345	22346
22420	22421
22611	22612
22682	22683
22684	22685
22687	22688
22716	22717
22720	22721
22734	22735
22740	22741
22749	22750
22833	22834
23165	23166
23320	23321
23373	23374
23402	23403
23456	23457
23468	23469
23492	23494
23504	23505
23558	23559
23740	23741
23744	23745
23974	23975
24134	24135
24294	24295
24412	24413
24528	24529
24724	24725
24888	24889
25417	25418
26383	26384
26422	26423
26518	26519
26559	26560
26639	26640
26641	26642
26755	26756
26768	26769
26792	26793
26870	26871
26924	26925
26983	26984
27028	27029
27098	27099
27132	27133
27187	27188
27263	27264
27322	27323
27339	27340
27342	27343
27348	27349
27363	27364
27418	27419
27482	27483
27530	27531
27604	27605
27736	27737
27823	27824
27865	27866
27877	27878
27880	27881
27909	27910
28011	28012
28085	28086
28184	28185
28267	28268
28547	28548
28913	28914
29986	29987
30555	30556
30566	30567
31361	31362
31433	31434
31532	31533
31572	31573
31718	31719
31873	31874
32032	32033
32362	32363
33326	33327
33497	33498
34056	34057
34812	34813
35169	35170
35198	35200
35254	35256
35260	35261
35288	35289
35322	35323
35372	35373
35441	35442
35489	35490
35621	35622
35725	35726
35943	35944
36025	36026
36063	36064
36180	36181
36252	36253
36329	36330
36496	36497
36599	36600
36689	36690
36745	36746
36821	36822
36876	36877
36919	36920
36960	36961
37005	37006
37058	37059
37103	37104
37108	37109
37132	37133
37168	37169
37200	37201
37259	37260
37283	37284
37336	37337
37369	37370
37397	37398
37424	37425
37485	37486
37528	37529
37661	37662
37708	37709
38195	38196
38954	38955
39318	39319
39375	39376
39557	39558
39627	39628
39726	39727
39798	39799
40291	40292
40615	40616
41105	41106
41762	41763
42099	42100
42568	42569
42956	42957
43022	43023
43183	43184
44334	44335
45264	45265
45673	45674
45919	45920
46016	46017
46160	46161
46357	46358
46463	46464
46480	46481
46566	46567
46699	46700
46774	46775
46828	46829
46870	46871
46913	46914
46940	46941
47042	47043
47215	47216
47296	47297
47385	47386
47452	47453
47533	47534
47644	47645
47730	47731
47890	47891
48175	48176
48245	48246
48315	48316
48547	48548
48883	48884
49518	49519
49754	49755
50315	50316
50454	50455
50707	50708
51048	51049
51286	51287
51467	51468
51524	51525
