279	280
703	704
976	977
1072	1073
1212	1213
1290	1291
1465	1466
1741	1742
1840	1841
1890	1891
2023	2024
2131	2132
2275	2276
2334	2335
2443	2444
2554	2555
2700	2701
2804	2805
2936	2937
3059	3060
3105	3106
3230	3231
3346	3347
3453	3454
3497	3498
3697	3698
3815	3816
3839	3840
3903	3904
4147	4148
4194	4195
4293	4294
4417	4418
4505	4506
4560	4561
4645	4646
4785	4786
4881	4882
4989	4990
5206	5207
5235	5237
5348	5349
5420	5421
5553	5554
5590	5591
6080	6081
6684	6685
7134	7135
7308	7309
7396	7397
7517	7518
7687	7688
7789	7790
7833	7834
8102	8103
8369	8370
8448	8449
8499	8500
8609	8610
8726	8727
8850	8851
8990	8991
9138	9139
9499	9500
9562	9563
9642	9643
9803	9804
9868	9869
9930	9931
10123	10124
10185	10186
10397	10398
10468	10469
10673	10674
10848	10849
10905	10906
