15	19
265	266
419	420
628	629
1012	1013
1107	1108
1204	1206
1390	1391
2534	2536
2813	2814
2984	2985
3295	3296
3495	3496
3593	3594
3705	3706
3795	3796
3900	3902
3958	3959
4035	4036
4126	4127
4225	4227
4332	4333
4418	4419
4566	4567
4738	4740
4871	4872
4986	4989
5189	5195
5489	5490
5618	5619
5752	5754
5858	5859
5960	5961
6131	6132
6344	6345
6479	6480
6624	6626
6751	6753
6925	6926
7021	7022
7085	7086
7147	7148
7232	7233
7300	7301
7434	7435
7537	7539
7698	7700
7923	7925
7993	7994
8105	8106
8240	8243
8729	8732
9006	9008
9211	9212
9379	9381
9497	9498
9623	9625
10268	10269
10417	10418
