132	133
173	174
249	250
349	350
361	363
449	450
497	498
547	548
647	648
747	748
802	803
852	853
907	908
950	952
957	958
982	983
1037	1038
1082	1083
1132	1133
1163	1164
1200	1201
1231	1232
1286	1287
1341	1342
1391	1392
1441	1442
1496	1497
1575	1576
1625	1626
1736	1737
1791	1792
1872	1873
1926	1927
1981	1982
2170	2171
2270	2271
2324	2325
2378	2379
2478	2479
2570	2571
2801	2802
3125	3126
3240	3241
3363	3364
3420	3421
3424	3425
3500	3501
3600	3601
3641	3642
3747	3748
3797	3798
3906	3907
3956	3957
3980	3981
4007	4008
4057	4058
4132	4133
4157	4158
4231	4232
4281	4282
4337	4338
4412	4413
4462	4463
4512	4513
4629	4630
4679	4680
4729	4730
4877	4878
4951	4952
5051	5052
5101	5102
5151	5152
5229	5230
5353	5354
5453	5454
5510	5511
5538	5539
5595	5596
5632	5633
5681	5682
5710	5711
5759	5760
5814	5815
5866	5867
5902	5903
5946	5947
5973	5974
6022	6023
6062	6063
6101	6102
6144	6145
6206	6207
6273	6274
6313	6314
6361	6362
6410	6411
6495	6496
6540	6541
6601	6602
6650	6651
6698	6699
6747	6748
6810	6811
6862	6863
6912	6913
6961	6962
7056	7057
7105	7106
7127	7128
7176	7177
7292	7293
7346	7347
7396	7397
7445	7446
7494	7495
7543	7544
7632	7633
7686	7687
7864	7865
7913	7914
7988	7989
8037	8038
8091	8092
8165	8166
8288	8289
8337	8339
8398	8399
9714	9715
9753	9754
9800	9801
10090	10091
10153	10155
