480	481
505	506
554	555
576	577
601	602
1200	1201
1716	1718
1726	1727
1863	1864
1868	1869
2132	2133
2137	2138
2919	2920
3264	3265
3648	3649
3841	3842
3889	3890
3913	3914
3962	3963
3986	3987
4010	4011
4034	4035
4801	4802
5185	5186
5376	5377
7008	7009
7105	7106
7297	7298
8255	8256
8449	8450
8546	8547
8640	8641
8832	8833
9792	9793
9984	9985
10178	10179
10752	10753
11712	11713
11904	11905
12099	12100
12529	12530
12906	12907
12910	12911
15941	15943
16595	16598
17478	17479
17512	17513
17560	17561
18821	18822
19014	19015
19974	19975
21146	21148
22477	22478
22667	22668
24063	24064
24588	24589
26889	26890
27275	27276
27313	27314
32786	32787
36126	36129
