0.000001 0.000247
0.000002 0.000208
0.000002 0.000246
0.000034 0.000957
0.000007 0.000494
0.000006 0.000292
0.000002 0.000167
0.000002 0.000142
0.000003 0.000199
0.000009 0.000326
0.000015 0.000380
0.000008 0.000466
0.000003 0.000388
0.000001 0.000128
0.000000 0.000092
0.000001 0.000086
0.000002 0.000106
0.000003 0.000059
0.000005 0.000078
0.000003 0.000084
0.000001 0.000057
0.000001 0.000032
0.000005 0.000184
0.000002 0.000055
0.000001 0.000086
0.000000 0.000018
0.000000 0.000022
0.000000 0.000058
0.000000 0.000061
0.000005 0.000140
0.972035 0.409823
0.000001 0.000084
0.000000 0.000072
0.000000 0.000016
0.000000 0.000029
0.000000 0.000017
0.000001 0.000058
0.000000 0.000077
0.000001 0.000363
0.000001 0.000218
0.000007 0.000809
0.000001 0.000083
0.000000 0.000046
0.000000 0.000027
0.000001 0.000128
0.000001 0.000075
0.000006 0.000145
0.000003 0.000070
0.000010 0.000167
0.000004 0.000143
0.000001 0.000036
0.000001 0.000037
0.000001 0.000053
0.000000 0.000034
0.000000 0.000034
0.000001 0.000066
0.000001 0.000074
0.000001 0.000045
0.000000 0.000052
0.000001 0.000067
0.000001 0.000061
0.000000 0.000040
0.000000 0.000050
0.000000 0.000070
0.000000 0.000061
0.000001 0.000070
0.000001 0.000073
0.000001 0.000126
0.000001 0.000161
0.000001 0.000238
0.000001 0.000202
0.000001 0.000719
0.000001 0.001189
0.000000 0.000975
0.000000 0.001163
0.000000 0.000694
0.000000 0.000681
0.000000 0.002703
0.000000 0.007363
0.000000 0.005188
0.000000 0.005269
0.000000 0.016874
0.000000 0.014750
0.000000 0.001848
0.000000 0.003034
0.000000 0.000382
0.000000 0.000377
0.000000 0.000140
0.000000 0.000141
0.000000 0.000027
0.000000 0.000108
0.000005 0.000208
0.984405 0.952240
0.000011 0.000266
0.000000 0.000459
0.000000 0.000290
0.000000 0.000202
0.000000 0.000177
0.000002 0.000364
0.000000 0.000115
0.000000 0.000123
0.000000 0.000147
0.000004 0.000642
0.000001 0.000169
0.000002 0.000218
0.000004 0.000728
0.000004 0.002015
0.000003 0.000965
0.000003 0.000692
0.000001 0.001039
0.000003 0.001806
0.000009 0.003818
0.000002 0.002162
0.000003 0.001091
0.000005 0.001520
0.000008 0.001697
0.000005 0.002257
0.000006 0.001173
0.000010 0.001005
0.000007 0.000735
0.000008 0.000712
0.000003 0.000588
0.000002 0.000612
0.000003 0.000516
0.000002 0.000492
0.000002 0.000455
0.000001 0.000428
0.000001 0.000358
0.000002 0.000333
0.000002 0.000311
0.000006 0.000500
0.000003 0.000214
0.000001 0.000120
0.000001 0.000072
0.000001 0.000235
0.000001 0.000300
0.000001 0.000132
0.000001 0.000241
0.000010 0.000287
0.000032 0.000739
0.000050 0.000492
0.000037 0.000332
0.000055 0.000632
0.000027 0.000319
0.000006 0.000186
0.000009 0.000414
0.000007 0.000320
0.000002 0.000386
0.000001 0.000235
0.000005 0.000796
0.000093 0.001459
0.000032 0.001029
0.000049 0.000572
0.713879 0.302347
0.000707 0.005191
0.000136 0.006189
0.000240 0.006841
0.000423 0.004157
0.000175 0.019296
0.000053 0.039240
0.000008 0.088024
0.000014 0.091830
0.000003 0.084643
0.000011 0.042295
0.000006 0.015244
0.000003 0.021278
0.000003 0.007739
0.000002 0.004560
0.000015 0.002121
0.000011 0.000654
0.000002 0.000248
0.000001 0.000248
0.000000 0.000163
0.000000 0.000144
0.000001 0.000161
0.000001 0.000221
0.000002 0.000200
0.000006 0.000339
0.000017 0.000624
0.000009 0.000527
0.000010 0.000264
0.000012 0.000210
0.000002 0.000122
0.000001 0.000090
0.000002 0.000068
0.000001 0.000029
0.000000 0.000031
0.000000 0.000029
0.000000 0.000015
0.000001 0.000043
0.000000 0.000015
0.000000 0.000010
0.000000 0.000009
0.000000 0.000006
0.000000 0.000008
0.000000 0.000012
0.000000 0.000009
0.000000 0.000019
0.000000 0.000015
0.000000 0.000016
0.000001 0.000056
0.000002 0.000118
0.000001 0.000091
0.000000 0.000053
0.000001 0.000476
0.000001 0.001412
0.000001 0.002068
0.000002 0.000541
0.000001 0.000760
0.000000 0.000248
0.000000 0.000184
0.000000 0.000083
0.000000 0.001287
0.000000 0.000183
0.000000 0.000372
0.000000 0.000187
0.000000 0.000308
0.000000 0.000038
0.000000 0.000003
0.000000 0.000002
0.993938 0.995803
0.000693 0.005744
0.000010 0.003338
0.000000 0.000332
0.000000 0.000161
0.000000 0.002238
0.000000 0.000566
0.000000 0.000228
0.000000 0.000217
0.000000 0.000132
0.000000 0.000372
0.000000 0.000155
0.000000 0.000219
0.000000 0.000216
0.000000 0.000270
0.000021 0.000591
0.000234 0.000796
0.000004 0.000142
0.000002 0.000162
0.000004 0.000206
0.000002 0.000133
0.000004 0.000504
0.000004 0.000543
0.000001 0.000140
0.000003 0.000155
0.000001 0.000251
0.000001 0.000196
0.000000 0.000075
0.000001 0.000082
0.000000 0.000112
0.000017 0.001379
0.000012 0.001560
0.000018 0.002073
0.000016 0.002198
0.000020 0.001882
0.000034 0.002625
0.000023 0.002786
0.000015 0.004679
0.000026 0.005158
0.000039 0.005836
0.000060 0.005595
0.000065 0.006196
0.000061 0.005372
0.000056 0.004935
0.000048 0.004720
0.000062 0.005571
0.000047 0.005325
0.000053 0.006018
0.000057 0.006829
0.000059 0.008529
0.000055 0.009961
0.000047 0.008235
0.000055 0.011823
0.000071 0.011182
0.000169 0.017867
0.000190 0.017819
0.000121 0.010959
0.000125 0.007398
0.000186 0.008603
0.000124 0.009548
0.000099 0.012383
0.000097 0.023027
0.000171 0.036283
0.000645 0.050022
0.001213 0.067961
0.000625 0.088222
0.000638 0.104426
0.000187 0.042215
0.000214 0.037222
0.000181 0.022864
0.000109 0.024125
0.000175 0.044152
0.000231 0.053528
0.000186 0.042749
0.000111 0.030829
0.000121 0.026534
0.000067 0.017356
0.000093 0.013772
0.000076 0.016602
0.000048 0.015084
0.000001 0.000347
0.000001 0.000232
0.000003 0.000246
0.000008 0.000181
0.000004 0.000255
0.000006 0.000373
0.000002 0.000116
0.000003 0.000103
0.000012 0.000316
0.000013 0.000183
0.000011 0.000343
0.000004 0.000607
0.000000 0.000439
0.000000 0.000297
0.000000 0.000278
0.000002 0.001644
0.000001 0.000279
0.000000 0.000307
0.000000 0.000188
0.000000 0.000457
0.000000 0.000074
0.000000 0.000077
0.000000 0.000055
0.000001 0.001725
0.000000 0.000505
0.000000 0.000301
0.000000 0.000065
0.000000 0.000210
0.000001 0.000591
0.000000 0.000814
0.000009 0.000477
0.994667 0.948143
0.000004 0.000382
0.000000 0.000182
0.000000 0.000149
0.000001 0.000203
0.000000 0.000197
0.000000 0.000177
0.000000 0.000174
0.000005 0.000953
0.000000 0.000233
0.000011 0.000532
0.000002 0.000081
0.000002 0.000163
0.000000 0.000018
0.000001 0.000134
0.000001 0.000356
0.000000 0.000602
0.000000 0.000101
0.000001 0.000299
0.000000 0.000429
0.000000 0.000428
0.000000 0.000493
0.000000 0.000192
0.000000 0.000390
0.000000 0.000367
0.000000 0.000105
0.000000 0.000072
0.000000 0.000053
0.000000 0.000033
0.000000 0.000055
0.000000 0.000031
0.000000 0.000042
0.000000 0.000018
0.000000 0.000012
0.000000 0.000007
0.000000 0.000018
0.000000 0.000007
0.000000 0.000008
0.000000 0.000011
0.000000 0.000010
0.000000 0.000009
0.000000 0.000007
0.000000 0.000015
0.000000 0.000007
0.000000 0.000010
0.000000 0.000006
0.000000 0.000175
0.000000 0.000031
0.000000 0.000085
0.000000 0.000023
0.000000 0.000036
0.000000 0.000037
0.000000 0.000008
0.000000 0.000006
0.985052 0.849323
0.000003 0.000150
0.000000 0.000454
0.000000 0.000206
0.000000 0.000101
0.000000 0.000207
0.000000 0.000251
0.000000 0.000337
0.000000 0.000683
0.000000 0.000325
0.000002 0.003194
0.000000 0.000310
0.000000 0.000404
0.000000 0.000341
0.000000 0.000768
0.000001 0.000615
0.000005 0.000673
0.000024 0.009899
0.000097 0.004057
0.000118 0.001127
0.000052 0.000723
0.000016 0.000502
0.000014 0.000562
0.000049 0.000290
0.000645 0.000986
0.001478 0.002063
0.000099 0.003033
0.000006 0.000984
0.000031 0.004329
0.000000 0.001538
0.000000 0.000638
0.000000 0.000214
0.000003 0.003560
0.000003 0.001564
0.000001 0.001020
0.000000 0.000295
0.000000 0.000600
0.000002 0.002977
0.000000 0.003496
0.000001 0.000300
0.985673 0.914995
0.000002 0.000168
0.000000 0.000087
0.000000 0.000014
0.000001 0.000079
0.000000 0.000079
0.000000 0.000057
0.000000 0.000045
0.000001 0.000574
0.000000 0.000155
0.000000 0.000253
0.000000 0.000017
0.000000 0.000047
0.000000 0.000006
0.000000 0.000011
0.000000 0.000010
0.000000 0.000038
0.000000 0.000016
0.000000 0.000023
0.000000 0.000034
0.000000 0.000051
0.000002 0.000078
0.000001 0.000040
