     0	    59 : 0
    56	    95 : 0
    92	   139 : 0
   136	   207 : 0
   204	   263 : 0
   260	   267 : 0
   264	   275 : 0
   272	   283 : 0
   280	   287 : 0
   284	   291 : 0
   288	   299 : 0
   296	   303 : 0
   300	   307 : 0
   304	   311 : 0
   308	   355 : 0
   352	   451 : 0
   448	   455 : 1
   452	   459 : 0
   456	   467 : 0
   464	   507 : 0
   504	   515 : 0
   512	   523 : 0
   520	   575 : 0
   572	   583 : 0
   580	   587 : 0
   584	   607 : 0
   604	   651 : 0
   648	   675 : 0
   672	   683 : 1
   680	   695 : 0
   692	   699 : 1
   696	   703 : 0
   700	   711 : 0
   708	   723 : 0
   720	   727 : 1
   724	   731 : 0
   728	   735 : 0
   732	   739 : 0
   736	   751 : 1
   748	   787 : 0
   784	   795 : 1
   792	   803 : 0
   800	   807 : 0
   804	   815 : 0
   812	   819 : 1
   816	   831 : 0
   828	   835 : 1
   832	   859 : 0
   856	   867 : 1
   864	   879 : 0
   876	   891 : 1
   888	   899 : 0
   896	   903 : 1
   900	   907 : 0
   904	   911 : 1
   908	   915 : 0
   912	   931 : 0
   928	   951 : 0
   948	   959 : 1
   956	   971 : 0
   968	   987 : 1
   984	   991 : 0
   988	   999 : 1
   996	  1019 : 0
  1016	  1023 : 0
  1020	  1031 : 0
  1028	  1051 : 0
  1048	  1055 : 0
  1052	  1095 : 0
  1092	  1099 : 0
  1096	  1151 : 0
  1148	  1195 : 0
  1192	  1219 : 0
  1216	  1223 : 0
  1220	  1267 : 1
  1264	  1275 : 0
  1272	  1323 : 0
  1320	  1327 : 0
  1324	  1335 : 1
  1332	  1339 : 0
  1336	  1351 : 0
  1348	  1383 : 0
  1380	  1415 : 0
  1412	  1419 : 0
  1416	  1563 : 0
  1560	  1567 : 0
  1564	  1579 : 0
  1576	  1679 : 0
  1676	  1695 : 0
  1692	  1731 : 0
  1728	  1735 : 1
  1732	  1743 : 0
  1740	  1747 : 1
  1744	  1759 : 0
  1756	  1803 : 1
  1800	  1807 : 0
  1804	  1843 : 0
  1840	  1847 : 0
  1844	  1883 : 0
  1880	  1899 : 0
  1896	  1903 : 1
  1900	  1947 : 0
  1944	  1979 : 1
  1976	  1987 : 0
  1984	  1999 : 0
  1996	  2003 : 0
  2000	  2015 : 0
  2012	  2023 : 0
  2020	  2039 : 0
  2036	  2043 : 0
  2040	  2083 : 1
  2080	  2143 : 0
  2140	  2175 : 0
  2172	  2179 : 0
  2176	  2187 : 1
  2184	  2195 : 0
  2192	  2219 : 1
  2216	  2223 : 0
  2220	  2267 : 1
  2264	  2271 : 0
  2268	  2315 : 0
  2312	  2327 : 0
  2324	  2371 : 0
  2368	  2375 : 0
  2372	  2447 : 1
  2444	  2487 : 0
  2484	  2507 : 0
  2504	  2527 : 0
  2524	  2551 : 0
  2548	  2559 : 0
  2556	  2583 : 0
  2580	  2615 : 0
  2612	  2631 : 1
  2628	  2635 : 0
  2632	  2643 : 0
  2640	  2671 : 0
  2668	  2679 : 1
  2676	  2695 : 0
  2692	  2747 : 0
  2744	  2751 : 0
  2748	  2771 : 0
  2768	  2803 : 0
  2800	  2811 : 0
  2808	  2859 : 0
  2856	  2879 : 0
  2876	  2935 : 0
  2932	  2987 : 0
  2984	  3307 : 0
  3304	  3327 : 0
  3324	  3331 : 0
  3328	  3339 : 0
  3336	  3359 : 0
  3356	  3363 : 0
  3360	  3375 : 0
  3372	  3383 : 1
  3380	  3391 : 0
  3388	  3399 : 1
  3396	  3423 : 0
  3420	  3427 : 1
  3424	  3447 : 0
  3444	  3451 : 1
  3448	  3463 : 0
  3460	  3471 : 0
  3468	  3491 : 0
  3488	  3507 : 1
  3504	  3543 : 0
  3540	  3551 : 1
  3548	  3563 : 0
  3560	  3575 : 0
  3572	  3579 : 0
  3576	  3587 : 0
  3584	  3599 : 0
  3596	  3683 : 0
  3680	  3715 : 0
  3712	  3723 : 0
  3720	  3735 : 0
  3732	  3743 : 1
  3740	  3747 : 0
  3744	  3771 : 0
  3768	  3779 : 0
  3776	  3799 : 1
  3796	  3803 : 0
  3800	  3807 : 1
  3804	  3815 : 0
  3812	  3819 : 1
  3816	  3859 : 0
  3856	  3875 : 1
  3872	  3879 : 2
  3876	  3895 : 0
  3892	  3903 : 1
  3900	  3927 : 0
  3924	  3999 : 1
  3996	  4003 : 0
  4000	  4067 : 0
  4064	  4095 : 0
  4092	  4107 : 1
  4104	  4123 : 0
  4120	  4127 : 0
  4124	  4135 : 0
  4132	  4199 : 1
  4196	  4211 : 0
  4208	  4263 : 0
  4260	  4267 : 0
  4264	  4283 : 0
  4280	  4287 : 0
  4284	  4291 : 0
  4288	  4295 : 0
  4292	  4319 : 0
  4316	  4323 : 0
  4320	  4391 : 0
  4388	  4395 : 0
  4392	  4403 : 0
  4400	  4407 : 0
  4404	  4419 : 0
  4416	  4423 : 0
  4420	  4507 : 0
  4504	  4515 : 0
  4512	  4539 : 0
  4536	  4543 : 0
  4540	  4551 : 1
  4548	  4599 : 0
  4596	  4607 : 1
  4604	  4635 : 0
  4632	  4639 : 1
  4636	  4647 : 0
  4644	  4655 : 1
  4652	  4675 : 0
  4672	  4683 : 1
  4680	  4743 : 0
  4740	  4747 : 1
  4744	  4755 : 0
  4752	  4767 : 0
  4764	  4779 : 0
  4776	  4783 : 0
  4780	  4807 : 0
  4804	  4831 : 1
  4828	  4835 : 0
  4832	  4863 : 0
  4860	  4871 : 0
  4868	  4999 : 1
  4996	  5007 : 0
  5004	  5019 : 0
  5016	  5035 : 0
  5032	  5043 : 0
  5040	  5047 : 0
  5044	  5087 : 0
  5084	  5119 : 0
  5116	  5139 : 0
  5136	  5143 : 0
  5140	  5151 : 0
  5148	  5155 : 0
  5152	  5159 : 0
  5156	  5175 : 0
  5172	  5191 : 0
  5188	  5195 : 0
  5192	  5211 : 1
  5208	  5215 : 0
  5212	  5219 : 0
  5216	  5259 : 0
  5256	  5263 : 0
  5260	  5271 : 0
  5268	  5327 : 0
