     0	    23 : 0
    20	    27 : 0
    24	    43 : 0
    40	    59 : 0
    56	    67 : 1
    64	    71 : 0
    68	    75 : 0
    72	    79 : 0
    76	    83 : 0
    80	    91 : 0
    88	    95 : 1
    92	    99 : 0
    96	   115 : 1
   112	   123 : 0
   120	   135 : 0
   132	   139 : 0
   136	   195 : 1
   192	   199 : 0
   196	   235 : 1
   232	   271 : 0
   268	   323 : 0
   320	   355 : 0
   352	   523 : 1
   520	   587 : 0
   584	   591 : 0
   588	   607 : 0
   604	   619 : 0
   616	   627 : 0
   624	   647 : 0
   644	   655 : 0
   652	   659 : 0
   656	   663 : 0
   660	   707 : 0
   704	   715 : 0
   712	   763 : 0
   760	   771 : 0
   768	   783 : 1
   780	   787 : 0
   784	   831 : 1
   828	   835 : 0
   832	   855 : 1
   852	   867 : 0
   864	   891 : 0
   888	   915 : 0
   912	   939 : 1
   936	   943 : 0
   940	   979 : 0
   976	   983 : 0
   980	   995 : 1
   992	   999 : 0
   996	  1047 : 0
  1044	  1051 : 0
  1048	  1055 : 0
  1052	  1083 : 0
  1080	  1091 : 0
  1088	  1095 : 0
  1092	  1127 : 1
  1124	  1135 : 0
  1132	  1155 : 0
  1152	  1159 : 0
  1156	  1299 : 0
  1296	  1303 : 0
  1300	  1347 : 0
  1344	  1351 : 0
  1348	  1383 : 0
  1380	  1391 : 0
  1388	  1579 : 0
  1576	  1583 : 0
  1580	  1599 : 0
  1596	  1603 : 0
  1600	  1607 : 0
  1604	  1623 : 0
  1620	  1787 : 0
  1784	  1823 : 0
  1820	  1835 : 0
  1832	  1867 : 0
  1864	  1871 : 0
  1868	  1915 : 0
  1912	  1919 : 0
  1916	  1935 : 0
  1932	  1943 : 0
  1940	  1947 : 0
  1944	  1967 : 1
  1964	  1991 : 0
  1988	  1995 : 0
  1992	  1999 : 0
  1996	  2003 : 0
  2000	  2015 : 0
  2012	  2019 : 1
  2016	  2023 : 0
  2020	  2143 : 0
  2140	  2147 : 0
  2144	  2195 : 0
  2192	  2203 : 0
  2200	  2323 : 0
  2320	  2331 : 0
  2328	  2335 : 0
  2332	  2367 : 0
  2364	  2387 : 0
  2384	  2403 : 0
  2400	  2419 : 0
  2416	  2459 : 0
  2456	  2471 : 1
  2468	  2475 : 0
  2472	  2531 : 0
  2528	  2539 : 0
  2536	  2575 : 0
  2572	  2579 : 0
  2576	  2603 : 0
  2600	  2635 : 0
  2632	  2655 : 0
  2652	  2659 : 0
  2656	  2675 : 0
  2672	  2687 : 0
  2684	  2703 : 0
  2700	  2735 : 0
  2732	  2739 : 0
  2736	  2743 : 0
  2740	  2747 : 0
  2744	  2887 : 0
  2884	  2907 : 0
  2904	  2911 : 0
  2908	  2939 : 0
  2936	  2951 : 0
  2948	  2971 : 0
  2968	  2975 : 0
  2972	  2991 : 0
  2988	  3023 : 0
  3020	  3031 : 0
  3028	  3095 : 0
  3092	  3119 : 0
  3116	  3139 : 0
  3136	  3151 : 0
  3148	  3199 : 0
  3196	  3203 : 0
  3200	  3215 : 0
  3212	  3227 : 0
  3224	  3259 : 0
  3256	  3263 : 0
  3260	  3475 : 0
  3472	  3479 : 0
  3476	  3487 : 0
  3484	  3511 : 0
  3508	  3563 : 0
  3560	  3571 : 0
  3568	  3583 : 0
  3580	  3591 : 0
  3588	  3599 : 0
  3596	  3619 : 0
  3616	  3623 : 0
  3620	  3627 : 0
  3624	  3755 : 0
  3752	  3759 : 0
  3756	  3775 : 0
  3772	  3783 : 0
  3780	  3799 : 0
  3796	  3803 : 0
  3800	  3843 : 0
  3840	  3847 : 0
  3844	  3851 : 0
  3848	  3895 : 0
  3892	  3923 : 0
  3920	  3979 : 0
  3976	  3983 : 0
  3980	  3987 : 0
  3984	  3991 : 0
  3988	  4015 : 0
  4012	  4051 : 0
  4048	  4071 : 0
  4068	  4179 : 0
  4176	  4187 : 1
  4184	  4191 : 0
  4188	  4207 : 0
  4204	  4255 : 0
  4252	  4275 : 1
  4272	  4279 : 0
  4276	  4287 : 0
  4284	  4295 : 0
  4292	  4303 : 0
  4300	  4307 : 0
  4304	  4315 : 0
  4312	  4319 : 0
  4316	  4327 : 0
  4324	  4339 : 0
  4336	  4423 : 0
  4420	  4427 : 0
  4424	  4435 : 0
  4432	  4439 : 0
  4436	  4447 : 0
  4444	  4467 : 0
  4464	  4475 : 0
  4472	  4503 : 0
  4500	  4511 : 0
  4508	  4515 : 0
  4512	  4883 : 0
  4880	  4891 : 0
  4888	  4899 : 1
  4896	  4911 : 0
  4908	  4919 : 1
  4916	  4955 : 0
  4952	  4971 : 1
  4968	  5071 : 0
  5068	  5075 : 1
  5072	  5119 : 0
  5116	  5123 : 0
  5120	  5271 : 0
  5268	  5279 : 0
  5276	  5315 : 0
  5312	  5319 : 0
  5316	  5351 : 0
  5348	  5355 : 1
  5352	  5391 : 0
  5388	  5395 : 0
  5392	  5407 : 0
  5404	  5415 : 0
  5412	  5467 : 0
  5464	  5471 : 0
  5468	  5483 : 0
  5480	  5487 : 0
  5484	  5491 : 0
  5488	  5611 : 1
  5608	  5631 : 0
  5628	  5635 : 1
  5632	  5639 : 0
  5636	  5787 : 0
  5784	  5799 : 0
  5796	  5819 : 0
  5816	  5835 : 0
  5832	  5879 : 0
  5876	  5887 : 0
  5884	  5895 : 0
  5892	  5899 : 0
  5896	  5971 : 0
  5968	  5983 : 0
  5980	  5991 : 0
  5988	  5995 : 0
  5992	  6019 : 0
  6016	  6139 : 0
  6136	  6151 : 0
  6148	  6639 : 0
  6636	  6667 : 0
  6664	  6675 : 0
  6672	  6683 : 0
  6680	  6691 : 0
  6688	  6703 : 0
  6700	  6711 : 0
  6708	  6715 : 0
  6712	  6723 : 0
  6720	  6731 : 0
  6728	  6743 : 0
  6740	  6751 : 0
  6748	  6755 : 0
  6752	  6759 : 0
  6756	  6763 : 0
  6760	  6791 : 0
  6788	  6799 : 0
  6796	  6803 : 0
  6800	  6811 : 0
  6808	  6815 : 0
  6812	  6823 : 0
  6820	  6831 : 0
  6828	  6867 : 0
  6864	  6879 : 0
  6876	  6883 : 0
  6880	  6891 : 0
  6888	  6895 : 0
  6892	  6931 : 0
  6928	  6935 : 0
  6932	  7103 : 1
  7100	  7111 : 0
  7108	  7131 : 0
  7128	  7139 : 0
  7136	  7171 : 0
  7168	  7191 : 0
  7188	  7207 : 0
  7204	  7215 : 0
  7212	  7319 : 0
  7316	  7327 : 0
  7324	  7379 : 0
  7376	  7391 : 0
  7388	  7423 : 0
  7420	  7431 : 0
  7428	  7507 : 0
  7504	  7519 : 0
  7516	  7527 : 0
  7524	  7535 : 0
  7532	  7555 : 0
  7552	  7571 : 0
  7568	  7583 : 0
  7580	  7587 : 0
  7584	  7619 : 0
  7616	  7627 : 0
  7624	  7631 : 0
  7628	  7635 : 0
  7632	  7643 : 0
  7640	  7651 : 0
  7648	  7655 : 0
  7652	  7659 : 0
  7656	  7663 : 0
  7660	  7679 : 0
  7676	  7683 : 0
  7680	  7695 : 0
  7692	  7715 : 1
  7712	  7731 : 0
  7728	  7835 : 0
  7832	  7843 : 0
  7840	  7931 : 0
  7928	  7935 : 0
  7932	  8087 : 0
  8084	  8131 : 0
  8128	  8139 : 0
  8136	  8143 : 0
  8140	  8155 : 0
  8152	  8183 : 0
  8180	  8195 : 1
  8192	  8199 : 0
  8196	  8239 : 0
  8236	  8243 : 0
  8240	  8267 : 0
  8264	  8271 : 0
  8268	  8283 : 1
  8280	  8399 : 0
  8396	  8471 : 0
  8468	  8479 : 0
  8476	  8563 : 0
  8560	  8579 : 0
  8576	  8583 : 0
  8580	  8591 : 0
  8588	  8647 : 0
  8644	  8655 : 0
  8652	  8763 : 0
  8760	  8779 : 0
  8776	  8807 : 0
  8804	  8819 : 0
  8816	  8863 : 0
  8860	  8871 : 0
  8868	  8959 : 0
  8956	  8971 : 0
  8968	  8975 : 0
  8972	  8983 : 0
  8980	  9015 : 1
  9012	  9083 : 0
  9080	  9179 : 1
  9176	  9191 : 0
  9188	  9199 : 0
  9196	  9223 : 0
  9220	  9227 : 0
  9224	  9235 : 0
  9232	  9267 : 0
  9264	  9271 : 0
  9268	  9295 : 0
  9292	  9303 : 0
  9300	  9335 : 0
  9332	  9339 : 0
  9336	  9347 : 0
  9344	  9363 : 0
  9360	  9395 : 0
  9392	  9399 : 0
  9396	  9567 : 0
  9564	  9575 : 0
  9572	  9583 : 1
  9580	  9591 : 0
  9588	  9599 : 0
  9596	  9631 : 0
  9628	  9639 : 0
  9636	  9651 : 0
  9648	  9659 : 0
  9656	  9667 : 0
  9664	  9675 : 0
  9672	  9679 : 0
  9676	  9683 : 1
  9680	  9695 : 0
  9692	  9699 : 1
  9696	  9731 : 0
  9728	  9743 : 1
  9740	  9751 : 0
  9748	  9787 : 1
  9784	  9791 : 0
  9788	  9795 : 1
  9792	  9815 : 0
  9812	  9819 : 1
  9816	  9839 : 0
  9836	  9895 : 1
  9892	  9983 : 0
  9980	  9999 : 0
  9996	 10003 : 0
 10000	 10011 : 0
 10008	 10015 : 0
 10012	 10019 : 0
 10016	 10039 : 0
 10036	 10051 : 0
 10048	 10067 : 0
 10064	 10083 : 0
 10080	 10091 : 0
 10088	 10123 : 1
 10120	 10127 : 0
 10124	 10143 : 1
 10140	 10151 : 0
 10148	 10155 : 1
 10152	 10159 : 0
 10156	 10163 : 1
 10160	 10167 : 0
 10164	 10171 : 1
 10168	 10203 : 0
 10200	 10211 : 1
 10208	 10215 : 0
 10212	 10223 : 0
 10220	 10271 : 0
 10268	 10275 : 0
 10272	 10283 : 0
 10280	 10287 : 1
 10284	 10335 : 0
 10332	 10339 : 0
 10336	 10383 : 0
 10380	 10399 : 1
 10396	 10403 : 0
 10400	 10407 : 1
 10404	 10587 : 0
 10584	 10591 : 0
 10588	 10595 : 0
 10592	 10627 : 0
