     0	    35 : 0
    32	    51 : 1
    48	    59 : 0
    56	    63 : 0
    60	    67 : 0
    64	   107 : 1
   104	   135 : 0
   132	   151 : 0
   148	   163 : 0
   160	   171 : 1
   168	   199 : 0
   196	   299 : 1
   296	   307 : 0
   304	   331 : 1
   328	   339 : 0
   336	   355 : 0
   352	   371 : 0
   368	   383 : 0
   380	   391 : 0
   388	   539 : 0
   536	   547 : 0
   544	   551 : 1
   548	   555 : 0
   552	   575 : 1
   572	   599 : 0
   596	   627 : 1
   624	   783 : 0
   780	   787 : 1
   784	   815 : 0
   812	   843 : 0
   840	   875 : 0
   872	   915 : 0
   912	   943 : 0
   940	   991 : 0
   988	  1035 : 0
  1032	  1039 : 0
  1036	  1059 : 0
  1056	  1095 : 0
  1092	  1159 : 0
  1156	  1163 : 1
  1160	  1495 : 0
  1492	  1519 : 1
  1516	  1763 : 0
  1760	  1779 : 0
  1776	  1935 : 0
  1932	  1955 : 0
  1952	  1963 : 0
  1960	  1995 : 0
  1992	  1999 : 0
  1996	  2031 : 0
  2028	  2043 : 0
  2040	  2063 : 0
  2060	  2071 : 0
  2068	  2091 : 0
  2088	  2351 : 0
  2348	  2355 : 1
  2352	  2523 : 0
  2520	  2527 : 1
  2524	  2591 : 0
  2588	  2623 : 0
  2620	  2791 : 0
  2788	  2799 : 1
  2796	  2851 : 0
  2848	  2859 : 1
  2856	  2955 : 0
  2952	  2963 : 1
  2960	  3031 : 0
  3028	  3035 : 1
  3032	  3183 : 0
  3180	  3191 : 1
  3188	  3195 : 0
  3192	  3203 : 0
  3200	  3207 : 0
  3204	  3211 : 0
  3208	  3215 : 0
  3212	  3223 : 0
  3220	  3251 : 0
  3248	  3267 : 0
  3264	  3283 : 0
  3280	  3287 : 0
  3284	  3295 : 0
  3292	  3299 : 0
  3296	  3351 : 0
  3348	  3379 : 1
  3376	  3407 : 0
  3404	  3415 : 1
  3412	  3467 : 0
  3464	  3475 : 1
  3472	  4035 : 0
  4032	  4043 : 1
  4040	  4051 : 0
  4048	  4111 : 0
  4108	  4139 : 0
  4136	  4163 : 0
  4160	  4191 : 0
  4188	  4315 : 1
  4312	  4383 : 0
  4380	  4387 : 1
  4384	  4427 : 0
  4424	  4431 : 1
  4428	  4463 : 0
  4460	  4487 : 0
  4484	  4627 : 0
  4624	  4647 : 0
  4644	  4719 : 0
  4716	  4759 : 1
  4756	  4911 : 0
  4908	  4915 : 0
  4912	  4919 : 0
  4916	  4927 : 1
  4924	  5095 : 0
  5092	  5191 : 1
  5188	  5199 : 0
  5196	  5219 : 0
  5216	  5223 : 0
  5220	  5239 : 0
  5236	  5243 : 0
  5240	  5255 : 0
  5252	  5439 : 0
  5436	  5443 : 1
  5440	  5447 : 0
  5444	  5479 : 0
  5476	  5491 : 0
  5488	  5495 : 0
  5492	  5499 : 0
  5496	  5523 : 0
  5520	  5535 : 0
  5532	  5555 : 0
  5552	  5571 : 0
  5568	  5627 : 0
  5624	  5635 : 0
  5632	  5643 : 0
  5640	  5667 : 0
  5664	  5675 : 0
  5672	  5703 : 0
  5700	  5707 : 0
  5704	  5723 : 0
  5720	  5727 : 1
  5724	  5731 : 2
  5728	  6211 : 0
  6208	  6411 : 1
  6408	  6527 : 0
  6524	  6531 : 1
  6528	  6687 : 0
  6684	  6695 : 1
  6692	  6763 : 0
  6760	  6771 : 1
  6768	  6903 : 0
  6900	  6911 : 1
  6908	  6987 : 0
  6984	  6991 : 1
  6988	  7055 : 0
  7052	  7063 : 0
  7060	  7071 : 0
  7068	  7075 : 1
  7072	  7127 : 0
  7124	  7139 : 0
  7136	  7155 : 0
  7152	  7163 : 0
  7160	  7183 : 0
  7180	  7187 : 0
  7184	  7223 : 0
  7220	  7227 : 1
  7224	  7351 : 0
  7348	  7355 : 1
  7352	  7423 : 0
  7420	  7431 : 1
  7428	  7551 : 0
  7548	  7555 : 1
  7552	  7567 : 0
  7564	  7583 : 0
  7580	  7587 : 0
  7584	  7607 : 1
  7604	  7699 : 0
  7696	  7703 : 1
  7700	  7707 : 0
  7704	  7711 : 0
  7708	  7739 : 0
  7736	  7743 : 0
  7740	  7779 : 0
  7776	  7783 : 0
  7780	  7811 : 0
  7808	  7815 : 0
  7812	  7843 : 0
  7840	  7847 : 0
  7844	  8039 : 0
  8036	  8047 : 1
  8044	  8051 : 0
  8048	  8059 : 0
  8056	  8211 : 0
  8208	  8219 : 1
  8216	  8235 : 0
  8232	  8247 : 0
  8244	  8287 : 0
  8284	  8299 : 0
  8296	  8303 : 0
  8300	  8331 : 0
  8328	  8359 : 0
  8356	  8363 : 1
  8360	  8367 : 0
  8364	  8375 : 0
  8372	  8383 : 0
  8380	  8399 : 0
  8396	  8695 : 0
  8692	  8719 : 1
  8716	  8779 : 0
  8776	  8783 : 0
  8780	  8799 : 0
  8796	  8803 : 1
  8800	  8915 : 0
  8912	  8923 : 1
  8920	  9023 : 0
  9020	  9055 : 1
  9052	  9203 : 0
