     0	   143 : 0
   140	   287 : 0
   284	   359 : 0
   356	   539 : 0
   536	   543 : 0
   540	   551 : 0
   548	   807 : 0
   804	   811 : 0
   808	   835 : 0
   832	   839 : 0
   836	  1015 : 0
  1012	  1019 : 0
  1016	  1031 : 0
  1028	  1183 : 0
  1180	  1199 : 0
  1196	  1243 : 0
  1240	  1251 : 0
  1248	  1259 : 0
  1256	  1275 : 0
  1272	  2035 : 0
  2032	  2055 : 0
  2052	  2059 : 0
  2056	  2095 : 0
  2092	  2103 : 0
  2100	  2107 : 0
  2104	  2127 : 0
  2124	  2135 : 0
  2132	  2307 : 0
  2304	  2855 : 0
  2852	  2859 : 0
  2856	  3247 : 0
  3244	  3251 : 0
  3248	  3275 : 0
  3272	  3283 : 0
  3280	  3287 : 1
  3284	  3299 : 0
  3296	  3307 : 0
  3304	  3383 : 0
  3380	  3395 : 0
  3392	  3407 : 0
  3404	  3411 : 0
  3408	  3419 : 0
  3416	  3423 : 0
  3420	  4067 : 0
  4064	  4071 : 0
  4068	  4075 : 0
  4072	  4083 : 0
  4080	  4087 : 0
  4084	  4095 : 0
  4092	  4135 : 0
  4132	  4139 : 0
  4136	  4155 : 0
  4152	  4167 : 0
  4164	  4199 : 0
  4196	  4203 : 0
  4200	  4235 : 0
  4232	  4239 : 0
  4236	  4271 : 0
  4268	  4275 : 0
  4272	  4327 : 0
  4324	  4331 : 0
  4328	  4339 : 0
  4336	  4343 : 0
  4340	  4355 : 0
  4352	  4359 : 0
  4356	  4371 : 0
  4368	  4375 : 0
  4372	  4387 : 0
  4384	  4391 : 0
  4388	  4407 : 0
  4404	  4411 : 0
  4408	  4427 : 0
  4424	  4435 : 0
  4432	  4447 : 0
  4444	  4455 : 0
  4452	  4459 : 0
  4456	  4463 : 0
  4460	  4467 : 0
  4464	  4475 : 0
  4472	  4479 : 0
  4476	  4483 : 0
  4480	  4619 : 0
  4616	  4623 : 0
  4620	  4639 : 0
  4636	  4759 : 1
  4756	  4811 : 0
  4808	  4935 : 0
  4932	  5163 : 0
  5160	  5187 : 0
  5184	  5287 : 0
  5284	  5311 : 0
  5308	  5347 : 0
  5344	  5359 : 0
  5356	  5411 : 0
  5408	  5431 : 0
  5428	  5439 : 0
  5436	  5443 : 0
  5440	  5451 : 0
  5448	  5459 : 0
  5456	  5483 : 0
  5480	  5487 : 0
  5484	  5495 : 0
  5492	  5519 : 0
  5516	  5523 : 0
  5520	  5527 : 0
  5524	  5575 : 0
  5572	  5583 : 0
  5580	  5595 : 0
  5592	  5599 : 0
  5596	  5603 : 0
  5600	  5607 : 0
  5604	  5619 : 0
  5616	  5635 : 0
  5632	  5651 : 0
  5648	  5751 : 0
  5748	  5759 : 0
  5756	  5771 : 0
  5768	  5775 : 0
  5772	  5783 : 0
  5780	  5791 : 0
  5788	  5795 : 0
  5792	  5799 : 0
  5796	  5871 : 0
  5868	  5875 : 0
  5872	  5919 : 0
  5916	  5943 : 0
  5940	  5947 : 0
  5944	  6007 : 0
  6004	  6187 : 0
  6184	  6203 : 0
  6200	  6223 : 0
  6220	  6271 : 0
  6268	  6295 : 0
  6292	  6307 : 0
  6304	  6971 : 0
  6968	  6975 : 0
  6972	  6979 : 1
  6976	  7227 : 0
  7224	  7631 : 0
