     0	    27 : 0
    24	    87 : 0
    84	    91 : 0
    88	   151 : 0
   148	   155 : 0
   152	   163 : 0
   160	   563 : 0
   560	   567 : 0
   564	   611 : 0
   608	   631 : 0
   628	   675 : 0
   672	   691 : 0
   688	   707 : 0
   704	   715 : 0
   712	   743 : 0
   740	   751 : 0
   748	   775 : 0
   772	   795 : 0
   792	   811 : 0
   808	   819 : 0
   816	   831 : 0
   828	   839 : 0
   836	   871 : 0
   868	   887 : 0
   884	  1039 : 0
  1036	  1267 : 0
  1264	  1275 : 0
  1272	  1343 : 0
  1340	  1391 : 0
  1388	  1395 : 0
  1392	  1635 : 0
  1632	  1655 : 0
  1652	  1659 : 0
  1656	  1663 : 0
  1660	  1667 : 0
  1664	  1771 : 0
  1768	  1779 : 0
  1776	  1843 : 0
  1840	  1847 : 0
  1844	  1903 : 0
  1900	  1907 : 0
  1904	  1919 : 0
  1916	  1923 : 0
  1920	  2027 : 0
  2024	  2039 : 0
  2036	  2043 : 0
  2040	  2063 : 0
  2060	  2075 : 0
  2072	  2131 : 0
  2128	  2171 : 0
  2168	  2183 : 0
  2180	  2187 : 0
  2184	  2259 : 0
  2256	  2263 : 0
  2260	  2315 : 0
  2312	  2319 : 0
  2316	  2367 : 0
  2364	  2371 : 0
  2368	  2439 : 0
  2436	  2451 : 0
  2448	  2511 : 0
  2508	  2515 : 0
  2512	  2519 : 0
  2516	  2523 : 0
  2520	  2631 : 0
  2628	  2715 : 0
  2712	  2791 : 0
  2788	  2843 : 0
  2840	  2851 : 0
  2848	  2907 : 0
  2904	  2919 : 0
  2916	  2923 : 0
  2920	  2939 : 0
  2936	  2967 : 0
  2964	  2987 : 0
  2984	  3027 : 0
  3024	  3039 : 0
  3036	  3043 : 0
  3040	  3047 : 0
  3044	  3067 : 0
  3064	  3071 : 0
  3068	  3091 : 0
  3088	  3103 : 0
  3100	  3107 : 0
  3104	  3111 : 0
  3108	  3159 : 0
  3156	  3163 : 0
  3160	  3219 : 0
  3216	  3223 : 0
  3220	  3247 : 0
  3244	  3251 : 0
  3248	  3283 : 0
  3280	  3299 : 0
  3296	  3307 : 0
  3304	  3311 : 0
  3308	  3343 : 0
  3340	  3351 : 0
  3348	  3399 : 0
  3396	  3575 : 0
  3572	  3579 : 0
  3576	  3583 : 0
  3580	  3607 : 0
  3604	  3611 : 0
  3608	  3671 : 0
  3668	  3675 : 0
  3672	  3727 : 0
  3724	  3735 : 0
  3732	  3739 : 0
  3736	  3751 : 0
  3748	  3755 : 0
  3752	  3763 : 0
  3760	  3787 : 0
  3784	  3847 : 0
  3844	  3899 : 0
  3896	  3975 : 0
  3972	  3979 : 0
  3976	  3983 : 0
  3980	  3995 : 0
  3992	  4003 : 0
  4000	  4007 : 0
  4004	  4071 : 0
  4068	  4075 : 0
  4072	  4099 : 0
  4096	  4103 : 0
  4100	  4115 : 0
  4112	  4119 : 0
  4116	  4123 : 0
  4120	  4143 : 0
  4140	  4167 : 0
  4164	  4171 : 0
  4168	  4175 : 0
  4172	  4191 : 0
  4188	  4203 : 0
  4200	  4207 : 0
  4204	  4211 : 0
  4208	  4219 : 0
  4216	  4235 : 0
  4232	  4239 : 0
  4236	  4695 : 0
  4692	  4699 : 0
  4696	  4727 : 0
  4724	  4799 : 0
  4796	  4823 : 0
  4820	  4827 : 0
  4824	  4851 : 0
  4848	  4871 : 0
  4868	  4875 : 0
  4872	  4883 : 0
  4880	  4887 : 0
  4884	  4895 : 0
  4892	  4899 : 0
  4896	  4959 : 0
  4956	  5115 : 0
  5112	  5123 : 0
  5120	  5127 : 0
  5124	  5131 : 0
  5128	  5159 : 0
  5156	  5163 : 0
  5160	  5183 : 0
  5180	  5223 : 0
  5220	  5227 : 0
  5224	  5231 : 0
  5228	  5235 : 0
  5232	  5247 : 0
  5244	  5259 : 0
  5256	  5283 : 0
  5280	  5287 : 0
  5284	  5311 : 0
  5308	  5315 : 0
  5312	  5367 : 0
  5364	  5375 : 0
  5372	  5391 : 0
  5388	  5395 : 0
  5392	  5403 : 0
  5400	  5411 : 0
  5408	  5415 : 0
  5412	  5431 : 0
  5428	  5439 : 0
  5436	  5447 : 0
  5444	  5467 : 0
  5464	  5471 : 0
  5468	  5503 : 0
  5500	  5511 : 0
  5508	  5519 : 0
  5516	  5523 : 0
  5520	  5535 : 0
  5532	  5543 : 0
  5540	  5551 : 0
  5548	  5559 : 0
  5556	  5563 : 0
  5560	  5575 : 0
  5572	  5583 : 0
  5580	  5603 : 0
  5600	  5615 : 0
  5612	  5639 : 0
  5636	  5651 : 0
  5648	  5667 : 0
  5664	  5675 : 0
  5672	  5711 : 0
  5708	  5715 : 0
  5712	  5719 : 0
  5716	  5723 : 0
  5720	  5779 : 0
  5776	  5799 : 0
  5796	  5811 : 0
  5808	  5863 : 0
  5860	  5903 : 0
  5900	  5911 : 0
  5908	  6423 : 0
  6420	  6427 : 0
  6424	  6947 : 0
  6944	  6951 : 1
  6948	  7191 : 0
  7188	  7227 : 0
  7224	  7231 : 0
  7228	  7243 : 0
  7240	  7263 : 0
  7260	  7311 : 0
  7308	  7471 : 0
  7468	  7555 : 0
  7552	  7559 : 0
  7556	  7563 : 0
  7560	  7567 : 0
  7564	  7571 : 0
  7568	  7579 : 0
  7576	  7699 : 0
  7696	  8471 : 0
