     0	    59 : 0
    56	    67 : 0
    64	    75 : 0
    72	   143 : 0
   140	   963 : 0
   960	  1123 : 0
  1120	  1139 : 1
  1136	  1299 : 0
  1296	  1311 : 1
  1308	  1547 : 0
  1544	  2059 : 1
  2056	  2063 : 0
  2060	  2311 : 0
  2308	  2547 : 0
  2544	  2563 : 1
  2560	  2799 : 0
  2796	  2815 : 1
  2812	  3047 : 0
  3044	  3063 : 1
  3060	  3295 : 0
  3292	  3563 : 1
  3560	  3723 : 0
  3720	  3735 : 1
  3732	  3899 : 0
  3896	  4167 : 1
  4164	  4171 : 0
  4168	  4175 : 0
  4172	  4399 : 0
  4396	  4411 : 1
  4408	  4647 : 0
  4644	  4663 : 1
  4660	  4819 : 0
  4816	  5007 : 1
  5004	  5175 : 0
  5172	  5187 : 1
  5184	  5347 : 0
  5344	  5535 : 1
  5532	  5551 : 0
  5548	  5787 : 0
  5784	  6023 : 0
  6020	  6447 : 1
  6444	  6479 : 0
  6476	  6883 : 0
  6880	  7119 : 0
  7116	  7135 : 1
  7132	  7295 : 0
  7292	  7311 : 1
  7308	  7323 : 0
  7320	  7335 : 0
  7332	  7355 : 0
  7352	  7659 : 0
  7656	  7819 : 0
  7816	  8327 : 1
  8324	  8331 : 0
  8328	  8335 : 1
  8332	  8339 : 0
  8336	  8343 : 0
  8340	  8355 : 0
  8352	  8363 : 0
  8360	  8571 : 0
  8568	  8763 : 1
  8760	  8767 : 0
  8764	  8771 : 0
  8768	  8807 : 0
  8804	  8819 : 0
  8816	  8823 : 0
  8820	  8827 : 0
  8824	  8835 : 0
  8832	  8839 : 0
  8836	  8903 : 0
  8900	  8907 : 0
  8904	  8919 : 0
  8916	  8959 : 1
  8956	  9095 : 0
  9092	  9107 : 1
  9104	  9271 : 0
  9268	  9287 : 1
  9284	  9443 : 0
  9440	  9459 : 1
  9456	  9619 : 0
  9616	  9883 : 1
  9880	 10043 : 0
 10040	 10231 : 1
 10228	 10395 : 0
 10392	 10411 : 1
 10408	 10579 : 0
