     0	    23 : 0
    20	   115 : 0
   112	   203 : 1
   200	   211 : 0
   208	   227 : 0
   224	   231 : 0
   228	   243 : 1
   240	   263 : 0
   260	   271 : 0
   268	   283 : 0
   280	   287 : 0
   284	   299 : 0
   296	   303 : 0
   300	   307 : 0
   304	   471 : 1
   468	   475 : 0
   472	   519 : 0
   516	   715 : 0
   712	   723 : 1
   720	   827 : 0
   824	   835 : 1
   832	   851 : 0
   848	  1023 : 0
  1020	  1027 : 0
  1024	  1035 : 1
  1032	  1043 : 0
  1040	  1047 : 0
  1044	  1055 : 0
  1052	  1059 : 0
  1056	  1063 : 0
  1060	  1071 : 0
  1068	  1107 : 0
  1104	  1123 : 1
  1120	  1139 : 0
  1136	  1207 : 0
  1204	  1211 : 0
  1208	  1215 : 0
  1212	  1247 : 0
  1244	  1271 : 0
  1268	  1279 : 0
  1276	  1331 : 0
  1328	  1335 : 0
  1332	  1371 : 1
  1368	  1487 : 0
  1484	  1523 : 1
  1520	  1599 : 0
  1596	  1611 : 0
  1608	  1619 : 0
  1616	  1639 : 1
  1636	  1855 : 0
  1852	  1867 : 0
  1864	  1895 : 0
  1892	  1903 : 1
  1900	  1987 : 0
  1984	  2007 : 1
  2004	  2203 : 0
  2200	  2215 : 1
  2212	  2307 : 0
  2304	  2315 : 0
  2312	  2419 : 0
  2416	  2695 : 0
  2692	  2751 : 0
  2748	  2759 : 1
  2756	  2955 : 0
  2952	  3047 : 0
  3044	  3051 : 0
  3048	  3063 : 0
  3060	  3075 : 0
  3072	  3079 : 0
  3076	  3303 : 0
  3300	  3307 : 1
  3304	  3551 : 0
  3548	  3555 : 1
  3552	  3803 : 0
  3800	  3807 : 1
  3804	  3887 : 0
  3884	  3895 : 0
  3892	  3935 : 0
  3932	  3959 : 0
  3956	  3963 : 0
  3960	  3967 : 0
  3964	  3979 : 0
  3976	  4015 : 0
  4012	  4047 : 0
  4044	  4111 : 0
  4108	  4211 : 0
  4208	  4291 : 0
  4288	  4295 : 0
  4292	  4307 : 0
  4304	  4315 : 0
  4312	  4363 : 0
  4360	  4367 : 0
  4364	  4391 : 1
  4388	  4407 : 0
  4404	  4451 : 0
  4448	  4455 : 0
  4452	  4483 : 0
  4480	  4619 : 0
  4616	  4635 : 0
  4632	  4675 : 0
  4672	  4687 : 0
  4684	  4715 : 0
  4712	  4735 : 0
  4732	  4899 : 0
  4896	  4907 : 1
  4904	  4975 : 0
  4972	  4979 : 0
  4976	  5007 : 0
  5004	  5023 : 0
  5020	  5167 : 0
  5164	  5175 : 0
  5172	  5239 : 0
  5236	  5243 : 0
  5240	  5399 : 0
  5396	  5407 : 1
  5404	  5415 : 0
  5412	  5419 : 0
  5416	  5423 : 0
  5420	  5455 : 0
  5452	  5463 : 0
  5460	  5571 : 0
  5568	  5799 : 0
  5796	  5803 : 1
  5800	  5891 : 0
  5888	  5895 : 0
  5892	  6351 : 0
  6348	  6359 : 0
  6356	  6371 : 0
  6368	  6375 : 0
  6372	  6379 : 0
  6376	  6403 : 0
  6400	  6419 : 0
  6416	  6423 : 0
  6420	  6499 : 0
  6496	  6503 : 1
  6500	  7099 : 0
  7096	  7107 : 1
  7104	  7199 : 0
  7196	  7207 : 1
  7204	  7551 : 0
  7548	  7555 : 1
  7552	  7559 : 2
  7556	  7699 : 0
  7696	  7707 : 1
  7704	  7851 : 0
  7848	  7859 : 1
  7856	  8051 : 0
  8048	  8059 : 0
  8056	  8063 : 0
  8060	  8067 : 0
  8064	  8079 : 0
  8076	  8111 : 0
  8108	  8127 : 0
  8124	  8179 : 0
  8176	  8203 : 0
  8200	  8207 : 0
  8204	  8275 : 0
  8272	  8283 : 1
  8280	  8335 : 0
  8332	  8351 : 0
  8348	  8355 : 0
  8352	  8359 : 1
  8356	  8451 : 0
  8448	  8459 : 1
  8456	  8511 : 0
  8508	  8515 : 0
  8512	  8555 : 0
  8552	  8571 : 0
  8568	  8603 : 0
  8600	  8607 : 1
  8604	  8703 : 0
  8700	  8707 : 1
  8704	  8915 : 0
  8912	  8943 : 0
  8940	  9571 : 0
  9568	  9599 : 0
  9596	 10275 : 0
 10272	 10291 : 0
 10288	 10295 : 0
 10292	 10427 : 0
 10424	 10435 : 0
 10432	 10467 : 0
 10464	 10515 : 0
 10512	 10531 : 0
 10528	 10567 : 0
 10564	 10607 : 1
 10604	 10679 : 0
 10676	 11003 : 0
 11000	 11007 : 0
 11004	 11071 : 1
 11068	 11107 : 0
 11104	 11239 : 0
 11236	 11243 : 0
 11240	 11255 : 0
 11252	 11287 : 0
 11284	 11295 : 0
 11292	 11311 : 0
 11308	 11315 : 0
 11312	 11323 : 0
 11320	 11387 : 0
 11384	 11399 : 0
 11396	 11403 : 0
 11400	 11443 : 0
 11440	 11455 : 0
 11452	 11487 : 0
 11484	 11491 : 0
 11488	 11539 : 0
 11536	 11543 : 1
 11540	 11551 : 0
 11548	 11747 : 0
 11744	 11779 : 0
 11776	 11783 : 0
 11780	 11787 : 0
 11784	 11811 : 0
 11808	 12031 : 0
 12028	 12035 : 0
 12032	 12047 : 0
 12044	 12055 : 0
 12052	 12063 : 0
 12060	 12075 : 0
 12072	 12079 : 0
 12076	 12087 : 0
 12084	 12451 : 0
 12448	 12543 : 1
 12540	 12599 : 0
 12596	 12659 : 0
 12656	 12719 : 0
 12716	 12795 : 0
 12792	 12895 : 0
 12892	 13023 : 1
 13020	 13063 : 0
 13060	 13083 : 0
 13080	 13095 : 0
 13092	 13099 : 0
 13096	 13143 : 0
 13140	 13155 : 0
 13152	 13159 : 0
 13156	 13203 : 1
 13200	 13211 : 0
 13208	 13227 : 1
 13224	 13231 : 0
 13228	 13235 : 1
 13232	 13243 : 0
 13240	 13251 : 1
 13248	 13447 : 0
 13444	 13455 : 1
 13452	 13935 : 0
 13932	 13939 : 0
 13936	 14175 : 0
 14172	 14187 : 0
 14184	 14191 : 0
 14188	 14195 : 1
 14192	 14527 : 0
 14524	 14535 : 1
 14532	 14699 : 0
 14696	 14723 : 1
 14720	 14755 : 0
 14752	 14775 : 0
 14772	 14815 : 0
 14812	 14823 : 1
 14820	 15639 : 0
 15636	 15643 : 1
 15640	 15679 : 0
 15676	 15687 : 0
 15684	 15727 : 0
 15724	 15739 : 0
 15736	 15875 : 0
 15872	 15911 : 0
 15908	 15915 : 0
 15912	 15963 : 1
 15960	 15967 : 0
 15964	 15983 : 0
 15980	 15987 : 0
 15984	 15999 : 0
 15996	 16003 : 0
 16000	 16011 : 0
 16008	 16019 : 0
 16016	 16031 : 0
 16028	 16035 : 0
 16032	 16059 : 0
 16056	 16091 : 0
 16088	 16111 : 0
 16108	 16115 : 0
 16112	 16211 : 0
 16208	 16215 : 0
 16212	 16259 : 1
 16256	 16271 : 0
 16268	 16531 : 1
 16528	 16555 : 0
 16552	 16663 : 1
 16660	 16907 : 0
 16904	 16919 : 1
 16916	 16927 : 0
 16924	 16939 : 0
 16936	 16963 : 0
 16960	 16967 : 0
 16964	 16983 : 0
 16980	 16987 : 0
 16984	 16995 : 0
 16992	 17007 : 0
 17004	 17031 : 0
 17028	 17103 : 0
 17100	 17211 : 0
 17208	 17215 : 0
 17212	 17243 : 0
 17240	 17303 : 0
 17300	 17343 : 0
 17340	 17351 : 0
 17348	 17407 : 0
 17404	 17439 : 0
 17436	 17443 : 0
 17440	 17447 : 0
 17444	 17755 : 0
 17752	 17767 : 0
 17764	 17911 : 0
 17908	 17915 : 0
 17912	 17923 : 0
 17920	 17927 : 0
 17924	 17951 : 0
 17948	 17959 : 0
 17956	 18047 : 0
 18044	 18051 : 0
 18048	 18067 : 0
 18064	 18075 : 0
 18072	 18091 : 0
 18088	 18099 : 0
 18096	 18107 : 0
 18104	 18111 : 0
 18108	 18259 : 0
 18256	 18263 : 0
 18260	 18291 : 0
 18288	 18299 : 0
 18296	 18331 : 0
 18328	 18347 : 0
 18344	 18483 : 0
 18480	 18491 : 0
 18488	 18495 : 0
 18492	 18499 : 0
 18496	 18503 : 0
 18500	 18507 : 0
 18504	 18511 : 0
 18508	 18519 : 0
 18516	 18583 : 0
 18580	 18587 : 0
 18584	 18735 : 0
 18732	 18739 : 0
 18736	 18743 : 0
 18740	 18751 : 0
 18748	 18807 : 0
 18804	 18811 : 0
 18808	 18847 : 0
 18844	 18859 : 0
 18856	 18907 : 0
 18904	 18915 : 0
 18912	 18939 : 0
 18936	 18995 : 0
 18992	 19083 : 0
 19080	 19087 : 1
 19084	 19175 : 0
 19172	 19183 : 1
 19180	 19219 : 0
 19216	 19239 : 0
 19236	 19367 : 0
 19364	 19371 : 0
 19368	 19387 : 0
 19384	 19399 : 0
 19396	 19459 : 0
 19456	 19463 : 0
 19460	 19487 : 0
 19484	 19507 : 0
 19504	 19511 : 0
 19508	 19555 : 0
 19552	 19571 : 0
 19568	 19575 : 0
 19572	 19583 : 0
 19580	 19619 : 0
 19616	 19623 : 0
 19620	 19627 : 0
 19624	 19659 : 0
 19656	 19767 : 0
 19764	 19951 : 0
 19948	 19959 : 0
 19956	 19963 : 0
 19960	 19995 : 0
 19992	 20507 : 0
 20504	 20515 : 1
 20512	 20523 : 0
 20520	 20527 : 0
 20524	 20543 : 0
 20540	 20547 : 0
 20544	 20591 : 0
 20588	 20599 : 0
 20596	 20607 : 0
 20604	 20635 : 0
 20632	 20739 : 0
 20736	 20743 : 0
 20740	 20747 : 0
 20744	 20751 : 0
 20748	 20791 : 0
 20788	 20803 : 1
 20800	 20843 : 0
 20840	 20847 : 0
 20844	 20859 : 0
 20856	 20887 : 0
 20884	 20891 : 0
 20888	 20919 : 0
 20916	 21003 : 0
 21000	 21015 : 1
 21012	 21239 : 0
 21236	 21311 : 1
 21308	 21355 : 0
 21352	 21447 : 0
 21444	 21455 : 0
 21452	 22247 : 0
 22244	 22255 : 0
 22252	 22399 : 0
 22396	 22403 : 0
 22400	 22459 : 0
 22456	 22559 : 0
 22556	 22659 : 0
 22656	 23243 : 0
 23240	 23251 : 0
 23248	 23427 : 0
 23424	 23435 : 0
 23432	 23763 : 0
 23760	 23775 : 0
 23772	 24003 : 0
 24000	 24011 : 0
 24008	 24131 : 0
 24128	 24143 : 0
 24140	 24163 : 0
 24160	 24263 : 0
 24260	 24459 : 0
 24456	 25287 : 0
 25284	 25495 : 0
 25492	 25535 : 0
 25532	 25899 : 0
 25896	 26387 : 1
