     0	    83 : 0
    80	   135 : 0
   132	   139 : 0
   136	   143 : 0
   140	   163 : 0
   160	   183 : 0
   180	   199 : 1
   196	   275 : 0
   272	   279 : 1
   276	   283 : 0
   280	   303 : 0
   300	   307 : 0
   304	   315 : 0
   312	   335 : 0
   332	   343 : 1
   340	   375 : 0
   372	   383 : 1
   380	   399 : 0
   396	   407 : 0
   404	   423 : 0
   420	   475 : 0
   472	   479 : 0
   476	   487 : 1
   484	   503 : 0
   500	   507 : 0
   504	   511 : 0
   508	   515 : 1
   512	   527 : 0
   524	   535 : 1
   532	   583 : 0
   580	   591 : 0
   588	   627 : 0
   624	   635 : 0
   632	   687 : 0
   684	   723 : 1
   720	   727 : 0
   724	   739 : 0
   736	   743 : 0
   740	   755 : 0
   752	   807 : 0
   804	   815 : 0
   812	   819 : 0
   816	   823 : 1
   820	   871 : 0
   868	   875 : 1
   872	   899 : 0
   896	   903 : 0
   900	   907 : 0
   904	   919 : 0
   916	   927 : 0
   924	   943 : 0
   940	   951 : 0
   948	   983 : 1
   980	   991 : 0
   988	   995 : 1
   992	  1023 : 0
  1020	  1035 : 0
  1032	  1051 : 0
  1048	  1075 : 0
  1072	  1087 : 0
  1084	  1091 : 0
  1088	  1095 : 0
  1092	  1103 : 1
  1100	  1111 : 0
  1108	  1123 : 0
  1120	  1131 : 0
  1128	  1151 : 0
  1148	  1195 : 0
  1192	  1215 : 0
  1212	  1219 : 0
  1216	  1223 : 0
  1220	  1291 : 0
  1288	  1339 : 1
  1336	  1343 : 0
  1340	  1355 : 0
  1352	  1367 : 0
  1364	  1371 : 0
  1368	  1375 : 0
  1372	  1379 : 1
  1376	  1415 : 0
  1412	  1455 : 1
  1452	  1491 : 0
  1488	  1523 : 1
  1520	  1527 : 0
  1524	  1543 : 0
  1540	  1551 : 0
  1548	  1607 : 0
  1604	  1627 : 0
  1624	  1647 : 0
  1644	  1663 : 0
  1660	  1683 : 0
  1680	  1691 : 0
  1688	  1703 : 0
  1700	  1755 : 0
  1752	  1783 : 0
  1780	  1787 : 0
  1784	  1799 : 1
  1796	  1803 : 0
  1800	  1823 : 0
  1820	  1851 : 0
  1848	  1899 : 0
  1896	  1927 : 0
  1924	  1955 : 0
  1952	  1959 : 0
  1956	  1963 : 0
  1960	  1975 : 0
  1972	  1979 : 2
  1976	  1983 : 1
  1980	  2019 : 0
  2016	  2059 : 0
  2056	  2075 : 0
  2072	  2079 : 0
  2076	  2119 : 0
  2116	  2139 : 0
  2136	  2151 : 0
  2148	  2179 : 0
  2176	  2183 : 0
  2180	  2251 : 1
  2248	  2255 : 0
  2252	  2263 : 0
  2260	  2271 : 0
  2268	  2275 : 0
  2272	  2279 : 0
  2276	  2283 : 0
  2280	  2311 : 0
  2308	  2315 : 1
  2312	  2327 : 0
  2324	  2331 : 0
  2328	  2359 : 0
  2356	  2367 : 1
  2364	  2375 : 0
  2372	  2423 : 0
  2420	  2431 : 0
  2428	  2515 : 0
  2512	  2563 : 0
  2560	  2567 : 0
  2564	  2571 : 0
  2568	  2575 : 0
  2572	  2599 : 0
  2596	  2679 : 0
  2676	  2687 : 0
  2684	  2707 : 0
  2704	  2711 : 0
  2708	  2715 : 1
  2712	  2751 : 0
  2748	  2787 : 0
  2784	  2807 : 0
  2804	  2811 : 0
  2808	  2899 : 0
  2896	  2935 : 0
  2932	  2939 : 0
  2936	  2943 : 0
  2940	  2987 : 0
  2984	  2995 : 1
  2992	  3055 : 0
  3052	  3063 : 1
  3060	  3071 : 0
  3068	  3091 : 1
  3088	  3123 : 0
  3120	  3159 : 0
  3156	  3171 : 0
  3168	  3179 : 0
  3176	  3187 : 0
  3184	  3191 : 0
  3188	  3199 : 0
  3196	  3203 : 1
  3200	  3215 : 0
  3212	  3227 : 0
  3224	  3263 : 0
  3260	  3291 : 0
  3288	  3295 : 0
  3292	  3303 : 0
  3300	  3339 : 0
  3336	  3343 : 0
  3340	  3351 : 0
  3348	  3363 : 0
  3360	  3395 : 0
  3392	  3399 : 1
  3396	  3447 : 0
  3444	  3451 : 1
  3448	  3479 : 0
  3476	  3483 : 0
  3480	  3491 : 0
  3488	  3507 : 0
  3504	  3511 : 0
  3508	  3515 : 0
  3512	  3523 : 0
  3520	  3535 : 0
  3532	  3599 : 0
  3596	  3603 : 0
  3600	  3659 : 0
  3656	  3663 : 1
  3660	  3771 : 0
  3768	  3775 : 0
  3772	  3835 : 0
  3832	  3839 : 0
  3836	  3855 : 0
  3852	  3871 : 0
  3868	  3879 : 0
  3876	  3883 : 0
  3880	  3931 : 0
  3928	  3959 : 0
  3956	  3967 : 0
  3964	  3975 : 1
  3972	  4091 : 0
  4088	  4099 : 1
  4096	  4147 : 0
  4144	  4195 : 0
  4192	  4275 : 0
  4272	  4279 : 0
  4276	  4283 : 0
  4280	  4287 : 0
  4284	  4295 : 0
  4292	  4303 : 1
  4300	  4339 : 0
  4336	  4343 : 0
  4340	  4467 : 0
  4464	  4475 : 1
  4472	  4527 : 0
  4524	  4531 : 0
  4528	  4559 : 0
  4556	  4563 : 0
  4560	  4567 : 0
  4564	  4587 : 0
  4584	  4607 : 0
  4604	  4663 : 1
  4660	  4667 : 0
  4664	  4707 : 1
  4704	  4735 : 0
  4732	  4747 : 0
  4744	  4783 : 0
  4780	  4827 : 0
  4824	  4835 : 0
  4832	  4847 : 0
  4844	  4883 : 0
  4880	  4915 : 0
  4912	  4919 : 0
  4916	  4923 : 1
  4920	  4931 : 0
  4928	  4939 : 1
  4936	  4955 : 0
  4952	  4959 : 0
  4956	  5003 : 0
  5000	  5023 : 0
  5020	  5035 : 0
  5032	  5111 : 0
  5108	  5115 : 0
  5112	  5119 : 0
  5116	  5163 : 0
  5160	  5171 : 0
  5168	  5183 : 0
  5180	  5187 : 0
  5184	  5259 : 0
  5256	  5263 : 0
  5260	  5295 : 0
  5292	  5299 : 1
  5296	  5303 : 0
  5300	  5339 : 0
  5336	  5359 : 0
  5356	  5371 : 0
  5368	  5375 : 0
  5372	  5403 : 0
  5400	  5411 : 0
  5408	  5475 : 0
  5472	  5495 : 0
  5492	  5563 : 0
  5560	  5567 : 0
  5564	  5571 : 0
  5568	  5679 : 0
  5676	  5783 : 1
  5780	  5795 : 0
  5792	  5823 : 0
  5820	  5827 : 0
  5824	  5867 : 0
  5864	  5879 : 0
  5876	  5883 : 0
  5880	  5911 : 0
  5908	  5919 : 1
  5916	  6063 : 0
  6060	  6175 : 0
  6172	  6187 : 0
  6184	  6239 : 0
  6236	  6259 : 0
  6256	  6263 : 0
  6260	  6267 : 0
  6264	  6319 : 0
  6316	  6391 : 0
  6388	  6403 : 1
  6400	  6471 : 0
  6468	  6499 : 0
  6496	  6507 : 0
  6504	  6539 : 0
  6536	  6559 : 0
  6556	  6563 : 0
  6560	  6571 : 0
  6568	  6579 : 0
  6576	  6627 : 0
  6624	  6635 : 0
  6632	  6679 : 0
  6676	  6711 : 0
  6708	  6731 : 0
  6728	  6735 : 0
  6732	  6739 : 0
  6736	  6743 : 1
  6740	  6767 : 0
  6764	  6791 : 1
  6788	  6819 : 0
  6816	  6823 : 1
  6820	  6931 : 0
  6928	  6951 : 1
  6948	  6963 : 0
  6960	  6971 : 1
  6968	  7015 : 0
  7012	  7019 : 1
  7016	  7059 : 0
  7056	  7071 : 0
  7068	  7103 : 0
  7100	  7107 : 0
  7104	  7123 : 0
  7120	  7127 : 0
  7124	  7139 : 0
  7136	  7147 : 0
  7144	  7151 : 0
  7148	  7171 : 0
  7168	  7223 : 0
  7220	  7231 : 0
  7228	  7243 : 0
  7240	  7299 : 0
  7296	  7307 : 0
  7304	  7335 : 1
  7332	  7339 : 0
  7336	  7355 : 0
  7352	  7359 : 0
  7356	  7375 : 1
  7372	  7519 : 0
  7516	  7523 : 1
  7520	  7899 : 0
  7896	  7931 : 0
