     0	    23 : 1
    20	    27 : 0
    24	    35 : 0
    32	    99 : 0
    96	   107 : 1
   104	   119 : 0
   116	   131 : 1
   128	   171 : 0
   168	   175 : 2
   172	   187 : 1
   184	   191 : 0
   188	   195 : 1
   192	   215 : 0
   212	   223 : 1
   220	   227 : 2
   224	   235 : 1
   232	   263 : 0
   260	   279 : 1
   276	   283 : 0
   280	   299 : 0
   296	   311 : 0
   308	   319 : 0
   316	   327 : 0
   324	   351 : 0
   348	   363 : 0
   360	   399 : 0
   396	   403 : 0
   400	   419 : 1
   416	   435 : 0
   432	   439 : 1
   436	   475 : 0
   472	   479 : 0
   476	   483 : 0
   480	   507 : 0
   504	   523 : 0
   520	   531 : 1
   528	   547 : 0
   544	   555 : 1
   552	   563 : 0
   560	   571 : 1
   568	   579 : 0
   576	   587 : 1
   584	   623 : 0
   620	   627 : 2
   624	   639 : 0
   636	   667 : 0
   664	   695 : 0
   692	   699 : 0
   696	   711 : 1
   708	   715 : 0
   712	   723 : 1
   720	   727 : 0
   724	   743 : 1
   740	   751 : 0
   748	   759 : 1
   756	   771 : 0
   768	   775 : 0
   772	   779 : 0
   776	   795 : 1
   792	   803 : 0
   800	   815 : 1
   812	   819 : 0
   816	   823 : 0
   820	   827 : 0
   824	   855 : 0
   852	   863 : 0
   860	   879 : 1
   876	   883 : 0
   880	   887 : 0
   884	   891 : 0
   888	   935 : 1
   932	   939 : 0
   936	   951 : 0
   948	   955 : 0
   952	   959 : 0
   956	   963 : 0
   960	   979 : 1
   976	   983 : 0
   980	   999 : 1
   996	  1003 : 0
  1000	  1007 : 0
  1004	  1011 : 0
  1008	  1035 : 1
  1032	  1039 : 0
  1036	  1051 : 0
  1048	  1079 : 0
  1076	  1087 : 1
  1084	  1091 : 0
  1088	  1095 : 1
  1092	  1143 : 0
  1140	  1155 : 1
  1152	  1175 : 0
  1172	  1179 : 1
  1176	  1191 : 0
  1188	  1195 : 1
  1192	  1207 : 0
  1204	  1239 : 1
  1236	  1243 : 0
  1240	  1259 : 0
  1256	  1279 : 0
  1276	  1287 : 0
  1284	  1291 : 0
  1288	  1299 : 1
  1296	  1327 : 0
  1324	  1335 : 0
  1332	  1339 : 0
  1336	  1367 : 1
  1364	  1371 : 0
  1368	  1379 : 0
  1376	  1395 : 0
  1392	  1411 : 1
  1408	  1431 : 0
  1428	  1439 : 1
  1436	  1443 : 0
  1440	  1451 : 1
  1448	  1455 : 0
  1452	  1463 : 1
  1460	  1471 : 0
  1468	  1475 : 1
  1472	  1487 : 0
  1484	  1491 : 1
  1488	  1507 : 0
  1504	  1527 : 0
  1524	  1535 : 0
  1532	  1563 : 0
  1560	  1567 : 0
  1564	  1579 : 0
  1576	  1591 : 0
  1588	  1603 : 0
  1600	  1607 : 0
  1604	  1611 : 1
  1608	  1627 : 0
  1624	  1651 : 1
  1648	  1663 : 0
  1660	  1675 : 0
  1672	  1695 : 0
  1692	  1703 : 0
  1700	  1719 : 0
  1716	  1739 : 1
  1736	  1743 : 0
  1740	  1747 : 1
  1744	  1759 : 0
  1756	  1767 : 1
  1764	  1775 : 0
  1772	  1815 : 1
  1812	  1819 : 0
  1816	  1823 : 1
  1820	  1827 : 0
  1824	  1831 : 1
  1828	  1843 : 0
  1840	  1851 : 1
  1848	  1855 : 2
  1852	  1911 : 0
  1908	  1915 : 0
  1912	  1919 : 0
  1916	  1927 : 0
  1924	  1943 : 0
  1940	  1947 : 0
  1944	  1959 : 0
  1956	  1975 : 0
  1972	  1991 : 1
  1988	  2007 : 0
  2004	  2031 : 1
  2028	  2051 : 0
  2048	  2055 : 0
  2052	  2063 : 0
  2060	  2067 : 1
  2064	  2071 : 0
  2068	  2107 : 0
  2104	  2135 : 0
  2132	  2143 : 1
  2140	  2155 : 0
  2152	  2159 : 0
  2156	  2203 : 0
  2200	  2235 : 1
  2232	  2239 : 0
  2236	  2247 : 1
  2244	  2267 : 0
  2264	  2271 : 0
  2268	  2283 : 0
  2280	  2331 : 1
  2328	  2339 : 0
  2336	  2347 : 0
  2344	  2351 : 0
  2348	  2355 : 0
  2352	  2367 : 0
  2364	  2391 : 1
  2388	  2395 : 0
  2392	  2435 : 1
  2432	  2447 : 0
  2444	  2455 : 1
  2452	  2459 : 2
  2456	  2487 : 1
  2484	  2491 : 0
  2488	  2499 : 0
  2496	  2503 : 0
  2500	  2515 : 1
  2512	  2531 : 0
  2528	  2535 : 2
  2532	  2539 : 0
  2536	  2547 : 1
  2544	  2563 : 0
  2560	  2571 : 1
  2568	  2591 : 0
  2588	  2611 : 1
  2608	  2619 : 0
  2616	  2627 : 1
  2624	  2643 : 0
  2640	  2647 : 0
  2644	  2651 : 0
  2648	  2659 : 1
  2656	  2663 : 0
  2660	  2671 : 1
  2668	  2679 : 0
  2676	  2699 : 1
  2696	  2703 : 0
  2700	  2707 : 1
  2704	  2711 : 0
  2708	  2731 : 1
  2728	  2739 : 0
  2736	  2759 : 1
  2756	  2779 : 0
  2776	  2787 : 1
  2784	  2799 : 0
  2796	  2803 : 1
  2800	  2811 : 0
  2808	  2819 : 0
  2816	  2831 : 0
  2828	  2867 : 1
  2864	  2887 : 0
  2884	  2895 : 1
  2892	  2915 : 0
  2912	  2923 : 1
  2920	  2943 : 0
  2940	  2947 : 1
  2944	  2959 : 0
  2956	  2963 : 1
  2960	  2987 : 0
  2984	  2995 : 1
  2992	  3003 : 0
  3000	  3027 : 1
  3024	  3031 : 0
  3028	  3039 : 1
  3036	  3043 : 0
  3040	  3059 : 1
  3056	  3063 : 0
  3060	  3071 : 1
  3068	  3103 : 0
  3100	  3107 : 1
  3104	  3123 : 0
  3120	  3155 : 1
  3152	  3167 : 0
  3164	  3175 : 1
  3172	  3207 : 0
  3204	  3223 : 1
  3220	  3243 : 0
  3240	  3247 : 2
  3244	  3251 : 1
  3248	  3271 : 0
  3268	  3275 : 1
  3272	  3279 : 0
  3276	  3283 : 1
  3280	  3287 : 0
  3284	  3315 : 0
  3312	  3319 : 2
  3316	  3327 : 0
  3324	  3331 : 0
  3328	  3351 : 0
  3348	  3395 : 1
  3392	  3415 : 0
  3412	  3447 : 1
  3444	  3451 : 0
  3448	  3483 : 1
  3480	  3491 : 0
  3488	  3503 : 1
  3500	  3507 : 0
  3504	  3527 : 1
  3524	  3535 : 0
  3532	  3551 : 0
  3548	  3555 : 0
  3552	  3563 : 1
  3560	  3587 : 0
  3584	  3599 : 1
  3596	  3607 : 0
  3604	  3659 : 1
  3656	  3667 : 0
  3664	  3683 : 1
  3680	  3699 : 0
  3696	  3703 : 1
  3700	  3711 : 0
  3708	  3719 : 0
  3716	  3723 : 0
  3720	  3727 : 0
  3724	  3735 : 0
  3732	  3779 : 1
  3776	  3783 : 0
  3780	  3787 : 1
  3784	  3791 : 0
  3788	  3823 : 1
  3820	  3827 : 0
  3824	  3835 : 0
  3832	  3839 : 0
  3836	  3847 : 1
  3844	  3871 : 0
  3868	  3875 : 0
  3872	  3883 : 0
  3880	  3903 : 1
  3900	  3907 : 0
  3904	  3915 : 0
  3912	  3923 : 0
  3920	  3935 : 0
  3932	  3947 : 0
  3944	  3963 : 0
  3960	  3967 : 0
  3964	  3983 : 1
  3980	  3995 : 0
  3992	  4003 : 1
  4000	  4007 : 0
  4004	  4019 : 1
  4016	  4023 : 0
  4020	  4043 : 0
  4040	  4055 : 0
  4052	  4063 : 1
  4060	  4071 : 0
  4068	  4087 : 0
  4084	  4107 : 0
  4104	  4111 : 0
  4108	  4115 : 0
  4112	  4131 : 1
  4128	  4135 : 0
  4132	  4167 : 0
  4164	  4187 : 0
  4184	  4207 : 1
  4204	  4211 : 2
  4208	  4231 : 1
  4228	  4243 : 0
  4240	  4247 : 0
  4244	  4251 : 0
  4248	  4255 : 0
  4252	  4259 : 0
  4256	  4271 : 1
  4268	  4279 : 0
  4276	  4291 : 1
  4288	  4319 : 0
  4316	  4327 : 1
  4324	  4331 : 0
  4328	  4391 : 1
  4388	  4407 : 0
  4404	  4431 : 0
  4428	  4443 : 0
  4440	  4451 : 1
  4448	  4455 : 0
  4452	  4459 : 2
  4456	  4527 : 1
  4524	  4535 : 0
  4532	  4547 : 0
  4544	  4611 : 0
  4608	  4623 : 0
  4620	  4627 : 0
  4624	  4639 : 0
  4636	  4647 : 0
  4644	  4791 : 0
