     0	     7 : 1
     4	    23 : 0
    20	    47 : 0
    44	    67 : 0
    64	    79 : 0
    76	    91 : 0
    88	   139 : 1
   136	   143 : 0
   140	   151 : 0
   148	   155 : 0
   152	   159 : 1
   156	   163 : 0
   160	   175 : 1
   172	   183 : 0
   180	   203 : 0
   200	   211 : 0
   208	   227 : 0
   224	   251 : 0
   248	   259 : 0
   256	   263 : 0
   260	   279 : 0
   276	   291 : 0
   288	   295 : 1
   292	   299 : 0
   296	   303 : 1
   300	   315 : 0
   312	   327 : 0
   324	   343 : 0
   340	   363 : 0
   360	   367 : 0
   364	   379 : 0
   376	   395 : 0
   392	   403 : 0
   400	   463 : 0
   460	   531 : 0
   528	   571 : 0
   568	   583 : 0
   580	   595 : 0
   592	   599 : 0
   596	   619 : 0
   616	   631 : 0
   628	   647 : 0
   644	   663 : 1
   660	   671 : 0
   668	   675 : 0
   672	   679 : 0
   676	   711 : 0
   708	   715 : 0
   712	   787 : 1
   784	   791 : 0
   788	   795 : 1
   792	   807 : 0
   804	   827 : 0
   824	   843 : 0
   840	   851 : 1
   848	   871 : 0
   868	   923 : 0
   920	   963 : 0
   960	  1003 : 0
  1000	  1043 : 0
  1040	  1063 : 0
  1060	  1095 : 0
  1092	  1107 : 0
  1104	  1111 : 0
  1108	  1155 : 0
  1152	  1159 : 0
  1156	  1187 : 0
  1184	  1199 : 0
  1196	  1227 : 0
  1224	  1231 : 0
  1228	  1235 : 1
  1232	  1239 : 0
  1236	  1263 : 0
  1260	  1271 : 0
  1268	  1275 : 0
  1272	  1295 : 0
  1292	  1299 : 1
  1296	  1339 : 0
  1336	  1355 : 0
  1352	  1359 : 2
  1356	  1363 : 0
  1360	  1367 : 0
  1364	  1459 : 0
  1456	  1463 : 0
  1460	  1495 : 0
  1492	  1507 : 0
  1504	  1543 : 0
  1540	  1571 : 0
  1568	  1575 : 0
  1572	  1695 : 0
  1692	  1703 : 1
  1700	  1719 : 0
  1716	  1743 : 0
  1740	  1751 : 0
  1748	  1755 : 1
  1752	  1771 : 0
  1768	  1779 : 0
  1776	  1795 : 0
  1792	  1827 : 1
  1824	  1831 : 0
  1828	  1851 : 0
  1848	  1859 : 0
  1856	  1867 : 1
  1864	  1871 : 0
  1868	  1883 : 0
  1880	  1903 : 0
  1900	  1911 : 0
  1908	  1931 : 0
  1928	  2047 : 0
  2044	  2051 : 0
  2048	  2107 : 1
  2104	  2131 : 0
  2128	  2147 : 0
  2144	  2151 : 0
  2148	  2159 : 1
  2156	  2187 : 0
  2184	  2191 : 0
  2188	  2307 : 0
  2304	  2331 : 0
  2328	  2355 : 0
  2352	  2359 : 0
  2356	  2391 : 0
  2388	  2403 : 1
  2400	  2419 : 0
  2416	  2423 : 0
  2420	  2499 : 0
  2496	  2503 : 0
  2500	  2527 : 0
  2524	  2531 : 1
  2528	  2571 : 0
  2568	  2575 : 0
  2572	  2583 : 0
  2580	  2587 : 0
  2584	  2615 : 0
  2612	  2623 : 1
  2620	  2651 : 0
  2648	  2907 : 0
  2904	  2911 : 0
  2908	  2919 : 0
  2916	  2959 : 0
  2956	  2963 : 1
  2960	  2971 : 0
  2968	  2991 : 1
  2988	  3007 : 0
  3004	  3015 : 0
  3012	  3019 : 0
  3016	  3027 : 0
  3024	  3031 : 0
  3028	  3035 : 0
  3032	  3039 : 0
  3036	  3047 : 0
  3044	  3051 : 0
  3048	  3055 : 0
  3052	  3059 : 0
  3056	  3071 : 0
  3068	  3083 : 0
  3080	  3103 : 0
  3100	  3107 : 0
  3104	  3111 : 0
  3108	  3127 : 0
  3124	  3143 : 1
  3140	  3155 : 0
  3152	  3175 : 0
  3172	  3179 : 0
  3176	  3191 : 0
  3188	  3195 : 0
  3192	  3223 : 0
  3220	  3227 : 0
  3224	  3259 : 1
  3256	  3267 : 0
  3264	  3399 : 0
  3396	  3407 : 0
  3404	  3427 : 0
  3424	  3431 : 0
  3428	  3439 : 1
  3436	  3443 : 0
  3440	  3467 : 0
  3464	  3471 : 0
  3468	  3479 : 0
  3476	  3483 : 0
  3480	  3491 : 1
  3488	  3531 : 0
  3528	  3535 : 0
  3532	  3547 : 0
  3544	  3575 : 0
  3572	  3631 : 0
  3628	  3683 : 0
  3680	  3699 : 0
  3696	  3703 : 1
  3700	  3711 : 0
  3708	  3719 : 0
  3716	  3723 : 0
  3720	  3747 : 0
  3744	  3759 : 0
  3756	  3763 : 0
  3760	  3775 : 0
  3772	  3831 : 1
  3828	  3855 : 0
  3852	  3859 : 0
  3856	  3883 : 0
  3880	  3915 : 0
  3912	  3935 : 0
  3932	  3979 : 0
  3976	  3987 : 0
  3984	  4023 : 0
  4020	  4043 : 0
  4040	  4051 : 0
  4048	  4055 : 0
  4052	  4067 : 0
  4064	  4087 : 0
  4084	  4127 : 1
  4124	  4143 : 0
  4140	  4151 : 0
  4148	  4187 : 0
  4184	  4223 : 0
  4220	  4255 : 0
  4252	  4267 : 0
  4264	  4287 : 0
  4284	  4303 : 0
  4300	  4311 : 0
  4308	  4335 : 0
  4332	  4339 : 0
  4336	  4431 : 0
  4428	  4447 : 0
  4444	  4463 : 0
  4460	  4479 : 0
  4476	  4507 : 1
  4504	  4511 : 0
  4508	  4571 : 0
  4568	  4583 : 0
  4580	  4619 : 1
  4616	  4627 : 0
  4624	  4647 : 0
  4644	  4651 : 0
  4648	  4655 : 0
  4652	  4667 : 0
  4664	  4715 : 0
  4712	  4719 : 0
  4716	  4727 : 1
  4724	  4731 : 0
  4728	  4743 : 0
  4740	  4747 : 0
  4744	  4815 : 0
  4812	  4827 : 0
  4824	  4831 : 0
  4828	  4839 : 0
  4836	  4875 : 0
  4872	  4895 : 0
  4892	  4903 : 1
  4900	  4923 : 0
  4920	  4927 : 0
  4924	  4935 : 0
  4932	  4947 : 0
  4944	  4951 : 0
  4948	  4959 : 0
  4956	  4963 : 0
  4960	  4979 : 0
  4976	  4995 : 0
  4992	  5207 : 1
