     0	   635 : 0
   632	   675 : 0
   672	   679 : 1
   676	   683 : 0
   680	   747 : 0
   744	   787 : 0
   784	   795 : 0
   792	   799 : 0
   796	   819 : 0
   816	   855 : 0
   852	   875 : 0
   872	   943 : 0
   940	   951 : 0
   948	   955 : 0
   952	  1007 : 0
  1004	  1135 : 0
  1132	  1143 : 0
  1140	  1147 : 0
  1144	  1203 : 0
  1200	  1207 : 0
  1204	  1283 : 0
  1280	  1287 : 0
  1284	  1291 : 1
  1288	  1347 : 0
  1344	  1407 : 1
  1404	  1411 : 0
  1408	  1479 : 1
  1476	  1539 : 0
  1536	  1543 : 1
  1540	  1547 : 2
  1544	  1623 : 0
  1620	  1635 : 0
  1632	  1851 : 1
  1848	  2043 : 0
  2040	  2047 : 1
  2044	  2135 : 0
  2132	  2143 : 1
  2140	  2223 : 0
  2220	  2227 : 0
  2224	  2315 : 0
  2312	  2323 : 1
  2320	  2419 : 0
  2416	  2423 : 1
  2420	  2507 : 0
  2504	  2599 : 1
  2596	  2603 : 0
  2600	  2607 : 1
  2604	  2695 : 0
  2692	  2703 : 1
  2700	  2827 : 0
  2824	  2855 : 0
  2852	  2875 : 0
  2872	  3083 : 1
  3080	  3127 : 0
  3124	  3135 : 1
  3132	  3191 : 0
  3188	  3235 : 1
  3232	  3239 : 0
  3236	  3259 : 0
  3256	  3315 : 0
  3312	  3319 : 1
  3316	  3379 : 0
  3376	  3515 : 1
  3512	  3639 : 0
  3636	  3643 : 1
  3640	  3695 : 0
  3692	  3699 : 1
  3696	  3751 : 0
  3748	  3755 : 1
  3752	  3815 : 0
  3812	  3823 : 1
  3820	  3867 : 0
  3864	  4515 : 0
  4512	  4707 : 0
  4704	  4795 : 0
