     0	   167 : 0
   164	   175 : 0
   172	   179 : 0
   176	   191 : 0
   188	   207 : 0
   204	   231 : 1
   228	   239 : 0
   236	   255 : 0
   252	   259 : 0
   256	   351 : 1
   348	   371 : 0
   368	   375 : 0
   372	   383 : 0
   380	   403 : 0
   400	   407 : 0
   404	   503 : 0
   500	   519 : 0
   516	   531 : 0
   528	   555 : 0
   552	   643 : 0
   640	   647 : 0
   644	   663 : 0
   660	   683 : 0
   680	   795 : 0
   792	   815 : 0
   812	   831 : 0
   828	   879 : 0
   876	   883 : 0
   880	   887 : 0
   884	   891 : 0
   888	   991 : 0
   988	   999 : 1
   996	  1027 : 0
  1024	  1035 : 0
  1032	  1051 : 0
  1048	  1055 : 0
  1052	  1083 : 0
  1080	  1091 : 0
  1088	  1199 : 0
  1196	  1215 : 0
  1212	  1219 : 0
  1216	  1227 : 0
  1224	  1263 : 0
  1260	  1267 : 0
  1264	  1275 : 0
  1272	  1291 : 0
  1288	  1299 : 0
  1296	  1303 : 0
  1300	  1403 : 0
  1400	  1415 : 0
  1412	  1419 : 0
  1416	  1435 : 0
  1432	  1915 : 0
  1912	  1947 : 1
  1944	  1955 : 0
  1952	  2007 : 0
  2004	  2207 : 0
  2204	  2235 : 0
  2232	  2255 : 0
  2252	  2267 : 0
  2264	  2299 : 0
  2296	  2307 : 0
  2304	  2403 : 0
  2400	  2415 : 0
  2412	  2431 : 0
  2428	  2435 : 0
  2432	  2795 : 0
  2792	  2803 : 0
  2800	  2879 : 0
  2876	  2887 : 0
  2884	  2891 : 0
  2888	  2903 : 0
  2900	  2951 : 0
  2948	  2955 : 0
  2952	  3039 : 0
  3036	  3071 : 0
  3068	  3131 : 0
  3128	  3135 : 0
  3132	  3139 : 0
  3136	  3143 : 0
  3140	  3167 : 0
  3164	  3179 : 0
  3176	  3211 : 0
  3208	  3251 : 0
  3248	  3291 : 0
  3288	  3303 : 0
  3300	  3363 : 0
  3360	  3375 : 0
  3372	  3391 : 0
  3388	  3407 : 0
  3404	  3619 : 0
  3616	  3623 : 1
  3620	  3639 : 0
  3636	  3663 : 0
  3660	  3679 : 0
  3676	  3683 : 0
  3680	  3687 : 0
  3684	  3699 : 0
  3696	  3803 : 0
  3800	  3807 : 0
  3804	  3923 : 0
  3920	  3991 : 0
  3988	  4015 : 0
  4012	  4031 : 1
  4028	  4223 : 0
  4220	  4239 : 0
  4236	  4439 : 0
  4436	  4443 : 0
  4440	  4451 : 0
  4448	  4519 : 0
  4516	  4523 : 0
  4520	  4563 : 0
  4560	  4567 : 0
  4564	  4695 : 0
  4692	  4767 : 0
  4764	  4811 : 0
  4808	  5111 : 0
  5108	  5119 : 0
  5116	  5143 : 0
  5140	  5167 : 0
  5164	  5251 : 0
  5248	  5259 : 0
  5256	  5267 : 0
  5264	  5283 : 0
  5280	  5287 : 0
  5284	  5299 : 0
  5296	  5303 : 0
  5300	  5327 : 0
  5324	  5359 : 0
  5356	  5371 : 1
  5368	  5403 : 0
  5400	  5419 : 0
  5416	  5447 : 0
  5444	  5455 : 0
  5452	  5459 : 0
  5456	  5487 : 0
  5484	  5495 : 0
  5492	  5531 : 0
  5528	  5535 : 0
  5532	  5543 : 0
  5540	  5603 : 0
  5600	  5651 : 0
  5648	  5659 : 0
  5656	  5663 : 0
  5660	  5675 : 0
  5672	  5687 : 0
  5684	  5707 : 0
  5704	  5711 : 0
  5708	  5723 : 0
  5720	  5731 : 1
  5728	  5811 : 0
  5808	  5815 : 0
  5812	  5823 : 0
  5820	  5827 : 0
  5824	  5867 : 0
  5864	  5875 : 0
  5872	  5895 : 0
  5892	  5903 : 0
  5900	  5919 : 0
  5916	  5923 : 0
  5920	  5975 : 0
  5972	  5983 : 0
  5980	  6039 : 0
  6036	  6043 : 0
  6040	  6047 : 0
  6044	  6055 : 0
  6052	  6071 : 0
  6068	  6111 : 0
  6108	  6147 : 0
  6144	  6155 : 0
  6152	  6159 : 0
  6156	  6207 : 0
  6204	  6215 : 0
  6212	  6239 : 0
  6236	  6507 : 0
  6504	  6511 : 0
  6508	  6539 : 0
  6536	  6607 : 0
  6604	  6615 : 0
  6612	  6655 : 0
  6652	  6659 : 0
  6656	  6667 : 0
  6664	  6671 : 0
  6668	  6759 : 0
  6756	  6771 : 0
  6768	  6775 : 0
  6772	  6791 : 0
  6788	  6807 : 0
  6804	  6811 : 0
  6808	  6831 : 0
  6828	  6851 : 0
  6848	  6855 : 0
  6852	  6863 : 0
  6860	  6895 : 0
  6892	  6907 : 0
  6904	  6931 : 0
  6928	  6947 : 0
  6944	  6959 : 0
  6956	  6963 : 0
  6960	  6983 : 0
  6980	  6991 : 0
  6988	  6999 : 1
  6996	  7015 : 0
  7012	  7019 : 0
  7016	  7039 : 0
  7036	  7055 : 0
  7052	  7111 : 0
  7108	  7115 : 0
  7112	  7119 : 0
  7116	  7327 : 1
