     0	   107 : 1
   104	   123 : 0
   120	   127 : 0
   124	   143 : 0
   140	   155 : 0
   152	   187 : 0
   184	   207 : 0
   204	   495 : 0
   492	   519 : 0
   516	   603 : 0
   600	   611 : 1
   608	   639 : 0
   636	   647 : 0
   644	   723 : 0
   720	   731 : 1
   728	   879 : 0
   876	   883 : 1
   880	   927 : 0
   924	   931 : 1
   928	  1135 : 0
  1132	  1147 : 1
  1144	  1167 : 0
  1164	  1179 : 0
  1176	  1195 : 0
  1192	  1203 : 1
  1200	  1383 : 0
  1380	  1387 : 1
  1384	  1395 : 0
  1392	  1411 : 0
  1408	  1431 : 0
  1428	  1455 : 0
  1452	  1471 : 0
  1468	  1495 : 0
  1492	  1523 : 0
  1520	  1531 : 1
  1528	  1599 : 0
  1596	  1607 : 1
  1604	  1627 : 0
  1624	  1643 : 0
  1640	  1647 : 0
  1644	  1659 : 0
  1656	  1667 : 0
  1664	  1679 : 0
  1676	  1683 : 0
  1680	  1703 : 0
  1700	  1727 : 0
  1724	  1731 : 0
  1728	  1859 : 0
  1856	  1863 : 1
  1860	  2175 : 0
  2172	  2179 : 0
  2176	  2183 : 0
  2180	  2511 : 1
  2508	  2535 : 0
  2532	  2563 : 0
  2560	  2567 : 0
  2564	  2587 : 1
  2584	  2655 : 0
  2652	  2659 : 2
  2656	  2851 : 0
  2848	  2855 : 0
  2852	  2859 : 0
  2856	  2931 : 0
  2928	  2935 : 1
  2932	  2995 : 0
  2992	  3035 : 0
  3032	  3043 : 0
  3040	  3051 : 0
  3048	  3079 : 0
  3076	  3083 : 0
  3080	  3135 : 0
  3132	  3183 : 0
  3180	  3187 : 0
  3184	  3223 : 1
  3220	  3239 : 0
  3236	  3263 : 0
  3260	  3691 : 0
  3688	  3695 : 2
  3692	  3699 : 1
  3696	  3831 : 0
  3828	  3847 : 0
  3844	  3879 : 0
  3876	  3883 : 0
  3880	  3899 : 0
  3896	  3911 : 0
  3908	  4067 : 0
  4064	  4071 : 1
  4068	  4127 : 0
  4124	  4131 : 0
  4128	  4163 : 0
  4160	  4167 : 1
  4164	  4439 : 0
  4436	  4443 : 2
  4440	  4447 : 1
  4444	  4475 : 0
  4472	  4483 : 1
  4480	  4607 : 0
  4604	  4611 : 0
  4608	  4647 : 0
  4644	  4691 : 0
  4688	  4735 : 0
  4732	  4743 : 0
  4740	  4815 : 0
  4812	  4839 : 0
  4836	  4947 : 0
  4944	  4951 : 2
  4948	  4955 : 1
  4952	  4963 : 0
  4960	  4967 : 0
  4964	  4983 : 0
  4980	  4995 : 0
  4992	  5103 : 0
  5100	  5107 : 0
  5104	  5131 : 0
  5128	  5167 : 0
  5164	  5243 : 0
  5240	  5339 : 0
  5336	  5399 : 0
  5396	  5431 : 1
  5428	  5447 : 0
  5444	  5547 : 0
  5544	  5563 : 0
  5560	  5571 : 0
  5568	  6055 : 0
  6052	  6059 : 1
  6056	  6151 : 0
  6148	  6171 : 0
  6168	  6207 : 0
  6204	  6223 : 0
  6220	  6251 : 0
  6248	  6259 : 1
  6256	  6339 : 0
  6336	  6347 : 1
  6344	  6383 : 0
  6380	  6387 : 0
  6384	  6459 : 0
  6456	  6463 : 1
  6460	  6507 : 0
  6504	  6511 : 1
  6508	  6519 : 0
  6516	  6535 : 0
  6532	  6551 : 0
  6548	  6555 : 0
  6552	  6627 : 0
  6624	  6635 : 1
  6632	  6643 : 0
  6640	  6703 : 0
  6700	  6755 : 0
  6752	  6779 : 1
  6776	  6795 : 0
  6792	  6799 : 0
  6796	  6815 : 0
  6812	  7027 : 0
  7024	  7115 : 0
  7112	  7123 : 1
  7120	  7255 : 0
  7252	  7263 : 1
  7260	  7287 : 0
  7284	  7295 : 0
  7292	  7335 : 0
  7332	  7347 : 0
  7344	  7359 : 0
  7356	  7363 : 1
  7360	  7399 : 0
  7396	  7427 : 1
  7424	  7483 : 0
  7480	  7491 : 0
  7488	  7511 : 0
  7508	  7543 : 0
  7540	  7579 : 0
  7576	  7591 : 0
  7588	  7599 : 0
  7596	  7603 : 0
  7600	  7623 : 0
  7620	  7643 : 0
  7640	  7675 : 0
  7672	  7683 : 0
  7680	  7691 : 0
  7688	  7863 : 0
  7860	  8047 : 0
  8044	  8055 : 1
  8052	  8123 : 0
  8120	  8163 : 0
  8160	  8175 : 0
  8172	  8243 : 1
  8240	  8279 : 0
  8276	  8511 : 0
  8508	  8579 : 0
  8576	  8583 : 0
  8580	  8611 : 0
  8608	  8615 : 0
  8612	  8651 : 0
  8648	  8659 : 0
  8656	  8667 : 0
  8664	  8683 : 0
  8680	  8687 : 0
  8684	  8691 : 0
  8688	  8715 : 0
  8712	  8727 : 0
  8724	  8731 : 0
  8728	  8735 : 0
  8732	  9095 : 0
  9092	  9099 : 0
  9096	  9251 : 0
  9248	  9263 : 0
  9260	  9463 : 0
  9460	  9503 : 0
  9500	  9563 : 0
  9560	  9567 : 1
  9564	  9571 : 2
  9568	  9983 : 0
  9980	  9987 : 1
  9984	 10015 : 0
 10012	 10023 : 1
 10020	 10067 : 0
 10064	 10111 : 1
 10108	 10175 : 0
 10172	 10179 : 1
 10176	 10287 : 0
 10284	 10295 : 2
 10292	 10503 : 0
 10500	 10507 : 2
 10504	 10511 : 1
 10508	 10543 : 0
 10540	 10567 : 0
 10564	 10635 : 0
 10632	 10639 : 0
 10636	 10711 : 0
 10708	 10899 : 0
 10896	 11007 : 0
 11004	 11135 : 0
