     0	    67 : 0
    64	    79 : 0
    76	   219 : 0
   216	   231 : 0
   228	   239 : 0
   236	   247 : 0
   244	   259 : 0
   256	   267 : 0
   264	   271 : 0
   268	   275 : 0
   272	   279 : 0
   276	   283 : 0
   280	   299 : 0
   296	   315 : 0
   312	   323 : 0
   320	   359 : 0
   356	   375 : 0
   372	   383 : 0
   380	   407 : 0
   404	   411 : 0
   408	   435 : 0
   432	   439 : 0
   436	   463 : 1
   460	   467 : 0
   464	   471 : 1
   468	   475 : 0
   472	   483 : 1
   480	   487 : 0
   484	   495 : 1
   492	   499 : 0
   496	   511 : 0
   508	   523 : 0
   520	   539 : 0
   536	   547 : 0
   544	   555 : 0
   552	   571 : 0
   568	   579 : 1
   576	   591 : 0
   588	   615 : 0
   612	   627 : 0
   624	   639 : 0
   636	   663 : 0
   660	   667 : 1
   664	   679 : 0
   676	   691 : 1
   688	   707 : 0
   704	   711 : 0
   708	   739 : 0
   736	   743 : 1
   740	   939 : 0
   936	   943 : 1
   940	   959 : 0
   956	   967 : 0
   964	   979 : 0
   976	   983 : 0
   980	   987 : 0
   984	   991 : 0
   988	   999 : 0
   996	  1007 : 1
  1004	  1031 : 0
  1028	  1039 : 1
  1036	  1059 : 0
  1056	  1063 : 1
  1060	  1067 : 0
  1064	  1099 : 0
  1096	  1107 : 0
  1104	  1115 : 1
  1112	  1227 : 0
  1224	  1247 : 1
  1244	  1255 : 0
  1252	  1259 : 1
  1256	  1263 : 0
  1260	  1271 : 0
  1268	  1287 : 0
  1284	  1303 : 0
  1300	  1319 : 0
  1316	  1327 : 1
  1324	  1575 : 0
  1572	  1583 : 0
  1580	  1587 : 0
  1584	  1619 : 0
  1616	  1643 : 0
  1640	  1763 : 0
  1760	  1843 : 0
  1840	  1851 : 1
  1848	  1859 : 0
  1856	  1867 : 0
  1864	  1887 : 0
  1884	  1891 : 0
  1888	  1927 : 0
  1924	  1931 : 1
  1928	  2255 : 0
  2252	  2263 : 0
  2260	  2275 : 0
  2272	  2287 : 0
  2284	  2343 : 0
  2340	  2351 : 0
  2348	  2635 : 0
  2632	  2643 : 1
  2640	  2659 : 0
  2656	  2663 : 0
  2660	  2679 : 0
  2676	  2711 : 1
  2708	  2723 : 0
  2720	  2731 : 0
  2728	  2735 : 0
  2732	  2763 : 0
  2760	  2771 : 0
  2768	  2807 : 0
  2804	  2823 : 0
  2820	  2835 : 0
  2832	  2847 : 0
  2844	  2871 : 1
  2868	  2879 : 0
  2876	  2887 : 0
  2884	  2903 : 0
  2900	  2923 : 0
  2920	  2951 : 0
  2948	  2983 : 1
  2980	  2987 : 0
  2984	  3015 : 0
  3012	  3019 : 0
  3016	  3023 : 1
  3020	  3047 : 0
  3044	  3071 : 1
  3068	  3075 : 0
  3072	  3103 : 1
  3100	  3115 : 0
  3112	  3119 : 1
  3116	  3131 : 0
  3128	  3195 : 1
  3192	  3199 : 0
  3196	  3219 : 0
  3216	  3231 : 0
  3228	  3235 : 0
  3232	  3239 : 0
  3236	  3271 : 0
  3268	  3275 : 0
  3272	  3283 : 1
  3280	  3287 : 0
  3284	  3311 : 0
  3308	  3315 : 0
  3312	  3323 : 0
  3320	  3327 : 0
  3324	  3403 : 1
  3400	  3411 : 0
  3408	  3415 : 1
  3412	  3423 : 0
  3420	  3495 : 0
  3492	  3499 : 0
  3496	  3503 : 0
  3500	  3547 : 0
  3544	  3591 : 1
  3588	  3595 : 2
  3592	  3599 : 1
  3596	  3627 : 0
  3624	  3631 : 0
  3628	  3635 : 0
  3632	  3643 : 1
  3640	  3723 : 0
  3720	  3731 : 1
  3728	  3863 : 0
  3860	  3875 : 1
  3872	  3895 : 0
  3892	  3935 : 0
  3932	  3939 : 0
  3936	  3967 : 0
  3964	  4067 : 0
  4064	  4075 : 1
  4072	  4207 : 0
  4204	  4231 : 1
  4228	  4271 : 0
  4268	  4275 : 1
  4272	  4279 : 0
  4276	  4291 : 1
  4288	  4295 : 0
  4292	  4311 : 0
  4308	  4315 : 0
  4312	  4379 : 1
  4376	  4383 : 0
  4380	  4387 : 1
  4384	  4399 : 0
  4396	  4435 : 0
  4432	  4455 : 0
  4452	  4471 : 0
  4468	  4475 : 0
  4472	  4511 : 1
  4508	  4515 : 0
  4512	  4591 : 0
  4588	  4599 : 0
  4596	  4739 : 1
  4736	  4755 : 0
  4752	  4779 : 1
  4776	  4783 : 0
  4780	  4883 : 0
  4880	  4891 : 0
  4888	  4899 : 1
  4896	  4939 : 0
  4936	  5099 : 0
  5096	  5147 : 0
  5144	  5155 : 1
  5152	  5211 : 0
  5208	  5267 : 1
  5264	  5271 : 0
  5268	  5287 : 0
  5284	  5295 : 0
  5292	  5299 : 0
  5296	  5339 : 0
  5336	  5671 : 0
  5668	  5679 : 0
  5676	  5727 : 0
