     0	   151 : 0
   148	   155 : 0
   152	   343 : 0
   340	   351 : 0
   348	   431 : 1
   428	   475 : 0
   472	   491 : 1
   488	   543 : 0
   540	   563 : 1
   560	   627 : 0
   624	   647 : 1
   644	   755 : 0
   752	   775 : 1
   772	   839 : 0
   836	   855 : 1
   852	   903 : 0
   900	   919 : 1
   916	   971 : 0
   968	   995 : 1
   992	  1051 : 0
  1048	  1063 : 1
  1060	  1119 : 0
  1116	  1131 : 1
  1128	  1195 : 0
  1192	  1207 : 1
  1204	  1263 : 0
  1260	  1275 : 1
  1272	  1323 : 0
  1320	  1339 : 1
  1336	  1403 : 0
  1400	  1487 : 1
  1484	  1551 : 0
  1548	  1567 : 1
  1564	  1615 : 0
  1612	  1631 : 1
  1628	  1675 : 0
  1672	  1687 : 1
  1684	  1759 : 0
  1756	  1763 : 2
  1760	  1771 : 1
  1768	  1819 : 0
  1816	  1919 : 1
  1916	  1963 : 0
  1960	  1967 : 2
  1964	  1979 : 1
  1976	  2031 : 0
  2028	  2119 : 1
  2116	  2155 : 0
  2152	  2187 : 1
  2184	  2191 : 0
  2188	  2387 : 1
  2384	  2443 : 0
  2440	  2463 : 1
  2460	  2563 : 0
  2560	  2583 : 1
  2580	  2755 : 0
  2752	  3071 : 1
  3068	  3143 : 0
  3140	  3163 : 1
  3160	  3215 : 0
  3212	  3219 : 2
  3216	  3235 : 1
  3232	  3311 : 0
  3308	  3323 : 1
  3320	  3375 : 0
  3372	  3467 : 1
  3464	  3539 : 0
  3536	  3603 : 1
  3600	  3607 : 0
  3604	  3619 : 1
  3616	  3799 : 0
  3796	  3803 : 2
  3800	  3815 : 1
  3812	  3879 : 0
  3876	  3887 : 1
  3884	  3947 : 0
  3944	  3959 : 1
  3956	  4035 : 0
  4032	  4051 : 1
  4048	  4107 : 0
  4104	  4123 : 1
  4120	  4203 : 0
  4200	  4215 : 1
  4212	  4219 : 0
  4216	  4271 : 0
  4268	  4275 : 2
  4272	  4439 : 1
  4436	  4443 : 0
  4440	  4463 : 1
  4460	  4583 : 0
  4580	  4611 : 1
  4608	  4619 : 0
  4616	  4859 : 0
  4856	  4915 : 0
  4912	  5007 : 1
  5004	  5011 : 0
  5008	  5023 : 1
  5020	  5071 : 0
  5068	  5219 : 1
  5216	  5223 : 0
  5220	  5235 : 1
  5232	  5319 : 0
  5316	  5331 : 1
  5328	  5395 : 0
  5392	  5407 : 1
  5404	  5495 : 0
  5492	  5507 : 1
  5504	  5567 : 0
  5564	  5583 : 1
  5580	  5587 : 0
  5584	  5755 : 0
  5752	  5887 : 0
  5884	  5903 : 1
  5900	  5983 : 0
  5980	  5999 : 1
  5996	  6063 : 0
  6060	  6147 : 1
  6144	  6151 : 0
  6148	  6223 : 0
  6220	  6227 : 0
  6224	  6315 : 1
  6312	  6387 : 0
  6384	  6407 : 1
  6404	  6455 : 0
  6452	  6475 : 1
  6472	  6607 : 0
  6604	  6855 : 1
  6852	  6859 : 0
  6856	  6875 : 1
  6872	  6963 : 0
  6960	  6975 : 1
  6972	  7107 : 0
  7104	  7195 : 1
  7192	  7199 : 0
  7196	  7283 : 1
  7280	  7359 : 0
  7356	  7451 : 1
  7448	  7511 : 0
  7508	  7523 : 1
  7520	  7527 : 0
  7524	  7775 : 0
  7772	  7783 : 0
  7780	  7867 : 1
  7864	  7923 : 0
  7920	  8035 : 1
  8032	  8095 : 0
  8092	  8107 : 1
  8104	  8187 : 0
  8184	  8199 : 1
  8196	  8263 : 0
  8260	  8275 : 1
  8272	  8331 : 0
  8328	  8427 : 1
  8424	  8431 : 0
  8428	  8443 : 1
  8440	  8487 : 0
  8484	  8683 : 1
  8680	  8691 : 0
  8688	  8855 : 1
  8852	  8931 : 0
  8928	  8947 : 1
  8944	  9011 : 0
  9008	  9023 : 1
  9020	  9079 : 0
  9076	  9427 : 1
