     0	    11 : 0
     8	   119 : 0
   116	   127 : 0
   124	   223 : 0
   220	   239 : 0
   236	   259 : 0
   256	   299 : 0
   296	   327 : 0
   324	   331 : 0
   328	   383 : 0
   380	   387 : 0
   384	   391 : 0
   388	   395 : 0
   392	   403 : 0
   400	   411 : 0
   408	   415 : 0
   412	   459 : 0
   456	   463 : 0
   460	   475 : 0
   472	   479 : 0
   476	   487 : 1
   484	   495 : 0
   492	   519 : 0
   516	   527 : 0
   524	   531 : 1
   528	   535 : 0
   532	   543 : 1
   540	   547 : 0
   544	   559 : 1
   556	   575 : 0
   572	   579 : 0
   576	   587 : 0
   584	   595 : 1
   592	   599 : 0
   596	   607 : 0
   604	   615 : 0
   612	   631 : 0
   628	   635 : 0
   632	   639 : 1
   636	   651 : 0
   648	   655 : 0
   652	   679 : 0
   676	   687 : 1
   684	   731 : 0
   728	   759 : 1
   756	   771 : 0
   768	   775 : 1
   772	   815 : 0
   812	   899 : 1
   896	   903 : 0
   900	   919 : 0
   916	   923 : 0
   920	   927 : 0
   924	   935 : 0
   932	   947 : 0
   944	   951 : 0
   948	   959 : 1
   956	   975 : 0
   972	   979 : 0
   976	   987 : 0
   984	   999 : 0
   996	  1019 : 0
  1016	  1027 : 1
  1024	  1031 : 0
  1028	  1035 : 1
  1032	  1075 : 0
  1072	  1079 : 1
  1076	  1103 : 0
  1100	  1155 : 0
  1152	  1171 : 0
  1168	  1179 : 0
  1176	  1207 : 0
  1204	  1215 : 1
  1212	  1247 : 0
  1244	  1263 : 0
  1260	  1267 : 0
  1264	  1275 : 0
  1272	  1283 : 0
  1280	  1323 : 0
  1320	  1375 : 0
  1372	  1439 : 0
  1436	  1443 : 0
  1440	  1515 : 0
  1512	  1555 : 0
  1552	  1567 : 0
  1564	  1579 : 0
  1576	  1591 : 0
  1588	  1595 : 0
  1592	  1627 : 0
  1624	  1659 : 0
  1656	  1667 : 1
  1664	  1759 : 0
  1756	  1763 : 1
  1760	  1867 : 0
  1864	  1871 : 0
  1868	  1899 : 0
  1896	  1903 : 0
  1900	  1923 : 0
  1920	  1939 : 0
  1936	  1955 : 0
  1952	  1975 : 0
  1972	  1979 : 0
  1976	  2023 : 1
  2020	  2047 : 0
  2044	  2071 : 0
  2068	  2079 : 0
  2076	  2127 : 0
  2124	  2131 : 0
  2128	  2195 : 0
  2192	  2259 : 0
  2256	  2283 : 0
  2280	  2307 : 0
  2304	  2355 : 0
  2352	  2359 : 0
  2356	  2363 : 0
  2360	  2375 : 0
  2372	  2391 : 0
  2388	  2435 : 0
  2432	  2439 : 1
  2436	  2447 : 0
  2444	  2455 : 0
  2452	  2459 : 0
  2456	  2519 : 0
  2516	  2523 : 0
  2520	  2543 : 1
  2540	  2559 : 0
  2556	  2579 : 1
  2576	  2587 : 0
  2584	  2595 : 0
  2592	  2611 : 0
  2608	  2639 : 1
  2636	  2647 : 0
  2644	  2651 : 0
  2648	  2663 : 0
  2660	  2671 : 1
  2668	  2695 : 0
  2692	  2735 : 0
  2732	  2771 : 0
  2768	  2775 : 0
  2772	  2803 : 0
  2800	  2811 : 0
  2808	  2855 : 0
  2852	  2895 : 1
  2892	  2907 : 0
  2904	  2911 : 0
  2908	  2915 : 0
  2912	  2919 : 0
  2916	  2923 : 0
  2920	  3003 : 1
  3000	  3071 : 0
  3068	  3079 : 0
  3076	  3127 : 0
  3124	  3143 : 0
  3140	  3147 : 0
  3144	  3151 : 1
  3148	  3183 : 0
  3180	  3187 : 0
  3184	  3207 : 0
  3204	  3279 : 1
  3276	  3299 : 0
  3296	  3307 : 0
  3304	  3319 : 0
  3316	  3347 : 1
  3344	  3355 : 0
  3352	  3359 : 0
  3356	  3379 : 0
  3376	  3383 : 1
  3380	  3391 : 0
  3388	  3415 : 0
  3412	  3467 : 0
  3464	  3471 : 1
  3468	  3531 : 0
  3528	  3539 : 0
  3536	  3543 : 0
  3540	  3555 : 0
  3552	  3559 : 0
  3556	  3587 : 0
  3584	  3591 : 0
  3588	  3595 : 1
  3592	  3683 : 0
  3680	  3691 : 0
  3688	  3695 : 0
  3692	  3699 : 0
  3696	  3711 : 0
  3708	  3775 : 0
  3772	  3803 : 0
  3800	  3839 : 0
  3836	  3851 : 0
  3848	  3859 : 0
  3856	  3863 : 0
  3860	  3955 : 0
  3952	  3959 : 0
  3956	  3967 : 0
  3964	  3979 : 0
  3976	  3987 : 0
  3984	  3995 : 0
  3992	  3999 : 0
  3996	  4027 : 0
  4024	  4035 : 0
  4032	  4059 : 0
  4056	  4071 : 0
  4068	  4087 : 0
  4084	  4099 : 0
  4096	  4131 : 0
  4128	  4139 : 1
  4136	  4171 : 0
  4168	  4191 : 0
  4188	  4211 : 0
  4208	  4219 : 0
  4216	  4223 : 0
  4220	  4275 : 0
  4272	  4279 : 0
  4276	  4299 : 0
  4296	  4303 : 0
  4300	  4315 : 0
  4312	  4343 : 0
  4340	  4351 : 0
  4348	  4439 : 0
  4436	  4451 : 0
  4448	  4583 : 0
  4580	  4587 : 0
  4584	  4651 : 0
  4648	  4655 : 0
  4652	  4663 : 0
  4660	  4667 : 1
  4664	  4759 : 0
  4756	  4771 : 0
  4768	  4775 : 0
  4772	  4779 : 0
  4776	  4919 : 0
  4916	  4927 : 0
  4924	  5015 : 0
  5012	  5019 : 0
  5016	  5079 : 0
  5076	  5087 : 0
  5084	  5107 : 0
  5104	  5111 : 0
  5108	  5127 : 0
  5124	  5131 : 0
  5128	  5139 : 0
  5136	  5143 : 1
  5140	  5215 : 0
  5212	  5235 : 0
  5232	  5415 : 0
  5412	  5419 : 0
  5416	  5495 : 0
  5492	  5503 : 0
  5500	  5575 : 0
  5572	  5583 : 0
  5580	  5599 : 0
  5596	  5619 : 0
  5616	  5643 : 0
  5640	  5655 : 0
  5652	  5659 : 0
  5656	  5671 : 0
  5668	  5679 : 0
  5676	  5691 : 0
  5688	  5695 : 0
  5692	  5719 : 0
  5716	  5731 : 0
  5728	  5759 : 0
  5756	  5775 : 0
  5772	  5903 : 0
  5900	  5927 : 0
  5924	  5935 : 0
  5932	  5959 : 0
  5956	  5971 : 0
  5968	  5975 : 0
  5972	  5999 : 0
  5996	  6023 : 0
  6020	  6031 : 0
  6028	  6035 : 0
  6032	  6055 : 0
  6052	  6059 : 0
  6056	  6095 : 0
  6092	  6147 : 0
  6144	  6171 : 0
  6168	  6187 : 0
  6184	  6207 : 0
  6204	  6215 : 0
  6212	  6227 : 0
  6224	  6263 : 0
  6260	  6311 : 0
  6308	  6315 : 0
  6312	  6323 : 0
  6320	  6331 : 0
  6328	  6383 : 0
  6380	  6387 : 0
  6384	  6395 : 0
  6392	  6399 : 0
  6396	  6419 : 1
  6416	  6427 : 0
  6424	  6435 : 0
  6432	  6619 : 0
  6616	  6623 : 0
  6620	  6711 : 0
  6708	  6715 : 0
  6712	  6791 : 0
  6788	  6803 : 1
  6800	  6819 : 0
  6816	  6839 : 0
  6836	  6843 : 0
  6840	  6907 : 0
  6904	  6915 : 0
  6912	  6923 : 0
  6920	  6927 : 0
  6924	  6935 : 0
  6932	  6959 : 0
  6956	  6995 : 0
  6992	  6999 : 0
  6996	  7007 : 0
  7004	  7015 : 0
  7012	  7031 : 1
  7028	  7035 : 0
  7032	  7039 : 1
  7036	  7047 : 0
  7044	  7063 : 0
  7060	  7075 : 0
  7072	  7119 : 1
  7116	  7123 : 0
  7120	  7147 : 0
  7144	  7151 : 0
  7148	  7187 : 0
  7184	  7191 : 0
  7188	  7195 : 1
  7192	  7239 : 0
  7236	  7243 : 1
  7240	  7279 : 0
  7276	  7327 : 0
  7324	  7343 : 0
  7340	  7407 : 1
  7404	  7411 : 0
  7408	  7419 : 0
  7416	  7431 : 0
  7428	  7443 : 1
  7440	  7447 : 0
  7444	  7455 : 0
  7452	  7471 : 0
  7468	  7475 : 0
  7472	  7535 : 0
  7532	  7547 : 0
  7544	  7555 : 0
  7552	  7567 : 0
  7564	  7587 : 0
  7584	  7595 : 0
  7592	  7607 : 0
  7604	  7615 : 1
  7612	  7627 : 0
  7624	  7651 : 0
  7648	  7655 : 0
  7652	  7659 : 0
  7656	  7663 : 0
  7660	  7683 : 0
  7680	  7687 : 0
  7684	  7691 : 0
  7688	  7695 : 0
  7692	  7715 : 1
  7712	  7747 : 0
  7744	  7823 : 0
  7820	  7827 : 0
  7824	  7835 : 1
  7832	  7843 : 0
  7840	  7847 : 0
  7844	  7859 : 0
  7856	  7867 : 1
  7864	  7939 : 0
  7936	  7947 : 1
  7944	  7979 : 0
  7976	  7983 : 2
  7980	  7999 : 1
  7996	  8003 : 0
  8000	  8023 : 0
  8020	  8051 : 0
  8048	  8055 : 0
  8052	  8059 : 0
  8056	  8071 : 0
  8068	  8079 : 0
  8076	  8099 : 0
  8096	  8115 : 0
  8112	  8139 : 0
  8136	  8179 : 0
  8176	  8187 : 1
  8184	  8231 : 0
  8228	  8251 : 0
  8248	  8323 : 0
  8320	  8327 : 1
  8324	  8419 : 0
  8416	  8423 : 1
  8420	  8451 : 0
  8448	  8463 : 0
  8460	  8467 : 0
  8464	  8487 : 0
  8484	  8499 : 0
  8496	  8527 : 0
  8524	  8563 : 0
  8560	  8567 : 0
  8564	  8575 : 0
  8572	  8675 : 0
  8672	  8679 : 0
  8676	  8683 : 2
  8680	  8715 : 0
  8712	  8751 : 0
  8748	  8795 : 0
  8792	  8799 : 1
  8796	  8843 : 0
  8840	  8847 : 1
  8844	  8867 : 0
  8864	  8895 : 0
  8892	  8959 : 0
  8956	  8963 : 1
  8960	  8967 : 0
  8964	  8971 : 0
  8968	  8991 : 0
  8988	  9019 : 0
  9016	  9035 : 0
  9032	  9059 : 0
  9056	  9063 : 0
  9060	  9071 : 1
  9068	  9111 : 0
  9108	  9167 : 0
  9164	  9175 : 0
  9172	  9291 : 0
  9288	  9311 : 0
  9308	  9319 : 0
  9316	  9323 : 0
  9320	  9331 : 0
  9328	  9351 : 0
  9348	  9359 : 0
  9356	  9363 : 0
  9360	  9375 : 0
  9372	  9379 : 0
  9376	  9779 : 0
  9776	  9791 : 0
  9788	  9819 : 0
  9816	  9827 : 0
  9824	  9899 : 0
  9896	  9903 : 0
  9900	  9923 : 0
  9920	  9939 : 0
  9936	  9943 : 0
  9940	  9959 : 0
  9956	  9987 : 0
  9984	 10047 : 0
 10044	 10067 : 0
 10064	 10071 : 0
 10068	 10123 : 0
 10120	 10131 : 0
 10128	 10199 : 0
 10196	 10203 : 0
 10200	 10215 : 0
 10212	 10219 : 0
 10216	 10235 : 0
 10232	 10239 : 0
 10236	 10255 : 0
 10252	 10303 : 0
 10300	 10331 : 0
 10328	 10395 : 0
 10392	 10403 : 1
 10400	 10435 : 0
 10432	 10443 : 0
 10440	 10447 : 0
 10444	 10467 : 0
 10464	 10471 : 0
 10468	 10479 : 0
 10476	 10495 : 0
 10492	 10499 : 0
 10496	 10523 : 0
 10520	 10531 : 1
 10528	 10547 : 0
 10544	 10555 : 1
 10552	 10591 : 0
 10588	 10647 : 0
 10644	 10679 : 0
 10676	 10703 : 0
 10700	 10707 : 0
 10704	 10711 : 0
 10708	 10735 : 0
 10732	 10751 : 0
 10748	 10759 : 0
 10756	 10779 : 0
 10776	 10783 : 0
 10780	 10803 : 0
 10800	 10807 : 0
 10804	 10823 : 1
 10820	 10895 : 0
 10892	 10899 : 0
 10896	 10927 : 0
 10924	 11011 : 1
 11008	 11019 : 0
 11016	 11027 : 0
 11024	 11031 : 0
 11028	 11035 : 0
 11032	 11051 : 0
 11048	 11055 : 0
 11052	 11075 : 0
 11072	 11091 : 0
 11088	 11103 : 0
 11100	 11107 : 0
 11104	 11135 : 0
 11132	 11147 : 0
 11144	 11219 : 0
 11216	 11223 : 0
 11220	 11247 : 0
 11244	 11259 : 0
 11256	 11291 : 0
 11288	 11295 : 1
 11292	 11335 : 0
 11332	 11363 : 1
 11360	 11387 : 0
 11384	 11395 : 0
 11392	 11415 : 0
 11412	 11419 : 0
 11416	 11439 : 0
 11436	 11443 : 0
 11440	 11455 : 0
 11452	 11471 : 1
 11468	 11511 : 0
 11508	 11515 : 0
 11512	 11527 : 0
 11524	 11531 : 0
 11528	 11539 : 0
 11536	 11547 : 0
 11544	 11587 : 0
 11584	 11595 : 1
 11592	 11975 : 0
 11972	 12011 : 0
 12008	 12019 : 0
 12016	 12027 : 0
 12024	 12047 : 0
 12044	 12055 : 0
 12052	 12067 : 0
 12064	 12071 : 1
 12068	 12099 : 0
 12096	 12115 : 1
 12112	 12131 : 0
 12128	 12135 : 0
 12132	 12159 : 0
 12156	 12175 : 0
 12172	 12179 : 0
 12176	 12183 : 0
 12180	 12195 : 0
 12192	 12223 : 0
 12220	 12255 : 0
 12252	 12263 : 0
 12260	 12267 : 0
 12264	 12279 : 0
 12276	 12283 : 0
 12280	 12287 : 0
 12284	 12295 : 0
 12292	 12311 : 0
 12308	 12319 : 0
 12316	 12323 : 0
 12320	 12363 : 0
 12360	 12367 : 1
 12364	 12371 : 0
 12368	 12379 : 0
 12376	 12399 : 0
 12396	 12407 : 0
 12404	 12419 : 0
 12416	 12431 : 1
 12428	 12459 : 0
 12456	 12499 : 0
 12496	 12507 : 0
 12504	 12543 : 0
 12540	 12555 : 0
 12552	 12651 : 0
 12648	 12659 : 0
 12656	 12667 : 0
 12664	 12695 : 0
 12692	 12699 : 0
 12696	 12795 : 0
 12792	 12799 : 0
 12796	 12803 : 0
 12800	 12811 : 0
 12808	 12819 : 0
 12816	 12823 : 0
 12820	 12851 : 0
 12848	 12859 : 0
 12856	 12875 : 0
 12872	 12907 : 0
 12904	 12919 : 0
 12916	 12939 : 0
 12936	 12955 : 0
 12952	 12971 : 0
 12968	 13059 : 0
 13056	 13071 : 0
 13068	 13075 : 1
 13072	 13079 : 0
 13076	 13083 : 0
 13080	 13095 : 0
 13092	 13103 : 0
 13100	 13107 : 0
 13104	 13115 : 0
 13112	 13135 : 0
 13132	 13139 : 2
 13136	 13215 : 0
 13212	 13227 : 0
 13224	 13271 : 0
 13268	 13275 : 1
 13272	 13311 : 0
 13308	 13319 : 0
 13316	 13323 : 0
 13320	 13327 : 0
 13324	 13331 : 0
 13328	 13343 : 0
 13340	 13375 : 0
 13372	 13379 : 0
 13376	 13407 : 0
 13404	 13411 : 0
 13408	 13439 : 0
 13436	 13455 : 1
 13452	 13459 : 0
 13456	 13543 : 0
 13540	 13551 : 0
 13548	 13555 : 0
 13552	 13563 : 0
 13560	 13595 : 0
 13592	 13619 : 0
 13616	 13623 : 0
 13620	 13651 : 0
 13648	 13667 : 0
 13664	 13747 : 0
 13744	 13755 : 1
 13752	 13759 : 0
 13756	 13767 : 0
 13764	 13771 : 0
 13768	 13783 : 0
 13780	 13791 : 0
 13788	 13835 : 0
 13832	 13887 : 0
 13884	 13899 : 0
 13896	 13907 : 0
 13904	 13915 : 0
 13912	 13959 : 0
 13956	 13963 : 0
 13960	 13967 : 0
 13964	 13975 : 0
 13972	 13979 : 0
 13976	 13987 : 0
 13984	 14015 : 0
 14012	 14019 : 2
 14016	 14035 : 1
 14032	 14055 : 0
 14052	 14075 : 0
 14072	 14095 : 0
 14092	 14115 : 0
 14112	 14183 : 0
 14180	 14195 : 0
 14192	 14207 : 0
 14204	 14243 : 0
 14240	 14251 : 0
 14248	 14291 : 0
 14288	 14307 : 0
 14304	 14311 : 0
 14308	 14387 : 0
 14384	 14395 : 1
 14392	 14407 : 0
 14404	 14451 : 0
 14448	 14471 : 0
 14468	 14483 : 0
 14480	 14519 : 0
 14516	 14531 : 0
 14528	 14535 : 0
 14532	 14539 : 2
 14536	 14555 : 0
 14552	 14583 : 0
 14580	 14595 : 0
 14592	 14599 : 0
 14596	 14615 : 0
 14612	 14627 : 0
 14624	 14635 : 0
 14632	 14639 : 0
 14636	 14647 : 0
 14644	 14651 : 0
 14648	 14691 : 0
 14688	 14767 : 0
 14764	 14775 : 0
 14772	 14839 : 0
 14836	 14923 : 0
 14920	 14935 : 0
 14932	 15023 : 0
 15020	 15039 : 0
 15036	 15131 : 0
 15128	 15135 : 0
 15132	 15139 : 0
 15136	 15159 : 0
 15156	 15175 : 0
 15172	 15195 : 0
 15192	 15207 : 0
 15204	 15211 : 0
 15208	 15215 : 0
 15212	 15299 : 0
 15296	 15303 : 0
 15300	 15323 : 0
