     0	    55 : 0
    52	    83 : 0
    80	    91 : 0
    88	    95 : 0
    92	   103 : 1
   100	   171 : 0
   168	   191 : 1
   188	   211 : 0
   208	   215 : 0
   212	   219 : 0
   216	   223 : 1
   220	   291 : 0
   288	   447 : 1
   444	   499 : 0
   496	   523 : 1
   520	   531 : 0
   528	   539 : 1
   536	   543 : 0
   540	   559 : 0
   556	   563 : 0
   560	   583 : 0
   580	   603 : 0
   600	   611 : 1
   608	   619 : 0
   616	   627 : 0
   624	   639 : 0
   636	   683 : 0
   680	   695 : 0
   692	   699 : 0
   696	   779 : 0
   776	   783 : 2
   780	  1023 : 0
  1020	  1063 : 0
  1060	  1071 : 1
  1068	  1075 : 0
  1072	  1087 : 0
  1084	  1095 : 0
  1092	  1107 : 0
  1104	  1147 : 0
  1144	  1155 : 1
  1152	  1331 : 0
  1328	  1339 : 1
  1336	  1435 : 0
  1432	  1443 : 1
  1440	  1459 : 0
  1456	  1471 : 0
  1468	  1515 : 0
  1512	  1535 : 0
  1532	  1539 : 0
  1536	  1543 : 0
  1540	  1551 : 0
  1548	  1567 : 0
  1564	  1575 : 0
  1572	  1595 : 0
  1592	  1599 : 0
  1596	  1611 : 0
  1608	  1619 : 0
  1616	  1627 : 1
  1624	  1687 : 0
  1684	  1691 : 1
  1688	  1719 : 0
  1716	  1727 : 0
  1724	  1731 : 0
  1728	  1735 : 1
  1732	  1783 : 0
  1780	  1787 : 0
  1784	  1791 : 0
  1788	  1795 : 0
  1792	  1807 : 0
  1804	  1811 : 0
  1808	  1859 : 0
  1856	  1867 : 0
  1864	  1927 : 0
  1924	  1951 : 0
  1948	  1955 : 0
  1952	  1959 : 0
  1956	  1963 : 0
  1960	  1971 : 0
  1968	  1975 : 0
  1972	  2083 : 1
  2080	  2091 : 0
  2088	  2099 : 0
  2096	  2103 : 0
  2100	  2107 : 0
  2104	  2111 : 0
  2108	  2123 : 0
  2120	  2127 : 0
  2124	  2135 : 0
  2132	  2147 : 0
  2144	  2159 : 0
  2156	  2211 : 0
  2208	  2247 : 1
  2244	  2275 : 0
  2272	  2279 : 0
  2276	  2287 : 0
  2284	  2299 : 0
  2296	  2303 : 0
  2300	  2315 : 0
  2312	  2339 : 0
  2336	  2351 : 1
  2348	  2631 : 0
  2628	  2639 : 1
  2636	  2731 : 0
  2728	  2755 : 1
  2752	  2771 : 0
  2768	  2811 : 0
  2808	  2815 : 0
  2812	  2819 : 1
  2816	  2895 : 0
  2892	  2919 : 1
  2916	  2923 : 0
  2920	  2959 : 0
  2956	  2963 : 0
  2960	  2991 : 0
  2988	  3003 : 0
  3000	  3011 : 0
  3008	  3023 : 0
  3020	  3035 : 0
  3032	  3039 : 0
  3036	  3083 : 0
  3080	  3119 : 0
  3116	  3139 : 0
  3136	  3155 : 0
  3152	  3163 : 1
  3160	  3183 : 0
  3180	  3191 : 0
  3188	  3211 : 0
  3208	  3219 : 1
  3216	  3259 : 0
  3256	  3267 : 0
  3264	  3323 : 0
  3320	  3327 : 1
  3324	  3447 : 0
  3444	  3475 : 0
  3472	  3479 : 0
  3476	  3499 : 0
  3496	  3507 : 0
  3504	  3531 : 0
  3528	  3535 : 0
  3532	  3539 : 0
  3536	  3575 : 0
  3572	  3579 : 0
  3576	  3583 : 0
  3580	  3591 : 0
  3588	  3595 : 0
  3592	  3615 : 0
  3612	  3619 : 0
  3616	  3627 : 1
  3624	  3643 : 0
  3640	  3647 : 0
  3644	  3651 : 0
  3648	  3671 : 0
  3668	  3679 : 0
  3676	  3691 : 0
  3688	  3715 : 0
  3712	  3751 : 1
  3748	  3755 : 0
  3752	  3759 : 0
  3756	  3767 : 0
  3764	  3787 : 0
  3784	  3911 : 0
  3908	  3915 : 1
  3912	  3919 : 0
  3916	  3971 : 0
  3968	  4247 : 0
  4244	  4255 : 0
  4252	  4299 : 0
  4296	  4335 : 1
  4332	  4351 : 0
  4348	  4399 : 0
  4396	  4423 : 0
  4420	  4451 : 0
  4448	  4467 : 0
  4464	  4479 : 0
  4476	  4511 : 0
  4508	  4523 : 0
  4520	  4555 : 0
  4552	  4571 : 0
  4568	  4579 : 0
  4576	  4587 : 0
  4584	  4627 : 0
  4624	  4631 : 0
  4628	  4651 : 0
  4648	  4655 : 0
  4652	  4675 : 0
  4672	  4695 : 0
  4692	  4703 : 0
  4700	  4707 : 0
  4704	  4731 : 0
  4728	  4743 : 0
  4740	  4871 : 0
