     0	    27 : 0
    24	    31 : 0
    28	    47 : 0
    44	   159 : 0
   156	   191 : 0
   188	   203 : 0
   200	   207 : 0
   204	   215 : 0
   212	   231 : 0
   228	   239 : 0
   236	   259 : 0
   256	   311 : 0
   308	   315 : 0
   312	   323 : 0
   320	   335 : 0
   332	   347 : 0
   344	   363 : 0
   360	   371 : 0
   368	   387 : 0
   384	   419 : 0
   416	   423 : 1
   420	   539 : 0
   536	   567 : 0
   564	   583 : 0
   580	   591 : 1
   588	   631 : 0
   628	   639 : 0
   636	   659 : 0
   656	   667 : 1
   664	   719 : 0
   716	   739 : 1
   736	   775 : 0
   772	   779 : 1
   776	   791 : 0
   788	   803 : 0
   800	   831 : 0
   828	   875 : 1
   872	   879 : 0
   876	   887 : 0
   884	   911 : 0
   908	   915 : 1
   912	   919 : 0
   916	   931 : 0
   928	   943 : 0
   940	   955 : 1
   952	   959 : 0
   956	   963 : 0
   960	   967 : 0
   964	   979 : 0
   976	   983 : 0
   980	   987 : 0
   984	   995 : 0
   992	  1023 : 0
  1020	  1031 : 0
  1028	  1035 : 0
  1032	  1047 : 0
  1044	  1051 : 0
  1048	  1063 : 0
  1060	  1067 : 1
  1064	  1075 : 0
  1072	  1147 : 0
  1144	  1159 : 0
  1156	  1187 : 0
  1184	  1239 : 0
  1236	  1271 : 0
  1268	  1275 : 0
  1272	  1279 : 1
  1276	  1299 : 0
  1296	  1311 : 0
  1308	  1315 : 0
  1312	  1319 : 0
  1316	  1327 : 0
  1324	  1331 : 1
  1328	  1343 : 0
  1340	  1351 : 0
  1348	  1387 : 0
  1384	  1391 : 0
  1388	  1395 : 0
  1392	  1431 : 1
  1428	  1435 : 0
  1432	  1467 : 0
  1464	  1475 : 0
  1472	  1479 : 1
  1476	  1499 : 0
  1496	  1563 : 0
  1560	  1567 : 0
  1564	  1571 : 0
  1568	  1579 : 0
  1576	  1583 : 0
  1580	  1587 : 0
  1584	  1599 : 0
  1596	  1611 : 0
  1608	  1635 : 0
  1632	  1679 : 0
  1676	  1687 : 1
  1684	  1699 : 0
  1696	  1719 : 0
  1716	  1723 : 0
  1720	  1727 : 0
  1724	  1751 : 0
  1748	  1787 : 0
  1784	  1895 : 0
  1892	  1999 : 0
  1996	  2003 : 0
  2000	  2023 : 0
  2020	  2055 : 0
  2052	  2067 : 0
  2064	  2083 : 0
  2080	  2307 : 0
  2304	  2319 : 0
  2316	  2567 : 0
  2564	  2571 : 0
  2568	  2611 : 0
  2608	  2655 : 0
  2652	  2663 : 0
  2660	  2683 : 0
  2680	  2719 : 0
  2716	  2811 : 0
  2808	  2819 : 1
  2816	  2835 : 0
  2832	  2847 : 0
  2844	  2875 : 0
  2872	  2879 : 1
  2876	  3335 : 0
  3332	  3339 : 0
  3336	  3343 : 0
  3340	  3351 : 1
  3348	  3371 : 0
  3368	  3375 : 1
  3372	  3379 : 0
  3376	  3383 : 0
  3380	  3395 : 0
  3392	  3415 : 0
  3412	  3435 : 0
  3432	  3467 : 0
  3464	  3507 : 0
  3504	  3515 : 1
  3512	  3543 : 0
  3540	  3551 : 0
  3548	  3555 : 0
  3552	  3567 : 0
  3564	  3575 : 0
  3572	  3699 : 0
  3696	  3715 : 0
  3712	  3719 : 1
  3716	  3843 : 0
  3840	  3859 : 0
  3856	  3895 : 0
  3892	  3931 : 0
  3928	  3943 : 0
  3940	  3947 : 0
  3944	  3955 : 0
  3952	  3975 : 0
  3972	  3987 : 0
  3984	  3995 : 0
  3992	  4003 : 0
  4000	  4007 : 0
  4004	  4011 : 0
  4008	  4015 : 1
  4012	  4027 : 0
  4024	  4079 : 0
  4076	  4091 : 0
  4088	  4103 : 0
  4100	  4115 : 0
  4112	  4163 : 1
  4160	  4215 : 0
  4212	  4219 : 1
  4216	  4231 : 0
  4228	  4235 : 0
  4232	  4247 : 0
  4244	  4275 : 0
  4272	  4283 : 0
  4280	  4295 : 0
  4292	  4307 : 0
  4304	  4319 : 0
  4316	  4387 : 0
  4384	  4395 : 0
  4392	  4431 : 0
  4428	  4455 : 0
  4452	  4475 : 0
  4472	  4491 : 0
  4488	  4495 : 0
  4492	  4507 : 0
  4504	  4519 : 0
  4516	  4523 : 0
  4520	  4535 : 0
  4532	  4543 : 1
  4540	  4563 : 0
  4560	  4591 : 0
  4588	  4623 : 0
  4620	  4639 : 0
  4636	  4667 : 0
  4664	  4687 : 0
  4684	  4695 : 0
  4692	  4699 : 0
  4696	  4707 : 0
  4704	  4715 : 1
  4712	  4767 : 0
  4764	  4771 : 1
  4768	  4775 : 2
  4772	  4799 : 0
  4796	  4807 : 1
  4804	  4823 : 0
  4820	  4831 : 0
  4828	  4879 : 0
  4876	  4883 : 0
  4880	  4887 : 0
  4884	  4891 : 0
  4888	  5039 : 0
  5036	  5063 : 0
  5060	  5163 : 0
  5160	  5167 : 0
  5164	  5183 : 0
  5180	  5187 : 0
  5184	  5191 : 0
  5188	  5195 : 0
  5192	  5231 : 0
  5228	  5255 : 1
  5252	  5283 : 0
  5280	  5431 : 1
  5428	  5495 : 0
  5492	  5507 : 0
  5504	  5511 : 2
  5508	  5551 : 0
  5548	  5563 : 1
  5560	  5571 : 0
  5568	  5579 : 0
  5576	  5591 : 0
  5588	  5607 : 0
  5604	  5611 : 0
  5608	  5635 : 0
  5632	  5743 : 0
  5740	  5751 : 1
  5748	  5779 : 0
  5776	  5787 : 1
  5784	  5807 : 0
  5804	  5815 : 1
  5812	  5823 : 0
  5820	  5835 : 0
  5832	  5843 : 0
  5840	  5847 : 1
  5844	  5867 : 0
  5864	  5915 : 0
  5912	  5967 : 0
  5964	  5971 : 0
  5968	  5999 : 0
  5996	  6007 : 1
  6004	  6023 : 0
  6020	  6031 : 0
  6028	  6047 : 0
  6044	  6051 : 1
  6048	  6083 : 0
  6080	  6091 : 0
  6088	  6107 : 0
  6104	  6115 : 0
  6112	  6127 : 0
  6124	  6171 : 0
  6168	  6175 : 2
  6172	  6179 : 0
  6176	  6187 : 0
  6184	  6215 : 0
  6212	  6223 : 1
  6220	  6251 : 0
  6248	  6271 : 0
  6268	  6279 : 0
  6276	  6295 : 0
  6292	  6311 : 0
  6308	  6331 : 0
  6328	  6443 : 0
  6440	  6451 : 1
  6448	  6495 : 0
  6492	  6511 : 1
  6508	  6519 : 0
  6516	  6667 : 0
  6664	  6679 : 0
  6676	  6707 : 0
  6704	  6711 : 0
  6708	  6755 : 0
  6752	  6775 : 0
  6772	  6783 : 1
  6780	  6819 : 0
  6816	  6823 : 1
  6820	  6863 : 0
  6860	  6871 : 1
  6868	  6887 : 0
  6884	  6891 : 1
  6888	  6911 : 0
  6908	  6915 : 0
  6912	  6939 : 0
  6936	  6951 : 0
  6948	  6983 : 0
  6980	  6991 : 0
  6988	  6995 : 0
  6992	  6999 : 0
  6996	  7003 : 0
  7000	  7007 : 0
  7004	  7067 : 0
  7064	  7071 : 0
  7068	  7079 : 0
  7076	  7083 : 1
  7080	  7151 : 0
  7148	  7159 : 0
  7156	  7175 : 0
  7172	  7183 : 1
  7180	  7191 : 0
  7188	  7203 : 0
  7200	  7243 : 0
  7240	  7247 : 0
  7244	  7259 : 0
  7256	  7299 : 0
  7296	  7303 : 0
  7300	  7307 : 0
  7304	  7311 : 0
  7308	  7343 : 1
  7340	  7347 : 0
  7344	  7371 : 0
  7368	  7375 : 0
  7372	  7379 : 0
  7376	  7383 : 0
  7380	  7387 : 0
  7384	  7391 : 0
  7388	  7443 : 1
  7440	  7451 : 0
  7448	  7467 : 0
  7464	  7503 : 0
  7500	  7519 : 1
  7516	  7531 : 0
  7528	  7575 : 1
  7572	  7579 : 0
  7576	  7583 : 0
  7580	  7603 : 0
  7600	  7607 : 0
  7604	  7611 : 0
  7608	  7619 : 1
  7616	  7631 : 0
  7628	  7639 : 1
  7636	  7655 : 0
  7652	  7663 : 0
  7660	  7667 : 0
  7664	  7671 : 0
  7668	  7679 : 0
  7676	  7703 : 0
  7700	  7735 : 0
  7732	  7743 : 1
  7740	  7751 : 0
  7748	  7755 : 1
  7752	  7759 : 0
  7756	  7767 : 0
  7764	  7771 : 0
  7768	  7791 : 0
  7788	  7807 : 0
  7804	  7815 : 0
  7812	  7835 : 0
  7832	  7839 : 0
  7836	  7843 : 0
  7840	  7847 : 0
  7844	  7851 : 0
  7848	  7863 : 1
  7860	  7871 : 0
  7868	  7879 : 1
  7876	  7891 : 0
  7888	  7899 : 1
  7896	  7907 : 0
  7904	  7915 : 0
  7912	  7919 : 0
  7916	  7931 : 0
  7928	  7935 : 0
  7932	  7943 : 0
  7940	  7959 : 0
  7956	  7967 : 0
  7964	  7983 : 0
  7980	  8007 : 0
  8004	  8011 : 0
  8008	  8043 : 0
  8040	  8047 : 0
  8044	  8051 : 1
  8048	  8063 : 0
  8060	  8095 : 0
  8092	  8099 : 0
  8096	  8103 : 0
  8100	  8107 : 0
  8104	  8111 : 0
  8108	  8123 : 0
  8120	  8139 : 0
  8136	  8143 : 0
  8140	  8151 : 1
  8148	  8155 : 0
  8152	  8167 : 0
  8164	  8171 : 0
  8168	  8175 : 1
  8172	  8195 : 0
  8192	  8207 : 0
  8204	  8227 : 0
  8224	  8259 : 1
  8256	  8279 : 0
  8276	  8287 : 1
  8284	  8291 : 0
  8288	  8307 : 0
  8304	  8311 : 0
  8308	  8319 : 0
  8316	  8323 : 0
  8320	  8327 : 1
  8324	  8335 : 0
  8332	  8363 : 1
  8360	  8367 : 0
  8364	  8371 : 0
  8368	  8375 : 0
  8372	  8383 : 1
  8380	  8387 : 0
  8384	  8403 : 1
  8400	  8407 : 0
  8404	  8431 : 1
  8428	  8439 : 0
  8436	  8459 : 0
  8456	  8519 : 0
  8516	  8527 : 0
  8524	  8627 : 0
  8624	  8651 : 0
  8648	  8671 : 0
  8668	  8675 : 0
  8672	  8679 : 0
  8676	  8699 : 0
  8696	  8703 : 0
  8700	  8831 : 0
