     0	    15 : 0
    12	    27 : 0
    24	    39 : 0
    36	   107 : 0
   104	   115 : 0
   112	   251 : 0
   248	   263 : 0
   260	   271 : 0
   268	   295 : 0
   292	   299 : 0
   296	   315 : 0
   312	   319 : 0
   316	   323 : 0
   320	   335 : 0
   332	   395 : 0
   392	   419 : 1
   416	   423 : 0
   420	   431 : 0
   428	   447 : 0
   444	   463 : 0
   460	   471 : 0
   468	   479 : 0
   476	   483 : 0
   480	   487 : 0
   484	   535 : 0
   532	   539 : 0
   536	   595 : 0
   592	   599 : 0
   596	   603 : 0
   600	   611 : 1
   608	   635 : 0
   632	   671 : 0
   668	   675 : 0
   672	   683 : 1
   680	   783 : 0
   780	   843 : 0
   840	   875 : 0
   872	   911 : 0
   908	   919 : 0
   916	   967 : 0
   964	   975 : 0
   972	   983 : 0
   980	   987 : 0
   984	   991 : 0
   988	   995 : 0
   992	  1063 : 1
  1060	  1139 : 0
  1136	  1215 : 0
  1212	  1223 : 0
  1220	  1243 : 0
  1240	  1275 : 0
  1272	  1323 : 0
  1320	  1335 : 0
  1332	  1359 : 0
  1356	  1371 : 0
  1368	  1387 : 0
  1384	  1439 : 0
  1436	  1451 : 0
  1448	  1471 : 0
  1468	  1479 : 1
  1476	  1551 : 0
  1548	  1639 : 1
  1636	  1651 : 0
  1648	  1743 : 0
  1740	  1747 : 0
  1744	  1767 : 0
  1764	  1791 : 0
  1788	  1799 : 1
  1796	  1811 : 0
  1808	  1819 : 0
  1816	  1863 : 0
  1860	  1887 : 1
  1884	  1891 : 0
  1888	  1943 : 0
  1940	  1971 : 0
  1968	  1979 : 0
  1976	  2027 : 0
  2024	  2031 : 0
  2028	  2071 : 0
  2068	  2075 : 0
  2072	  2079 : 0
  2076	  2091 : 0
  2088	  2095 : 0
  2092	  2215 : 1
  2212	  2247 : 0
  2244	  2255 : 1
  2252	  2399 : 0
  2396	  2403 : 1
  2400	  2435 : 0
  2432	  2447 : 0
  2444	  2451 : 0
  2448	  2463 : 0
  2460	  2475 : 0
  2472	  2499 : 0
  2496	  2551 : 0
  2548	  2615 : 1
  2612	  2619 : 0
  2616	  2627 : 0
  2624	  2655 : 0
  2652	  2695 : 0
  2692	  2703 : 0
  2700	  2787 : 1
  2784	  2799 : 0
  2796	  2811 : 0
  2808	  2819 : 0
  2816	  2827 : 0
  2824	  2831 : 0
  2828	  2867 : 0
  2864	  2967 : 0
  2964	  2975 : 0
  2972	  2987 : 0
  2984	  2999 : 0
  2996	  3031 : 0
  3028	  3079 : 0
  3076	  3083 : 0
  3080	  3103 : 0
  3100	  3111 : 0
  3108	  3131 : 0
  3128	  3191 : 0
  3188	  3199 : 0
  3196	  3243 : 0
  3240	  3295 : 0
  3292	  3311 : 0
  3308	  3331 : 0
  3328	  3335 : 0
  3332	  3339 : 0
  3336	  3343 : 0
  3340	  3347 : 0
  3344	  3359 : 0
  3356	  3375 : 0
  3372	  3383 : 0
  3380	  3391 : 0
  3388	  3415 : 0
  3412	  3423 : 0
  3420	  3459 : 0
  3456	  3471 : 0
  3468	  3475 : 0
  3472	  3523 : 0
  3520	  3535 : 0
  3532	  3539 : 1
  3536	  3607 : 0
  3604	  3647 : 0
  3644	  3659 : 0
  3656	  3667 : 0
  3664	  3679 : 0
  3676	  3731 : 0
  3728	  3735 : 0
  3732	  3743 : 0
  3740	  3755 : 0
  3752	  3759 : 1
  3756	  3803 : 0
  3800	  3815 : 0
  3812	  3819 : 0
  3816	  3827 : 0
  3824	  3855 : 0
  3852	  3859 : 0
  3856	  3883 : 0
  3880	  3891 : 0
  3888	  3911 : 0
  3908	  3923 : 0
  3920	  3947 : 0
  3944	  3951 : 0
  3948	  3959 : 0
  3956	  3963 : 0
  3960	  3979 : 0
  3976	  3999 : 0
  3996	  4015 : 0
  4012	  4019 : 0
  4016	  4087 : 0
  4084	  4099 : 1
  4096	  4103 : 0
  4100	  4115 : 0
  4112	  4155 : 0
  4152	  4199 : 0
  4196	  4239 : 0
  4236	  4247 : 0
  4244	  4251 : 0
  4248	  4255 : 0
  4252	  4263 : 0
  4260	  4271 : 0
  4268	  4279 : 0
  4276	  4291 : 0
  4288	  4299 : 0
  4296	  4303 : 0
  4300	  4327 : 0
  4324	  4331 : 0
  4328	  4403 : 0
  4400	  4407 : 0
  4404	  4427 : 0
  4424	  4435 : 1
  4432	  4495 : 0
  4492	  4515 : 0
  4512	  4539 : 0
  4536	  4559 : 1
  4556	  4575 : 0
  4572	  4583 : 0
  4580	  4599 : 0
  4596	  4631 : 0
  4628	  4687 : 0
  4684	  4691 : 1
  4688	  4747 : 0
  4744	  4755 : 0
  4752	  4787 : 0
  4784	  4823 : 0
  4820	  4847 : 0
  4844	  4855 : 0
  4852	  4919 : 0
  4916	  4923 : 1
  4920	  5003 : 0
  5000	  5087 : 1
  5084	  5123 : 0
  5120	  5171 : 0
  5168	  5211 : 0
  5208	  5215 : 0
  5212	  5251 : 0
  5248	  5255 : 0
  5252	  5315 : 0
  5312	  5319 : 1
  5316	  5355 : 0
  5352	  5359 : 1
  5356	  5363 : 0
  5360	  5403 : 0
  5400	  5411 : 0
  5408	  5415 : 0
  5412	  5419 : 0
  5416	  5431 : 0
  5428	  5455 : 0
  5452	  5459 : 0
  5456	  5463 : 0
  5460	  5531 : 0
  5528	  5535 : 0
  5532	  5567 : 0
  5564	  5575 : 0
  5572	  5587 : 0
  5584	  5603 : 0
  5600	  5631 : 0
  5628	  5643 : 0
  5640	  5655 : 0
  5652	  5659 : 0
  5656	  5667 : 0
  5664	  5671 : 0
  5668	  5675 : 0
  5672	  5679 : 0
  5676	  5683 : 0
  5680	  5687 : 0
  5684	  5699 : 0
  5696	  5779 : 0
  5776	  5819 : 1
  5816	  5827 : 0
  5824	  5831 : 0
  5828	  5839 : 0
  5836	  5847 : 0
  5844	  5859 : 0
  5856	  5863 : 1
  5860	  5907 : 0
  5904	  5915 : 0
  5912	  5919 : 0
  5916	  5939 : 0
  5936	  6087 : 0
  6084	  6095 : 1
  6092	  6159 : 0
  6156	  6163 : 0
  6160	  6167 : 0
  6164	  6183 : 0
  6180	  6219 : 0
  6216	  6223 : 0
  6220	  6231 : 0
  6228	  6255 : 0
  6252	  6271 : 0
  6268	  6275 : 0
  6272	  6291 : 0
  6288	  6303 : 1
  6300	  6311 : 0
  6308	  6367 : 1
  6364	  6371 : 0
  6368	  6399 : 0
  6396	  6403 : 0
  6400	  6571 : 0
  6568	  6587 : 0
  6584	  6595 : 0
  6592	  6711 : 0
  6708	  6747 : 0
  6744	  6795 : 0
  6792	  6799 : 0
  6796	  6819 : 0
  6816	  6831 : 0
  6828	  6843 : 0
  6840	  6847 : 0
  6844	  6887 : 0
  6884	  6995 : 0
