     0	   115 : 1
   112	   207 : 0
   204	   227 : 1
   224	   371 : 0
   368	   387 : 1
   384	   391 : 0
   388	   399 : 0
   396	   431 : 0
   428	   443 : 0
   440	   475 : 0
   472	   479 : 1
   476	   483 : 0
   480	   487 : 0
   484	   495 : 0
   492	   503 : 1
   500	   507 : 0
   504	   523 : 1
   520	   563 : 0
   560	   575 : 1
   572	   587 : 0
   584	   599 : 0
   596	   603 : 0
   600	   655 : 0
   652	   659 : 0
   656	   667 : 1
   664	   691 : 0
   688	   739 : 1
   736	   751 : 0
   748	   767 : 0
   764	   771 : 0
   768	   775 : 0
   772	   779 : 0
   776	   791 : 0
   788	   795 : 0
   792	   807 : 1
   804	   819 : 0
   816	   823 : 0
   820	   827 : 0
   824	   831 : 0
   828	   863 : 0
   860	   879 : 0
   876	   883 : 0
   880	   915 : 0
   912	   923 : 0
   920	   927 : 0
   924	   931 : 0
   928	   939 : 0
   936	   943 : 2
   940	   955 : 0
   952	   971 : 0
   968	   979 : 1
   976	   987 : 0
   984	   999 : 0
   996	  1007 : 0
  1004	  1027 : 0
  1024	  1031 : 0
  1028	  1035 : 0
  1032	  1051 : 0
  1048	  1063 : 0
  1060	  1067 : 0
  1064	  1071 : 0
  1068	  1075 : 0
  1072	  1083 : 1
  1080	  1091 : 0
  1088	  1111 : 0
  1108	  1123 : 0
  1120	  1127 : 0
  1124	  1139 : 0
  1136	  1159 : 0
  1156	  1163 : 0
  1160	  1167 : 0
  1164	  1179 : 0
  1176	  1199 : 0
  1196	  1223 : 0
  1220	  1231 : 1
  1228	  1247 : 0
  1244	  1251 : 0
  1248	  1255 : 0
  1252	  1295 : 0
  1292	  1311 : 0
  1308	  1315 : 0
  1312	  1327 : 0
  1324	  1343 : 0
  1340	  1367 : 0
  1364	  1371 : 0
  1368	  1375 : 0
  1372	  1395 : 0
  1392	  1403 : 0
  1400	  1415 : 0
  1412	  1427 : 0
  1424	  1435 : 1
  1432	  1459 : 0
  1456	  1463 : 0
  1460	  1467 : 0
  1464	  1491 : 1
  1488	  1499 : 0
  1496	  1527 : 0
  1524	  1531 : 0
  1528	  1539 : 0
  1536	  1563 : 0
  1560	  1591 : 0
  1588	  1595 : 0
  1592	  1599 : 1
  1596	  1603 : 0
  1600	  1623 : 1
  1620	  1631 : 0
  1628	  1635 : 0
  1632	  1671 : 0
  1668	  1675 : 0
  1672	  1683 : 0
  1680	  1687 : 1
  1684	  1699 : 0
  1696	  1727 : 0
  1724	  1735 : 0
  1732	  1739 : 1
  1736	  1747 : 0
  1744	  1759 : 0
  1756	  1763 : 0
  1760	  1775 : 1
  1772	  1779 : 0
  1776	  1787 : 0
  1784	  1815 : 0
  1812	  1831 : 0
  1828	  1879 : 0
  1876	  1883 : 0
  1880	  1895 : 0
  1892	  1923 : 1
  1920	  1955 : 0
  1952	  1971 : 0
  1968	  1975 : 0
  1972	  1999 : 0
  1996	  2007 : 0
  2004	  2015 : 1
  2012	  2027 : 0
  2024	  2031 : 0
  2028	  2035 : 0
  2032	  2039 : 0
  2036	  2079 : 0
  2076	  2111 : 0
  2108	  2127 : 0
  2124	  2131 : 0
  2128	  2139 : 0
  2136	  2183 : 0
  2180	  2187 : 0
  2184	  2195 : 0
  2192	  2199 : 0
  2196	  2207 : 0
  2204	  2215 : 0
  2212	  2223 : 0
  2220	  2227 : 0
  2224	  2259 : 0
  2256	  2263 : 0
  2260	  2283 : 0
  2280	  2335 : 0
  2332	  2343 : 1
  2340	  2379 : 0
  2376	  2383 : 0
  2380	  2395 : 0
  2392	  2399 : 0
  2396	  2435 : 0
  2432	  2439 : 0
  2436	  2443 : 0
  2440	  2455 : 0
  2452	  2459 : 0
  2456	  2467 : 0
  2464	  2475 : 0
  2472	  2479 : 0
  2476	  2487 : 0
  2484	  2507 : 0
  2504	  2519 : 0
  2516	  2523 : 0
  2520	  2527 : 0
  2524	  2535 : 1
  2532	  2543 : 0
  2540	  2551 : 0
  2548	  2559 : 0
  2556	  2575 : 0
  2572	  2583 : 0
  2580	  2587 : 0
  2584	  2591 : 0
  2588	  2595 : 1
  2592	  2607 : 0
  2604	  2627 : 0
  2624	  2663 : 0
  2660	  2671 : 0
  2668	  2679 : 0
  2676	  2687 : 0
  2684	  2691 : 0
  2688	  2703 : 0
  2700	  2715 : 0
  2712	  2727 : 0
  2724	  2735 : 0
  2732	  2739 : 0
  2736	  2743 : 0
  2740	  2747 : 1
  2744	  2775 : 0
  2772	  2779 : 1
  2776	  2783 : 0
  2780	  2791 : 0
  2788	  2803 : 0
  2800	  2807 : 1
  2804	  2819 : 0
  2816	  2823 : 1
  2820	  2827 : 0
  2824	  2835 : 1
  2832	  2847 : 0
  2844	  2859 : 0
  2856	  2867 : 0
  2864	  2875 : 0
  2872	  2883 : 0
  2880	  2891 : 0
  2888	  2895 : 0
  2892	  2899 : 0
  2896	  2907 : 0
  2904	  2911 : 0
  2908	  2927 : 0
  2924	  2947 : 0
  2944	  2955 : 0
  2952	  2959 : 0
  2956	  2975 : 0
  2972	  2995 : 0
  2992	  3003 : 0
  3000	  3007 : 0
  3004	  3011 : 0
  3008	  3019 : 0
  3016	  3107 : 0
  3104	  3119 : 0
  3116	  3135 : 0
  3132	  3147 : 0
  3144	  3151 : 0
  3148	  3191 : 0
  3188	  3211 : 0
  3208	  3251 : 0
  3248	  3263 : 0
  3260	  3267 : 0
  3264	  3271 : 0
  3268	  3275 : 0
  3272	  3279 : 0
  3276	  3287 : 0
  3284	  3299 : 0
  3296	  3363 : 0
  3360	  3367 : 1
  3364	  3375 : 0
  3372	  3379 : 0
  3376	  3387 : 0
  3384	  3395 : 1
  3392	  3399 : 0
  3396	  3403 : 0
  3400	  3431 : 0
  3428	  3439 : 1
  3436	  3447 : 0
  3444	  3491 : 0
  3488	  3507 : 0
  3504	  3511 : 0
  3508	  3523 : 0
  3520	  3571 : 0
  3568	  3587 : 0
  3584	  3595 : 0
  3592	  3603 : 0
  3600	  3607 : 0
  3604	  3619 : 0
  3616	  3627 : 0
  3624	  3643 : 0
  3640	  3655 : 0
  3652	  3659 : 0
  3656	  3675 : 0
  3672	  3683 : 0
  3680	  3687 : 0
  3684	  3695 : 0
  3692	  3715 : 1
  3712	  3731 : 0
  3728	  3759 : 0
  3756	  3763 : 0
  3760	  3771 : 1
  3768	  3775 : 0
  3772	  3783 : 0
  3780	  3791 : 0
  3788	  3795 : 0
  3792	  3803 : 0
  3800	  3815 : 1
  3812	  3843 : 0
  3840	  3855 : 1
  3852	  3859 : 0
  3856	  3875 : 0
  3872	  3879 : 0
  3876	  3883 : 1
  3880	  3899 : 0
  3896	  3903 : 1
  3900	  3935 : 0
  3932	  3943 : 0
  3940	  3963 : 0
  3960	  3975 : 0
  3972	  3979 : 0
  3976	  3983 : 1
  3980	  4019 : 0
  4016	  4023 : 0
  4020	  4027 : 0
  4024	  4031 : 0
  4028	  4035 : 0
  4032	  4039 : 0
  4036	  4047 : 0
  4044	  4075 : 0
  4072	  4091 : 0
  4088	  4095 : 0
  4092	  4115 : 0
  4112	  4119 : 0
  4116	  4155 : 0
  4152	  4175 : 1
  4172	  4187 : 0
  4184	  4191 : 1
  4188	  4199 : 0
  4196	  4211 : 1
  4208	  4227 : 0
  4224	  4247 : 0
  4244	  4287 : 0
  4284	  4291 : 0
  4288	  4307 : 0
  4304	  4331 : 1
  4328	  4347 : 0
  4344	  4351 : 0
  4348	  4387 : 0
  4384	  4403 : 0
  4400	  4415 : 0
  4412	  4427 : 1
  4424	  4455 : 0
  4452	  4463 : 0
  4460	  4471 : 0
  4468	  4479 : 1
  4476	  4483 : 0
  4480	  4503 : 0
  4500	  4511 : 0
  4508	  4531 : 0
  4528	  4535 : 0
  4532	  4543 : 0
  4540	  4551 : 0
  4548	  4559 : 1
  4556	  4563 : 0
  4560	  4571 : 0
  4568	  4587 : 0
  4584	  4595 : 0
  4592	  4599 : 0
  4596	  4607 : 0
  4604	  4619 : 0
  4616	  4627 : 0
  4624	  4639 : 0
  4636	  4647 : 0
  4644	  4651 : 0
  4648	  4663 : 0
  4660	  4667 : 0
  4664	  4675 : 0
  4672	  4691 : 0
  4688	  4695 : 0
  4692	  4711 : 0
  4708	  4739 : 0
  4736	  4763 : 0
  4760	  4803 : 0
  4800	  4871 : 0
  4868	  4875 : 1
  4872	  4883 : 0
  4880	  4891 : 0
  4888	  4915 : 0
  4912	  4947 : 0
  4944	  4955 : 0
  4952	  4975 : 0
  4972	  5011 : 0
  5008	  5019 : 0
  5016	  5027 : 0
  5024	  5039 : 1
  5036	  5067 : 0
  5064	  5083 : 0
  5080	  5091 : 0
  5088	  5095 : 0
  5092	  5115 : 0
  5112	  5123 : 0
  5120	  5135 : 0
  5132	  5151 : 0
  5148	  5159 : 0
  5156	  5163 : 1
  5160	  5179 : 0
  5176	  5195 : 0
  5192	  5199 : 0
  5196	  5211 : 1
  5208	  5215 : 0
  5212	  5227 : 0
  5224	  5235 : 0
  5232	  5239 : 0
  5236	  5251 : 0
  5248	  5279 : 0
  5276	  5311 : 0
  5308	  5319 : 1
  5316	  5327 : 0
  5324	  5339 : 0
  5336	  5355 : 0
  5352	  5359 : 0
  5356	  5363 : 0
  5360	  5391 : 0
  5388	  5395 : 0
  5392	  5403 : 1
  5400	  5411 : 0
  5408	  5415 : 0
  5412	  5419 : 0
  5416	  5423 : 0
  5420	  5427 : 0
  5424	  5431 : 1
  5428	  5435 : 0
  5432	  5463 : 1
  5460	  5467 : 0
  5464	  5479 : 0
  5476	  5491 : 0
  5488	  5499 : 1
  5496	  5503 : 0
  5500	  5507 : 0
  5504	  5527 : 0
  5524	  5575 : 0
  5572	  5599 : 0
  5596	  5607 : 0
  5604	  5615 : 0
  5612	  5623 : 0
  5620	  5651 : 0
  5648	  5687 : 0
  5684	  5795 : 0
  5792	  5839 : 0
