     0	   131 : 0
   128	   251 : 0
   248	   283 : 1
   280	   327 : 0
   324	   331 : 0
   328	   335 : 0
   332	   343 : 0
   340	   367 : 0
   364	   371 : 0
   368	   375 : 0
   372	   383 : 0
   380	   427 : 0
   424	   431 : 0
   428	   567 : 0
   564	   575 : 0
   572	   667 : 0
   664	   671 : 0
   668	   827 : 0
   824	   831 : 0
   828	   891 : 0
   888	   895 : 0
   892	   955 : 0
   952	   959 : 0
   956	   999 : 0
   996	  1003 : 0
  1000	  1031 : 0
  1028	  1039 : 0
  1036	  1047 : 0
  1044	  1051 : 0
  1048	  1131 : 0
  1128	  1139 : 0
  1136	  1151 : 0
  1148	  1155 : 0
  1152	  1191 : 0
  1188	  1215 : 0
  1212	  1219 : 0
  1216	  1227 : 0
  1224	  1271 : 0
  1268	  1279 : 0
  1276	  1311 : 0
  1308	  1315 : 0
  1312	  1439 : 0
  1436	  1447 : 0
  1444	  1479 : 0
  1476	  1483 : 0
  1480	  1519 : 0
  1516	  1523 : 0
  1520	  1619 : 0
  1616	  1627 : 0
  1624	  1675 : 0
  1672	  1691 : 0
  1688	  1847 : 0
  1844	  1859 : 0
  1856	  1871 : 0
  1868	  1931 : 0
  1928	  1951 : 0
  1948	  1963 : 0
  1960	  1967 : 0
  1964	  1971 : 0
  1968	  1983 : 0
  1980	  1987 : 0
  1984	  1991 : 0
  1988	  1995 : 0
  1992	  2015 : 0
  2012	  2019 : 0
  2016	  2039 : 0
  2036	  2051 : 0
  2048	  2067 : 0
  2064	  2075 : 0
  2072	  2083 : 0
  2080	  2091 : 0
  2088	  2103 : 0
  2100	  2139 : 0
  2136	  2147 : 0
  2144	  2167 : 0
  2164	  2171 : 0
  2168	  2183 : 0
  2180	  2207 : 0
  2204	  2267 : 0
  2264	  2279 : 0
  2276	  2287 : 0
  2284	  2299 : 0
  2296	  2323 : 0
  2320	  2331 : 0
  2328	  2343 : 0
  2340	  2379 : 0
  2376	  2387 : 0
  2384	  2427 : 0
  2424	  2435 : 0
  2432	  2439 : 0
  2436	  2447 : 0
  2444	  2467 : 0
  2464	  2475 : 0
  2472	  2491 : 0
  2488	  2495 : 0
  2492	  2511 : 0
  2508	  2515 : 0
  2512	  2559 : 0
  2556	  2567 : 0
  2564	  2607 : 0
  2604	  2619 : 0
  2616	  2627 : 0
  2624	  2631 : 0
  2628	  2643 : 0
  2640	  2651 : 0
  2648	  2687 : 0
  2684	  2747 : 0
  2744	  2795 : 0
  2792	  2835 : 0
  2832	  2859 : 0
  2856	  2863 : 0
  2860	  2883 : 0
  2880	  2895 : 0
  2892	  2939 : 0
  2936	  2947 : 0
  2944	  2955 : 0
  2952	  2959 : 0
  2956	  2975 : 0
  2972	  2999 : 0
  2996	  3063 : 0
  3060	  3067 : 0
  3064	  3083 : 0
  3080	  3087 : 0
  3084	  3227 : 0
  3224	  3231 : 0
  3228	  3307 : 0
  3304	  3315 : 0
  3312	  3431 : 0
  3428	  3439 : 0
  3436	  3471 : 0
  3468	  3475 : 0
  3472	  3535 : 0
  3532	  3539 : 0
  3536	  3563 : 0
  3560	  3567 : 0
  3564	  3611 : 0
  3608	  3619 : 0
  3616	  3987 : 0
  3984	  3991 : 0
  3988	  3995 : 0
  3992	  3999 : 0
  3996	  4179 : 0
  4176	  4183 : 0
  4180	  4211 : 0
  4208	  4219 : 0
  4216	  4227 : 0
  4224	  4247 : 0
  4244	  4255 : 0
  4252	  4259 : 0
  4256	  4347 : 0
  4344	  4359 : 0
  4356	  4395 : 0
  4392	  4411 : 0
  4408	  4415 : 0
  4412	  4435 : 0
  4432	  4447 : 0
  4444	  4451 : 0
  4448	  4487 : 0
  4484	  4491 : 0
  4488	  4511 : 0
  4508	  4515 : 0
  4512	  4543 : 0
  4540	  4547 : 0
  4544	  4555 : 0
  4552	  4563 : 0
  4560	  4575 : 0
  4572	  4583 : 0
  4580	  4731 : 0
  4728	  4739 : 0
  4736	  4783 : 0
  4780	  4803 : 0
  4800	  5143 : 0
  5140	  5151 : 0
  5148	  5199 : 0
  5196	  5215 : 0
  5212	  5355 : 0
  5352	  5359 : 1
  5356	  5363 : 0
