     0	    47 : 0
    44	    51 : 0
    48	   143 : 0
   140	   227 : 0
   224	   231 : 0
   228	   267 : 0
   264	   275 : 1
   272	   291 : 0
   288	   315 : 0
   312	   363 : 0
   360	   379 : 0
   376	   383 : 0
   380	   419 : 1
   416	   431 : 0
   428	   475 : 0
   472	   507 : 0
   504	   515 : 1
   512	   571 : 0
   568	   591 : 0
   588	   595 : 0
   592	   599 : 0
   596	   627 : 0
   624	   635 : 0
   632	   723 : 0
   720	   759 : 0
   756	   763 : 0
   760	   767 : 0
   764	   795 : 0
   792	   823 : 0
   820	   827 : 0
   824	   831 : 0
   828	   963 : 0
   960	   995 : 0
   992	  1007 : 0
  1004	  1019 : 0
  1016	  1035 : 0
  1032	  1139 : 0
  1136	  1163 : 0
  1160	  1167 : 0
  1164	  1175 : 0
  1172	  1243 : 1
  1240	  1251 : 0
  1248	  1255 : 0
  1252	  1259 : 0
  1256	  1279 : 0
  1276	  1295 : 0
  1292	  1303 : 1
  1300	  1311 : 0
  1308	  1319 : 0
  1316	  1343 : 0
  1340	  1363 : 0
  1360	  1367 : 0
  1364	  1379 : 0
  1376	  1391 : 0
  1388	  1395 : 1
  1392	  1415 : 0
  1412	  1427 : 0
  1424	  1447 : 0
  1444	  1479 : 0
  1476	  1483 : 0
  1480	  1487 : 1
  1484	  1491 : 0
  1488	  1495 : 0
  1492	  1507 : 0
  1504	  1527 : 0
  1524	  1539 : 0
  1536	  1547 : 0
  1544	  1563 : 0
  1560	  1699 : 0
  1696	  1703 : 0
  1700	  1843 : 0
  1840	  1851 : 0
  1848	  1907 : 1
  1904	  1911 : 0
  1908	  1935 : 0
  1932	  1951 : 0
  1948	  1987 : 0
  1984	  1991 : 0
  1988	  1995 : 0
  1992	  2011 : 0
  2008	  2019 : 0
  2016	  2035 : 0
  2032	  2051 : 0
  2048	  2067 : 0
  2064	  2071 : 0
  2068	  2079 : 0
  2076	  2083 : 0
  2080	  2087 : 0
  2084	  2143 : 0
  2140	  2155 : 0
  2152	  2231 : 0
  2228	  2239 : 0
  2236	  2255 : 1
  2252	  2263 : 0
  2260	  2307 : 0
  2304	  2351 : 0
  2348	  2383 : 0
  2380	  2439 : 0
  2436	  2587 : 1
  2584	  2603 : 0
  2600	  2611 : 0
  2608	  2615 : 0
  2612	  2699 : 0
  2696	  2703 : 0
  2700	  2731 : 0
  2728	  2735 : 0
  2732	  2827 : 0
  2824	  2831 : 0
  2828	  2835 : 0
  2832	  2839 : 0
  2836	  2851 : 0
  2848	  2855 : 0
  2852	  2887 : 0
  2884	  2891 : 0
  2888	  3075 : 1
  3072	  3079 : 0
  3076	  3083 : 0
  3080	  3087 : 0
  3084	  3095 : 0
  3092	  3111 : 0
  3108	  3163 : 1
  3160	  3171 : 0
  3168	  3175 : 0
  3172	  3183 : 0
  3180	  3203 : 0
  3200	  3215 : 0
  3212	  3263 : 0
  3260	  3275 : 0
  3272	  3283 : 0
  3280	  3287 : 0
  3284	  3323 : 1
  3320	  3327 : 0
  3324	  3367 : 0
  3364	  3371 : 0
  3368	  3483 : 0
  3480	  3511 : 0
  3508	  3527 : 0
  3524	  3599 : 0
  3596	  3675 : 0
  3672	  3679 : 0
  3676	  3743 : 0
  3740	  3747 : 0
  3744	  3787 : 0
  3784	  3791 : 0
  3788	  3887 : 0
  3884	  3891 : 0
  3888	  4011 : 1
  4008	  4015 : 0
  4012	  4163 : 0
  4160	  4167 : 0
  4164	  4195 : 0
  4192	  4199 : 0
  4196	  4223 : 0
  4220	  4227 : 0
  4224	  4283 : 0
  4280	  4287 : 0
  4284	  4399 : 0
  4396	  4403 : 0
  4400	  4519 : 0
  4516	  4527 : 0
  4524	  4595 : 0
  4592	  4599 : 0
  4596	  4603 : 0
  4600	  4607 : 0
  4604	  4615 : 0
  4612	  4619 : 0
  4616	  4627 : 0
  4624	  4639 : 0
  4636	  4659 : 0
  4656	  4667 : 0
  4664	  4727 : 0
  4724	  4743 : 0
  4740	  4923 : 0
  4920	  4935 : 0
  4932	  4939 : 0
  4936	  5007 : 0
  5004	  5019 : 0
  5016	  5039 : 0
  5036	  5087 : 1
  5084	  5107 : 0
  5104	  5111 : 0
  5108	  5207 : 0
  5204	  5215 : 1
  5212	  5251 : 0
  5248	  5259 : 1
  5256	  5283 : 0
  5280	  5287 : 1
  5284	  5299 : 0
  5296	  5387 : 0
  5384	  5403 : 0
  5400	  5415 : 0
  5412	  5515 : 0
  5512	  5567 : 1
  5564	  5651 : 0
  5648	  5671 : 1
