     0	   103 : 0
   100	   147 : 0
   144	   171 : 0
   168	   295 : 1
   292	   311 : 0
   308	   523 : 0
   520	   527 : 0
   524	   563 : 1
   560	   703 : 0
   700	   711 : 1
   708	   855 : 0
   852	   859 : 1
   856	  1007 : 0
  1004	  1015 : 1
  1012	  1127 : 0
  1124	  1135 : 1
  1132	  1247 : 0
  1244	  1255 : 1
  1252	  1367 : 0
  1364	  1375 : 1
  1372	  1471 : 0
  1468	  1607 : 0
  1604	  1643 : 0
  1640	  1651 : 1
  1648	  1687 : 0
  1684	  1867 : 0
  1864	  1979 : 0
  1976	  2007 : 0
  2004	  2015 : 0
  2012	  2019 : 0
  2016	  2143 : 0
  2140	  2159 : 0
  2156	  2167 : 0
  2164	  2215 : 0
  2212	  2291 : 0
  2288	  2307 : 0
  2304	  2319 : 0
  2316	  2343 : 0
  2340	  2459 : 0
  2456	  2463 : 2
  2460	  2731 : 0
  2728	  2767 : 0
  2764	  2911 : 0
  2908	  2923 : 1
  2920	  2931 : 0
  2928	  2943 : 0
  2940	  2951 : 0
  2948	  2967 : 0
  2964	  3011 : 0
  3008	  3015 : 0
  3012	  3207 : 0
  3204	  3243 : 0
  3240	  3375 : 0
  3372	  3455 : 0
  3452	  3459 : 2
  3456	  3587 : 1
  3584	  3667 : 0
  3664	  3675 : 1
  3672	  4587 : 0
  4584	  4591 : 1
  4588	  4895 : 0
  4892	  4903 : 1
  4900	  5087 : 0
  5084	  5099 : 0
  5096	  5103 : 0
  5100	  5227 : 0
  5224	  5259 : 0
  5256	  5455 : 1
  5452	  5723 : 0
  5720	  5727 : 1
  5724	  5927 : 0
  5924	  5935 : 1
  5932	  6075 : 0
  6072	  6083 : 1
  6080	  6195 : 0
  6192	  6203 : 1
  6200	  6347 : 0
  6344	  6355 : 1
  6352	  6439 : 0
  6436	  6587 : 0
  6584	  6735 : 0
  6732	  6743 : 1
  6740	  6967 : 0
  6964	  7179 : 1
  7176	  7187 : 0
  7184	  7227 : 0
  7224	  7419 : 0
  7416	  7423 : 1
  7420	  7427 : 0
  7424	  7667 : 0
  7664	  7879 : 0
  7876	  8155 : 1
  8152	  8159 : 0
  8156	  8795 : 1
