     0	   383 : 0
   380	   663 : 0
   660	   831 : 0
   828	   883 : 0
   880	   887 : 0
   884	   935 : 0
   932	   995 : 1
   992	  1015 : 0
  1012	  1055 : 0
  1052	  1071 : 0
  1068	  1083 : 0
  1080	  1115 : 0
  1112	  1319 : 1
  1316	  1403 : 0
  1400	  1407 : 1
  1404	  1431 : 0
  1428	  1443 : 0
  1440	  1447 : 0
  1444	  1451 : 1
  1448	  1515 : 0
  1512	  1527 : 1
  1524	  1539 : 0
  1536	  1555 : 0
  1552	  1595 : 0
  1592	  1599 : 0
  1596	  1647 : 0
  1644	  1687 : 0
  1684	  1691 : 0
  1688	  1871 : 0
  1868	  1875 : 0
  1872	  1891 : 0
  1888	  1915 : 0
  1912	  1927 : 0
  1924	  1947 : 0
  1944	  1979 : 0
  1976	  1987 : 0
  1984	  2079 : 1
  2076	  2087 : 0
  2084	  2095 : 0
  2092	  2103 : 0
  2100	  2191 : 0
  2188	  2195 : 0
  2192	  2231 : 1
  2228	  2283 : 0
  2280	  2287 : 1
  2284	  2315 : 0
  2312	  2351 : 0
  2348	  2399 : 0
  2396	  2423 : 1
  2420	  2427 : 0
  2424	  2431 : 0
  2428	  2447 : 0
  2444	  2511 : 0
  2508	  2519 : 0
  2516	  2539 : 0
  2536	  2551 : 0
  2548	  2563 : 0
  2560	  2615 : 0
  2612	  2707 : 1
  2704	  2715 : 0
  2712	  2719 : 0
  2716	  2723 : 0
  2720	  2735 : 0
  2732	  2739 : 0
  2736	  2747 : 1
  2744	  2751 : 0
  2748	  2903 : 1
  2900	  2907 : 0
  2904	  2935 : 0
  2932	  2959 : 0
  2956	  2963 : 0
  2960	  2975 : 0
  2972	  2983 : 0
  2980	  2999 : 0
  2996	  3003 : 0
  3000	  3011 : 0
  3008	  3023 : 0
  3020	  3027 : 0
  3024	  3039 : 0
  3036	  3047 : 0
  3044	  3075 : 0
  3072	  3083 : 0
  3080	  3091 : 1
  3088	  3147 : 0
  3144	  3163 : 0
  3160	  3175 : 0
  3172	  3203 : 1
  3200	  3207 : 0
  3204	  3267 : 1
  3264	  3271 : 0
  3268	  3295 : 0
  3292	  3339 : 0
  3336	  3347 : 0
  3344	  3363 : 0
  3360	  3367 : 0
  3364	  3371 : 0
  3368	  3375 : 0
  3372	  3387 : 0
  3384	  3391 : 0
  3388	  3395 : 0
  3392	  3403 : 0
  3400	  3407 : 0
  3404	  3411 : 0
  3408	  3431 : 0
  3428	  3447 : 1
  3444	  3467 : 0
  3464	  3475 : 1
  3472	  3523 : 0
  3520	  3527 : 1
  3524	  3539 : 0
  3536	  3567 : 0
  3564	  3571 : 0
  3568	  3575 : 0
  3572	  3603 : 0
  3600	  3615 : 0
  3612	  3631 : 0
  3628	  3635 : 0
  3632	  3639 : 0
  3636	  3651 : 0
  3648	  3655 : 0
  3652	  3847 : 0
  3844	  3851 : 0
  3848	  3867 : 0
  3864	  3871 : 0
  3868	  4023 : 0
  4020	  4031 : 0
  4028	  4071 : 1
  4068	  4083 : 0
  4080	  4143 : 0
  4140	  4151 : 0
  4148	  4343 : 0
  4340	  4367 : 0
  4364	  4371 : 1
  4368	  4387 : 0
  4384	  4395 : 1
  4392	  4399 : 0
  4396	  4403 : 0
  4400	  4411 : 0
  4408	  4431 : 1
  4428	  4435 : 0
  4432	  4447 : 1
  4444	  4455 : 0
  4452	  4483 : 0
  4480	  4499 : 0
  4496	  4527 : 1
  4524	  4535 : 0
  4532	  4567 : 0
  4564	  4571 : 0
  4568	  4583 : 1
  4580	  4607 : 0
  4604	  4615 : 1
  4612	  4659 : 0
  4656	  4711 : 1
  4708	  4723 : 0
  4720	  4727 : 1
  4724	  4751 : 0
  4748	  4755 : 1
  4752	  4759 : 0
  4756	  4795 : 0
  4792	  4807 : 0
  4804	  4815 : 1
  4812	  4827 : 0
  4824	  4835 : 1
  4832	  4839 : 0
  4836	  4931 : 0
  4928	  4935 : 0
  4932	  5155 : 1
  5152	  5159 : 0
  5156	  5279 : 0
