     0	    55 : 0
    52	    75 : 0
    72	   107 : 0
   104	   147 : 0
   144	   171 : 0
   168	   203 : 0
   200	   219 : 0
   216	   275 : 0
   272	   347 : 0
   344	   351 : 0
   348	   355 : 0
   352	   431 : 0
   428	   439 : 1
   436	   451 : 0
   448	   459 : 0
   456	   503 : 0
   500	   507 : 1
   504	   527 : 0
   524	   543 : 1
   540	   551 : 0
   548	   555 : 1
   552	   567 : 0
   564	   571 : 0
   568	   575 : 0
   572	   579 : 1
   576	   599 : 0
   596	   603 : 1
   600	   623 : 0
   620	   627 : 1
   624	   647 : 0
   644	   659 : 1
   656	   663 : 0
   660	   683 : 0
   680	   691 : 0
   688	   695 : 0
   692	   719 : 0
   716	   723 : 1
   720	   743 : 0
   740	   747 : 1
   744	   767 : 0
   764	   771 : 1
   768	   815 : 0
   812	   835 : 1
   832	   839 : 0
   836	   843 : 1
   840	   859 : 0
   856	   875 : 0
   872	   879 : 0
   876	   891 : 0
   888	   911 : 0
   908	   915 : 1
   912	   931 : 0
   928	   939 : 1
   936	   955 : 0
   952	   963 : 1
   960	   971 : 0
   968	   987 : 1
   984	  1031 : 0
  1028	  1055 : 0
  1052	  1071 : 0
  1068	  1079 : 1
  1076	  1095 : 0
  1092	  1127 : 1
  1124	  1167 : 0
  1164	  1195 : 1
  1192	  1211 : 0
  1208	  1219 : 1
  1216	  1235 : 0
  1232	  1263 : 1
  1260	  1279 : 0
  1276	  1287 : 1
  1284	  1299 : 0
  1296	  1311 : 0
  1308	  1327 : 0
  1324	  1335 : 1
  1332	  1355 : 0
  1352	  1359 : 1
  1356	  1375 : 0
  1372	  1407 : 1
  1404	  1423 : 0
  1420	  1443 : 1
  1440	  1447 : 0
  1444	  1451 : 1
  1448	  1459 : 0
  1456	  1467 : 0
  1464	  1523 : 0
  1520	  1527 : 1
  1524	  1531 : 0
  1528	  1543 : 0
  1540	  1547 : 0
  1544	  1551 : 1
  1548	  1567 : 0
  1564	  1575 : 1
  1572	  1591 : 0
  1588	  1599 : 1
  1596	  1615 : 0
  1612	  1623 : 1
  1620	  1663 : 0
  1660	  1667 : 1
  1664	  1671 : 2
  1668	  1679 : 0
  1676	  1707 : 0
  1704	  1739 : 1
  1736	  1755 : 0
  1752	  2003 : 1
  2000	  2007 : 0
  2004	  2039 : 1
  2036	  2043 : 0
  2040	  2055 : 1
  2052	  2071 : 0
  2068	  2079 : 1
  2076	  2119 : 0
  2116	  2151 : 1
  2148	  2171 : 0
  2168	  2187 : 1
  2184	  2191 : 0
  2188	  2223 : 1
  2220	  2239 : 0
  2236	  2267 : 1
  2264	  2279 : 0
  2276	  2291 : 0
  2288	  2307 : 0
  2304	  2319 : 1
  2316	  2323 : 0
  2320	  2339 : 1
  2336	  2379 : 0
  2376	  2395 : 1
  2392	  2403 : 0
  2400	  2431 : 1
  2428	  2447 : 0
  2444	  2451 : 1
  2448	  2463 : 0
  2460	  2491 : 1
  2488	  2495 : 0
  2492	  2503 : 1
  2500	  2519 : 0
  2516	  2523 : 1
  2520	  2531 : 0
  2528	  2535 : 0
  2532	  2543 : 0
  2540	  2563 : 1
  2560	  2567 : 0
  2564	  2591 : 1
  2588	  2607 : 0
  2604	  2619 : 0
  2616	  2679 : 0
  2676	  2687 : 1
  2684	  2707 : 0
  2704	  2711 : 1
  2708	  2727 : 0
  2724	  2731 : 1
  2728	  2735 : 2
  2732	  2751 : 0
  2748	  2759 : 1
  2756	  2763 : 0
  2760	  2779 : 0
  2776	  2783 : 0
  2780	  2803 : 0
  2800	  2823 : 0
  2820	  2827 : 1
  2824	  2843 : 0
  2840	  2847 : 1
  2844	  2867 : 0
  2864	  2875 : 1
  2872	  2895 : 0
  2892	  2923 : 1
  2920	  2943 : 0
  2940	  2947 : 1
  2944	  2963 : 0
  2960	  2967 : 1
  2964	  2971 : 0
  2968	  3027 : 0
  3024	  3035 : 0
  3032	  3039 : 1
  3036	  3087 : 0
  3084	  3095 : 1
  3092	  3111 : 0
  3108	  3115 : 1
  3112	  3139 : 0
  3136	  3143 : 0
  3140	  3147 : 0
  3144	  3163 : 1
  3160	  3183 : 0
  3180	  3187 : 1
  3184	  3203 : 0
  3200	  3211 : 1
  3208	  3231 : 0
  3228	  3235 : 1
  3232	  3243 : 0
  3240	  3259 : 1
  3256	  3275 : 0
  3272	  3283 : 1
  3280	  3303 : 0
  3300	  3307 : 1
  3304	  3323 : 0
  3320	  3327 : 1
  3324	  3331 : 0
  3328	  3335 : 0
  3332	  3347 : 0
  3344	  3355 : 1
  3352	  3371 : 0
  3368	  3379 : 1
  3376	  3399 : 0
  3396	  3403 : 1
  3400	  3419 : 0
  3416	  3423 : 1
  3420	  3439 : 0
  3436	  3443 : 0
  3440	  3467 : 0
  3464	  3471 : 1
  3468	  3483 : 0
  3480	  3499 : 0
  3496	  3511 : 0
  3508	  3519 : 1
  3516	  3559 : 0
  3556	  3563 : 1
  3560	  3583 : 0
  3580	  3587 : 1
  3584	  3607 : 0
  3604	  3615 : 1
  3612	  3627 : 0
  3624	  3647 : 1
  3644	  3651 : 0
  3648	  3727 : 1
  3724	  3747 : 0
  3744	  3751 : 1
  3748	  3771 : 0
  3768	  3775 : 1
  3772	  3799 : 0
  3796	  3843 : 0
  3840	  3847 : 0
  3844	  3967 : 0
  3964	  3983 : 0
  3980	  3991 : 1
  3988	  4003 : 0
  4000	  4011 : 0
  4008	  4027 : 0
  4024	  4035 : 1
  4032	  4051 : 0
  4048	  4091 : 1
  4088	  4095 : 0
  4092	  4107 : 0
  4104	  4123 : 0
  4120	  4131 : 1
  4128	  4135 : 0
  4132	  4139 : 1
  4136	  4147 : 0
  4144	  4159 : 1
  4156	  4163 : 0
  4160	  4179 : 1
  4176	  4203 : 0
  4200	  4215 : 0
  4212	  4219 : 0
  4216	  4223 : 1
  4220	  4235 : 0
  4232	  4247 : 1
  4244	  4267 : 0
  4264	  4271 : 1
  4268	  4291 : 0
  4288	  4295 : 1
  4292	  4311 : 0
  4308	  4315 : 1
  4312	  4335 : 0
  4332	  4339 : 1
  4336	  4343 : 0
  4340	  4351 : 0
  4348	  4359 : 0
  4356	  4363 : 1
  4360	  4383 : 0
  4380	  4387 : 1
  4384	  4399 : 0
  4396	  4411 : 0
  4408	  4427 : 0
  4424	  4451 : 1
  4448	  4455 : 0
  4452	  4459 : 0
  4456	  4463 : 0
  4460	  4515 : 0
  4512	  4519 : 0
  4516	  4563 : 1
  4560	  4567 : 0
  4564	  4571 : 1
  4568	  4579 : 0
  4576	  4595 : 1
  4592	  4611 : 0
  4608	  4623 : 1
  4620	  4639 : 0
  4636	  4651 : 1
  4648	  4655 : 0
  4652	  4667 : 0
  4664	  4787 : 0
  4784	  4795 : 1
  4792	  4811 : 0
  4808	  4823 : 1
  4820	  4839 : 0
  4836	  4867 : 1
  4864	  4883 : 0
  4880	  4891 : 1
  4888	  4911 : 0
  4908	  4923 : 1
  4920	  4931 : 0
  4928	  4943 : 1
  4940	  4947 : 0
  4944	  4955 : 0
  4952	  4967 : 0
  4964	  4975 : 0
  4972	  4979 : 0
  4976	  4983 : 1
  4980	  5007 : 0
  5004	  5019 : 0
  5016	  5051 : 0
  5048	  5055 : 1
  5052	  5071 : 0
  5068	  5103 : 1
  5100	  5107 : 0
  5104	  5111 : 0
  5108	  5123 : 0
  5120	  5127 : 1
  5124	  5139 : 0
  5136	  5147 : 0
  5144	  5167 : 0
  5164	  5175 : 1
  5172	  5191 : 0
  5188	  5195 : 1
  5192	  5211 : 0
  5208	  5219 : 1
  5216	  5239 : 0
  5236	  5243 : 1
  5240	  5259 : 0
  5256	  5267 : 1
  5264	  5283 : 0
  5280	  5291 : 1
  5288	  5307 : 0
  5304	  5315 : 1
  5312	  5319 : 0
  5316	  5339 : 1
  5336	  5355 : 0
  5352	  5363 : 1
  5360	  5379 : 0
  5376	  5387 : 1
  5384	  5403 : 0
  5400	  5411 : 1
  5408	  5415 : 0
  5412	  5435 : 0
  5432	  5567 : 0
  5564	  5579 : 1
  5576	  5591 : 0
  5588	  5599 : 1
  5596	  5615 : 0
  5612	  5623 : 1
  5620	  5659 : 0
  5656	  5667 : 1
  5664	  5687 : 0
  5684	  5715 : 1
  5712	  5731 : 0
  5728	  5759 : 1
  5756	  5763 : 2
  5760	  5779 : 0
  5776	  5799 : 1
  5796	  5803 : 0
  5800	  5807 : 1
  5804	  5851 : 0
  5848	  5855 : 1
  5852	  5879 : 0
  5876	  5911 : 0
  5908	  5915 : 0
  5912	  5927 : 0
  5924	  5967 : 0
  5964	  5979 : 1
  5976	  5991 : 0
  5988	  5995 : 1
  5992	  5999 : 0
  5996	  6023 : 0
  6020	  6039 : 0
  6036	  6043 : 1
  6040	  6087 : 0
  6084	  6095 : 1
  6092	  6115 : 0
  6112	  6119 : 1
  6116	  6139 : 0
  6136	  6143 : 1
  6140	  6163 : 0
  6160	  6167 : 1
  6164	  6171 : 0
  6168	  6175 : 0
  6172	  6179 : 0
  6176	  6187 : 0
  6184	  6207 : 0
  6204	  6235 : 1
  6232	  6255 : 0
  6252	  6259 : 1
  6256	  6279 : 0
  6276	  6283 : 1
  6280	  6303 : 0
  6300	  6315 : 1
  6312	  6319 : 0
  6316	  6355 : 0
  6352	  6499 : 0
  6496	  6507 : 1
  6504	  6527 : 0
  6524	  6547 : 1
  6544	  6551 : 0
  6548	  6555 : 1
  6552	  6575 : 0
  6572	  6579 : 1
  6576	  6587 : 0
  6584	  6591 : 0
  6588	  6603 : 0
  6600	  6607 : 0
  6604	  6611 : 0
  6608	  6619 : 0
  6616	  6623 : 0
  6620	  6627 : 1
  6624	  6643 : 0
  6640	  6651 : 1
  6648	  6691 : 0
  6688	  6695 : 1
  6692	  6715 : 0
  6712	  6743 : 1
  6740	  6747 : 0
  6744	  6787 : 0
  6784	  6791 : 0
  6788	  6819 : 0
  6816	  6835 : 0
  6832	  6887 : 1
  6884	  6907 : 0
  6904	  6911 : 1
  6908	  6931 : 0
  6928	  6935 : 1
  6932	  6959 : 0
  6956	  6979 : 0
  6976	  6983 : 0
  6980	  6987 : 0
  6984	  6995 : 0
  6992	  7007 : 0
  7004	  7027 : 0
  7024	  7031 : 0
  7028	  7127 : 0
  7124	  7139 : 0
  7136	  7147 : 0
  7144	  7155 : 0
  7152	  7183 : 0
  7180	  7207 : 1
  7204	  7211 : 0
  7208	  7231 : 1
  7228	  7243 : 0
  7240	  7251 : 0
  7248	  7255 : 0
  7252	  7263 : 1
  7260	  7283 : 0
  7280	  7287 : 1
  7284	  7291 : 0
  7288	  7295 : 0
  7292	  7299 : 0
  7296	  7319 : 0
  7316	  7323 : 0
  7320	  7359 : 0
  7356	  7375 : 0
  7372	  7383 : 1
  7380	  7399 : 0
  7396	  7407 : 1
  7404	  7423 : 0
  7420	  7431 : 1
  7428	  7447 : 0
  7444	  7463 : 1
  7460	  7471 : 0
  7468	  7503 : 1
  7500	  7519 : 0
  7516	  7535 : 1
  7532	  7543 : 0
  7540	  7555 : 1
  7552	  7559 : 0
  7556	  7575 : 0
  7572	  7579 : 0
  7576	  7591 : 1
  7588	  7603 : 0
  7600	  7635 : 0
  7632	  7643 : 0
  7640	  7655 : 0
  7652	  7671 : 0
  7668	  7679 : 1
  7676	  7699 : 0
  7696	  7727 : 1
  7724	  7747 : 0
  7744	  7763 : 1
  7760	  7767 : 0
  7764	  7775 : 1
  7772	  7791 : 0
  7788	  7799 : 1
  7796	  7823 : 0
  7820	  7835 : 0
  7832	  7839 : 0
  7836	  7855 : 1
  7852	  7863 : 0
  7860	  7871 : 1
  7868	  7879 : 0
  7876	  7895 : 0
  7892	  7903 : 0
  7900	  7911 : 0
  7908	  7919 : 0
  7916	  7943 : 0
  7940	  7959 : 0
  7956	  7967 : 1
  7964	  7983 : 0
  7980	  7991 : 1
  7988	  8031 : 0
  8028	  8039 : 1
  8036	  8055 : 0
  8052	  8067 : 1
  8064	  8071 : 0
  8068	  8087 : 0
  8084	  8103 : 0
  8100	  8111 : 1
  8108	  8179 : 0
  8176	  8187 : 1
  8184	  8207 : 0
  8204	  8211 : 1
  8208	  8227 : 0
  8224	  8243 : 1
  8240	  8251 : 0
  8248	  8259 : 1
  8256	  8263 : 0
  8260	  8283 : 0
  8280	  8299 : 0
  8296	  8307 : 1
  8304	  8311 : 0
  8308	  8331 : 0
  8328	  8347 : 0
  8344	  8355 : 1
  8352	  8371 : 0
  8368	  8379 : 1
  8376	  8383 : 0
  8380	  8419 : 0
  8416	  8423 : 0
  8420	  8427 : 1
  8424	  8443 : 0
  8440	  8447 : 1
  8444	  8451 : 0
  8448	  8475 : 0
  8472	  8515 : 0
  8512	  8547 : 1
  8544	  8563 : 0
  8560	  8571 : 2
  8568	  8575 : 0
  8572	  8579 : 0
  8576	  8699 : 0
  8696	  8707 : 1
  8704	  8839 : 0
  8836	  8947 : 1
