     0	   123 : 0
   120	   135 : 0
   132	   147 : 0
   144	   151 : 0
   148	   159 : 0
   156	   167 : 0
   164	   211 : 0
   208	   219 : 0
   216	   291 : 0
   288	   299 : 0
   296	   339 : 0
   336	   343 : 0
   340	   423 : 0
   420	   451 : 0
   448	   463 : 0
   460	   471 : 0
   468	   551 : 0
   548	   555 : 0
   552	   567 : 0
   564	   587 : 0
   584	   591 : 0
   588	   611 : 0
   608	   615 : 0
   612	   631 : 0
   628	   747 : 0
   744	   751 : 0
   748	   803 : 0
   800	   815 : 0
   812	   827 : 0
   824	   831 : 0
   828	   863 : 0
   860	   883 : 0
   880	   927 : 0
   924	   935 : 0
   932	  1031 : 0
  1028	  1051 : 0
  1048	  1071 : 1
  1068	  1075 : 0
  1072	  1103 : 0
  1100	  1111 : 0
  1108	  1167 : 0
  1164	  1175 : 0
  1172	  1179 : 0
  1176	  1183 : 0
  1180	  1211 : 0
  1208	  1219 : 0
  1216	  1599 : 0
  1596	  1607 : 0
  1604	  1615 : 0
  1612	  1635 : 0
  1632	  1643 : 1
  1640	  1679 : 0
  1676	  1695 : 0
  1692	  1735 : 0
  1732	  1747 : 0
  1744	  1771 : 0
  1768	  1783 : 0
  1780	  1787 : 0
  1784	  1795 : 0
  1792	  1803 : 0
  1800	  1807 : 0
  1804	  1819 : 0
  1816	  1847 : 0
  1844	  1851 : 0
  1848	  1871 : 0
  1868	  1887 : 0
  1884	  1895 : 0
  1892	  1903 : 0
  1900	  1927 : 0
  1924	  1935 : 0
  1932	  1967 : 0
  1964	  2035 : 0
  2032	  2039 : 0
  2036	  2043 : 0
  2040	  2083 : 0
  2080	  2119 : 0
  2116	  2203 : 0
  2200	  2219 : 0
  2216	  2223 : 0
  2220	  2255 : 0
  2252	  2263 : 0
  2260	  2283 : 0
  2280	  2299 : 1
  2296	  2347 : 0
  2344	  2351 : 0
  2348	  2359 : 0
  2356	  2367 : 0
  2364	  2371 : 0
  2368	  2379 : 0
  2376	  2387 : 0
  2384	  2635 : 0
  2632	  2711 : 0
  2708	  2859 : 0
  2856	  2875 : 0
  2872	  2883 : 0
  2880	  2899 : 0
  2896	  2907 : 0
  2904	  2943 : 0
  2940	  2947 : 0
  2944	  2983 : 0
  2980	  3163 : 0
  3160	  3167 : 0
  3164	  3195 : 0
  3192	  3215 : 0
  3212	  3291 : 0
  3288	  3295 : 0
  3292	  3307 : 0
  3304	  3311 : 0
  3308	  3579 : 0
  3576	  3643 : 0
  3640	  3755 : 0
  3752	  3767 : 0
  3764	  3771 : 0
  3768	  3787 : 0
  3784	  3803 : 0
  3800	  3835 : 0
  3832	  3851 : 0
  3848	  3859 : 0
  3856	  3879 : 0
  3876	  3895 : 0
  3892	  3907 : 0
  3904	  3919 : 0
  3916	  3923 : 0
  3920	  3927 : 0
  3924	  3935 : 0
  3932	  3971 : 0
  3968	  3995 : 0
  3992	  3999 : 0
  3996	  4143 : 0
  4140	  4171 : 0
  4168	  4215 : 0
  4212	  4231 : 0
  4228	  4267 : 0
  4264	  4271 : 0
  4268	  4295 : 0
  4292	  4307 : 0
  4304	  4315 : 0
  4312	  4335 : 0
  4332	  4343 : 0
  4340	  4347 : 0
  4344	  4411 : 0
  4408	  4435 : 0
  4432	  4463 : 0
  4460	  4547 : 0
  4544	  4571 : 0
  4568	  4683 : 0
  4680	  4795 : 0
  4792	  4799 : 0
  4796	  4811 : 0
  4808	  4823 : 0
  4820	  4847 : 0
  4844	  4887 : 0
  4884	  4919 : 0
  4916	  4923 : 0
  4920	  4935 : 0
  4932	  4939 : 0
  4936	  5011 : 0
  5008	  5039 : 0
  5036	  5067 : 0
  5064	  5075 : 0
  5072	  5079 : 0
  5076	  5083 : 0
  5080	  5095 : 0
  5092	  5115 : 0
  5112	  5123 : 1
  5120	  5147 : 0
  5144	  5151 : 0
  5148	  5163 : 0
  5160	  5171 : 0
  5168	  5183 : 0
  5180	  5207 : 0
  5204	  5215 : 0
  5212	  5283 : 1
  5280	  5287 : 0
  5284	  5291 : 1
  5288	  5299 : 0
  5296	  5431 : 1
  5428	  5439 : 0
  5436	  5455 : 0
  5452	  5459 : 0
  5456	  5479 : 0
  5476	  5483 : 0
  5480	  5491 : 0
  5488	  5495 : 0
  5492	  5503 : 0
  5500	  5511 : 0
  5508	  5523 : 1
  5520	  5531 : 0
  5528	  5563 : 0
  5560	  5567 : 0
  5564	  5595 : 0
  5592	  5599 : 0
  5596	  5639 : 1
  5636	  5647 : 0
  5644	  5651 : 0
  5648	  5655 : 0
  5652	  5663 : 0
  5660	  5671 : 0
  5668	  5675 : 1
  5672	  5683 : 0
  5680	  5691 : 0
  5688	  5707 : 0
  5704	  5727 : 0
  5724	  5735 : 0
  5732	  5763 : 1
  5760	  5771 : 0
  5768	  5779 : 1
  5776	  5791 : 0
  5788	  5935 : 1
  5932	  6355 : 0
  6352	  6371 : 0
  6368	  6419 : 0
  6416	  6483 : 0
  6480	  6511 : 0
  6508	  6523 : 0
  6520	  6531 : 0
  6528	  6559 : 0
  6556	  6567 : 0
  6564	  6579 : 0
  6576	  6583 : 0
  6580	  6591 : 0
  6588	  6595 : 0
  6592	  6647 : 0
  6644	  6651 : 0
  6648	  6655 : 0
  6652	  6719 : 0
  6716	  6731 : 0
  6728	  6747 : 0
  6744	  6755 : 0
  6752	  6759 : 0
  6756	  6787 : 0
  6784	  6811 : 0
  6808	  6843 : 0
  6840	  6855 : 0
  6852	  6871 : 0
  6868	  6887 : 0
  6884	  6959 : 0
  6956	  6967 : 0
  6964	  6971 : 0
  6968	  6979 : 0
  6976	  6983 : 0
  6980	  6991 : 0
  6988	  7039 : 0
  7036	  7083 : 0
  7080	  7139 : 0
  7136	  7155 : 0
  7152	  7599 : 0
  7596	  7607 : 0
  7604	  7747 : 0
  7744	  7855 : 0
  7852	  7971 : 1
  7968	  7975 : 0
  7972	  7999 : 0
  7996	  8011 : 0
  8008	  8015 : 0
  8012	  8039 : 0
  8036	  8075 : 0
  8072	  8123 : 0
  8120	  8147 : 0
  8144	  8191 : 0
  8188	  8243 : 0
  8240	  8251 : 0
  8248	  8259 : 0
  8256	  8263 : 0
  8260	  8275 : 0
  8272	  8295 : 0
  8292	  8375 : 0
  8372	  8383 : 0
  8380	  8391 : 0
  8388	  8403 : 0
  8400	  8407 : 0
  8404	  8439 : 0
  8436	  8459 : 0
  8456	  8471 : 0
  8468	  8595 : 0
  8592	  8615 : 0
  8612	  8619 : 0
  8616	  8623 : 0
  8620	  8651 : 0
  8648	  8671 : 0
  8668	  8699 : 0
  8696	  8711 : 0
  8708	  8995 : 0
  8992	  9003 : 0
  9000	  9083 : 0
  9080	  9135 : 0
  9132	  9139 : 0
  9136	  9143 : 0
  9140	  9155 : 0
  9152	  9159 : 0
  9156	  9207 : 0
  9204	  9215 : 0
  9212	  9219 : 0
  9216	  9247 : 0
  9244	  9315 : 0
  9312	  9359 : 0
  9356	  9379 : 1
  9376	  9383 : 0
  9380	  9399 : 0
  9396	  9403 : 0
  9400	  9995 : 0
  9992	 10039 : 0
 10036	 10043 : 0
 10040	 10079 : 0
 10076	 10127 : 0
 10124	 10151 : 0
 10148	 10159 : 0
 10156	 10231 : 0
 10228	 10271 : 0
 10268	 10279 : 0
 10276	 10307 : 0
 10304	 10475 : 0
 10472	 10855 : 1
 10852	 11035 : 0
 11032	 11039 : 0
 11036	 11043 : 0
 11040	 11091 : 0
 11088	 11223 : 0
 11220	 11571 : 0
 11568	 11963 : 0
 11960	 12199 : 0
 12196	 12259 : 0
 12256	 12371 : 0
 12368	 12379 : 0
 12376	 12587 : 0
 12584	 12595 : 0
 12592	 12599 : 1
 12596	 12611 : 0
 12608	 12623 : 0
 12620	 12627 : 0
 12624	 12631 : 0
 12628	 12643 : 0
 12640	 12647 : 0
 12644	 12651 : 0
 12648	 12667 : 1
 12664	 12671 : 0
 12668	 12679 : 0
 12676	 12691 : 0
 12688	 12695 : 1
 12692	 12707 : 0
 12704	 12711 : 0
 12708	 12715 : 0
 12712	 12719 : 0
 12716	 12735 : 0
 12732	 12743 : 0
 12740	 12759 : 0
 12756	 12791 : 0
 12788	 12799 : 0
 12796	 12803 : 0
 12800	 12823 : 0
 12820	 12839 : 1
 12836	 12847 : 0
 12844	 12867 : 1
 12864	 12871 : 0
 12868	 12907 : 0
 12904	 12955 : 0
 12952	 12959 : 1
 12956	 12963 : 0
 12960	 12967 : 0
 12964	 12979 : 0
 12976	 12983 : 0
 12980	 12995 : 0
 12992	 13003 : 0
 13000	 13007 : 0
 13004	 13011 : 0
 13008	 13023 : 0
 13020	 13047 : 0
 13044	 13063 : 0
 13060	 13079 : 1
 13076	 13127 : 0
 13124	 13131 : 0
 13128	 13143 : 0
 13140	 13151 : 0
 13148	 13155 : 0
 13152	 13159 : 0
 13156	 13207 : 0
 13204	 13215 : 0
 13212	 13219 : 0
 13216	 13227 : 0
 13224	 13231 : 0
 13228	 13255 : 0
 13252	 13267 : 0
 13264	 13275 : 0
 13272	 13291 : 0
 13288	 13299 : 0
 13296	 13311 : 0
 13308	 13315 : 0
 13312	 13319 : 0
 13316	 13323 : 0
 13320	 13347 : 0
 13344	 13363 : 0
 13360	 13375 : 0
 13372	 13403 : 0
 13400	 13415 : 0
 13412	 13423 : 0
 13420	 13431 : 0
 13428	 13439 : 0
 13436	 13443 : 0
 13440	 13447 : 0
 13444	 13451 : 0
 13448	 13459 : 0
 13456	 13519 : 0
 13516	 13523 : 0
 13520	 13527 : 0
 13524	 13535 : 0
 13532	 13599 : 0
 13596	 13615 : 0
 13612	 13635 : 0
 13632	 13643 : 0
 13640	 13659 : 0
 13656	 13679 : 0
 13676	 13683 : 0
 13680	 13691 : 0
 13688	 13739 : 0
 13736	 13747 : 0
 13744	 13771 : 0
 13768	 13775 : 0
 13772	 13787 : 0
 13784	 13795 : 0
 13792	 13803 : 0
 13800	 13815 : 0
 13812	 13827 : 0
 13824	 13843 : 0
 13840	 13847 : 0
 13844	 13851 : 0
 13848	 13871 : 0
 13868	 13879 : 0
 13876	 13895 : 0
 13892	 13899 : 0
 13896	 13907 : 0
 13904	 13911 : 0
 13908	 13915 : 0
 13912	 13923 : 0
 13920	 13927 : 0
 13924	 13931 : 0
 13928	 13943 : 0
 13940	 13959 : 0
 13956	 13963 : 0
 13960	 13991 : 0
 13988	 13995 : 0
 13992	 13999 : 0
 13996	 14007 : 0
 14004	 14011 : 0
 14008	 14015 : 0
 14012	 14027 : 1
 14024	 14043 : 0
 14040	 14051 : 0
 14048	 14083 : 0
 14080	 14103 : 0
 14100	 14123 : 0
 14120	 14127 : 1
 14124	 14147 : 0
 14144	 14151 : 0
 14148	 14171 : 0
 14168	 14179 : 0
 14176	 14239 : 0
 14236	 14243 : 0
 14240	 14331 : 0
 14328	 14343 : 0
 14340	 14383 : 0
 14380	 14387 : 0
 14384	 14403 : 0
 14400	 14431 : 0
 14428	 14447 : 0
 14444	 14451 : 0
 14448	 14467 : 0
 14464	 14471 : 0
 14468	 14479 : 0
 14476	 14487 : 0
 14484	 14495 : 0
 14492	 14507 : 0
 14504	 14511 : 0
 14508	 14515 : 0
 14512	 14631 : 0
 14628	 14647 : 0
 14644	 14923 : 0
 14920	 14943 : 0
 14940	 14947 : 0
 14944	 15019 : 0
 15016	 15039 : 0
 15036	 15215 : 0
 15212	 15239 : 0
 15236	 15259 : 0
 15256	 15299 : 0
 15296	 15303 : 0
 15300	 15307 : 0
 15304	 15315 : 0
 15312	 15319 : 0
 15316	 15327 : 0
 15324	 15355 : 0
 15352	 15363 : 0
 15360	 15375 : 0
 15372	 15399 : 0
 15396	 15491 : 0
 15488	 15819 : 0
 15816	 15943 : 0
 15940	 16027 : 0
 16024	 16091 : 0
 16088	 16095 : 1
 16092	 16147 : 0
 16144	 16491 : 1
 16488	 16495 : 0
 16492	 16515 : 0
 16512	 16519 : 0
 16516	 16575 : 0
 16572	 16579 : 0
 16576	 16587 : 0
 16584	 16591 : 0
 16588	 16715 : 0
 16712	 16775 : 0
 16772	 16807 : 0
 16804	 16827 : 0
 16824	 16835 : 0
 16832	 16847 : 0
 16844	 16863 : 0
 16860	 16867 : 0
 16864	 16871 : 0
 16868	 16923 : 0
 16920	 16987 : 0
 16984	 17035 : 0
 17032	 17071 : 0
 17068	 17123 : 0
 17120	 17139 : 1
 17136	 17147 : 0
 17144	 17331 : 0
 17328	 17415 : 0
 17412	 17675 : 0
 17672	 17723 : 0
 17720	 17735 : 0
 17732	 17747 : 0
 17744	 17755 : 0
 17752	 17799 : 0
 17796	 17999 : 0
 17996	 18111 : 0
 18108	 18171 : 0
 18168	 18363 : 0
 18360	 18371 : 0
 18368	 18375 : 0
 18372	 18391 : 0
 18388	 18423 : 0
 18420	 18431 : 0
 18428	 18459 : 0
 18456	 18655 : 0
 18652	 18659 : 0
 18656	 18747 : 0
 18744	 18839 : 0
 18836	 18847 : 0
 18844	 18891 : 0
 18888	 18907 : 0
 18904	 18911 : 0
 18908	 18919 : 0
 18916	 18935 : 0
 18932	 18995 : 1
 18992	 19031 : 0
 19028	 19055 : 0
 19052	 19063 : 0
 19060	 19083 : 0
 19080	 19107 : 0
 19104	 19207 : 0
 19204	 19235 : 0
 19232	 19247 : 1
 19244	 19651 : 0
 19648	 19663 : 0
 19660	 19667 : 0
 19664	 19671 : 0
 19668	 19679 : 0
 19676	 19699 : 0
 19696	 19719 : 0
 19716	 19731 : 0
 19728	 19815 : 0
 19812	 19875 : 0
 19872	 19923 : 0
 19920	 19947 : 1
 19944	 19959 : 0
 19956	 20015 : 0
 20012	 20051 : 0
 20048	 20055 : 0
 20052	 20059 : 0
 20056	 20099 : 0
 20096	 20119 : 0
 20116	 20143 : 1
 20140	 20147 : 0
 20144	 20195 : 0
 20192	 20223 : 0
 20220	 20235 : 0
 20232	 20255 : 0
 20252	 20327 : 0
 20324	 20331 : 0
 20328	 20351 : 0
 20348	 20359 : 0
 20356	 20371 : 0
 20368	 20395 : 0
 20392	 20399 : 1
 20396	 20407 : 0
 20404	 20411 : 0
 20408	 20419 : 0
 20416	 20423 : 0
 20420	 20519 : 0
 20516	 20567 : 1
 20564	 20647 : 0
 20644	 20787 : 0
 20784	 20823 : 0
 20820	 20907 : 0
 20904	 20915 : 0
 20912	 20927 : 0
 20924	 20931 : 0
 20928	 21007 : 0
 21004	 21011 : 0
 21008	 21111 : 0
 21108	 21115 : 0
 21112	 21135 : 0
 21132	 21139 : 0
 21136	 21323 : 0
 21320	 21327 : 0
 21324	 21387 : 0
 21384	 21395 : 0
 21392	 21431 : 0
 21428	 21467 : 0
 21464	 21503 : 0
 21500	 21507 : 0
 21504	 21703 : 1
 21700	 21727 : 0
 21724	 21751 : 0
 21748	 21767 : 0
 21764	 21919 : 0
 21916	 21971 : 0
 21968	 21975 : 0
 21972	 21983 : 0
 21980	 21991 : 0
 21988	 22007 : 0
 22004	 22051 : 0
 22048	 22083 : 0
 22080	 22119 : 0
 22116	 22167 : 0
 22164	 22223 : 0
 22220	 22227 : 0
 22224	 22295 : 0
 22292	 22299 : 0
 22296	 22311 : 0
 22308	 22319 : 0
 22316	 22323 : 0
 22320	 22347 : 0
 22344	 22531 : 1
 22528	 22555 : 0
 22552	 22639 : 0
 22636	 22643 : 0
 22640	 22647 : 0
 22644	 22659 : 0
 22656	 22671 : 0
 22668	 22679 : 0
 22676	 22727 : 0
 22724	 22731 : 0
 22728	 22763 : 0
 22760	 22779 : 0
 22776	 22803 : 0
 22800	 22835 : 0
 22832	 22847 : 0
 22844	 22859 : 0
 22856	 22867 : 0
 22864	 22871 : 0
 22868	 22875 : 0
 22872	 22887 : 0
 22884	 22959 : 0
 22956	 22963 : 0
 22960	 22983 : 0
 22980	 23023 : 0
 23020	 23027 : 0
 23024	 23039 : 0
 23036	 23051 : 0
 23048	 23055 : 0
 23052	 23075 : 0
 23072	 23079 : 0
 23076	 23099 : 0
 23096	 23111 : 0
 23108	 23239 : 0
 23236	 23259 : 0
 23256	 23291 : 0
 23288	 23299 : 0
 23296	 23387 : 0
 23384	 23395 : 0
 23392	 23407 : 0
 23404	 23411 : 0
 23408	 23423 : 0
 23420	 23431 : 0
 23428	 23491 : 0
 23488	 23507 : 0
 23504	 23523 : 1
 23520	 23539 : 0
 23536	 23543 : 0
 23540	 23559 : 0
 23556	 23567 : 0
 23564	 23583 : 0
 23580	 23595 : 1
 23592	 23603 : 0
 23600	 23615 : 0
 23612	 23627 : 0
 23624	 24375 : 0
