     0	   163 : 0
   160	   167 : 0
   164	   255 : 0
   252	   267 : 0
   264	   279 : 0
   276	   283 : 0
   280	   299 : 0
   296	   303 : 0
   300	   311 : 0
   308	   319 : 0
   316	   327 : 0
   324	   335 : 0
   332	   343 : 0
   340	   355 : 0
   352	   435 : 0
   432	   443 : 0
   440	   579 : 0
   576	   583 : 0
   580	   603 : 0
   600	   607 : 0
   604	   671 : 0
   668	   687 : 0
   684	   691 : 0
   688	   699 : 0
   696	   703 : 0
   700	   747 : 0
   744	   847 : 1
   844	   887 : 0
   884	   895 : 0
   892	   907 : 0
   904	   919 : 0
   916	   923 : 0
   920	   927 : 0
   924	   931 : 0
   928	   935 : 0
   932	  1019 : 0
  1016	  1027 : 0
  1024	  1031 : 0
  1028	  1071 : 0
  1068	  1075 : 0
  1072	  1079 : 0
  1076	  1091 : 0
  1088	  1095 : 0
  1092	  1143 : 0
  1140	  1147 : 0
  1144	  1151 : 0
  1148	  1155 : 0
  1152	  1179 : 0
  1176	  1207 : 0
  1204	  1775 : 0
  1772	  2015 : 0
  2012	  2183 : 0
  2180	  2187 : 0
  2184	  2203 : 0
  2200	  2211 : 1
  2208	  2267 : 0
  2264	  2371 : 1
  2368	  2443 : 0
  2440	  2451 : 1
  2448	  2511 : 0
  2508	  2619 : 0
  2616	  2627 : 0
  2624	  2647 : 0
  2644	  2747 : 0
  2744	  2771 : 0
  2768	  2839 : 0
  2836	  2879 : 0
  2876	  2907 : 0
  2904	  2919 : 0
  2916	  2931 : 0
  2928	  2959 : 0
  2956	  3027 : 0
  3024	  3031 : 0
  3028	  3119 : 0
  3116	  3699 : 0
  3696	  4211 : 0
  4208	  4219 : 0
  4216	  4247 : 0
  4244	  4283 : 0
  4280	  4287 : 0
  4284	  4315 : 0
  4312	  4331 : 0
  4328	  4363 : 0
  4360	  4803 : 0
  4800	  4815 : 0
  4812	  4835 : 0
  4832	  4879 : 0
  4876	  4891 : 0
  4888	  4895 : 0
  4892	  4899 : 0
  4896	  4907 : 0
  4904	  4915 : 0
  4912	  4935 : 0
  4932	  5011 : 0
  5008	  5043 : 0
  5040	  5071 : 0
  5068	  5075 : 0
  5072	  5079 : 0
  5076	  5091 : 0
  5088	  5215 : 0
  5212	  5219 : 0
  5216	  5319 : 0
  5316	  5327 : 0
  5324	  5359 : 0
  5356	  5379 : 0
  5376	  5543 : 0
  5540	  5559 : 0
  5556	  5743 : 0
  5740	  5759 : 0
  5756	  5767 : 0
  5764	  5775 : 0
  5772	  5799 : 0
  5796	  5823 : 0
  5820	  5839 : 0
  5836	  5847 : 0
  5844	  6067 : 0
  6064	  6071 : 0
  6068	  6083 : 0
  6080	  6091 : 0
  6088	  6339 : 0
  6336	  6343 : 1
  6340	  6607 : 0
  6604	  6615 : 1
  6612	  6695 : 0
  6692	  6703 : 0
  6700	  6707 : 0
  6704	  6719 : 0
  6716	  6771 : 0
  6768	  6775 : 1
  6772	  8135 : 0
  8132	  8143 : 1
  8140	  8187 : 0
  8184	  8191 : 0
  8188	  8431 : 0
  8428	  8455 : 0
  8452	  8459 : 0
  8456	  8463 : 0
  8460	  8467 : 0
  8464	  8483 : 0
  8480	  8511 : 0
  8508	  8563 : 1
  8560	  8571 : 0
  8568	  8583 : 0
  8580	  8587 : 0
  8584	  8643 : 0
  8640	  9103 : 0
  9100	  9259 : 1
  9256	  9263 : 0
  9260	  9267 : 1
  9264	  9303 : 0
  9300	  9331 : 0
  9328	  9343 : 0
  9340	  9347 : 0
  9344	  9351 : 0
  9348	  9367 : 0
  9364	  9371 : 0
  9368	  9375 : 0
  9372	  9395 : 0
  9392	  9439 : 0
  9436	  9887 : 0
  9884	  9895 : 0
  9892	 11067 : 0
 11064	 11083 : 0
 11080	 11367 : 0
 11364	 11371 : 0
 11368	 11659 : 0
 11656	 11675 : 0
 11672	 11683 : 0
 11680	 11719 : 0
 11716	 11727 : 0
 11724	 11731 : 0
 11728	 12243 : 0
 12240	 12247 : 1
 12244	 12263 : 0
 12260	 12299 : 0
 12296	 12343 : 0
 12340	 12387 : 0
 12384	 12395 : 0
 12392	 12519 : 0
 12516	 12803 : 0
 12800	 12811 : 1
 12808	 13067 : 0
 13064	 13071 : 0
 13068	 13867 : 0
 13864	 13875 : 0
 13872	 14863 : 0
 14860	 14867 : 1
 14864	 15451 : 0
 15448	 15459 : 0
 15456	 15503 : 0
 15500	 15507 : 1
 15504	 15567 : 0
 15564	 15611 : 0
 15608	 15619 : 0
 15616	 15623 : 0
 15620	 15667 : 0
 15664	 15671 : 1
 15668	 15987 : 0
 15984	 15999 : 0
 15996	 16083 : 0
 16080	 16091 : 0
 16088	 16115 : 0
 16112	 16131 : 0
 16128	 16147 : 0
 16144	 16151 : 0
 16148	 16175 : 0
 16172	 16183 : 0
 16180	 16271 : 0
 16268	 16275 : 0
 16272	 16347 : 0
 16344	 16355 : 0
 16352	 16359 : 0
 16356	 16363 : 0
 16360	 16443 : 0
 16440	 16455 : 0
 16452	 16867 : 0
 16864	 17239 : 0
 17236	 17243 : 0
 17240	 17247 : 1
 17244	 17275 : 0
 17272	 17319 : 0
 17316	 17343 : 0
 17340	 17727 : 1
 17724	 19983 : 0
 19980	 19995 : 0
 19992	 20571 : 0
 20568	 20811 : 1
 20808	 20871 : 0
 20868	 20879 : 1
 20876	 20963 : 0
 20960	 21515 : 0
 21512	 22147 : 0
 22144	 22179 : 0
 22176	 22263 : 0
 22260	 22267 : 1
 22264	 22491 : 0
 22488	 22499 : 1
 22496	 22691 : 0
 22688	 22699 : 0
 22696	 22707 : 0
 22704	 22719 : 0
 22716	 22799 : 0
 22796	 22827 : 0
 22824	 22831 : 0
 22828	 22835 : 0
 22832	 22847 : 0
 22844	 22879 : 0
 22876	 22959 : 0
 22956	 22999 : 0
 22996	 23055 : 0
 23052	 23135 : 1
 23132	 23139 : 0
 23136	 23479 : 1
 23476	 23719 : 0
 23716	 23727 : 0
 23724	 23847 : 0
 23844	 24175 : 1
 24172	 24179 : 0
 24176	 24183 : 0
 24180	 24187 : 0
 24184	 24199 : 0
 24196	 24511 : 0
 24508	 24515 : 0
 24512	 24563 : 0
 24560	 24575 : 0
 24572	 24579 : 0
 24576	 24587 : 0
 24584	 24595 : 0
 24592	 24607 : 0
 24604	 25215 : 0
 25212	 25279 : 0
 25276	 25607 : 0
 25604	 25611 : 1
 25608	 25719 : 0
 25716	 25959 : 0
 25956	 25963 : 0
 25960	 25967 : 1
 25964	 25987 : 0
 25984	 26007 : 0
 26004	 26019 : 0
 26016	 26047 : 0
 26044	 26123 : 0
 26120	 26131 : 0
 26128	 26135 : 0
 26132	 26139 : 0
 26136	 26359 : 0
 26356	 26371 : 0
 26368	 26563 : 0
 26560	 26567 : 0
 26564	 26623 : 0
 26620	 26635 : 0
 26632	 26639 : 0
 26636	 26667 : 0
 26664	 26679 : 0
 26676	 26903 : 1
 26900	 26907 : 0
 26904	 26931 : 1
 26928	 27135 : 0
 27132	 27139 : 0
 27136	 27219 : 0
 27216	 27227 : 0
 27224	 27267 : 0
 27264	 27271 : 0
 27268	 27275 : 0
 27272	 27367 : 1
 27364	 27435 : 0
