     0	    31 : 0
    28	    35 : 0
    32	   143 : 0
   140	   211 : 1
   208	   815 : 0
   812	   823 : 1
   820	   867 : 0
   864	   871 : 0
   868	  1179 : 0
  1176	  1187 : 0
  1184	  1327 : 0
  1324	  1331 : 1
  1328	  1339 : 0
  1336	  1427 : 0
  1424	  1711 : 0
  1708	  1731 : 0
  1728	  1735 : 2
  1732	  1919 : 0
  1916	  1975 : 0
  1972	  2051 : 0
  2048	  2279 : 1
  2276	  2547 : 0
  2544	  2675 : 1
  2672	  2679 : 0
  2676	  2683 : 0
  2680	  2751 : 0
  2748	  2755 : 0
  2752	  2763 : 0
  2760	  2767 : 0
  2764	  2779 : 0
  2776	  2787 : 1
  2784	  2795 : 0
  2792	  2803 : 0
  2800	  3051 : 0
  3048	  3219 : 0
  3216	  3223 : 0
  3220	  3227 : 1
  3224	  3311 : 0
  3308	  3315 : 1
  3312	  3643 : 0
  3640	  3655 : 0
  3652	  3715 : 0
  3712	  3719 : 0
  3716	  3751 : 0
  3748	  3811 : 1
  3808	  3819 : 0
  3816	  3831 : 0
  3828	  3947 : 0
  3944	  3967 : 0
  3964	  4035 : 0
  4032	  4039 : 0
  4036	  4047 : 0
  4044	  4055 : 0
  4052	  4223 : 0
  4220	  4227 : 0
  4224	  4507 : 0
  4504	  4511 : 1
  4508	  4611 : 0
  4608	  4615 : 0
  4612	  4703 : 0
  4700	  4707 : 0
  4704	  4799 : 0
  4796	  4803 : 1
  4800	  4879 : 0
  4876	  4891 : 0
  4888	  4923 : 0
  4920	  4943 : 0
  4940	  5103 : 0
  5100	  5951 : 1
  5948	  5971 : 0
  5968	  5983 : 0
  5980	  5995 : 0
  5992	  5999 : 0
  5996	  6003 : 0
  6000	  6023 : 0
  6020	  6047 : 0
  6044	  6135 : 0
  6132	  6143 : 0
  6140	  6151 : 0
  6148	  6155 : 0
  6152	  6207 : 0
  6204	  6215 : 0
  6212	  6227 : 0
  6224	  6231 : 0
  6228	  6239 : 1
  6236	  6395 : 0
  6392	  6775 : 1
  6772	  6783 : 0
  6780	  6787 : 0
  6784	  6875 : 0
  6872	  6959 : 0
  6956	  6983 : 0
  6980	  7027 : 0
  7024	  7035 : 0
  7032	  7039 : 0
  7036	  7043 : 0
  7040	  7055 : 0
  7052	  7119 : 0
  7116	  7123 : 0
  7120	  7127 : 0
  7124	  7139 : 0
  7136	  7315 : 0
  7312	  7451 : 0
  7448	  7523 : 0
  7520	  7527 : 0
  7524	  7535 : 0
  7532	  7539 : 0
  7536	  7543 : 0
  7540	  7559 : 0
  7556	  7635 : 0
  7632	  7639 : 0
  7636	  7683 : 0
  7680	  7687 : 0
  7684	  7703 : 0
  7700	  7743 : 0
  7740	  7751 : 0
  7748	  7755 : 0
  7752	  7807 : 0
  7804	  7819 : 0
  7816	  7827 : 0
  7824	  7851 : 0
  7848	  7875 : 0
  7872	  7879 : 0
  7876	  7891 : 0
  7888	  7899 : 0
  7896	  7927 : 0
  7924	  7991 : 0
  7988	  7995 : 0
  7992	  8063 : 0
  8060	  8067 : 0
  8064	  8091 : 0
  8088	  8123 : 0
  8120	  8127 : 0
  8124	  8147 : 0
  8144	  8151 : 0
  8148	  8167 : 0
  8164	  8171 : 0
  8168	  8179 : 0
  8176	  8203 : 0
  8200	  8219 : 0
  8216	  8223 : 0
  8220	  8231 : 0
  8228	  8235 : 1
  8232	  8263 : 0
  8260	  8267 : 0
  8264	  8351 : 0
  8348	  8367 : 0
  8364	  8479 : 0
  8476	  8487 : 0
  8484	  8679 : 0
  8676	  8999 : 1
  8996	  9263 : 0
  9260	  9271 : 0
  9268	  9383 : 0
  9380	  9391 : 1
  9388	  9447 : 0
  9444	  9635 : 0
  9632	  9723 : 0
  9720	  9735 : 0
  9732	  9871 : 0
  9868	  9887 : 1
  9884	  9899 : 0
  9896	  9907 : 0
  9904	 10047 : 0
 10044	 10067 : 0
 10064	 10071 : 0
 10068	 10087 : 0
 10084	 10199 : 0
 10196	 10203 : 0
 10200	 10227 : 0
 10224	 10231 : 0
 10228	 10303 : 0
 10300	 10315 : 0
 10312	 10323 : 0
 10320	 10327 : 0
 10324	 10571 : 0
 10568	 10647 : 1
 10644	 10667 : 0
 10664	 10683 : 0
 10680	 10691 : 0
 10688	 10695 : 0
 10692	 10703 : 0
 10700	 10727 : 0
 10724	 10731 : 0
 10728	 10799 : 0
 10796	 10819 : 0
 10816	 10827 : 0
 10824	 10831 : 0
 10828	 10855 : 0
 10852	 10899 : 0
 10896	 11019 : 0
 11016	 11031 : 0
 11028	 11039 : 0
 11036	 11187 : 0
 11184	 11231 : 0
 11228	 11279 : 0
 11276	 11299 : 0
 11296	 11555 : 0
 11552	 11607 : 0
 11604	 12059 : 0
 12056	 12067 : 1
 12064	 12195 : 0
 12192	 12207 : 1
 12204	 12215 : 0
 12212	 12219 : 0
 12216	 12223 : 0
 12220	 12275 : 0
 12272	 12279 : 0
 12276	 12287 : 0
 12284	 12291 : 0
 12288	 12299 : 0
 12296	 12379 : 0
 12376	 12383 : 0
 12380	 12387 : 0
 12384	 12395 : 0
 12392	 12523 : 0
 12520	 12531 : 0
 12528	 12667 : 0
 12664	 12671 : 1
 12668	 13099 : 0
 13096	 13219 : 1
 13216	 13295 : 0
 13292	 13331 : 0
 13328	 13571 : 0
 13568	 13855 : 1
 13852	 14003 : 0
 14000	 14011 : 1
 14008	 14247 : 0
 14244	 14283 : 0
 14280	 14287 : 0
 14284	 14299 : 0
 14296	 14303 : 0
 14300	 14315 : 0
 14312	 14503 : 0
 14500	 14511 : 1
 14508	 14659 : 0
 14656	 14667 : 1
 14664	 14855 : 0
 14852	 14859 : 1
 14856	 15183 : 0
 15180	 15187 : 1
 15184	 15639 : 0
 15636	 15651 : 1
 15648	 15719 : 0
 15716	 15739 : 0
 15736	 15751 : 0
 15748	 15767 : 0
 15764	 15899 : 0
 15896	 15927 : 0
 15924	 16211 : 0
 16208	 16219 : 1
 16216	 16251 : 0
 16248	 16259 : 0
 16256	 16263 : 0
 16260	 16275 : 0
 16272	 16483 : 0
 16480	 16519 : 0
 16516	 16639 : 0
 16636	 16691 : 1
 16688	 16731 : 0
 16728	 16735 : 0
 16732	 16963 : 0
 16960	 17031 : 1
 17028	 17123 : 0
 17120	 17203 : 0
 17200	 17375 : 0
 17372	 17387 : 1
 17384	 17391 : 0
 17388	 17407 : 0
 17404	 17415 : 0
 17412	 17419 : 0
 17416	 17423 : 0
 17420	 17447 : 0
 17444	 17463 : 0
 17460	 17467 : 0
 17464	 17507 : 0
 17504	 17567 : 0
 17564	 17623 : 0
 17620	 17699 : 0
 17696	 17707 : 0
 17704	 17727 : 0
 17724	 17731 : 0
 17728	 17743 : 0
 17740	 17747 : 0
 17744	 17759 : 0
 17756	 17855 : 0
 17852	 17879 : 0
 17876	 18151 : 0
 18148	 18155 : 0
 18152	 18171 : 0
 18168	 18255 : 0
 18252	 18259 : 0
 18256	 18263 : 1
 18260	 18431 : 0
 18428	 18443 : 1
 18440	 18599 : 0
 18596	 18603 : 0
 18600	 18635 : 0
 18632	 18639 : 0
 18636	 18651 : 0
 18648	 18655 : 0
 18652	 18743 : 0
 18740	 18751 : 1
 18748	 18755 : 0
 18752	 19047 : 0
 19044	 19051 : 0
 19048	 19055 : 1
 19052	 19211 : 0
 19208	 19231 : 1
 19228	 19243 : 0
 19240	 19247 : 0
 19244	 19251 : 0
 19248	 19259 : 0
 19256	 19263 : 0
 19260	 19267 : 0
 19264	 19287 : 0
 19284	 19291 : 0
 19288	 19331 : 0
 19328	 19335 : 0
 19332	 19343 : 0
 19340	 19355 : 0
 19352	 19523 : 0
 19520	 19527 : 1
 19524	 19531 : 2
 19528	 20091 : 0
 20088	 20223 : 0
 20220	 20311 : 0
 20308	 20443 : 0
 20440	 20483 : 1
 20480	 20495 : 0
 20492	 20511 : 0
 20508	 20555 : 0
 20552	 20559 : 0
 20556	 20603 : 0
 20600	 20615 : 0
 20612	 20643 : 0
 20640	 20647 : 0
 20644	 20779 : 0
 20776	 21099 : 1
 21096	 21103 : 0
 21100	 21119 : 0
 21116	 21127 : 0
 21124	 21131 : 0
 21128	 21135 : 0
 21132	 21147 : 0
 21144	 21171 : 0
 21168	 21187 : 0
 21184	 21243 : 0
 21240	 21247 : 0
 21244	 21255 : 0
 21252	 21287 : 0
 21284	 21327 : 0
 21324	 21759 : 0
 21756	 21763 : 2
 21760	 21923 : 0
 21920	 21983 : 0
 21980	 22019 : 0
 22016	 22119 : 0
 22116	 22207 : 0
 22204	 22327 : 0
 22324	 22335 : 0
 22332	 22419 : 0
 22416	 22815 : 1
 22812	 22819 : 2
 22816	 22823 : 1
 22820	 22963 : 0
 22960	 23323 : 1
 23320	 23831 : 0
 23828	 23839 : 1
 23836	 23999 : 0
 23996	 24231 : 1
 24228	 24319 : 0
 24316	 24339 : 0
 24336	 24343 : 0
 24340	 24347 : 0
 24344	 24587 : 0
 24584	 24611 : 0
 24608	 24803 : 0
 24800	 24859 : 0
 24856	 25335 : 0
 25332	 25343 : 1
 25340	 25399 : 0
 25396	 25407 : 0
 25404	 25411 : 0
 25408	 25471 : 0
 25468	 25475 : 0
 25472	 25483 : 0
 25480	 25495 : 0
 25492	 25511 : 0
 25508	 25523 : 0
 25520	 25535 : 0
 25532	 25575 : 0
 25572	 25591 : 0
 25588	 25599 : 0
 25596	 25875 : 0
 25872	 26011 : 0
 26008	 26015 : 2
 26012	 26395 : 0
 26392	 26451 : 0
 26448	 26455 : 0
 26452	 26479 : 0
 26476	 26543 : 0
 26540	 26579 : 0
 26576	 26599 : 0
 26596	 26723 : 0
 26720	 26731 : 0
 26728	 26739 : 0
 26736	 26743 : 0
 26740	 26763 : 0
 26760	 26771 : 0
 26768	 26835 : 0
 26832	 26843 : 0
 26840	 26891 : 0
 26888	 27499 : 1
 27496	 27743 : 0
 27740	 27747 : 1
 27744	 28159 : 0
 28156	 28163 : 1
 28160	 28171 : 0
 28168	 28223 : 0
 28220	 28227 : 0
 28224	 28231 : 0
 28228	 28235 : 0
 28232	 28271 : 0
 28268	 28283 : 0
 28280	 28307 : 0
 28304	 28343 : 0
 28340	 28467 : 0
 28464	 28471 : 0
 28468	 28475 : 0
 28472	 28515 : 0
 28512	 28531 : 0
 28528	 28583 : 0
 28580	 28587 : 0
 28584	 28623 : 0
 28620	 28695 : 0
 28692	 28703 : 0
 28700	 28707 : 0
 28704	 28803 : 0
 28800	 28827 : 0
 28824	 28851 : 0
 28848	 28863 : 0
 28860	 28875 : 0
 28872	 28891 : 0
 28888	 28895 : 0
 28892	 28967 : 0
 28964	 28975 : 0
 28972	 28979 : 0
 28976	 28995 : 0
 28992	 29003 : 1
 29000	 29147 : 0
 29144	 29155 : 0
 29152	 29159 : 0
 29156	 29175 : 0
 29172	 29187 : 0
 29184	 29215 : 0
 29212	 29227 : 0
 29224	 29235 : 0
 29232	 29303 : 0
 29300	 29307 : 0
 29304	 29503 : 0
 29500	 29507 : 0
 29504	 29535 : 0
 29532	 29543 : 2
 29540	 29763 : 0
 29760	 29771 : 1
 29768	 30239 : 0
 30236	 30243 : 0
 30240	 30403 : 0
 30400	 30415 : 0
 30412	 30747 : 0
 30744	 30975 : 1
 30972	 31111 : 0
 31108	 31119 : 1
 31116	 31303 : 0
 31300	 31387 : 0
 31384	 31439 : 0
 31436	 31459 : 0
 31456	 31479 : 0
 31476	 31499 : 0
 31496	 31639 : 0
 31636	 31667 : 0
 31664	 31799 : 0
 31796	 31807 : 0
 31804	 31843 : 0
 31840	 31851 : 0
 31848	 31859 : 0
 31856	 31887 : 0
 31884	 31899 : 0
 31896	 31903 : 0
 31900	 31975 : 0
 31972	 31979 : 0
 31976	 32007 : 0
 32004	 32019 : 0
 32016	 32039 : 0
 32036	 32171 : 0
 32168	 32179 : 0
 32176	 32187 : 0
 32184	 32195 : 0
 32192	 32319 : 0
 32316	 32335 : 0
 32332	 32343 : 0
 32340	 32399 : 0
 32396	 32407 : 1
 32404	 32683 : 0
 32680	 32691 : 1
 32688	 32899 : 0
 32896	 32907 : 1
 32904	 32963 : 0
 32960	 32967 : 0
 32964	 32975 : 0
 32972	 33007 : 0
 33004	 33119 : 0
 33116	 33135 : 0
 33132	 33171 : 0
 33168	 33235 : 0
 33232	 33267 : 0
 33264	 33271 : 0
 33268	 33563 : 0
 33560	 33571 : 1
 33568	 33843 : 0
 33840	 33847 : 1
 33844	 33851 : 2
 33848	 33907 : 0
 33904	 33911 : 0
 33908	 33955 : 0
 33952	 33991 : 0
 33988	 33999 : 0
 33996	 34063 : 0
 34060	 34115 : 0
 34112	 34119 : 0
 34116	 34151 : 1
 34148	 34155 : 0
 34152	 34247 : 0
