     0	   195 : 0
   192	   203 : 0
   200	   227 : 0
   224	   275 : 0
   272	   299 : 0
   296	   315 : 0
   312	   371 : 0
   368	   375 : 0
   372	   391 : 0
   388	   495 : 0
   492	   503 : 1
   500	   507 : 0
   504	   559 : 0
   556	   571 : 0
   568	   587 : 0
   584	   619 : 0
   616	   659 : 0
   656	   663 : 0
   660	   667 : 0
   664	   703 : 0
   700	   719 : 0
   716	   871 : 0
   868	   875 : 1
   872	  1011 : 0
  1008	  1043 : 1
  1040	  1123 : 0
  1120	  1147 : 0
  1144	  1239 : 0
  1236	  1287 : 0
  1284	  1291 : 0
  1288	  1331 : 0
  1328	  1335 : 0
  1332	  1339 : 0
  1336	  1351 : 0
  1348	  1367 : 0
  1364	  1371 : 0
  1368	  1407 : 0
  1404	  1419 : 0
  1416	  1475 : 0
  1472	  1479 : 0
  1476	  1503 : 0
  1500	  1507 : 0
  1504	  1547 : 0
  1544	  1587 : 0
  1584	  1603 : 0
  1600	  1615 : 0
  1612	  1631 : 0
  1628	  1639 : 0
  1636	  1687 : 0
  1684	  1691 : 0
  1688	  1695 : 0
  1692	  1703 : 0
  1700	  1735 : 1
  1732	  1739 : 0
  1736	  1747 : 0
  1744	  1751 : 0
  1748	  1771 : 0
  1768	  1775 : 0
  1772	  1783 : 0
  1780	  1791 : 0
  1788	  1799 : 0
  1796	  1847 : 0
  1844	  1915 : 1
  1912	  1923 : 0
  1920	  1931 : 0
  1928	  1963 : 0
  1960	  1971 : 1
  1968	  1975 : 0
  1972	  1979 : 0
  1976	  1983 : 0
  1980	  1995 : 1
  1992	  2007 : 0
  2004	  2035 : 0
  2032	  2051 : 0
  2048	  2055 : 0
  2052	  2059 : 0
  2056	  2099 : 0
  2096	  2115 : 0
  2112	  2159 : 0
  2156	  2179 : 0
  2176	  2187 : 0
  2184	  2203 : 0
  2200	  2211 : 0
  2208	  2223 : 0
  2220	  2227 : 0
  2224	  2231 : 0
  2228	  2239 : 0
  2236	  2247 : 0
  2244	  2291 : 0
  2288	  2299 : 0
  2296	  2339 : 0
  2336	  2371 : 0
  2368	  2391 : 0
  2388	  2395 : 0
  2392	  2419 : 0
  2416	  2423 : 0
  2420	  2483 : 0
  2480	  2491 : 0
  2488	  2507 : 0
  2504	  2511 : 0
  2508	  2519 : 1
  2516	  2523 : 0
  2520	  2527 : 0
  2524	  2531 : 0
  2528	  2539 : 0
  2536	  2555 : 0
  2552	  2595 : 0
  2592	  2623 : 0
  2620	  2639 : 0
  2636	  2647 : 0
  2644	  2663 : 0
  2660	  2671 : 0
  2668	  2691 : 0
  2688	  2699 : 0
  2696	  2719 : 0
  2716	  2723 : 0
  2720	  2759 : 0
  2756	  2779 : 0
  2776	  2783 : 0
  2780	  2803 : 0
  2800	  2811 : 0
  2808	  2879 : 0
  2876	  2903 : 0
  2900	  2911 : 0
  2908	  2975 : 0
  2972	  2987 : 0
  2984	  2991 : 0
  2988	  3003 : 0
  3000	  3015 : 0
  3012	  3027 : 0
  3024	  3035 : 0
  3032	  3055 : 0
  3052	  3079 : 0
  3076	  3095 : 0
  3092	  3111 : 0
  3108	  3159 : 0
  3156	  3167 : 0
  3164	  3175 : 0
  3172	  3191 : 0
  3188	  3207 : 0
  3204	  3223 : 0
  3220	  3255 : 0
  3252	  3311 : 0
  3308	  3339 : 0
  3336	  3347 : 0
  3344	  3367 : 0
  3364	  3399 : 0
  3396	  3415 : 0
  3412	  3419 : 0
  3416	  3539 : 0
  3536	  3563 : 1
  3560	  3579 : 0
  3576	  3595 : 0
  3592	  3599 : 0
  3596	  3607 : 0
  3604	  3627 : 0
  3624	  3651 : 0
  3648	  3667 : 0
  3664	  3691 : 0
  3688	  3699 : 0
  3696	  3731 : 1
  3728	  3735 : 0
  3732	  3743 : 0
  3740	  3795 : 0
  3792	  3799 : 0
  3796	  3819 : 0
  3816	  3843 : 0
  3840	  3851 : 0
  3848	  3911 : 0
  3908	  3915 : 0
  3912	  3919 : 0
  3916	  3939 : 0
  3936	  3971 : 0
  3968	  3979 : 0
  3976	  3999 : 0
  3996	  4023 : 0
  4020	  4047 : 0
  4044	  4059 : 0
  4056	  4067 : 0
  4064	  4083 : 0
  4080	  4115 : 0
  4112	  4119 : 0
  4116	  4127 : 0
  4124	  4131 : 0
  4128	  4135 : 0
  4132	  4139 : 0
  4136	  4151 : 0
  4148	  4171 : 0
  4168	  4207 : 0
  4204	  4211 : 0
  4208	  4219 : 0
  4216	  4227 : 0
  4224	  4307 : 0
  4304	  4323 : 0
  4320	  4327 : 0
  4324	  4347 : 0
  4344	  4375 : 0
  4372	  4387 : 0
  4384	  4431 : 0
  4428	  4435 : 0
  4432	  4459 : 0
  4456	  4515 : 0
  4512	  4547 : 1
  4544	  4551 : 0
  4548	  4675 : 1
  4672	  4711 : 0
  4708	  4719 : 0
  4716	  4743 : 0
  4740	  4751 : 0
  4748	  4755 : 0
  4752	  4763 : 0
  4760	  4775 : 0
  4772	  4791 : 0
  4788	  4831 : 0
  4828	  4859 : 0
  4856	  4863 : 0
  4860	  4867 : 0
  4864	  4891 : 0
  4888	  4935 : 0
  4932	  4943 : 0
  4940	  4967 : 0
  4964	  5051 : 0
  5048	  5075 : 0
  5072	  5079 : 0
  5076	  5083 : 0
  5080	  5087 : 0
  5084	  5111 : 0
  5108	  5119 : 0
  5116	  5131 : 0
  5128	  5179 : 0
  5176	  5191 : 1
  5188	  5395 : 0
  5392	  5403 : 1
