     0	     7 : 0
     4	    59 : 1
    56	    75 : 0
    72	    79 : 1
    76	   291 : 0
   288	   299 : 1
   296	   335 : 0
   332	   391 : 0
   388	   395 : 0
   392	   451 : 0
   448	   463 : 0
   460	   551 : 0
   548	   583 : 0
   580	   599 : 0
   596	   611 : 0
   608	   623 : 0
   620	   699 : 0
   696	   707 : 1
   704	   775 : 0
   772	   815 : 0
   812	   863 : 0
   860	   947 : 1
   944	   983 : 0
   980	   995 : 0
   992	  1003 : 0
  1000	  1019 : 0
  1016	  1023 : 0
  1020	  1035 : 0
  1032	  1059 : 0
  1056	  1063 : 1
  1060	  1143 : 0
  1140	  1179 : 1
  1176	  1255 : 0
  1252	  1263 : 1
  1260	  1271 : 0
  1268	  1275 : 0
  1272	  1311 : 0
  1308	  1347 : 0
  1344	  1355 : 0
  1352	  1359 : 0
  1356	  1395 : 0
  1392	  1407 : 0
  1404	  1503 : 0
  1500	  1535 : 1
  1532	  1579 : 0
  1576	  1583 : 0
  1580	  1611 : 0
  1608	  1643 : 1
  1640	  1663 : 0
  1660	  1699 : 0
  1696	  1751 : 0
  1748	  1755 : 0
  1752	  1763 : 0
  1760	  1775 : 1
  1772	  2039 : 0
  2036	  2051 : 0
  2048	  2075 : 0
  2072	  2079 : 0
  2076	  2099 : 0
  2096	  2135 : 0
  2132	  2147 : 0
  2144	  2203 : 0
  2200	  2211 : 0
  2208	  2251 : 1
  2248	  2259 : 0
  2256	  2287 : 0
  2284	  2355 : 0
  2352	  2367 : 0
  2364	  2371 : 0
  2368	  2391 : 0
  2388	  2399 : 0
  2396	  2419 : 0
  2416	  2427 : 0
  2424	  2435 : 0
  2432	  2447 : 0
  2444	  2455 : 1
  2452	  2555 : 0
  2552	  2563 : 1
  2560	  2583 : 0
  2580	  2591 : 0
  2588	  2627 : 0
  2624	  2635 : 0
  2632	  2639 : 0
  2636	  2647 : 0
  2644	  2667 : 0
  2664	  2675 : 0
  2672	  2679 : 0
  2676	  2695 : 0
  2692	  2703 : 0
  2700	  2727 : 0
  2724	  2831 : 0
  2828	  2987 : 0
  2984	  3095 : 0
  3092	  3099 : 1
  3096	  3115 : 0
  3112	  3119 : 0
  3116	  3159 : 0
  3156	  3175 : 0
  3172	  3179 : 0
  3176	  3375 : 0
  3372	  3423 : 0
  3420	  3431 : 1
  3428	  3551 : 0
  3548	  3619 : 1
  3616	  3783 : 0
  3780	  3787 : 1
  3784	  3863 : 0
  3860	  3867 : 0
  3864	  3875 : 0
  3872	  3915 : 1
  3912	  3935 : 0
  3932	  3939 : 0
  3936	  3943 : 0
  3940	  3955 : 1
  3952	  4171 : 0
  4168	  4295 : 0
  4292	  4299 : 0
  4296	  4455 : 0
  4452	  4459 : 0
  4456	  4463 : 0
  4460	  4467 : 0
  4464	  4551 : 0
  4548	  4555 : 0
  4552	  4691 : 1
  4688	  4887 : 0
  4884	  4895 : 0
  4892	  4903 : 0
  4900	  4919 : 0
  4916	  4927 : 0
  4924	  4931 : 0
  4928	  4947 : 0
  4944	  4955 : 0
  4952	  4979 : 0
  4976	  4987 : 0
  4984	  4991 : 0
  4988	  5003 : 0
  5000	  5007 : 0
  5004	  5023 : 0
  5020	  5155 : 0
  5152	  5303 : 1
  5300	  5307 : 0
  5304	  5319 : 0
  5316	  5327 : 0
  5324	  5331 : 0
  5328	  5359 : 0
  5356	  5419 : 0
  5416	  5431 : 0
  5428	  5511 : 0
  5508	  5611 : 0
  5608	  5627 : 0
  5624	  5651 : 0
  5648	  5671 : 0
  5668	  5675 : 0
  5672	  5867 : 0
  5864	  5871 : 0
  5868	  5887 : 0
  5884	  5895 : 0
  5892	  5899 : 0
  5896	  5915 : 0
  5912	  5959 : 0
  5956	  5963 : 0
  5960	  5971 : 0
  5968	  5975 : 0
  5972	  5979 : 0
  5976	  5999 : 0
  5996	  6003 : 0
  6000	  6007 : 0
  6004	  6031 : 0
  6028	  6035 : 0
  6032	  6043 : 0
  6040	  6087 : 0
  6084	  6103 : 0
  6100	  6107 : 0
  6104	  6151 : 0
  6148	  6175 : 0
  6172	  6183 : 0
  6180	  6207 : 0
  6204	  6211 : 0
  6208	  6291 : 0
  6288	  6299 : 0
  6296	  6339 : 0
  6336	  6383 : 0
  6380	  6435 : 0
  6432	  6479 : 0
  6476	  6491 : 0
  6488	  6499 : 0
  6496	  6579 : 0
  6576	  6591 : 1
  6588	  6595 : 0
  6592	  6603 : 0
  6600	  6607 : 0
  6604	  6615 : 0
  6612	  6635 : 0
  6632	  6643 : 0
  6640	  6663 : 0
  6660	  6675 : 0
  6672	  6679 : 0
  6676	  6703 : 0
  6700	  6723 : 0
  6720	  6731 : 0
  6728	  6739 : 0
  6736	  6767 : 0
  6764	  6787 : 0
  6784	  6807 : 0
  6804	  6819 : 0
  6816	  6827 : 0
  6824	  6851 : 0
  6848	  6863 : 0
  6860	  6895 : 0
  6892	  6911 : 0
  6908	  6927 : 0
  6924	  6931 : 0
  6928	  6939 : 0
  6936	  6943 : 1
  6940	  6951 : 0
  6948	  6959 : 0
  6956	  6963 : 0
  6960	  6975 : 0
  6972	  6991 : 0
  6988	  6995 : 0
  6992	  7003 : 0
  7000	  7047 : 1
  7044	  7059 : 0
  7056	  7095 : 0
  7092	  7103 : 0
  7100	  7147 : 0
  7144	  7215 : 0
  7212	  7235 : 0
  7232	  7247 : 0
  7244	  7251 : 0
  7248	  7255 : 0
  7252	  7275 : 0
  7272	  7283 : 0
  7280	  7315 : 0
  7312	  7319 : 0
  7316	  7359 : 0
  7356	  7391 : 0
  7388	  7395 : 0
  7392	  7399 : 0
  7396	  7411 : 0
  7408	  7415 : 0
  7412	  7423 : 1
  7420	  7503 : 0
  7500	  7519 : 0
  7516	  7531 : 0
  7528	  7535 : 1
  7532	  7559 : 0
  7556	  7575 : 0
  7572	  7591 : 0
  7588	  7595 : 0
  7592	  7607 : 0
  7604	  7623 : 0
  7620	  7631 : 0
  7628	  7651 : 0
  7648	  7659 : 0
  7656	  7663 : 1
  7660	  7671 : 0
  7668	  7699 : 0
  7696	  7719 : 0
  7716	  7747 : 0
  7744	  7751 : 0
  7748	  7771 : 0
  7768	  7783 : 0
  7780	  7811 : 0
  7808	  7819 : 0
  7816	  7827 : 0
  7824	  7839 : 0
  7836	  7843 : 0
  7840	  7855 : 0
  7852	  7951 : 0
  7948	  7955 : 0
  7952	  8015 : 0
  8012	  8019 : 0
  8016	  8119 : 0
  8116	  8123 : 0
  8120	  8159 : 1
  8156	  8187 : 0
  8184	  8219 : 0
  8216	  8223 : 0
  8220	  8239 : 0
  8236	  8243 : 0
  8240	  8251 : 0
  8248	  8263 : 0
  8260	  8267 : 0
  8264	  8375 : 0
  8372	  8427 : 1
