     0	   119 : 0
   116	   123 : 0
   120	   127 : 0
   124	   131 : 0
   128	   143 : 0
   140	   151 : 0
   148	   207 : 0
   204	   327 : 0
   324	   347 : 0
   344	   367 : 0
   364	   371 : 0
   368	   387 : 0
   384	   427 : 0
   424	   443 : 0
   440	   547 : 0
   544	   571 : 0
   568	   599 : 0
   596	   607 : 0
   604	   663 : 0
   660	   907 : 0
   904	   915 : 0
   912	   931 : 0
   928	   947 : 0
   944	   987 : 0
   984	   999 : 0
   996	  1055 : 0
  1052	  1103 : 0
  1100	  1147 : 0
  1144	  1155 : 0
  1152	  1267 : 0
  1264	  1283 : 0
  1280	  1287 : 0
  1284	  1319 : 0
  1316	  1335 : 0
  1332	  1339 : 0
  1336	  1375 : 0
  1372	  1383 : 0
  1380	  1387 : 0
  1384	  1391 : 0
  1388	  1431 : 0
  1428	  1435 : 0
  1432	  1439 : 0
  1436	  1491 : 0
  1488	  1631 : 0
  1628	  1687 : 0
  1684	  1839 : 0
  1836	  1855 : 1
  1852	  1863 : 0
  1860	  1947 : 0
  1944	  2119 : 0
  2116	  2151 : 0
  2148	  2155 : 0
  2152	  2223 : 1
  2220	  2251 : 0
  2248	  2267 : 0
  2264	  2503 : 0
  2500	  2519 : 0
  2516	  2547 : 0
  2544	  2615 : 0
  2612	  2715 : 0
  2712	  2719 : 1
  2716	  2739 : 0
  2736	  2843 : 1
  2840	  2927 : 0
  2924	  2939 : 0
  2936	  3019 : 0
  3016	  3047 : 0
  3044	  3119 : 0
  3116	  3123 : 0
  3120	  3163 : 0
  3160	  3175 : 0
  3172	  4151 : 0
  4148	  4163 : 0
  4160	  4203 : 0
  4200	  4427 : 0
  4424	  4523 : 0
  4520	  4799 : 1
  4796	  4815 : 0
  4812	  4879 : 0
  4876	  4919 : 0
  4916	  4931 : 0
  4928	  4939 : 0
  4936	  5087 : 0
  5084	  5099 : 0
  5096	  5203 : 0
  5200	  5331 : 0
  5328	  5543 : 0
  5540	  5647 : 0
  5644	  5659 : 0
  5656	  5675 : 0
  5672	  5763 : 0
  5760	  5811 : 0
  5808	  5859 : 0
  5856	  5871 : 0
  5868	  5887 : 0
  5884	  6055 : 0
  6052	  6059 : 0
  6056	  6067 : 0
  6064	  6083 : 0
  6080	  6263 : 0
  6260	  6339 : 0
  6336	  6375 : 0
  6372	  6475 : 1
  6472	  6559 : 0
  6556	  6587 : 0
  6584	  6599 : 0
  6596	  6607 : 1
  6604	  6631 : 0
  6628	  6667 : 0
  6664	  6703 : 0
  6700	  6763 : 0
  6760	  6787 : 0
  6784	  6819 : 0
  6816	  6823 : 0
  6820	  6851 : 0
  6848	  6859 : 0
  6856	  6867 : 0
  6864	  7135 : 0
  7132	  7139 : 0
  7136	  7271 : 0
  7268	  7287 : 1
  7284	  7311 : 0
  7308	  7351 : 0
  7348	  7379 : 0
  7376	  7451 : 0
  7448	  7603 : 0
  7600	  7667 : 0
  7664	  7683 : 0
  7680	  7723 : 0
  7720	  7727 : 0
  7724	  7739 : 0
  7736	  7747 : 0
  7744	  7755 : 0
  7752	  7763 : 0
  7760	  7799 : 0
  7796	  7843 : 0
  7840	  7875 : 0
  7872	  8175 : 0
  8172	  8183 : 1
  8180	  8387 : 0
  8384	  8407 : 0
  8404	  8459 : 0
  8456	  8467 : 0
  8464	  8587 : 0
  8584	  8627 : 0
  8624	  8731 : 0
  8728	  8755 : 0
  8752	  8823 : 0
  8820	  8955 : 0
  8952	  9003 : 0
  9000	  9047 : 0
  9044	  9351 : 0
  9348	  9367 : 0
  9364	  9371 : 0
  9368	  9395 : 0
  9392	  9403 : 0
  9400	  9411 : 0
  9408	  9415 : 0
  9412	  9419 : 0
  9416	  9479 : 0
  9476	  9483 : 0
  9480	  9575 : 0
  9572	  9611 : 0
  9608	  9627 : 0
  9624	  9635 : 0
  9632	  9639 : 0
  9636	  9695 : 0
  9692	  9759 : 0
  9756	  9851 : 0
  9848	  9871 : 0
  9868	  9959 : 0
  9956	  9971 : 0
  9968	  9979 : 0
  9976	  9991 : 0
  9988	 10007 : 0
 10004	 10091 : 0
 10088	 10191 : 0
 10188	 10199 : 0
 10196	 10431 : 0
 10428	 10499 : 0
 10496	 10631 : 0
