     0	   339 : 0
   336	   347 : 0
   344	   435 : 0
   432	   443 : 0
   440	   523 : 0
   520	   527 : 0
   524	   567 : 0
   564	   623 : 0
   620	   667 : 0
   664	   671 : 0
   668	   675 : 0
   672	   695 : 0
   692	   699 : 1
   696	   715 : 0
   712	   719 : 0
   716	   727 : 0
   724	   735 : 0
   732	   779 : 0
   776	   787 : 1
   784	   947 : 0
   944	   951 : 0
   948	  1059 : 0
  1056	  1067 : 0
  1064	  1087 : 0
  1084	  1099 : 0
  1096	  1103 : 0
  1100	  1123 : 0
  1120	  1127 : 0
  1124	  1391 : 0
  1388	  1511 : 0
  1508	  1543 : 0
  1540	  1575 : 0
  1572	  1579 : 0
  1576	  1691 : 0
  1688	  1699 : 0
  1696	  1711 : 0
  1708	  1735 : 0
  1732	  1739 : 0
  1736	  1907 : 0
  1904	  1911 : 0
  1908	  1959 : 0
  1956	  2047 : 0
  2044	  2051 : 0
  2048	  2071 : 0
  2068	  2075 : 0
  2072	  2087 : 0
  2084	  2099 : 0
  2096	  2103 : 0
  2100	  2107 : 1
  2104	  2111 : 2
  2108	  2343 : 0
  2340	  2463 : 0
  2460	  2551 : 0
  2548	  2555 : 1
  2552	  2599 : 0
  2596	  2603 : 0
  2600	  2619 : 0
  2616	  2623 : 0
  2620	  2655 : 0
  2652	  2663 : 0
  2660	  2763 : 0
  2760	  2779 : 1
  2776	  2791 : 0
  2788	  2795 : 0
  2792	  2799 : 0
  2796	  2839 : 0
  2836	  2847 : 0
  2844	  2867 : 1
  2864	  2879 : 0
  2876	  2907 : 0
  2904	  2915 : 0
  2912	  2927 : 0
  2924	  2943 : 0
  2940	  2959 : 0
  2956	  2963 : 0
  2960	  2975 : 0
  2972	  2987 : 0
  2984	  3027 : 0
  3024	  3031 : 0
  3028	  3047 : 1
  3044	  3051 : 0
  3048	  3055 : 0
  3052	  3059 : 0
  3056	  3079 : 0
  3076	  3083 : 0
  3080	  3091 : 0
  3088	  3095 : 0
  3092	  3111 : 1
  3108	  3295 : 0
  3292	  3327 : 0
  3324	  3359 : 0
  3356	  3387 : 0
  3384	  3403 : 0
  3400	  3407 : 0
  3404	  3467 : 0
  3464	  3471 : 0
  3468	  3539 : 0
  3536	  3567 : 0
  3564	  3595 : 0
  3592	  3643 : 0
  3640	  3695 : 0
  3692	  3715 : 0
  3712	  3723 : 0
  3720	  3787 : 0
  3784	  3791 : 0
  3788	  3795 : 0
  3792	  3803 : 0
  3800	  3855 : 0
  3852	  3879 : 0
  3876	  3895 : 0
  3892	  3907 : 0
  3904	  3947 : 0
  3944	  3959 : 0
  3956	  4183 : 0
  4180	  4187 : 0
  4184	  4211 : 0
  4208	  4235 : 0
  4232	  4315 : 0
  4312	  4427 : 0
  4424	  4443 : 0
  4440	  4591 : 0
  4588	  4667 : 1
  4664	  4775 : 0
