     0	    79 : 0
    76	   107 : 0
   104	   119 : 0
   116	   127 : 0
   124	   135 : 0
   132	   143 : 0
   140	   151 : 0
   148	   223 : 0
   220	   231 : 0
   228	   239 : 0
   236	   251 : 0
   248	   271 : 0
   268	   307 : 0
   304	   367 : 0
   364	   383 : 0
   380	   387 : 0
   384	   395 : 0
   392	   415 : 0
   412	   451 : 0
   448	   459 : 0
   456	   539 : 0
   536	   587 : 1
   584	   591 : 0
   588	   595 : 0
   592	   619 : 0
   616	   623 : 0
   620	   635 : 0
   632	   639 : 0
   636	   651 : 0
   648	   679 : 0
   676	   751 : 0
   748	   999 : 0
   996	  1027 : 0
  1024	  1059 : 0
  1056	  1243 : 0
  1240	  1255 : 0
  1252	  1535 : 0
  1532	  1559 : 0
  1556	  1579 : 0
  1576	  1587 : 0
  1584	  1599 : 0
  1596	  1607 : 0
  1604	  1611 : 0
  1608	  1623 : 0
  1620	  1647 : 0
  1644	  1667 : 0
  1664	  1723 : 0
  1720	  1735 : 0
  1732	  1743 : 0
  1740	  1799 : 0
  1796	  1823 : 0
  1820	  1847 : 0
  1844	  1915 : 0
  1912	  1923 : 0
  1920	  1939 : 0
  1936	  1955 : 0
  1952	  1971 : 0
  1968	  2099 : 0
  2096	  2123 : 0
  2120	  2191 : 0
  2188	  2235 : 0
  2232	  2251 : 0
  2248	  2267 : 0
  2264	  2415 : 0
  2412	  2499 : 0
  2496	  2535 : 0
  2532	  2539 : 0
  2536	  2559 : 0
  2556	  2583 : 0
  2580	  2607 : 0
  2604	  2615 : 0
  2612	  2647 : 0
  2644	  2671 : 0
  2668	  2739 : 0
  2736	  2743 : 0
  2740	  2759 : 0
  2756	  2791 : 0
  2788	  2955 : 0
  2952	  2971 : 0
  2968	  2983 : 0
  2980	  3063 : 0
  3060	  3127 : 0
  3124	  3179 : 0
  3176	  3215 : 0
  3212	  3239 : 0
  3236	  3251 : 0
  3248	  3275 : 0
  3272	  3283 : 0
  3280	  3295 : 0
  3292	  3299 : 0
  3296	  3315 : 0
  3312	  3339 : 0
  3336	  3355 : 0
  3352	  3371 : 0
  3368	  3375 : 0
  3372	  3487 : 0
  3484	  3507 : 0
  3504	  3563 : 0
  3560	  3587 : 0
  3584	  3591 : 0
  3588	  3595 : 0
  3592	  3691 : 1
  3688	  3703 : 0
  3700	  3711 : 0
  3708	  3715 : 0
  3712	  3731 : 0
  3728	  3815 : 0
  3812	  3823 : 0
  3820	  3907 : 0
  3904	  3911 : 0
  3908	  3915 : 0
  3912	  3927 : 0
  3924	  4039 : 0
  4036	  4047 : 0
  4044	  4079 : 0
  4076	  4087 : 0
  4084	  4103 : 0
  4100	  4115 : 0
  4112	  4123 : 0
  4120	  4139 : 0
  4136	  4191 : 0
  4188	  4231 : 0
  4228	  4235 : 0
  4232	  4279 : 0
  4276	  4451 : 0
  4448	  4491 : 0
  4488	  4503 : 0
  4500	  4555 : 0
  4552	  4719 : 0
  4716	  4723 : 0
  4720	  4767 : 0
  4764	  4811 : 0
  4808	  4823 : 0
  4820	  4851 : 0
  4848	  4879 : 0
  4876	  4895 : 0
  4892	  4903 : 0
  4900	  4911 : 0
  4908	  4923 : 0
  4920	  4927 : 0
  4924	  4935 : 0
  4932	  4939 : 0
  4936	  4947 : 0
  4944	  4975 : 0
  4972	  5031 : 0
  5028	  5035 : 0
  5032	  5059 : 0
  5056	  5063 : 0
  5060	  5159 : 0
  5156	  5163 : 0
  5160	  5215 : 0
  5212	  5223 : 0
  5220	  5247 : 0
  5244	  5251 : 0
  5248	  5267 : 0
  5264	  5271 : 0
  5268	  5275 : 0
  5272	  5279 : 0
  5276	  5283 : 0
  5280	  5291 : 0
  5288	  5443 : 0
  5440	  5451 : 1
  5448	  5483 : 0
  5480	  5499 : 0
  5496	  5555 : 0
  5552	  5575 : 0
  5572	  5607 : 0
  5604	  5647 : 0
  5644	  5667 : 0
  5664	  5691 : 0
  5688	  5847 : 0
  5844	  5855 : 1
  5852	  5951 : 0
  5948	  5963 : 0
  5960	  5983 : 0
  5980	  5999 : 0
  5996	  6003 : 0
  6000	  6007 : 0
  6004	  6011 : 0
  6008	  6019 : 0
  6016	  6023 : 0
  6020	  6027 : 0
  6024	  6039 : 0
  6036	  6047 : 0
  6044	  6147 : 0
  6144	  6151 : 0
  6148	  6191 : 0
  6188	  6199 : 0
  6196	  6211 : 0
  6208	  6239 : 0
  6236	  6299 : 0
  6296	  6339 : 1
  6336	  6471 : 0
  6468	  6479 : 0
  6476	  6483 : 0
  6480	  6623 : 0
  6620	  6679 : 0
  6676	  6723 : 0
  6720	  6727 : 0
  6724	  6735 : 0
  6732	  6763 : 0
  6760	  6775 : 0
  6772	  6783 : 0
  6780	  6799 : 0
  6796	  6807 : 0
  6804	  6819 : 0
  6816	  6927 : 0
  6924	  6939 : 0
  6936	  6955 : 0
  6952	  6963 : 0
  6960	  6983 : 0
  6980	  6995 : 0
  6992	  7031 : 0
  7028	  7039 : 1
  7036	  7095 : 0
  7092	  7111 : 0
  7108	  7131 : 0
  7128	  7135 : 0
  7132	  7195 : 0
  7192	  7199 : 0
  7196	  7227 : 0
  7224	  7247 : 0
  7244	  7327 : 0
  7324	  7339 : 0
  7336	  7347 : 0
  7344	  7351 : 0
  7348	  7355 : 0
  7352	  7403 : 0
  7400	  7407 : 0
  7404	  7415 : 0
  7412	  7423 : 0
  7420	  7427 : 0
  7424	  7431 : 0
  7428	  7455 : 0
  7452	  7483 : 0
  7480	  7495 : 0
  7492	  7531 : 0
  7528	  7543 : 0
  7540	  7547 : 0
  7544	  7587 : 0
  7584	  7599 : 0
  7596	  7603 : 0
  7600	  7607 : 0
  7604	  7611 : 0
  7608	  7615 : 0
  7612	  7691 : 0
  7688	  7727 : 0
  7724	  7747 : 0
  7744	  7779 : 0
  7776	  7815 : 0
  7812	  7847 : 0
  7844	  7939 : 0
  7936	  7943 : 0
  7940	  7971 : 0
  7968	  8103 : 0
  8100	  8107 : 1
  8104	  8139 : 0
  8136	  8151 : 0
  8148	  8303 : 0
  8300	  8335 : 0
  8332	  8339 : 0
  8336	  8375 : 0
  8372	  8423 : 0
  8420	  8611 : 0
  8608	  8615 : 0
  8612	  8623 : 0
  8620	  8627 : 0
  8624	  8659 : 0
  8656	  8871 : 0
  8868	  8875 : 0
  8872	  8943 : 0
  8940	  8951 : 0
  8948	  8971 : 0
  8968	  8995 : 0
  8992	  9011 : 0
  9008	  9031 : 0
  9028	  9043 : 0
  9040	  9047 : 0
  9044	  9055 : 0
  9052	  9063 : 0
  9060	  9171 : 0
  9168	  9195 : 0
  9192	  9199 : 0
  9196	  9219 : 0
  9216	  9235 : 0
  9232	  9239 : 0
  9236	  9279 : 0
  9276	  9431 : 1
  9428	  9503 : 0
  9500	  9531 : 0
  9528	  9579 : 0
  9576	  9607 : 0
  9604	  9627 : 0
  9624	  9631 : 0
  9628	  9635 : 0
  9632	  9651 : 0
  9648	  9875 : 0
  9872	  9883 : 0
  9880	  9955 : 0
  9952	 10031 : 0
 10028	 10035 : 0
 10032	 10055 : 0
 10052	 10063 : 0
 10060	 10071 : 0
 10068	 10079 : 0
 10076	 10131 : 0
 10128	 10203 : 0
 10200	 10223 : 0
 10220	 10227 : 0
 10224	 10263 : 0
 10260	 10279 : 0
 10276	 10283 : 0
 10280	 10295 : 0
 10292	 10307 : 0
 10304	 10319 : 0
 10316	 10327 : 0
 10324	 10339 : 0
 10336	 10355 : 0
 10352	 10379 : 0
 10376	 10391 : 0
 10388	 10407 : 0
 10404	 10427 : 0
 10424	 10431 : 0
 10428	 10447 : 0
 10444	 10463 : 0
 10460	 10499 : 0
 10496	 10515 : 0
 10512	 10519 : 0
 10516	 10543 : 0
 10540	 10547 : 1
 10544	 10583 : 0
 10580	 10667 : 0
 10664	 10715 : 0
 10712	 10719 : 0
 10716	 10747 : 0
 10744	 10763 : 0
 10760	 10787 : 0
 10784	 10843 : 0
 10840	 10871 : 0
 10868	 10907 : 0
 10904	 10923 : 0
 10920	 10987 : 0
 10984	 10991 : 0
 10988	 11011 : 0
 11008	 11051 : 0
 11048	 11063 : 0
 11060	 11075 : 0
 11072	 11187 : 0
 11184	 11195 : 0
 11192	 11199 : 0
 11196	 11203 : 0
 11200	 11215 : 0
 11212	 11271 : 0
 11268	 11291 : 0
 11288	 11295 : 0
 11292	 11307 : 0
 11304	 11311 : 0
 11308	 11347 : 0
 11344	 11371 : 0
 11368	 11383 : 0
 11380	 11443 : 0
 11440	 11455 : 1
 11452	 11479 : 0
 11476	 11527 : 0
 11524	 11575 : 0
 11572	 11595 : 0
 11592	 11603 : 0
 11600	 11607 : 0
 11604	 11623 : 0
 11620	 11627 : 0
 11624	 11631 : 0
 11628	 11647 : 0
 11644	 11675 : 0
 11672	 11703 : 0
 11700	 11723 : 0
 11720	 11819 : 0
 11816	 11823 : 0
 11820	 11851 : 0
 11848	 11863 : 0
 11860	 11867 : 0
 11864	 11903 : 0
 11900	 11907 : 0
 11904	 11911 : 0
 11908	 11923 : 0
 11920	 11927 : 0
 11924	 11947 : 0
 11944	 11955 : 0
 11952	 11967 : 0
 11964	 11975 : 0
 11972	 11979 : 0
 11976	 11983 : 0
 11980	 12031 : 0
 12028	 12035 : 0
 12032	 12051 : 0
 12048	 12095 : 0
 12092	 12139 : 0
 12136	 12143 : 0
 12140	 12163 : 0
 12160	 12167 : 0
 12164	 12211 : 0
 12208	 12231 : 0
 12228	 12255 : 0
 12252	 12295 : 0
 12292	 12299 : 0
 12296	 12327 : 0
 12324	 12343 : 0
 12340	 12367 : 0
 12364	 12399 : 0
 12396	 12439 : 0
 12436	 12519 : 0
 12516	 12523 : 0
 12520	 12555 : 0
 12552	 12567 : 0
 12564	 12587 : 0
 12584	 12595 : 0
 12592	 12599 : 0
 12596	 12771 : 0
 12768	 12779 : 0
 12776	 12831 : 0
 12828	 12855 : 0
 12852	 12883 : 0
 12880	 12891 : 0
 12888	 12927 : 0
 12924	 12935 : 0
 12932	 12955 : 0
 12952	 12963 : 0
 12960	 13007 : 0
 13004	 13023 : 0
 13020	 13027 : 0
 13024	 13031 : 0
 13028	 13039 : 0
 13036	 13083 : 0
 13080	 13091 : 0
 13088	 13107 : 0
 13104	 13131 : 0
 13128	 13139 : 0
 13136	 13147 : 0
 13144	 13163 : 0
 13160	 13183 : 0
 13180	 13191 : 0
 13188	 13259 : 0
 13256	 13279 : 0
 13276	 13283 : 0
 13280	 13311 : 0
 13308	 13319 : 0
 13316	 13323 : 0
 13320	 13399 : 0
 13396	 13411 : 0
 13408	 13511 : 0
 13508	 13523 : 0
 13520	 13531 : 0
 13528	 13543 : 0
 13540	 13551 : 0
 13548	 13563 : 0
 13560	 13659 : 0
 13656	 13671 : 0
 13668	 13711 : 0
 13708	 13719 : 1
 13716	 13759 : 0
 13756	 13783 : 0
 13780	 13811 : 0
 13808	 13847 : 0
 13844	 13851 : 0
 13848	 13863 : 0
 13860	 13875 : 0
 13872	 13899 : 0
 13896	 13903 : 0
 13900	 13911 : 0
 13908	 13915 : 0
 13912	 13923 : 0
 13920	 13939 : 0
 13936	 13967 : 0
 13964	 13975 : 0
 13972	 14151 : 1
 14148	 14155 : 0
 14152	 14159 : 0
 14156	 14199 : 0
 14196	 14203 : 0
 14200	 14211 : 0
 14208	 14255 : 0
 14252	 14259 : 0
 14256	 14335 : 0
 14332	 14363 : 0
 14360	 14367 : 0
 14364	 14371 : 0
 14368	 14431 : 0
 14428	 14455 : 0
 14452	 14459 : 0
 14456	 14467 : 0
 14464	 14803 : 0
 14800	 14807 : 0
 14804	 14811 : 0
 14808	 14823 : 0
 14820	 14831 : 0
 14828	 14855 : 0
 14852	 15019 : 0
 15016	 15027 : 0
 15024	 15031 : 0
 15028	 15047 : 0
 15044	 15051 : 0
 15048	 15095 : 0
 15092	 15099 : 0
 15096	 15107 : 0
 15104	 15111 : 0
 15108	 15115 : 0
 15112	 15123 : 0
 15120	 15127 : 0
 15124	 15151 : 0
 15148	 15191 : 0
 15188	 15203 : 0
 15200	 15211 : 0
 15208	 15251 : 0
 15248	 15267 : 0
 15264	 15275 : 0
 15272	 15307 : 0
 15304	 15323 : 0
 15320	 15327 : 0
 15324	 15335 : 0
 15332	 15347 : 0
 15344	 15355 : 0
 15352	 15375 : 0
 15372	 15395 : 0
 15392	 15403 : 0
 15400	 15407 : 0
 15404	 15411 : 0
 15408	 15419 : 0
 15416	 15427 : 0
 15424	 15435 : 0
 15432	 15443 : 0
 15440	 15447 : 0
 15444	 15463 : 0
 15460	 15475 : 0
 15472	 15479 : 0
 15476	 15491 : 1
 15488	 15507 : 0
 15504	 15523 : 0
 15520	 15663 : 0
 15660	 15715 : 0
 15712	 15731 : 0
 15728	 15779 : 0
 15776	 15795 : 0
 15792	 15799 : 1
 15796	 15951 : 0
 15948	 15991 : 0
 15988	 16143 : 0
 16140	 16155 : 0
 16152	 16163 : 0
 16160	 16167 : 0
 16164	 16171 : 0
 16168	 16219 : 0
 16216	 16247 : 0
 16244	 16275 : 0
 16272	 16299 : 0
 16296	 16339 : 0
 16336	 16343 : 0
 16340	 16347 : 0
 16344	 16351 : 0
 16348	 16359 : 0
 16356	 16375 : 0
 16372	 16407 : 0
 16404	 16519 : 0
 16516	 16527 : 1
 16524	 16747 : 0
 16744	 16843 : 0
 16840	 16907 : 0
 16904	 16915 : 0
 16912	 17075 : 0
 17072	 17127 : 0
 17124	 17155 : 0
 17152	 17171 : 0
 17168	 17183 : 0
 17180	 17195 : 0
 17192	 17219 : 0
 17216	 17227 : 0
 17224	 17247 : 0
 17244	 17259 : 0
 17256	 17271 : 0
 17268	 17339 : 0
 17336	 17343 : 0
 17340	 17463 : 0
 17460	 17571 : 0
 17568	 17575 : 0
 17572	 17599 : 0
 17596	 17603 : 0
 17600	 17607 : 0
 17604	 17635 : 0
 17632	 17671 : 0
 17668	 17679 : 0
 17676	 17687 : 0
 17684	 17691 : 0
 17688	 17707 : 0
 17704	 17735 : 0
 17732	 17751 : 0
 17748	 17771 : 0
 17768	 17907 : 0
 17904	 17915 : 0
 17912	 17919 : 0
 17916	 17943 : 0
 17940	 18031 : 0
 18028	 18055 : 0
 18052	 18071 : 0
 18068	 18119 : 0
 18116	 18127 : 0
 18124	 18151 : 0
 18148	 18247 : 0
 18244	 18251 : 0
 18248	 18267 : 0
 18264	 18271 : 0
 18268	 18283 : 0
 18280	 18319 : 0
 18316	 18323 : 0
 18320	 18327 : 0
 18324	 18387 : 0
 18384	 18399 : 0
 18396	 18403 : 0
 18400	 18411 : 0
 18408	 18419 : 0
 18416	 18423 : 0
 18420	 18447 : 0
 18444	 18475 : 0
 18472	 18511 : 0
 18508	 18515 : 1
 18512	 18519 : 0
 18516	 18527 : 0
 18524	 18583 : 0
 18580	 18587 : 0
 18584	 18639 : 0
 18636	 18643 : 0
 18640	 18671 : 0
 18668	 18683 : 0
 18680	 18699 : 0
 18696	 18719 : 0
 18716	 18791 : 0
 18788	 18807 : 0
 18804	 18851 : 0
 18848	 18867 : 0
 18864	 18871 : 0
 18868	 18919 : 0
 18916	 18955 : 0
 18952	 18979 : 1
 18976	 18983 : 0
 18980	 19031 : 0
 19028	 19083 : 0
 19080	 19095 : 0
 19092	 19151 : 0
 19148	 19163 : 0
 19160	 19183 : 0
 19180	 19191 : 0
 19188	 19203 : 0
 19200	 19211 : 0
 19208	 19235 : 0
 19232	 19259 : 0
 19256	 19275 : 0
 19272	 19283 : 1
 19280	 19419 : 0
 19416	 19451 : 0
 19448	 19455 : 0
 19452	 19487 : 0
 19484	 19491 : 0
 19488	 19507 : 0
 19504	 19635 : 0
 19632	 19731 : 0
 19728	 19839 : 0
 19836	 19843 : 1
 19840	 19875 : 0
 19872	 19879 : 0
 19876	 19915 : 0
 19912	 19955 : 0
 19952	 19959 : 0
 19956	 19979 : 0
 19976	 19999 : 0
 19996	 20011 : 0
 20008	 20027 : 0
 20024	 20031 : 0
 20028	 20067 : 0
 20064	 20131 : 0
 20128	 20143 : 0
 20140	 20155 : 0
 20152	 20179 : 0
 20176	 20183 : 0
 20180	 20239 : 0
 20236	 20267 : 0
 20264	 20303 : 0
 20300	 20315 : 0
 20312	 20335 : 0
 20332	 20343 : 0
 20340	 20387 : 0
 20384	 20403 : 0
 20400	 20475 : 0
 20472	 20495 : 0
 20492	 20591 : 0
 20588	 20595 : 0
 20592	 20627 : 0
 20624	 20635 : 0
 20632	 20639 : 0
 20636	 20643 : 0
 20640	 20655 : 0
 20652	 20671 : 0
 20668	 20695 : 0
 20692	 20703 : 0
 20700	 20711 : 0
 20708	 20723 : 0
 20720	 20755 : 0
 20752	 20807 : 0
 20804	 20811 : 0
 20808	 20823 : 0
 20820	 20835 : 0
 20832	 20847 : 0
 20844	 20895 : 0
 20892	 20903 : 0
 20900	 20955 : 0
 20952	 20983 : 0
 20980	 21015 : 0
 21012	 21019 : 0
 21016	 21047 : 0
 21044	 21051 : 0
 21048	 21067 : 0
 21064	 21075 : 0
 21072	 21123 : 0
 21120	 21131 : 0
 21128	 21151 : 0
 21148	 21179 : 0
 21176	 21303 : 0
 21300	 21315 : 0
 21312	 21327 : 0
 21324	 21415 : 0
 21412	 21459 : 0
 21456	 21491 : 0
 21488	 21531 : 0
 21528	 21551 : 0
 21548	 21555 : 0
 21552	 21579 : 0
 21576	 21651 : 0
 21648	 21659 : 0
 21656	 21763 : 0
 21760	 21767 : 1
 21764	 21787 : 0
 21784	 21811 : 0
 21808	 21839 : 0
 21836	 21847 : 0
 21844	 21863 : 0
 21860	 21967 : 0
 21964	 22027 : 0
 22024	 22031 : 0
 22028	 22279 : 0
 22276	 22307 : 0
 22304	 22347 : 0
 22344	 22351 : 0
 22348	 22379 : 0
 22376	 22395 : 0
 22392	 22407 : 0
 22404	 22451 : 0
 22448	 22471 : 0
 22468	 22479 : 0
 22476	 22483 : 0
 22480	 22499 : 0
 22496	 22519 : 0
 22516	 22527 : 0
 22524	 22555 : 0
 22552	 22567 : 1
 22564	 22583 : 0
 22580	 22631 : 0
 22628	 22635 : 0
 22632	 22643 : 0
 22640	 22675 : 0
 22672	 22683 : 0
 22680	 22699 : 0
 22696	 22723 : 0
 22720	 22727 : 0
 22724	 22771 : 0
 22768	 22839 : 0
 22836	 22863 : 0
 22860	 22867 : 0
 22864	 22907 : 0
 22904	 22919 : 0
 22916	 22923 : 0
 22920	 22935 : 0
 22932	 22951 : 0
 22948	 22975 : 0
 22972	 22979 : 0
 22976	 22999 : 0
 22996	 23035 : 0
 23032	 23051 : 0
 23048	 23059 : 0
 23056	 23087 : 0
 23084	 23159 : 0
 23156	 23163 : 0
 23160	 23275 : 0
 23272	 23279 : 0
 23276	 23283 : 0
 23280	 23383 : 0
 23380	 23423 : 0
 23420	 23563 : 0
 23560	 23591 : 0
 23588	 23659 : 0
 23656	 23667 : 0
 23664	 23679 : 0
 23676	 23687 : 0
 23684	 23751 : 0
 23748	 23771 : 0
 23768	 23799 : 0
 23796	 23807 : 1
 23804	 23831 : 0
 23828	 23843 : 0
 23840	 23887 : 0
 23884	 23903 : 0
 23900	 23907 : 0
 23904	 23911 : 0
 23908	 23983 : 0
 23980	 24003 : 0
 24000	 24083 : 0
 24080	 24103 : 0
 24100	 24267 : 0
 24264	 24303 : 0
 24300	 24315 : 0
 24312	 24327 : 0
 24324	 24347 : 0
 24344	 24351 : 0
 24348	 24383 : 0
 24380	 24399 : 0
 24396	 24435 : 0
 24432	 24483 : 0
 24480	 24491 : 0
 24488	 24531 : 0
 24528	 24551 : 0
 24548	 24583 : 0
 24580	 24587 : 0
 24584	 24591 : 0
 24588	 24603 : 0
 24600	 24611 : 0
 24608	 24619 : 0
 24616	 24639 : 0
 24636	 24643 : 0
 24640	 24651 : 0
 24648	 24667 : 0
 24664	 24675 : 0
 24672	 24691 : 0
 24688	 24739 : 0
 24736	 24751 : 0
 24748	 24763 : 0
 24760	 24767 : 0
 24764	 24771 : 0
 24768	 24783 : 0
 24780	 24823 : 0
 24820	 24847 : 0
 24844	 24879 : 0
 24876	 24883 : 0
 24880	 24907 : 0
 24904	 24927 : 0
 24924	 24935 : 0
 24932	 24947 : 0
 24944	 24959 : 0
 24956	 24967 : 0
 24964	 25011 : 0
 25008	 25035 : 0
 25032	 25067 : 0
 25064	 25095 : 0
 25092	 25103 : 0
 25100	 25111 : 0
 25108	 25115 : 0
 25112	 25123 : 0
 25120	 25135 : 1
 25132	 25171 : 0
 25168	 25179 : 0
 25176	 25191 : 0
 25188	 25203 : 0
 25200	 25231 : 0
 25228	 25239 : 0
 25236	 25283 : 0
 25280	 25287 : 0
 25284	 25291 : 0
 25288	 25295 : 0
 25292	 25299 : 0
 25296	 25311 : 0
 25308	 25323 : 0
 25320	 25335 : 0
 25332	 25347 : 0
 25344	 25363 : 0
 25360	 25375 : 0
 25372	 25399 : 0
 25396	 25403 : 0
 25400	 25451 : 0
 25448	 25463 : 0
 25460	 25483 : 0
 25480	 25507 : 0
 25504	 25539 : 0
 25536	 25559 : 0
 25556	 25567 : 0
 25564	 25575 : 0
 25572	 25583 : 0
 25580	 25619 : 0
 25616	 25679 : 0
 25676	 25687 : 0
 25684	 25719 : 0
 25716	 25747 : 0
 25744	 25759 : 0
 25756	 25763 : 0
 25760	 25795 : 0
 25792	 25835 : 0
 25832	 25867 : 0
 25864	 25891 : 0
 25888	 25903 : 0
 25900	 25915 : 0
 25912	 25935 : 0
 25932	 25959 : 0
 25956	 25971 : 0
 25968	 25983 : 0
 25980	 25995 : 0
 25992	 26107 : 0
 26104	 26111 : 0
 26108	 26115 : 0
 26112	 26159 : 1
 26156	 26183 : 0
 26180	 26203 : 0
 26200	 26211 : 0
 26208	 26219 : 0
 26216	 26223 : 0
 26220	 26235 : 1
 26232	 26243 : 0
 26240	 26247 : 0
 26244	 26259 : 0
 26256	 26263 : 0
 26260	 26287 : 0
 26284	 26295 : 0
 26292	 26319 : 0
 26316	 26339 : 0
 26336	 26359 : 0
 26356	 26379 : 0
 26376	 26383 : 0
 26380	 26399 : 0
 26396	 26487 : 0
 26484	 26535 : 0
 26532	 26587 : 0
 26584	 26595 : 0
 26592	 26607 : 0
 26604	 26667 : 0
 26664	 26739 : 0
 26736	 26747 : 0
 26744	 26811 : 0
 26808	 26835 : 0
 26832	 26843 : 0
 26840	 26851 : 0
 26848	 26875 : 0
 26872	 26895 : 0
 26892	 26899 : 0
 26896	 26943 : 0
 26940	 26959 : 0
 26956	 27015 : 0
 27012	 27023 : 0
 27020	 27043 : 0
 27040	 27075 : 0
 27072	 27111 : 0
 27108	 27123 : 0
 27120	 27127 : 0
 27124	 27171 : 0
 27168	 27175 : 0
 27172	 27183 : 0
 27180	 27187 : 0
 27184	 27195 : 0
 27192	 27207 : 0
 27204	 27239 : 0
 27236	 27243 : 0
 27240	 27247 : 0
 27244	 27251 : 0
 27248	 27259 : 0
 27256	 27323 : 0
 27320	 27339 : 0
 27336	 27367 : 0
 27364	 27371 : 0
 27368	 27403 : 0
 27400	 27407 : 0
 27404	 27479 : 0
 27476	 27483 : 0
 27480	 27535 : 0
 27532	 27551 : 0
 27548	 27555 : 0
 27552	 27591 : 0
 27588	 27615 : 1
 27612	 27643 : 0
 27640	 27655 : 0
 27652	 27719 : 0
 27716	 27755 : 0
 27752	 27811 : 0
 27808	 27891 : 0
 27888	 27955 : 0
 27952	 27971 : 0
 27968	 27987 : 0
 27984	 27995 : 0
 27992	 28055 : 0
 28052	 28059 : 0
 28056	 28071 : 0
 28068	 28083 : 0
 28080	 28131 : 0
 28128	 28151 : 0
 28148	 28171 : 0
 28168	 28195 : 1
 28192	 28211 : 0
 28208	 28227 : 0
 28224	 28243 : 0
 28240	 28255 : 0
 28252	 28279 : 0
 28276	 28287 : 1
 28284	 28359 : 0
 28356	 28379 : 0
 28376	 28507 : 0
 28504	 28519 : 0
 28516	 28639 : 0
 28636	 28663 : 0
 28660	 28715 : 0
 28712	 28779 : 0
 28776	 28851 : 0
 28848	 28879 : 0
 28876	 28907 : 0
 28904	 28915 : 0
 28912	 28927 : 0
 28924	 28931 : 0
 28928	 28939 : 0
 28936	 28955 : 0
 28952	 28967 : 0
 28964	 28995 : 0
 28992	 29095 : 0
 29092	 29099 : 0
 29096	 29155 : 0
 29152	 29175 : 0
 29172	 29199 : 0
 29196	 29227 : 0
 29224	 29243 : 0
 29240	 29247 : 0
 29244	 29327 : 0
 29324	 29343 : 0
 29340	 29359 : 0
 29356	 29403 : 0
 29400	 29411 : 0
 29408	 29419 : 1
 29416	 29455 : 0
 29452	 29467 : 0
 29464	 29619 : 0
 29616	 29623 : 0
 29620	 29651 : 0
 29648	 29663 : 0
 29660	 29691 : 0
 29688	 29711 : 0
 29708	 29763 : 0
 29760	 29767 : 0
 29764	 29775 : 0
 29772	 29823 : 0
 29820	 29847 : 0
 29844	 29871 : 0
 29868	 29899 : 0
 29896	 29915 : 0
 29912	 29931 : 0
 29928	 29935 : 0
 29932	 29939 : 0
 29936	 29975 : 0
 29972	 29979 : 0
 29976	 29983 : 0
 29980	 30027 : 0
 30024	 30099 : 1
 30096	 30195 : 0
 30192	 30255 : 0
 30252	 30263 : 0
 30260	 30275 : 0
 30272	 30291 : 0
 30288	 30303 : 0
 30300	 30307 : 0
 30304	 30311 : 0
 30308	 30339 : 0
 30336	 30355 : 0
 30352	 30387 : 0
 30384	 30395 : 1
 30392	 30399 : 0
 30396	 30403 : 0
 30400	 30423 : 0
 30420	 30435 : 0
 30432	 30443 : 0
 30440	 30447 : 0
 30444	 30471 : 0
 30468	 30479 : 0
 30476	 30487 : 0
 30484	 30499 : 0
 30496	 30519 : 0
 30516	 30551 : 0
 30548	 30555 : 0
 30552	 30583 : 0
 30580	 30587 : 0
 30584	 30639 : 0
 30636	 30643 : 0
 30640	 30647 : 0
 30644	 30719 : 0
 30716	 30783 : 0
 30780	 31151 : 0
 31148	 31159 : 0
 31156	 31187 : 0
 31184	 31199 : 0
 31196	 31291 : 0
 31288	 31295 : 0
 31292	 31307 : 0
 31304	 31319 : 0
 31316	 31347 : 0
 31344	 31371 : 0
 31368	 31471 : 0
 31468	 31491 : 0
 31488	 31503 : 0
 31500	 31519 : 0
 31516	 31539 : 0
 31536	 31559 : 1
 31556	 31567 : 0
 31564	 31591 : 0
 31588	 31595 : 0
 31592	 31615 : 0
 31612	 31623 : 0
 31620	 31627 : 0
 31624	 31863 : 0
 31860	 31875 : 0
 31872	 32035 : 0
 32032	 32043 : 0
 32040	 32071 : 0
 32068	 32075 : 0
 32072	 32139 : 0
 32136	 32143 : 0
 32140	 32159 : 0
 32156	 32163 : 0
 32160	 32259 : 0
 32256	 32295 : 0
 32292	 32363 : 0
 32360	 32379 : 0
 32376	 32427 : 0
 32424	 32431 : 0
 32428	 32711 : 0
 32708	 32723 : 0
 32720	 32739 : 0
 32736	 32803 : 0
 32800	 32819 : 0
 32816	 32895 : 0
 32892	 32963 : 0
 32960	 33007 : 0
 33004	 33215 : 0
 33212	 33219 : 0
 33216	 33227 : 0
 33224	 33271 : 0
 33268	 33375 : 0
 33372	 33387 : 0
 33384	 33651 : 0
 33648	 33691 : 0
 33688	 33715 : 0
 33712	 33759 : 0
 33756	 33907 : 0
 33904	 33915 : 1
 33912	 34055 : 0
 34052	 34067 : 0
 34064	 34087 : 0
 34084	 34111 : 0
 34108	 34135 : 0
 34132	 34139 : 0
 34136	 34295 : 0
 34292	 34307 : 0
 34304	 34323 : 0
 34320	 34375 : 0
 34372	 34383 : 0
 34380	 34399 : 0
 34396	 34419 : 0
 34416	 34463 : 0
 34460	 34647 : 0
 34644	 34663 : 0
 34660	 34687 : 0
 34684	 34711 : 0
 34708	 34715 : 0
 34712	 34743 : 0
 34740	 34843 : 0
 34840	 34851 : 0
 34848	 34859 : 0
 34856	 34875 : 0
 34872	 34883 : 0
 34880	 34927 : 0
 34924	 34939 : 0
 34936	 34943 : 0
 34940	 35103 : 0
 35100	 35115 : 0
 35112	 35131 : 0
 35128	 35135 : 0
 35132	 35199 : 0
 35196	 35207 : 0
 35204	 35215 : 0
 35212	 35219 : 0
 35216	 35299 : 0
 35296	 35315 : 0
 35312	 35607 : 0
 35604	 35611 : 0
 35608	 35627 : 0
 35624	 35671 : 0
 35668	 35679 : 0
 35676	 35695 : 0
 35692	 35759 : 0
 35756	 35763 : 0
 35760	 35771 : 0
 35768	 35775 : 0
 35772	 35779 : 0
 35776	 35795 : 0
 35792	 35799 : 0
 35796	 35815 : 0
 35812	 35839 : 0
 35836	 35843 : 0
 35840	 35847 : 0
 35844	 35863 : 0
 35860	 35879 : 0
 35876	 35883 : 0
 35880	 35955 : 0
 35952	 35967 : 0
 35964	 36059 : 0
 36056	 36063 : 0
 36060	 36067 : 0
 36064	 36087 : 0
 36084	 36111 : 0
 36108	 36127 : 0
 36124	 36139 : 0
 36136	 36219 : 0
 36216	 36235 : 0
 36232	 36239 : 0
 36236	 36299 : 0
 36296	 36311 : 0
 36308	 36351 : 0
