2297 2300
2559 2560
2561 2600
2607 2645
2746 2800
2850 2852
2853 2858
2886 2918
2921 2922
2952 2953
3084 3098
3099 3116
3157 3191
3226 3227
3232 3234
3264 3266
3302 3309
3369 3398
3403 3429
3460 3497
3707 3740
3941 3960
4058 4091
4545 4558
4646 4689
4875 4891
5262 5291
5295 5324
5368 5400
5404 5410
5417 5445
5465 5497
5501 5509
5524 5544
5561 5601
5748 5750
5751 5798
5803 5844
5856 5893
5898 5927
5971 5997
6001 6008
6012 6035
6069 6105
6110 6115
6142 6157
6185 6224
6229 6236
6241 6263
6300 6333
6337 6370
6377 6408
6414 6419
6435 6450
6473 6508
6514 6551
6568 6600
6603 6604
6661 6662
6668 6674
6675 6692
6701 6723
6727 6728
6785 6786
6842 6843
6870 6883
6912 6947
6953 6979
6988 7013
7018 7025
7026 7047
7070 7098
7102 7131
7140 7164
7166 7167
7227 7228
7282 7283
7289 7312
7336 7337
7338 7342
7346 7347
7348 7349
7353 7354
7411 7412
7446 7447
7498 7499
7512 7513
7519 7533
7558 7582
7614 7640
7673 7703
7708 7737
7743 7771
7776 7807
7816 7845
7849 7885
7894 7924
7928 7963
7973 8007
8011 8012
8061 8062
8113 8114
8157 8158
8163 8190
8200 8230
8235 8263
8279 8306
8311 8348
8405 8434
8439 8483
8618 8649
8655 8681
8808 8835
8846 8848
8970 8986
8996 9000
9024 9037
9091 9123
9127 9156
9178 9205
9233 9244
9371 9392
9402 9406
9474 9505
9512 9541
9567 9603
9611 9613
9688 9713
9717 9750
9761 9791
9936 9966
9973 10002
10011 10012
10050 10056
10217 10250
10332 10338
10345 10376
10512 10513
10567 10568
10618 10629
10634 10662
10677 10703
10705 10706
10758 10759
10772 10782
10783 10789
10814 10836
10840 10841
10878 10879
10884 10908
10919 10942
10943 10944
10960 10961
10967 10993
11010 11035
11036 11037
11064 11065
11124 11125
11130 11157
11168 11194
11200 11222
11232 11255
11261 11291
11300 11333
11356 11376
11398 11433
11440 11473
11491 11520
11526 11530
11536 11559
11596 11632
11650 11670
11729 11755
11912 11913
11955 11973
11983 11999
12318 12331
12359 12374
12507 12538
12600 12602
12681 12717
12722 12728
12738 12759
12872 12903
13292 13319
13326 13328
13403 13444
13449 13478
13578 13622
13627 13633
13639 13661
13688 13718
13723 13763
13782 13816
13824 13826
13855 13858
13901 13928
13933 13940
13942 13967
14012 14045
14049 14082
14100 14142
14147 14177
14209 14248
14253 14258
14262 14286
14313 14350
14355 14387
14421 14468
14472 14479
14483 14508
14548 14592
14596 14626
14696 14724
14806 14836
15159 15202
15324 15325
15326 15366
15373 15388
15422 15435
15523 15565
15761 15801
15814 15848
15853 15890
16036 16064
16065 16071
16079 16109
16173 16215
16275 16279
16375 16413
16421 16426
16449 16463
16649 16650
16657 16658
17258 17271
17841 17842
17970 17971
18171 18175
18261 18303
18310 18312
18320 18339
18357 18386
18392 18398
18400 18421
18455 18485
18508 18517
18519 18524
18677 18683
18742 18783
18789 18809
18812 18830
18859 18900
18950 18954
18996 19036
19201 19219
19240 19257
19315 19344
19349 19354
19370 19395
19468 19500
19504 19510
19521 19552
19596 19639
19644 19650
19670 19696
19752 19782
19786 19787
19836 19837
19883 19899
19961 20005
20011 20019
20021 20028
20051 20067
20104 20131
20135 20163
20211 20247
20251 20252
20311 20312
20361 20362
20422 20423
20469 20485
20536 20571
20575 20576
20630 20646
20662 20666
20667 20695
20699 20700
20745 20746
20968 21005
21012 21052
21340 21353
21383 21399
21583 21636
21641 21647
21650 21683
21926 21967
21993 22028
22033 22088
22397 22421
22426 22427
22430 22438
22440 22444
22450 22465
22508 22537
22974 22976
22980 22997
23000 23016
23545 23580
24199 24200
24205 24256
24261 24291
24426 24461
24468 24471
24646 24677
25144 25193
25514 25570
26268 26318
26543 26588
27889 27912
27931 27944
27990 28040
28045 28079
28115 28156
28160 28205
28310 28351
28358 28397
28443 28450
28451 28482
28487 28514
28543 28572
28578 28585
28613 28627
28659 28693
29168 29179
29186 29214
29415 29451
29919 29964
30549 30550
30553 30579
31381 31394
31611 31655
31857 31886
31895 31903
31950 31953
32166 32196
32639 32652
32879 32880
32881 32882
32910 32940
32947 32954
32961 32964
33102 33127
33303 33357
33362 33370
33375 33386
33400 33418
33617 33660
34394 34400
35623 35671
35807 35832
35842 35847
35855 35893
36360 36373
36575 36618
37332 37364
37371 37372
37381 37401
37428 37449
37453 37480
37503 37525
37529 37530
37587 37588
37594 37600
37601 37605
37616 37631
37657 37687
37691 37722
37788 37823
38170 38206
38214 38246
38341 38350
38356 38390
39287 39301
39381 39415
39634 39651
39653 39685
39875 39878
39883 39891
39892 39893
39900 39905
40108 40138
40142 40176
40220 40249
40536 40538
40540 40546
40578 40611
40705 40732
40740 40772
40822 40850
40851 40865
40872 40908
40924 40953
41055 41084
41087 41118
41127 41153
41158 41163
41856 41886
41891 41924
42027 42072
42081 42085
42115 42120
42122 42128
42208 42251
42418 42430
42442 42443
42504 42509
42688 42723
42730 42735
42763 42782
42839 42858
42873 42898
42935 42947
43054 43097
43103 43138
43299 43341
43345 43346
43387 43388
43394 43397
43398 43400
43401 43404
43413 43429
43450 43490
43496 43520
43529 43554
43558 43583
43593 43617
43622 43653
43665 43685
43689 43690
43727 43728
43872 43915
43925 43954
43979 44005
44060 44062
44112 44139
44143 44150
44154 44180
44218 44263
44269 44271
44282 44308
44347 44376
44381 44386
44394 44425
44447 44485
44623 44624
44625 44637
44641 44645
44653 44659
44668 44672
44769 44806
44812 44842
44855 44882
45004 45008
45009 45045
45233 45271
45277 45283
45290 45318
45335 45372
45645 45655
45657 45666
45817 45868
46099 46128
46133 46138
46150 46152
46155 46168
46235 46257
46390 46417
46421 46427
46450 46472
46483 46530
46535 46540
46550 46569
47135 47140
47143 47146
47309 47310
47718 47722
47727 47728
47859 47860
48300 48325
48326 48338
48345 48364
48422 48434
48653 48670
49135 49150
49171 49185
49424 49473
49732 49733
49941 49972
49976 50007
50175 50184
50189 50196
50206 50230
50233 50240
50283 50287
50291 50295
50296 50300
50305 50338
50343 50348
50352 50385
50552 50563
50607 50623
50919 50937
50938 50939
50944 50948
50950 50969
50974 50979
51007 51027
51049 51096
51100 51107
51109 51134
51175 51207
51215 51216
51233 51236
51237 51254
51272 51302
51391 51427
51433 51439
51443 51452
51458 51476
51533 51577
51759 51788
52172 52176
52549 52581
52620 52674
52679 52721
52794 52830
52837 52840
52884 52902
52942 52978
53345 53375
53426 53463
53467 53496
53639 53679
53730 53736
53778 53813
53993 54031
54049 54055
54056 54058
54309 54311
54767 54768
54811 54812
55120 55149
55166 55196
55200 55234
55275 55312
55316 55344
55385 55425
55432 55437
55467 55471
55499 55500
55502 55536
55547 55548
55573 55576
55608 55636
55639 55640
55689 55690
55701 55702
55703 55712
55729 55754
55897 55925
55927 55928
55985 55986
56009 56017
56018 56023
56048 56074
56083 56115
56190 56201
56204 56207
56215 56243
56255 56279
56284 56311
56358 56377
56381 56408
56423 56450
56559 56590
56595 56626
56654 56689
56806 56832
57225 57229
57262 57275
57411 57413
59253 59255
59579 59607
59776 59783
60297 60339
60343 60351
60352 60383
60474 60518
61184 61240
61245 61253
61276 61302
61328 61350
61365 61405
61410 61417
61422 61451
61500 61532
61537 61542
61553 61556
61560 61561
61562 61583
61600 61643
61647 61648
61701 61702
61707 61732
61761 61803
61808 61814
61829 61831
61836 61856
61914 61944
61948 61977
61997 62026
62030 62062
62111 62150
62215 62228
62290 62319
62325 62330
62334 62357
62374 62390
62391 62415
62419 62453
62470 62515
62519 62525
62534 62568
62602 62643
62647 62679
62704 62755
62760 62766
62773 62775
62800 62822
62935 62963
62968 62973
62980 63003
63055 63091
63096 63102
63118 63144
63223 63280
63284 63316
63457 63498
63502 63530
63663 63687
63688 63690
63696 63697
63704 63705
63765 63766
64041 64057
64063 64084
64087 64102
64221 64249
64638 64674
64682 64711
64740 64783
64788 64794
64803 64804
64827 64844
64875 64906
64912 64916
64932 64961
64978 65018
65023 65029
65037 65039
65050 65065
65089 65126
65130 65159
65174 65210
65215 65249
65264 65298
65303 65309
65317 65349
65369 65403
65409 65414
65423 65450
65474 65499
65502 65503
65554 65555
65583 65599
65628 65664
65668 65697
65736 65763
65767 65774
65776 65800
65809 65841
65845 65876
65900 65934
65935 65936
65940 65941
66001 66002
66008 66013
66015 66031
66040 66060
66064 66065
66107 66108
66114 66116
66122 66123
66133 66148
66342 66378
66383 66389
66391 66418
66433 66457
66461 66462
66518 66519
66524 66531
66532 66549
66556 66584
67509 67564
67602 67605
67610 67611
67618 67621
67640 67670
67690 67691
67692 67700
67751 67770
67833 67875
67950 67956
68005 68063
68303 68332
68356 68368
68554 68556
68557 68603
68608 68614
68647 68662
68679 68730
68772 68776
68797 68811
68882 68915
69076 69117
69276 69278
69281 69293