16	17
27	28
38	39
61	62
72	73
88	89
98	99
119	120
135	136
157	158
180	181
197	198
210	211
222	223
237	238
253	254
284	285
357	358
382	383
405	406
418	419
435	436
449	450
480	481
519	520
558	559
579	580
619	620
626	627
651	652
665	666
726	727
744	745
761	762
795	796
806	807
815	816
861	862
886	887
906	907
929	930
950	951
978	979
1006	1007
1043	1044
1065	1066
1078	1079
1093	1094
1110	1111
1132	1133
1148	1149
1168	1169
1196	1197
1214	1215
1233	1234
1253	1254
1273	1274
1288	1289
1312	1313
1327	1328
1346	1347
1366	1367
1410	1411
1485	1486
1593	1594
1616	1617
1658	1659
1683	1684
1731	1732
1777	1778
1807	1808
1837	1838
1883	1884
1918	1919
1937	1938
1966	1967
1998	1999
2022	2023
2066	2067
2121	2122
2150	2151
2181	2182
2245	2246
2266	2267
2277	2278
2299	2300
2315	2316
2332	2333
2362	2363
2386	2387
2416	2417
2446	2447
2458	2459
2481	2482
2524	2525
2572	2573
2606	2607
2622	2623
2686	2687
2704	2705
2756	2757
2773	2774
2804	2805
2832	2833
2867	2868
2924	2925
2969	2970
3001	3002
3023	3024
3039	3040
3069	3070
3105	3106
3138	3139
3164	3165
3266	3267
3296	3297
3310	3311
3334	3335
3365	3366
3374	3375
3417	3418
3472	3473
3482	3483
3515	3516
3603	3604
3638	3639
3729	3730
3760	3761
3782	3783
3823	3824
3833	3834
3854	3855
3918	3919
3955	3956
4010	4011
4082	4083
4100	4101
4132	4133
4171	4172
4182	4183
4213	4214
4271	4272
4318	4319
4347	4348
4368	4369
4389	4390
4443	4444
4455	4456
4476	4477
4498	4499
4519	4520
4538	4539
4559	4560
4580	4581
4619	4620
4635	4636
4651	4652
4671	4672
4709	4710
4729	4730
4751	4752
4783	4784
4800	4801
4919	4920
4936	4937
5058	5059
5122	5123
5164	5165
5232	5233
5279	5280
5311	5312
5444	5445
5464	5465
5474	5475
5482	5483
5540	5541
5562	5563
5622	5623
5661	5662
5721	5722
5742	5743
5766	5767
5784	5785
5791	5792
5804	5805
5817	5818
5840	5841
5856	5857
5881	5882
5957	5958
6037	6038
6065	6066
6093	6094
6130	6131
6161	6162
6206	6207
6215	6216
6273	6274
6299	6300
6401	6402
6453	6454
6481	6482
6603	6604
6642	6643
6715	6716
6743	6744
6762	6763
6801	6802
6862	6863
6942	6943
6978	6979
7048	7049
7152	7153
7211	7212
7226	7227
7250	7251
7277	7278
7309	7310
7336	7337
7377	7378
7419	7420
7454	7455
7494	7495
7558	7559
7639	7640
7704	7705
7737	7738
7752	7753
7780	7781
7797	7798
7818	7819
7863	7864
7892	7893
7914	7915
7949	7950
7969	7970
7999	8000
8034	8035
8105	8106
8145	8146
8158	8159
8180	8181
8229	8230
8278	8279
8298	8299
8341	8342
8450	8451
8494	8495
8519	8520
8545	8546
8571	8572
8603	8604
8676	8677
8699	8700
8738	8739
8770	8771
8794	8795
8864	8865
8904	8905
8919	8920
8960	8961
8989	8990
9009	9010
9060	9061
9091	9092
9136	9137
9175	9176
9206	9207
9269	9270
9298	9299
9308	9309
9381	9382
9427	9428
9460	9461
9480	9481
9520	9521
9538	9539
9552	9553
9566	9567
9579	9580
9605	9606
9619	9620
9640	9641
9679	9680
9719	9720
9781	9782
9813	9814
9821	9822
9824	9825
9835	9836
9847	9848
9875	9876
9905	9906
9938	9939
9961	9962
9981	9982
10036	10037
10051	10052
10135	10136
10197	10198
10278	10279
10362	10363
10398	10399
10444	10445
10476	10477
10484	10485
10541	10542
10575	10576
10603	10604
10636	10637
10693	10694
10759	10761
10842	10843
10880	10881
10898	10899
10969	10970
11016	11017
11020	11021
11038	11039
11047	11048
11079	11080
11182	11183
11258	11259
11284	11285
11350	11351
11376	11377
11404	11405
11472	11473
11583	11584
11620	11621
11704	11705
11748	11749
11808	11809
11880	11881
11946	11947
11963	11964
12022	12023
12077	12078
12115	12116
12136	12137
12180	12181
12213	12214
12244	12245
12276	12277
12322	12323
12357	12358
12385	12386
12426	12427
12451	12452
12488	12489
12544	12545
12577	12578
12594	12595
12664	12665
12684	12685
12741	12742
12760	12761
12788	12789
12817	12818
12850	12851
12898	12899
12930	12931
12981	12982
13034	13035
13068	13069
13105	13106
13200	13201
13386	13387
13472	13473
13552	13553
13643	13644
13714	13715
13759	13760
13772	13773
13810	13811
13903	13904
13912	13914
13978	13979
14011	14012
14044	14045
14066	14067
14095	14096
14119	14120
14171	14173
14240	14241
14292	14293
14393	14394
14642	14643
14696	14697
14765	14766
14895	14896
15037	15038
15310	15311
15367	15368
15454	15455
15569	15570
15611	15612
15683	15684
15816	15817
15913	15914
15933	15934
15983	15984
16041	16042
16079	16080
16138	16139
16199	16200
16271	16272
16354	16355
16375	16376
16405	16406
16491	16492
16503	16504
16515	16516
16545	16546
16629	16630
16684	16685
16746	16747
16797	16798
16842	16843
16887	16888
16958	16959
16974	16975
17048	17049
17081	17082
17164	17165
17205	17206
17235	17236
17273	17274
17309	17310
17379	17380
17435	17436
17467	17468
17502	17503
17521	17522
17542	17543
17576	17577
17663	17664
17803	17804
17805	17806
17864	17865
17873	17874
17881	17882
17904	17905
17934	17935
17964	17965
18009	18010
18047	18048
18172	18173
18201	18202
