34	35
62	63
81	82
105	106
122	123
185	186
197	198
239	240
252	253
294	295
306	307
333	334
358	359
386	387
423	424
441	442
468	469
493	494
515	516
554	555
595	596
607	608
649	650
715	716
742	743
761	762
790	791
820	821
860	861
878	879
893	894
912	913
930	931
945	946
975	976
991	992
1007	1008
1052	1053
1064	1065
1081	1082
1104	1105
1135	1136
1151	1152
1164	1165
1197	1198
1218	1219
1234	1235
1260	1261
1275	1276
1293	1294
1313	1314
1328	1329
1342	1343
1365	1366
1384	1385
1411	1412
1431	1432
1450	1451
1497	1498
1525	1526
1553	1554
1565	1566
1612	1613
1634	1635
1665	1666
1697	1698
1715	1716
1734	1735
1753	1754
1765	1766
1784	1785
1829	1830
1862	1863
1873	1874
1896	1897
1908	1909
1940	1941
1963	1964
1996	1997
2012	2013
2040	2041
2060	2061
2082	2083
2095	2096
2112	2113
2147	2148
2208	2209
2227	2228
2241	2242
2281	2282
2318	2319
2335	2336
2362	2363
2386	2387
2408	2409
2430	2431
2441	2442
2471	2472
2508	2509
2522	2523
2543	2544
2589	2590
2613	2614
2632	2633
2655	2656
2670	2671
2728	2729
2754	2755
2774	2775
2812	2813
2836	2837
2874	2875
2893	2894
2945	2946
2969	2970
3021	3022
3042	3043
3065	3066
3084	3085
3113	3114
3138	3139
3148	3149
3178	3179
3196	3197
3210	3211
3231	3232
3253	3254
3322	3323
3357	3358
3379	3380
3404	3405
3421	3422
3444	3445
3469	3470
3487	3488
3509	3510
3526	3527
3542	3543
3574	3575
3596	3597
3610	3611
3640	3641
3650	3651
3687	3688
3699	3700
3716	3717
3754	3755
3800	3801
3878	3879
3902	3903
3931	3932
3954	3955
3973	3974
3996	3997
4020	4021
4040	4041
4063	4064
4075	4076
4092	4093
4104	4105
4130	4131
4160	4161
4186	4187
4197	4198
4216	4217
4243	4244
4259	4260
4293	4294
4303	4304
4320	4321
4335	4336
4380	4381
4394	4395
4413	4414
4426	4427
