1	2
77	78
123	124
197	198
257	258
295	296
385	386
400	401
455	456
552	553
591	592
633	634
692	693
728	729
763	764
827	828
856	857
951	952
966	967
1016	1017
1028	1029
1078	1079
1118	1119
1146	1147
1226	1227
1277	1278
1308	1309
1346	1347
1368	1369
1393	1394
1446	1447
1502	1503
1548	1549
1616	1617
1711	1712
1738	1739
1782	1783
1805	1806
1863	1864
1887	1888
1916	1917
1985	1986
2008	2009
2040	2041
2112	2113
2143	2144
2222	2223
2295	2296
2428	2430
2464	2465
2543	2544
2612	2613
2645	2646
2657	2658
2758	2759
2838	2839
2968	2969
2996	2997
