97	98
419	420
455	456
511	512
559	560
858	859
910	911
1026	1027
1069	1070
1388	1389
1794	1795
1907	1908
2028	2029
2100	2101
2170	2171
2225	2226
2314	2315
2377	2378
2472	2473
2517	2518
2586	2587
2619	2620
2700	2701
2826	2827
2900	2901
3059	3060
3345	3346
3423	3424
3450	3451
3482	3483
3539	3540
3607	3608
3658	3659
3747	3748
3779	3780
3810	3811
4038	4039
4056	4057
4109	4110
4142	4143
4182	4183
4234	4235
4265	4266
4415	4416
4569	4570
5189	5190
5228	5229
5352	5353
5525	5526
5697	5698
5859	5860
5938	5939
6039	6040
6120	6121
6219	6220
6274	6275
6320	6321
6483	6484
6725	6726
6847	6848
7015	7016
7098	7099
7233	7234
