137	138
206	207
248	250
253	254
256	257
261	262
291	292
354	355
436	437
506	507
555	556
588	589
631	633
673	674
708	709
743	744
856	857
941	943
1028	1031
1090	1092
1154	1156
1208	1210
1255	1256
1321	1323
1383	1385
1438	1439
1478	1479
1563	1564
1581	1582
1711	1712
1791	1792
1874	1877
2026	2027
2072	2074
2151	2152
2205	2206
2313	2314
2385	2386
2441	2442
2476	2477
2522	2523
2547	2548
2601	2602
2641	2642
2681	2682
2698	2699
2726	2727
2897	2898
2958	2959
3036	3037
3088	3089
3127	3128
3166	3167
3187	3189
3243	3244
3291	3292
3314	3315
3341	3342
3382	3383
3453	3455
3528	3529
3584	3585
3641	3642
3698	3700
3761	3762
3858	3859
4019	4021
4103	4104
4128	4129
4135	4136
4252	4253
4309	4311
4379	4380
4454	4455
4543	4544
4556	4557
4573	4574
4586	4587
4601	4602
4646	4647
4681	4682
4746	4747
4846	4847
4911	4912
4961	4962
5007	5008
5059	5060
5238	5239
5399	5400
5464	5465
5521	5522
5595	5596
5685	5686
5861	5862
5936	5937
6060	6061
6136	6138
6206	6207
6482	6484
6682	6683
6971	6972
