110	112
217	219
543	544
591	592
639	640
729	730
776	777
883	884
953	954
1017	1018
1078	1079
1132	1133
1198	1199
1344	1345
1370	1371
1425	1426
1498	1499
1546	1547
1582	1583
1614	1615
1667	1668
1871	1872
2023	2024
2078	2079
2171	2172
2235	2236
2286	2287
2403	2404
2494	2495
2579	2580
2642	2643
2705	2706
2753	2754
2759	2760
2776	2777
2778	2779
2791	2792
2794	2795
2825	2826
2831	2832
2853	2854
2858	2859
2860	2861
2879	2881
2882	2883
2922	2924
2975	2976
3092	3093
3094	3095
3096	3097
3175	3176
3203	3204
3528	3530
3561	3563
3785	3786
3787	3788
4009	4010
