581	582
606	607
617	618
655	656
729	730
771	772
810	811
836	837
870	871
950	951
1032	1033
1066	1067
1107	1108
1186	1187
1243	1244
1273	1274
1300	1301
1355	1356
1431	1432
1545	1546
1621	1622
1698	1699
1811	1812
1915	1916
2332	2333
2531	2532
2573	2574
2711	2712
2748	2749
2834	2835
2879	2880
3003	3004
3114	3115
3180	3181
3248	3249
3321	3322
3332	3333
3356	3357
3549	3550
3861	3862
4032	4033
4093	4094
4319	4320
4461	4462
4492	4493
4573	4574
4621	4622
4693	4694
4777	4778
4849	4850
5032	5033
5196	5197
5353	5354
5462	5463
5619	5620
