73	74
157	158
170	171
218	219
223	225
286	287
297	299
398	399
537	538
605	606
679	680
686	687
790	791
805	806
821	822
837	838
842	843
862	863
881	882
963	964
989	990
994	995
1016	1017
1019	1020
1067	1068
1110	1111
1134	1135
1168	1170
1324	1325
1384	1385
1412	1413
1464	1465
1517	1518
1562	1563
1651	1652
1721	1722
1757	1758
1782	1783
1799	1800
1855	1856
1907	1908
1953	1954
2016	2017
2051	2052
2099	2100
2104	2105
2114	2115
2119	2120
2129	2130
2134	2135
2144	2145
2159	2160
2164	2165
2174	2175
2189	2190
2194	2195
2204	2205
2253	2254
2317	2319
2340	2341
2393	2395
2411	2412
2436	2437
2463	2464
2519	2520
2554	2555
2596	2597
2610	2611
2665	2666
2749	2750
2814	2815
2934	2935
2998	2999
3005	3007
3012	3013
3102	3103
3145	3146
3205	3206
3295	3296
3341	3342
3392	3393
3408	3409
3424	3425
3443	3444
3495	3496
3558	3559
3594	3595
3642	3643
3646	3647
3651	3652
3661	3662
3666	3667
3676	3677
3681	3682
3691	3692
3706	3707
3711	3712
3721	3722
3736	3737
3741	3742
3751	3752
3793	3794
3808	3809
3823	3824
3843	3844
3891	3892
3948	3949
3988	3989
4033	4034
4127	4128
4175	4176
4199	4200
4242	4243
4292	4293
4351	4352
4400	4401
4439	4441
