109	110
243	244
334	335
389	390
450	451
495	496
577	578
618	619
717	718
769	770
885	886
938	939
1125	1126
1164	1165
1258	1259
1403	1404
1493	1494
1575	1576
1673	1674
1732	1733
1810	1811
1859	1860
1922	1923
1986	1987
2034	2035
2089	2090
2222	2223
2255	2256
2310	2311
2395	2396
2441	2442
2554	2555
2589	2590
2607	2608
2626	2627
2699	2700
2744	2745
2774	2775
2805	2806
2858	2859
3022	3023
3209	3210
3268	3269
3406	3407
3462	3463
3626	3627
3882	3883
3945	3946
4081	4082
4132	4133
4192	4193
4241	4242
4444	4445
4493	4494
4590	4591
4685	4686
4734	4735
4766	4767
4799	4800
4829	4830
4952	4953
4993	4994
5039	5040
5077	5078
5126	5127
5211	5212
5322	5323
5353	5354
5392	5393
5442	5443
