75	76
105	106
245	246
277	278
414	415
486	487
589	590
860	861
892	893
972	973
1222	1223
1250	1251
1395	1396
1515	1516
1545	1546
1684	1685
1719	1720
1809	1810
2257	2258
2333	2334
2485	2486
2520	2521
2574	2575
2602	2603
2662	2663
2872	2873
2900	2901
2972	2973
3045	3046
3077	3078
3187	3188
3257	3258
3357	3358
3413	3414
3441	3442
3483	3484
3622	3623
3802	3803
3869	3870
3907	3908
3982	3983
4097	4098
4146	4147
4218	4219
4282	4283
4327	4328
4462	4463
4574	4575
4700	4701
4806	4807
4933	4934
5045	5046
5255	5256
5287	5288
5384	5385
5470	5471
5504	5505
5691	5692
5744	5745
5775	5776
5872	5873
5960	5961
5992	5993
6117	6118
6150	6151
6197	6198
