103	104
160	161
463	464
481	482
526	527
563	564
670	671
711	712
777	778
856	857
897	898
1105	1106
1197	1198
1302	1303
1375	1376
1430	1431
1455	1456
1491	1492
1506	1507
1530	1531
1580	1581
1605	1606
1621	1622
1755	1756
1800	1801
1827	1828
1958	1959
2008	2009
2055	2056
2235	2236
2286	2287
2352	2353
2420	2421
2460	2461
2521	2524
2705	2706
2746	2747
2826	2827
2945	2946
3008	3009
3120	3121
3240	3241
3345	3346
3408	3409
3475	3476
3575	3576
3666	3667
3770	3771
3825	3826
3856	3857
3996	3997
4113	4114
4226	4227
4257	4258
4381	4382
4465	4466
4525	4526
4568	4569
4618	4619
4652	4653
4675	4676
4682	4683
4830	4831
4840	4841
4872	4873
4940	4941
4980	4981
5055	5056
5127	5128
5136	5137
5177	5178
5183	5184
5265	5266
5300	5301
5320	5321
5330	5331
5387	5388
5425	5426
5465	5466
5492	5493
5507	5508
5560	5562
5571	5572
5596	5597
5652	5653
5658	5659
5668	5669
5715	5716
5761	5762
5770	5771
5781	5782
5818	5819
5867	5868
5917	5918
5970	5971
5975	5976
6278	6279
6285	6286
6302	6303
6360	6361
6420	6421
6430	6431
6445	6446
6462	6463
6495	6496
6507	6508
6520	6521
6572	6573
6583	6584
6627	6628
6630	6631
6725	6726
6745	6746
6796	6797
6805	6806
6816	6817
6870	6871
6881	6882
6910	6911
6920	6921
6962	6963
7020	7021
7032	7033
7035	7036
7061	7062
7126	7127
7186	7187
7201	7202
7215	7216
7283	7284
7450	7451
7465	7466
7481	7482
