9	10
78	79
162	163
337	338
369	370
455	456
518	519
581	582
659	660
692	693
720	721
770	771
812	813
850	851
1011	1012
1066	1067
1118	1119
1157	1158
1203	1204
1259	1260
1323	1324
1375	1376
1417	1418
1453	1454
1490	1491
1525	1526
1570	1571
1595	1596
1628	1629
1690	1691
1720	1721
1757	1758
1784	1785
1838	1839
1893	1894
1931	1932
2047	2048
2090	2091
2155	2156
2197	2198
2224	2225
2237	2238
2250	2251
2260	2261
2282	2283
2303	2304
2329	2330
2353	2354
2467	2468
2486	2487
2530	2531
2576	2577
2614	2615
2644	2645
2680	2681
2709	2710
2745	2746
2779	2780
2808	2809
2859	2860
2954	2955
3026	3027
3098	3099
3327	3328
3355	3356
3475	3476
3520	3521
3565	3566
3604	3605
3711	3712
3767	3768
3816	3817
3862	3863
3957	3958
3987	3988
4087	4088
4175	4176
4225	4226
4346	4348
4461	4462
4559	4560
4641	4642
4726	4727
4780	4782
4831	4833
4908	4909
5498	5499
5573	5574
5733	5734
5815	5816
5850	5851
5894	5895
6120	6121
6160	6161
6196	6197
6229	6230
6286	6287
6325	6326
6375	6376
6452	6453
6598	6599
6628	6629
6658	6659
6714	6715
6759	6760
6834	6835
6910	6911
7035	7036
7072	7073
7105	7106
