3	4
102	103
143	144
160	161
199	200
250	251
332	333
646	647
816	817
938	939
1032	1033
1048	1049
1067	1068
1095	1096
1312	1313
1360	1361
1392	1393
1428	1429
1460	1461
1478	1479
1498	1499
2020	2021
2580	2582
2655	2656
2736	2737
2780	2781
2800	2801
2825	2826
2870	2871
2910	2911
2945	2946
3020	3021
3093	3094
3158	3159
3190	3191
3263	3264
3328	3329
3380	3381
3471	3472
3500	3501
3560	3561
3650	3651
3674	3675
3714	3715
3757	3758
3834	3835
3954	3955
3998	3999
4029	4030
4076	4077
4114	4115
4156	4157
4194	4195
4224	4225
4284	4285
4454	4455
4481	4482
4519	4520
4564	4565
4613	4614
4674	4675
4719	4720
4831	4832
4868	4869
4907	4908
4929	4930
5039	5040
5069	5070
5090	5091
5172	5173
5208	5209
5239	5240
5404	5405
5465	5466
5544	5545
5581	5582
5638	5639
5706	5707
5742	5743
5784	5785
5834	5835
5877	5878
5909	5910
5949	5950
6004	6005
6058	6059
6112	6114
6174	6175
6244	6245
6289	6290
6384	6385
6609	6610
6639	6640
6759	6760
6789	6790
6894	6895
6929	6930
6982	6983
7137	7138
