29	30
118	119
131	132
157	158
180	181
215	216
278	279
317	318
389	390
432	433
473	474
521	522
551	552
583	584
605	606
625	626
645	646
667	668
696	697
716	717
735	736
752	753
771	772
778	779
789	790
797	798
805	806
810	811
818	819
830	831
844	845
861	862
888	889
915	916
979	980
1035	1036
1100	1101
1149	1150
1204	1205
1254	1255
1339	1340
1395	1396
1488	1489
1533	1534
1747	1748
1815	1816
1846	1847
1883	1884
1908	1909
1929	1930
1951	1952
1961	1962
1967	1968
1977	1978
2000	2001
2015	2016
2052	2053
2075	2076
2088	2089
2116	2117
2147	2148
2182	2183
2194	2195
2224	2225
2237	2238
2255	2256
2269	2270
2289	2290
2307	2308
2316	2317
2329	2330
2340	2341
2373	2374
2386	2387
2398	2399
2408	2409
2415	2416
2425	2426
2442	2443
2466	2467
2474	2475
2484	2485
2491	2492
2499	2500
2508	2509
2517	2518
2527	2528
2538	2539
2557	2558
2573	2574
2585	2586
2595	2596
2605	2606
2619	2620
2628	2629
2641	2642
2658	2659
2674	2675
2690	2691
2697	2698
2724	2725
2743	2744
2762	2763
2793	2794
2818	2819
2833	2834
2849	2850
2862	2863
2885	2886
2912	2913
2933	2934
2949	2950
2958	2959
2964	2965
2985	2986
2997	2998
3006	3007
3022	3023
3030	3031
3043	3044
3057	3058
3081	3082
3096	3097
3115	3116
3130	3131
3146	3147
3168	3169
3184	3185
3198	3199
3216	3217
3233	3234
3245	3246
3256	3257
3267	3268
3278	3279
3281	3283
3309	3310
3357	3358
3379	3380
3391	3392
3406	3407
3415	3416
3438	3439
3449	3450
3465	3466
3476	3477
3488	3489
3502	3503
3510	3511
3523	3524
3534	3535
3545	3546
3576	3577
3612	3613
3649	3650
3661	3662
3682	3683
3696	3697
3706	3707
3718	3719
3729	3730
3737	3738
3749	3750
3761	3762
3770	3771
3779	3780
3790	3791
3798	3799
3813	3814
3824	3825
3834	3835
3843	3844
3861	3862
3884	3885
3899	3900
3934	3935
3957	3958
3966	3967
3978	3979
3987	3988
4005	4006
4046	4047
4078	4079
4100	4101
4116	4117
4126	4127
4136	4137
4147	4148
4155	4156
4172	4173
4199	4200
4218	4219
4227	4228
4237	4238
4273	4274
4337	4338
4377	4378
4419	4420
4429	4430
4438	4439
4451	4452
4469	4470
4484	4485
4494	4495
4509	4510
4529	4530
4557	4558
4597	4598
4612	4613
4627	4628
4652	4653
4665	4666
4691	4692
4704	4705
4720	4721
4748	4749
4776	4777
4817	4818
4860	4861
4906	4907
4969	4970
5084	5085
5112	5113
5156	5157
5209	5210
5255	5256
5322	5323
5357	5358
5384	5385
5398	5399
5413	5414
5479	5480
5518	5519
5595	5596
5658	5659
5751	5752
