12	13
28	29
40	42
53	54
84	85
94	95
141	142
164	165
179	180
189	190
209	210
234	235
249	250
264	265
280	281
301	302
316	317
392	394
497	498
778	780
812	813
847	848
883	884
964	965
1004	1005
1038	1039
1068	1069
1174	1175
1204	1205
1233	1234
1346	1347
1420	1421
1456	1457
1480	1481
1511	1512
1547	1548
1667	1668
1713	1714
1741	1742
1783	1784
1813	1814
1853	1854
1996	1999
2434	2436
2478	2479
2535	2536
2567	2568
2592	2593
2638	2639
2661	2662
2828	2829
2853	2854
2889	2890
3010	3011
3052	3053
3100	3101
3139	3140
3189	3190
3221	3222
3238	3240
3306	3307
3336	3337
3381	3382
3412	3413
3443	3444
3478	3479
3609	3610
3616	3617
3945	3946
3997	3998
4046	4047
4086	4087
4115	4116
4216	4217
4237	4238
4271	4272
4303	4304
4349	4350
4388	4389
4418	4419
4565	4568
4735	4736
4816	4817
