116	117
119	120
122	123
181	182
230	231
359	360
362	363
365	366
424	425
473	474
539	540
565	567
570	571
572	573
594	595
610	611
635	636
682	683
721	722
757	758
831	832
853	854
872	873
911	912
943	944
973	974
1000	1001
1029	1030
1055	1056
1087	1091
1106	1107
1129	1130
1178	1179
1326	1327
1337	1338
1345	1346
1354	1355
1369	1370
1375	1376
1386	1387
1405	1406
1415	1416
1422	1423
1433	1434
1450	1451
1463	1464
1475	1476
1487	1488
1500	1501
1534	1535
1556	1557
1594	1595
1638	1639
1648	1649
1666	1667
1682	1683
1702	1703
1721	1722
1748	1749
1773	1774
1801	1802
1816	1817
1825	1826
1834	1835
1858	1859
1903	1904
1916	1917
1928	1929
1943	1944
1962	1963
1965	1966
1974	1975
1980	1981
1990	1991
1999	2000
2010	2011
2027	2028
2082	2083
2122	2123
2151	2152
2175	2176
2181	2182
2199	2200
2205	2206
2223	2224
2245	2246
2260	2261
2274	2275
2291	2292
2311	2312
2391	2392
2407	2408
2428	2429
2450	2451
2473	2474
2492	2493
2500	2501
2516	2517
2547	2548
2561	2562
2585	2586
2613	2614
2636	2637
2658	2659
2674	2675
2698	2699
2737	2738
2778	2779
2785	2786
2804	2805
2823	2824
2841	2842
2861	2862
2883	2884
2942	2943
3038	3039
3077	3078
3106	3107
3127	3128
3140	3141
3166	3167
3180	3181
3211	3212
3243	3244
3270	3271
3307	3308
3332	3333
3353	3354
3372	3373
3414	3415
3471	3472
3486	3487
3531	3532
3566	3567
3620	3621
3657	3658
3689	3690
3769	3770
3806	3807
3814	3815
3846	3847
3950	3951
4041	4042
4164	4165
4229	4230
4292	4293
4393	4394
4423	4424
4446	4447
4459	4460
4476	4477
4484	4485
4493	4494
4500	4501
4548	4549
4580	4581
4591	4592
4633	4634
4643	4645
4671	4672
4678	4679
4702	4703
4733	4734
4746	4747
4814	4815
4846	4847
4868	4869
4884	4885
4910	4911
4956	4957
4995	4996
5031	5032
5105	5106
5127	5128
5146	5147
5163	5164
5185	5186
5217	5218
5247	5248
5275	5276
5304	5305
5324	5325
5443	5444
5446	5447
5555	5556
5681	5682
5684	5685
5687	5688
