24	25
149	151
175	176
194	195
215	216
236	237
294	295
328	329
372	373
410	411
434	435
461	462
500	501
519	520
554	555
570	571
587	588
603	604
637	638
655	656
727	728
759	760
777	778
790	791
814	815
836	837
898	899
911	912
931	932
949	950
1023	1024
1044	1045
1053	1054
1069	1070
1086	1087
1093	1094
1111	1112
1155	1156
1177	1178
1210	1211
1234	1235
1258	1259
1290	1291
1308	1309
1329	1330
1354	1355
1374	1375
1403	1404
1436	1437
1463	1464
1488	1489
1519	1520
1547	1548
1575	1576
1607	1608
1637	1638
1665	1666
1696	1697
1727	1728
1760	1761
1778	1779
1804	1805
1824	1825
1872	1873
1927	1928
1958	1959
1985	1986
2011	2012
2052	2053
2095	2096
2167	2168
2259	2260
2277	2278
2311	2312
2326	2327
2364	2365
2410	2411
2424	2425
2446	2447
2483	2484
2517	2518
2558	2559
2598	2599
2617	2618
2654	2655
2672	2673
2687	2688
2705	2706
2751	2752
2765	2766
2787	2788
2843	2844
2864	2865
2887	2888
2911	2912
2940	2941
2963	2964
2994	2995
3022	3023
3062	3063
3082	3083
3111	3112
3151	3152
3197	3198
3223	3224
3254	3255
3284	3285
3310	3311
3372	3373
3396	3397
3466	3467
3530	3532
3594	3595
3626	3627
3715	3716
3778	3779
