15	18
112	113
130	131
153	154
176	177
195	196
218	219
233	234
260	261
278	279
368	369
389	390
415	416
435	436
461	462
499	500
532	533
615	616
639	640
664	665
691	692
724	725
752	753
774	775
820	821
851	852
898	899
924	925
1030	1031
1055	1056
1108	1109
1127	1128
1191	1192
1217	1218
1303	1304
1395	1396
1437	1438
1458	1459
1494	1495
1546	1547
1592	1593
1678	1679
1718	1719
1752	1753
1792	1794
1797	1798
1836	1837
1871	1872
1909	1910
1975	1976
2075	2076
2122	2123
2145	2146
2186	2187
2250	2251
2290	2291
2346	2347
2384	2385
2423	2424
2446	2447
2509	2510
2555	2556
2597	2599
2653	2654
2791	2793
2892	2894
2914	2916
2996	2997
3059	3060
3094	3095
3128	3129
3197	3198
3230	3231
3283	3284
3340	3341
3388	3389
3453	3454
3502	3503
3574	3575
3620	3621
3769	3770
3791	3792
3819	3820
3844	3845
3867	3868
3890	3891
3909	3910
3926	3927
3947	3948
3966	3967
3985	3986
4002	4003
4111	4114
4135	4136
4241	4242
4341	4342
4391	4392
4440	4441
4506	4507
4709	4710
4846	4847
4913	4914
5010	5011
5070	5071
5100	5101
5210	5211
5246	5247
5328	5330
5351	5352
5402	5403
5452	5453
5491	5492
5520	5521
5552	5553
5581	5582
5604	5605
5652	5653
5680	5681
5715	5716
5752	5753
5804	5805
5852	5853
5877	5878
5909	5910
5942	5943
5988	5989
6034	6035
6060	6061
6099	6100
6110	6111
6250	6251
