275	277
279	280
362	365
506	507
554	555
614	615
674	675
729	730
776	777
821	822
879	880
923	924
966	967
1000	1001
1031	1032
1076	1077
1137	1138
1193	1194
1235	1236
1261	1262
1316	1317
1405	1406
1514	1515
1548	1549
1579	1580
1611	1612
1643	1644
1664	1665
1710	1711
1761	1762
1821	1822
1853	1854
1890	1891
1944	1945
1974	1975
2002	2003
2026	2027
2060	2061
2121	2122
2180	2181
2201	2202
2212	2213
2231	2232
2301	2302
2354	2355
2417	2418
2458	2459
2558	2559
2624	2626
2686	2687
2704	2705
2734	2735
2763	2764
2810	2811
2853	2854
2910	2911
2974	2975
3004	3005
3028	3029
3091	3092
3134	3135
3185	3186
3241	3242
3309	3310
3336	3337
3366	3367
3414	3415
3458	3459
3519	3520
3541	3542
3572	3573
3600	3601
3697	3698
3748	3749
3850	3851
3919	3920
4077	4079
4081	4082
4164	4167
