135	136
242	243
273	276
311	314
334	335
401	402
413	414
456	457
477	478
535	536
591	593
636	638
657	658
689	690
733	734
739	742
788	789
792	793
827	828
874	875
923	924
952	953
971	972
987	988
990	991
1004	1005
1026	1027
1034	1035
1044	1045
1054	1055
1077	1078
1099	1100
1120	1121
1143	1144
1206	1207
1225	1226
1247	1248
1292	1294
1336	1337
1393	1394
1436	1437
1440	1442
1470	1471
1527	1528
1545	1546
1560	1561
1599	1600
1651	1652
1664	1665
1666	1667
1672	1673
1697	1698
1706	1707
1731	1732
1741	1742
1775	1776
1819	1820
1846	1847
1871	1872
1891	1892
1913	1914
1931	1932
1942	1943
1950	1951
1954	1955
1976	1977
1994	1995
2011	2012
2016	2017
2037	2038
2063	2064
2090	2091
2125	2126
2141	2142
2170	2171
2193	2194
2206	2207
2255	2256
2276	2277
2306	2307
2333	2334
2351	2352
2371	2372
2394	2395
2397	2398
2408	2409
2420	2421
2448	2449
2471	2472
2513	2514
2544	2545
2568	2569
2587	2588
2605	2606
2622	2623
2640	2641
2658	2659
2670	2671
2685	2686
2696	2697
2708	2709
2728	2729
2754	2755
2772	2773
2830	2831
2847	2848
2891	2892
2930	2931
2949	2950
2995	2996
3082	3083
3164	3165
3204	3205
3225	3226
