71	73
115	116
1169	1170
1226	1227
1300	1301
1373	1374
1640	1641
1794	1796
1846	1847
2090	2091
2856	2857
3035	3036
3080	3081
3115	3116
3159	3160
3221	3222
3262	3263
3285	3286
3324	3325
3353	3354
3392	3393
3425	3426
3467	3468
3521	3522
3583	3584
3620	3621
3641	3642
3655	3656
3664	3665
3679	3680
3708	3709
3723	3724
3756	3757
3806	3807
3819	3820
3823	3824
3826	3827
3833	3835
3836	3837
3842	3843
3863	3864
3888	3889
3902	3903
3955	3956
3969	3970
3990	3991
4004	4005
4006	4007
4025	4026
4036	4037
4047	4048
4147	4148
4172	4173
4188	4189
4201	4202
4219	4220
4275	4278
4282	4283
4342	4343
4408	4410
4545	4546
4601	4602
4715	4716
4748	4750
5131	5132
5203	5204
5235	5236
5292	5293
5323	5324
5354	5355
5391	5392
5476	5477
5498	5499
5517	5518
5546	5547
5609	5610
5661	5662
5676	5677
5739	5740
5814	5815
5850	5854
6121	6122
6569	6570
6605	6606
6729	6730
6775	6776
6785	6786
6801	6802
6817	6818
6841	6842
6859	6860
7002	7003
