116	117
119	120
122	123
181	182
229	230
266	267
387	388
433	435
531	532
559	560
585	586
628	629
731	732
764	765
839	840
864	865
877	878
890	891
907	908
931	932
950	951
982	983
1022	1023
1042	1043
1073	1074
1099	1100
1127	1128
1170	1171
1188	1189
1199	1200
1232	1233
1252	1253
1275	1276
1292	1293
1318	1319
1358	1359
1394	1395
1427	1428
1459	1460
1509	1510
1557	1558
1576	1577
1592	1593
1607	1608
1634	1635
1661	1662
1685	1686
1707	1708
1726	1727
1775	1776
1791	1792
1819	1820
1829	1830
1849	1850
1854	1855
1885	1886
1971	1972
2019	2020
2045	2046
2060	2061
2078	2079
2126	2127
2146	2147
2176	2177
2196	2197
2220	2221
2236	2237
2278	2279
2308	2309
2321	2322
2335	2336
2351	2352
2396	2397
2418	2419
2464	2465
2485	2486
2506	2507
2528	2529
2551	2552
2569	2570
2584	2585
2621	2622
2644	2645
2698	2699
2723	2724
2741	2742
2803	2804
2857	2858
2925	2926
2955	2956
3074	3075
3077	3078
3080	3081
3139	3140
