44	45
133	134
191	192
264	265
347	348
599	600
690	691
835	836
915	916
1080	1081
1106	1107
1882	1883
1996	1997
2177	2178
2191	2192
2213	2214
2340	2341
2373	2376
2381	2382
2418	2419
2424	2425
2440	2441
2460	2461
2474	2475
2498	2499
2534	2535
2559	2560
2582	2583
2692	2693
2694	2695
2717	2718
2736	2737
2741	2742
2743	2744
2746	2747
2771	2773
2779	2780
2875	2877
2883	2884
2885	2886
2928	2929
2930	2931
2978	2979
3004	3007
3054	3055
3200	3201
3220	3221
3252	3253
3279	3280
3326	3327
3339	3340
3367	3368
3397	3398
3417	3418
3437	3438
3501	3502
3596	3597
3650	3651
3699	3700
3860	3861
