111	112
160	161
318	319
400	401
462	463
572	573
627	628
689	690
804	805
899	900
942	943
953	954
993	994
1022	1023
1050	1051
1100	1101
1103	1104
1119	1120
1151	1152
1175	1176
1197	1198
1208	1209
1226	1227
1253	1254
1271	1272
1284	1285
1296	1297
1326	1327
1342	1343
1362	1363
1386	1387
1435	1436
1448	1449
1455	1456
1463	1464
1469	1470
1486	1488
1494	1495
1503	1504
1511	1512
1523	1524
1536	1537
1545	1546
1556	1557
1568	1569
1574	1575
1586	1587
1603	1604
1608	1609
1615	1616
1618	1619
1630	1631
1659	1660
1673	1674
1725	1726
1787	1788
1881	1882
2141	2142
2204	2205
2229	2230
2352	2353
2414	2415
2447	2448
2550	2551
2638	2639
2704	2705
2921	2922
3048	3049
3237	3238
3318	3319
3426	3427
3621	3622
