4	5
43	44
80	81
125	126
293	294
465	466
537	538
590	591
676	678
761	763
851	852
924	925
968	969
981	982
1030	1031
1060	1061
1089	1090
1159	1160
1199	1200
1232	1233
1312	1313
1398	1399
1450	1451
1486	1487
1569	1570
1697	1698
1775	1777
1809	1810
1846	1847
1912	1913
1998	1999
2107	2108
2242	2243
2438	2439
2458	2459
2625	2626
2715	2716
2835	2836
2885	2886
3084	3085
3143	3144
3215	3216
3269	3271
3297	3299
3359	3360
3374	3377
3409	3410
3460	3462
3510	3511
3540	3541
3579	3580
3611	3612
3656	3657
3689	3690
3755	3758
3823	3824
3887	3888
3926	3927
3978	3979
4019	4020
4088	4089
4109	4110
4149	4150
4203	4204
4274	4275
4327	4328
4432	4433
4479	4480
4564	4565
4668	4669
4814	4815
4923	4924
4972	4973
5028	5029
5063	5064
5177	5178
5261	5262
