235	239
518	519
569	570
711	712
1350	1351
1411	1412
1586	1587
1767	1768
1950	1951
2003	2004
2167	2169
2340	2341
2375	2376
3001	3003
3026	3027
3126	3127
3421	3422
3533	3534
3566	3567
3611	3612
3749	3750
3910	3911
4012	4013
4014	4015
4016	4017
4117	4120
4333	4334
4445	4448
4540	4544
4635	4636
4844	4845
5052	5053
5159	5162
5478	5479
5811	5812
5826	5827
5886	5887
5972	5973
6081	6082
6286	6287
6425	6426
6653	6654
6711	6712
6753	6754
6886	6887
7419	7421
7690	7691
7856	7857
7962	7963
8089	8090
8146	8147
8758	8759
8888	8889
9032	9034
9172	9173
9370	9371
9496	9497
9706	9707
9864	9865
10178	10179
10272	10273
10377	10378
10430	10431
10655	10656
10892	10893
11141	11142
11321	11322
11526	11527
12370	12371
12597	12598
12720	12721
12913	12914
13178	13179
13326	13327
13422	13423
13579	13581
13815	13816
14164	14165
14357	14358
14426	14427
14589	14590
15325	15326
15442	15443
15528	15529
16128	16129
16281	16282
16510	16512
16739	16740
16984	16985
17300	17301
17411	17412
17494	17495
17588	17589
17677	17678
17948	17949
18121	18122
18461	18462
18664	18665
18973	18974
19140	19141
19215	19216
19371	19372
19464	19465
19573	19574
19911	19912
20043	20044
20248	20249
20372	20373
21018	21019
21425	21426
21699	21700
21778	21779
21900	21901
22278	22279
22339	22340
22459	22460
22516	22517
22624	22625
22704	22705
22791	22792
22886	22887
22960	22961
23064	23065
23191	23192
23272	23273
23317	23318
23375	23376
23378	23379
23483	23484
23489	23490
23605	23606
23649	23650
23651	23652
23747	23748
24018	24019
24049	24050
24088	24089
24310	24311
24380	24381
24385	24386
24419	24420
24422	24423
24438	24439
24441	24442
24534	24535
24537	24538
24585	24586
25001	25002
25140	25141
25401	25402
25522	25523
25893	25894
26339	26340
26505	26506
26719	26720
26897	26898
27196	27197
27844	27845
27930	27932
28013	28015
28103	28104
28366	28367
28745	28746
28951	28952
28954	28955
28964	28965
29004	29005
29007	29008
29059	29060
29061	29062
29284	29285
29386	29387
29670	29671
30319	30320
30559	30561
30808	30809
31065	31066
31317	31318
32047	32048
32141	32142
32284	32285
32429	32430
32499	32500
32602	32603
33129	33130
33198	33200
33278	33280
33524	33525
33804	33805
33876	33877
34015	34016
34184	34185
34359	34360
34513	34514
34687	34688
34874	34875
36513	36514
36604	36605
36676	36677
36738	36740
37070	37071
37160	37161
37318	37319
37933	37934
37977	37978
38237	38238
38340	38341
38433	38434
38486	38487
38557	38559
38979	38980
39096	39097
39155	39156
39202	39203
39319	39320
39829	39830
39990	39992
40148	40149
40626	40628
41229	41231
41448	41449
41716	41717
42111	42112
42247	42249
42498	42499
42588	42589
42703	42704
43443	43444
43856	43857
44001	44002
44127	44128
44318	44319
44400	44401
44484	44485
44605	44606
44758	44759
44898	44899
45096	45097
45320	45321
45490	45491
45630	45631
45777	45778
46066	46067
46452	46453
46911	46912
47031	47033
47242	47243
47469	47470
47653	47654
48020	48021
48105	48106
48165	48166
48418	48419
48566	48567
48614	48615
48646	48647
49076	49078
49386	49387
49456	49457
49504	49505
49640	49641
49887	49888
50269	50270
51735	51736
51859	51860
51958	51959
52007	52008
52625	52626
52809	52810
53062	53063
53113	53114
53421	53422
53565	53566
53887	53888
53957	53959
54021	54022
54123	54124
54216	54217
54727	54728
54876	54877
54977	54978
55100	55101
55172	55173
55405	55406
55508	55509
55694	55695
55815	55816
55968	55969
56011	56012
56480	56481
56517	56518
56833	56834
56963	56964
57090	57091
57154	57155
57208	57209
57555	57556
57636	57637
57664	57666
57712	57713
57771	57772
57811	57812
57868	57869
58101	58102
58274	58275
58323	58324
58377	58378
58411	58412
58465	58466
58735	58737
58952	58953
59041	59042
59117	59118
59291	59292
59900	59901
60159	60160
60268	60269
60363	60364
60434	60435
63204	63205
63825	63826
63937	63938
64263	64264
65408	65409
65833	65834
65943	65944
66181	66182
66241	66242
66331	66332
66449	66450
66590	66592
66901	66902
67266	67267
67809	67810
67920	67921
68442	68443
68532	68533
68628	68629
68723	68724
68928	68929
68993	68994
69069	69070
69174	69175
69268	69269
70899	70900
71038	71039
72259	72260
73290	73291
73434	73435
73628	73629
73712	73713
73803	73804
73839	73840
73929	73930
74034	74035
74115	74116
74218	74219
74286	74287
74387	74388
74450	74452
74523	74524
74579	74581
74655	74657
74734	74735
74845	74846
74946	74947
75062	75063
75148	75149
75252	75253
75344	75345
75482	75483
75524	75525
76384	76385
76513	76514
76971	76972
77129	77130
77707	77708
77918	77919
78050	78051
78231	78232
78668	78669
78974	78975
79641	79642
79835	79836
79953	79954
80165	80166
80212	80213
80246	80247
80284	80285
80343	80344
80418	80419
80785	80786
80842	80843
80916	80917
80960	80961
81020	81021
81065	81066
81591	81592
82331	82332
82519	82520
82753	82754
82896	82897
83030	83031
83104	83105
83237	83238
83381	83382
83493	83494
83596	83597
83685	83686
83738	83739
83791	83792
83873	83874
83916	83917
84123	84124
84199	84200
84289	84290
84500	84501
84826	84827
84891	84892
84971	84972
85063	85064
85203	85204
85364	85365
85767	85768
85896	85897
86008	86009
86206	86207
86358	86359
86626	86627
86747	86748
86923	86924
87022	87023
87198	87199
87497	87498
87861	87862
88193	88195
88260	88261
88431	88432
88552	88553
88944	88945
89119	89120
89243	89244
89328	89329
89409	89410
89532	89533
89628	89629
89722	89723
90302	90303
90599	90600
90703	90704
90792	90793
90873	90874
91030	91031
91167	91168
91361	91362
91600	91601
91666	91667
91972	91973
92044	92045
92307	92308
92412	92413
92577	92578
92744	92745
93026	93027
93126	93127
93216	93217
93355	93356
93424	93425
93497	93498
93931	93933
94003	94005
94109	94110
94248	94249
94393	94394
94473	94474
94658	94659
94722	94723
94778	94779
94893	94894
94938	94939
94986	94987
95031	95032
95096	95097
95129	95130
95161	95163
95196	95197
95295	95296
95361	95362
95393	95394
95430	95432
95512	95513
95554	95555
95605	95606
95685	95686
95725	95726
95749	95751
95777	95778
95809	95810
95827	95829
95842	95843
95859	95860
95882	95883
95913	95914
95957	95958
96020	96021
96151	96152
96232	96233
96286	96287
96334	96335
96349	96350
96367	96369
96403	96404
96422	96423
96443	96444
96498	96499
96530	96531
96712	96713
96762	96763
96819	96820
96982	96983
97091	97092
97200	97201
97257	97258
97308	97309
97395	97396
97541	97542
97625	97626
97657	97658
97695	97696
97743	97744
97773	97774
97818	97819
97866	97867
97920	97921
97942	97943
98572	98573
98619	98620
98688	98689
98746	98747
98784	98785
98820	98821
98861	98862
98912	98913
99000	99001
99063	99064
99159	99160
99229	99230
99285	99286
99400	99402
99513	99514
99585	99586
99733	99734
99804	99805
99968	99969
100022	100023
100079	100080
100200	100201
100220	100221
100223	100224
100248	100249
100321	100322
100412	100413
100422	100423
100491	100492
100595	100596
100721	100722
100757	100758
100761	100762
100873	100874
101041	101042
101276	101277
101810	101811
102205	102206
102485	102486
102874	102875
102938	102939
102992	102993
103918	103919
104041	104042
104198	104199
104285	104286
104412	104413
104457	104458
104483	104484
104565	104566
104691	104692
104744	104745
104913	104914
104997	104998
105126	105127
105226	105227
105364	105365
105448	105449
105623	105624
105684	105685
105871	105872
105991	105992
106114	106115
106208	106209
106295	106296
106386	106387
106492	106493
106651	106652
106784	106785
106838	106839
106903	106904
106944	106945
107022	107023
107061	107062
107104	107105
107159	107160
107252	107253
107300	107301
107330	107331
107512	107513
107581	107582
107667	107668
107750	107751
107906	107907
108065	108066
108106	108107
108196	108197
108249	108250
108285	108286
108347	108348
108427	108428
108484	108485
108510	108511
108566	108567
108641	108642
108688	108689
108811	108812
108939	108941
109001	109002
109055	109056
109214	109215
109288	109289
109348	109349
109383	109384
109514	109515
109741	109742
110104	110105
110640	110641
110984	110985
111111	111112
112079	112080
112184	112185
112299	112300
112492	112493
112679	112680
112882	112883
113131	113132
113210	113211
113300	113301
113551	113552
113717	113718
114496	114497
114763	114764
114765	114766
114846	114848
114892	114893
114944	114945
115011	115013
115039	115040
115320	115321
115375	115376
115604	115605
115655	115656
115704	115705
115815	115816
116230	116231
116442	116443
116726	116727
116851	116852
116987	116988
117129	117130
117187	117188
117256	117257
117352	117353
117434	117435
117519	117520
117814	117815
117962	117963
118018	118019
118081	118082
118195	118196
118237	118238
118293	118294
118411	118412
118514	118515
118519	118520
118523	118524
118527	118528
118649	118650
118667	118668
118760	118761
118830	118831
118956	118957
119102	119103
119156	119157
119248	119249
119326	119327
119360	119361
119453	119455
119580	119581
119673	119674
119693	119694
119777	119778
119903	119904
119944	119945
120033	120034
120069	120070
120117	120118
120175	120176
120292	120294
120337	120338
120373	120374
120436	120437
120500	120501
120539	120540
120569	120570
120620	120621
120696	120697
120818	120819
120910	120911
121002	121003
121253	121254
121308	121309
121327	121328
121372	121373
121634	121635
121743	121744
121869	121870
121871	121872
121955	121956
121998	121999
122119	122120
122188	122189
122242	122243
122283	122284
122409	122410
122434	122435
122461	122462
122523	122524
122583	122584
122673	122675
122816	122817
122924	122925
123017	123019
123748	123749
124127	124128
124220	124221
124413	124414
124543	124544
124600	124601
124718	124719
124761	124762
124794	124795
124845	124846
124867	124868
125254	125255
125836	125837
125909	125910
126156	126157
126231	126232
128037	128038
128167	128168
128415	128416
128453	128454
128500	128501
128518	128519
128606	128607
128634	128635
129042	129043
129985	129986
130120	130121
130263	130264
130477	130478
130861	130862
130915	130916
130984	130985
131601	131603
132177	132178
132571	132573
132662	132663
133785	133786
133886	133887
133991	133993
134209	134210
134665	134666
134861	134862
135138	135140
135265	135266
136513	136514
136772	136774
136830	136831
138126	138127
138201	138202
138352	138353
139377	139378
139379	139380
139698	139701
139889	139890
139939	139940
140083	140084
140116	140117
140258	140259
140312	140313
140349	140350
140474	140475
140560	140561
140620	140621
140652	140653
140875	140876
141350	141351
141705	141706
141807	141808
141877	141878
141967	141968
142125	142126
142202	142203
142259	142260
142293	142294
142314	142315
142404	142405
142426	142427
142476	142477
142544	142545
142739	142740
142869	142870
143116	143117
143180	143181
143306	143307
143376	143377
143415	143416
143511	143512
143622	143623
143788	143789
143881	143882
143951	143952
144180	144181
144424	144425
144506	144507
144632	144633
144737	144738
144817	144818
144908	144909
145027	145028
145264	145265
145383	145384
145429	145430
145465	145466
145743	145744
145854	145855
145946	145947
146044	146045
146174	146175
146285	146286
146357	146358
146539	146540
146640	146641
146763	146764
146875	146876
147009	147010
147262	147263
147397	147398
147508	147509
147609	147610
147663	147664
147843	147844
147845	147846
147958	147959
148070	148071
148154	148155
148434	148435
148493	148494
148558	148559
148610	148611
148681	148682
148724	148725
148769	148770
148892	148893
149014	149015
149053	149054
149110	149111
149191	149192
149367	149368
149483	149484
149580	149581
149656	149657
149746	149747
149822	149823
149881	149882
149987	149988
150053	150054
150267	150269
150352	150353
150430	150431
150498	150499
150651	150652
150775	150776
150837	150838
150947	150948
151051	151052
151103	151104
151646	151647
151693	151694
151847	151848
151915	151916
151958	151959
152020	152021
152123	152124
152223	152224
152263	152264
152348	152350
152415	152416
152713	152714
153168	153170
154768	154769
156442	156443
156570	156571
157429	157430
157768	157769
159364	159366
159530	159531
159626	159627
160064	160065
160250	160251
160294	160295
160387	160388
160451	160452
160751	160752
160892	160893
161029	161030
161122	161123
161283	161284
161317	161318
161358	161359
161422	161423
161545	161546
161865	161866
162156	162157
162192	162193
162242	162243
162300	162301
162458	162459
162526	162528
162584	162585
162663	162664
162694	162695
162744	162745
162775	162776
162821	162822
162876	162877
162935	162936
163001	163002
163147	163149
163194	163195
163243	163244
163280	163281
163320	163321
163384	163385
163425	163426
163740	163741
163833	163834
163873	163874
163943	163945
164023	164024
164117	164118
164188	164189
164242	164243
164375	164376
164438	164439
164586	164587
164674	164675
164725	164726
164779	164780
164861	164862
164949	164950
165004	165006
165180	165181
165337	165338
165401	165402
165504	165505
165542	165543
165638	165639
165695	165697
165768	165769
165835	165836
165926	165927
165994	165995
166030	166032
166136	166137
166199	166201
166296	166297
166342	166343
166389	166391
166458	166459
166513	166514
166669	166670
166737	166738
166818	166819
166869	166871
166938	166939
167152	167154
167303	167304
167355	167356
167424	167425
167466	167467
167503	167504
167568	167569
167646	167647
167872	167874
167943	167944
167990	167991
168021	168022
168057	168058
168114	168115
168165	168166
168198	168199
168277	168278
168310	168311
168490	168491
168569	168570
168683	168684
168720	168721
168771	168772
168828	168829
168895	168896
168938	168939
169007	169008
169146	169147
169187	169188
169232	169233
169260	169261
169290	169291
169296	169297
169314	169315
169429	169430
169440	169441
169550	169551
169594	169595
169705	169706
169756	169757
169823	169824
169915	169916
169976	169978
170050	170051
170113	170114
170194	170195
170236	170237
170300	170301
170352	170353
170400	170401
170545	170546
170596	170597
170647	170648
171130	171131
171169	171170
171745	171747
171883	171884
171979	171980
172066	172067
172323	172324
172599	172600
172753	172755
172956	172957
173807	173808
174292	174294
174793	174795
174822	174823
174928	174929
175032	175033
175137	175138
175242	175243
175346	175348
175452	175453
175557	175559
175663	175664
175767	175768
175872	175873
175977	175978
176082	176084
176187	176188
176292	176293
176397	176398
176502	176503
176607	176609
176711	176712
176817	176818
176922	176923
177014	177015
