54	55
82	83
163	164
215	216
271	272
330	331
409	410
434	435
491	492
537	538
591	592
621	622
655	656
705	706
730	731
755	756
867	868
1077	1078
1137	1138
1182	1183
1213	1214
1246	1247
1267	1268
1326	1327
1401	1402
1448	1449
1482	1483
1506	1507
1547	1548
1578	1579
1650	1651
1669	1670
1696	1697
1727	1728
1785	1786
1810	1811
1829	1830
2010	2011
2100	2101
2137	2138
2223	2224
2262	2263
2370	2371
2394	2395
2429	2430
2506	2507
2535	2536
2568	2569
2635	2636
2653	2654
2769	2770
2823	2824
2846	2847
2875	2876
2935	2936
2964	2965
3000	3001
3027	3028
3057	3058
3084	3085
3118	3119
3181	3182
3219	3220
3232	3233
3256	3257
