793	794
2068	2071
4072	4074
4246	4247
4368	4369
4473	4474
4531	4533
4605	4606
4665	4666
4701	4702
4739	4740
4826	4827
4873	4874
4945	4946
5060	5061
5088	5089
5252	5253
5273	5274
5324	5325
5374	5375
5427	5428
5455	5456
5724	5725
5757	5758
5819	5820
5945	5946
5953	5955
5961	5962
6161	6162
6205	6206
6244	6245
6311	6312
6423	6424
6681	6684
6874	6875
7377	7378
7423	7424
7453	7454
7533	7534
7572	7573
7614	7615
7721	7722
7782	7783
7850	7852
7868	7869
7937	7938
8017	8018
8040	8041
8248	8249
8275	8276
8315	8316
8546	8547
8681	8682
8929	8930
8974	8975
9148	9149
9211	9212
9280	9281
9284	9288
9367	9368
9511	9512
9586	9587
9687	9688
9776	9777
9877	9878
9965	9966
10091	10093
10297	10298
10317	10320
10574	10575
10713	10715
10754	10755
10800	10801
10915	10916
10980	10981
11016	11017
11076	11077
11163	11164
11226	11227
11228	11229
11291	11293
11368	11369
11562	11563
11722	11723
11846	11847
12001	12004
12084	12085
12092	12095
12122	12123
12153	12154
12209	12210
12304	12305
12309	12312
12453	12454
12606	12608
12723	12724
12738	12739
12914	12915
12999	13000
13050	13051
13078	13079
13162	13163
13238	13239
13275	13276
13330	13331
13340	13342
13433	13434
13670	13671
13702	13703
13731	13732
13770	13771
13804	13805
13835	13836
13912	13913
13989	13990
14082	14084
14118	14119
14428	14429
14503	14504
14534	14535
14566	14567
14635	14636
14706	14707
14864	14865
14975	14976
15124	15125
15227	15228
15295	15296
15470	15472
15762	15763
15882	15883
15997	15998
16041	16042
16189	16190
16231	16232
16341	16342
16564	16565
16663	16664
16683	16684
16739	16740
16805	16806
16878	16879
16914	16915
16939	16940
17042	17044
17191	17192
17223	17224
17285	17286
17385	17386
17527	17528
18020	18021
18091	18093
18095	18097
18141	18142
18244	18245
18293	18294
18344	18345
18417	18418
18489	18490
18697	18698
18721	18723
18899	18900
19046	19047
19131	19132
19185	19186
19279	19280
19478	19479
19590	19592
19743	19745
19776	19777
19788	19789
19790	19791
19966	19968
20000	20002
20305	20307
20338	20341
20501	20502
20566	20567
20620	20621
20622	20623
20660	20661
20678	20679
20708	20709
20778	20779
20857	20858
20973	20974
20983	20984
21015	21016
21040	21041
21187	21188
21333	21334
21405	21406
21678	21679
21804	21805
22061	22062
22099	22101
22129	22130
22159	22160
22276	22277
22331	22332
22431	22432
22566	22567
22814	22815
22900	22901
22948	22949
23004	23005
23321	23322
23419	23420
24111	24113
24441	24443
24912	24913
24920	24921
25065	25066
25080	25081
25367	25368
25479	25480
25551	25552
25617	25618
25619	25622
25695	25696
25808	25809
25967	25968
26012	26013
26027	26028
26055	26056
26109	26112
26182	26183
26355	26356
26523	26524
26607	26608
26912	26913
26969	26970
27078	27079
27117	27118
27133	27134
27156	27157
27220	27221
27397	27398
27555	27556
27635	27637
27698	27699
27703	27704
27768	27769
27885	27886
27913	27914
27960	27961
28026	28027
28202	28203
28296	28297
28597	28598
28814	28815
29000	29001
29117	29118
29160	29161
29291	29292
29431	29432
29662	29663
29725	29726
29951	29952
30395	30396
30530	30531
30593	30594
30848	30849
31114	31115
31224	31225
31337	31338
31450	31451
31552	31553
31650	31651
31730	31731
31732	31733
31784	31785
32052	32053
32140	32141
32215	32216
32343	32344
32453	32454
32483	32484
32534	32535
32617	32618
32697	32698
32874	32875
33051	33052
33261	33262
33702	33703
33798	33799
33842	33843
34036	34037
34231	34232
34561	34562
34616	34617
34750	34751
35150	35151
35929	35930
36014	36015
36079	36080
36105	36106
36156	36157
36260	36261
36284	36285
36409	36410
36543	36547
36585	36590
36736	36740
36782	36787
36901	36902
36949	36950
37002	37003
37109	37110
37263	37264
37295	37296
37306	37307
37326	37327
37331	37332
37343	37345
37356	37357
37384	37385
37507	37508
38148	38149
38194	38195
38278	38279
38283	38284
38535	38536
38944	38945
39383	39384
40613	40614
40746	40747
40877	40878
40977	40978
41186	41188
41506	41508
41611	41612
41733	41734
42030	42031
42237	42238
42253	42254
42527	42528
42687	42688
42743	42744
42793	42794
42841	42842
42919	42920
43004	43007
43012	43013
43158	43159
43234	43235
43369	43370
43491	43492
43558	43559
43591	43592
43724	43725
43835	43836
43906	43907
43996	43997
44068	44071
44116	44117
44162	44163
44190	44191
44228	44229
44320	44321
44404	44405
44515	44516
44725	44726
44801	44802
44822	44823
44834	44835
44843	44844
44858	44859
44913	44914
44939	44940
45001	45002
45048	45049
45092	45093
45368	45369
45488	45489
45560	45561
45595	45596
45665	45666
45730	45731
45793	45794
45857	45858
46005	46006
46159	46160
46259	46261
46420	46422
46518	46519
46553	46554
46596	46597
46641	46642
46863	46865
46944	46945
46997	46998
47097	47098
47127	47128
47256	47257
47773	47774
47877	47878
48078	48079
48179	48181
48301	48303
51993	51994
52018	52020
52367	52368
52385	52386
52546	52547
52713	52714
52843	52844
52963	52968
53175	53176
53392	53393
53510	53511
53635	53636
53843	53844
53969	53970
54049	54051
54166	54167
54257	54258
54280	54281
54396	54397
54454	54455
54499	54500
54595	54597
54644	54645
54702	54703
54756	54757
54850	54851
55045	55047
55290	55292
55384	55385
55499	55500
55918	55920
56008	56009
56066	56067
56141	56143
56231	56232
56333	56334
56376	56377
56446	56447
56514	56515
56596	56597
56693	56694
56780	56781
56816	56817
56889	56890
56892	56893
56898	56899
56907	56908
56911	56912
56923	56924
56939	56940
56957	56958
57240	57241
57306	57307
57513	57514
57748	57749
57983	57984
58118	58119
58355	58356
58464	58465
58693	58694
58983	58984
59130	59131
59189	59190
59316	59317
59405	59406
59565	59566
59669	59670
59891	59892
60009	60010
60083	60085
60139	60140
60328	60329
60508	60509
60542	60543
60598	60599
60614	60615
60795	60796
60953	60954
61194	61195
61282	61283
61366	61367
61483	61484
61695	61697
61867	61868
61895	61896
61992	61993
62087	62088
62126	62127
62159	62160
62209	62210
62241	62242
62364	62365
62467	62468
62692	62693
62727	62728
62951	62952
63004	63005
63121	63122
63127	63128
63167	63168
63210	63211
63323	63324
63454	63456
63625	63626
63712	63713
63852	63853
63966	63967
64064	64065
64099	64100
64328	64329
64385	64386
64490	64491
64621	64622
64636	64637
65120	65121
65190	65191
65246	65247
65319	65320
65387	65388
65430	65431
65483	65484
65682	65683
65737	65738
65836	65837
65922	65923
65967	65968
66066	66067
66347	66348
66427	66428
66722	66723
66848	66849
66971	66972
66978	66979
67063	67064
67169	67170
67303	67304
67610	67611
67941	67942
68166	68167
68352	68353
68432	68433
68468	68469
68531	68532
68623	68624
68704	68705
68706	68707
68738	68740
68795	68796
68897	68898
69002	69003
69106	69107
69153	69154
69208	69209
69605	69606
69730	69731
69998	69999
70213	70214
70320	70321
70409	70410
70517	70518
70628	70629
70742	70743
70950	70951
71099	71100
71162	71163
71795	71796
72069	72070
72085	72087
72506	72508
72616	72617
72815	72816
73011	73012
73060	73061
73095	73096
73125	73126
73159	73160
73202	73203
73229	73230
73302	73303
73347	73348
73415	73416
73556	73557
73571	73572
73864	73865
73873	73874
73880	73881
74230	74231
74367	74368
74384	74385
74430	74431
74543	74545
74554	74558
74645	74646
74688	74689
74732	74733
74795	74796
75017	75018
75135	75136
75438	75439
75568	75570
75601	75603
75616	75617
75662	75663
75683	75684
75720	75721
75764	75765
75795	75796
75812	75813
75858	75859
75861	75862
76048	76049
76170	76173
76178	76179
76211	76213
76404	76405
76479	76480
76527	76528
76641	76642
76652	76653
77007	77009
77023	77024
77096	77098
77244	77245
77299	77300
77349	77350
77423	77424
77515	77517
77721	77722
77794	77798
77799	77800
77964	77965
78344	78345
78710	78711
78848	78849
78856	78858
78864	78865
79002	79004
79010	79012
79160	79161
79308	79309
79506	79507
79795	79796
79825	79826
80102	80103
80145	80146
80203	80204
80265	80266
80402	80403
80517	80518
80578	80579
80696	80697
80866	80868
80877	80879
80880	80881
81242	81243
81576	81577
81744	81746
81766	81767
81818	81819
81851	81852
81891	81892
81961	81962
82045	82046
82170	82171
82208	82209
82330	82331
82554	82555
82645	82646
82887	82888
83137	83138
83267	83268
83276	83278
83498	83500
83570	83571
83679	83680
83834	83835
83890	83891
83938	83939
83983	83984
84051	84052
84127	84128
84199	84200
84272	84273
84312	84313
84344	84345
84393	84394
84432	84433
84569	84570
84832	84833
84893	84894
84985	84987
85166	85167
85280	85281
85349	85350
85457	85458
85619	85620
85685	85686
85750	85751
85938	85939
86054	86055
86234	86235
88979	88980
89343	89344
89504	89505
89557	89558
89609	89610
89840	89841
89938	89939
90011	90013
90027	90028
90101	90102
90196	90197
90342	90343
91128	91129
91339	91340
91550	91551
91566	91567
91797	91799
91878	91879
91979	91980
92054	92055
92275	92276
92566	92567
92640	92641
92683	92684
92762	92763
92862	92864
92874	92875
92876	92877
92905	92906
93563	93564
93623	93624
93645	93646
93711	93713
93738	93739
93795	93796
93895	93897
94046	94047
94209	94210
94290	94291
94587	94591
94768	94770
94822	94823
94838	94839
95114	95115
96189	96190
96340	96341
96402	96403
96474	96475
96581	96582
96689	96690
96774	96775
96952	96953
97017	97019
97085	97087
97105	97107
97326	97327
97449	97450
97608	97609
97752	97753
97848	97849
97920	97921
97999	98000
98037	98038
98067	98068
98088	98089
98129	98130
98198	98200
98244	98245
98333	98334
98399	98400
98481	98482
98507	98508
98598	98600
98825	98826
98871	98872
98905	98906
98947	98948
99061	99062
99069	99070
99114	99117
99219	99220
99257	99258
99367	99368
99402	99404
99453	99454
99491	99492
99593	99594
99922	99923
100366	100367
100478	100479
100524	100525
100652	100653
100877	100878
101070	101071
101364	101365
102099	102100
102197	102198
102265	102266
102314	102315
102340	102343
102407	102408
102498	102499
102558	102559
102679	102680
102799	102800
103245	103246
103261	103262
103625	103626
103674	103675
103775	103776
105117	105118
105150	105151
105226	105227
106253	106254
106269	106270
106570	106571
106634	106635
106680	106681
106759	106760
106809	106810
106864	106865
106896	106898
106939	106940
106988	106989
107014	107015
107064	107066
107070	107071
107439	107440
107550	107552
107684	107685
107783	107784
107938	107939
108100	108101
108135	108136
108138	108139
108161	108162
108163	108164
108170	108171
108232	108233
108304	108305
108356	108359
108416	108417
108443	108444
108490	108491
108592	108593
108694	108695
108774	108776
108943	108944
108973	108974
109056	109057
109143	109144
109159	109160
109234	109235
109302	109303
109352	109353
109416	109417
109453	109455
109492	109493
109568	109571
109630	109631
109811	109812
109826	109827
109926	109927
110069	110070
110954	110955
111314	111315
111370	111371
111428	111429
111489	111490
111637	111638
112031	112032
112302	112303
112723	112724
113079	113080
113697	113698
113795	113796
113865	113866
113957	113958
114120	114121
114235	114236
114355	114356
114371	114372
114494	114495
114537	114538
114627	114628
114685	114686
114718	114719
114793	114794
114854	114855
114950	114951
115048	115050
115139	115141
115248	115249
115470	115471
115595	115596
115698	115699
115782	115783
115909	115910
116124	116125
116369	116370
116458	116459
116484	116485
116513	116514
116555	116556
116674	116675
116941	116942
117025	117026
117118	117120
117232	117233
117246	117247
117323	117324
117376	117377
117466	117467
117604	117605
117715	117716
117786	117787
117852	117853
118035	118036
118115	118116
118133	118134
118166	118167
118245	118246
118371	118372
118455	118456
118493	118494
118542	118543
118616	118618
118639	118640
118723	118724
118892	118893
119000	119002
119116	119117
119192	119193
119519	119520
119630	119631
119671	119672
119723	119724
119743	119744
119764	119765
119780	119781
119802	119803
119835	119837
119881	119882
119951	119952
119983	119984
120048	120049
120102	120103
120106	120107
120205	120208
120259	120261
120330	120332
120346	120347
120827	120828
120921	120922
121211	121215
121261	121262
121322	121323
121350	121353
121451	121453
121498	121499
121628	121629
121733	121735
121824	121825
121924	121925
121978	121979
122121	122122
122262	122263
122375	122376
122867	122869
123162	123164
124320	124321
124391	124394
124749	124750
124797	124798
125033	125034
125215	125216
125335	125336
125351	125352
125501	125502
125772	125773
125858	125860
125874	125876
126155	126156
126378	126379
126442	126443
126564	126565
126715	126716
126840	126841
126929	126930
126999	127000
127049	127050
127170	127171
127339	127341
127622	127623
127735	127737
127756	127757
127767	127768
127860	127861
128512	128513
128598	128599
128694	128695
128790	128791
128825	128826
129002	129003
129157	129158
129206	129207
129259	129260
129292	129293
129362	129363
129396	129397
129412	129413
129752	129753
129781	129782
129818	129819
129837	129838
130289	130290
130304	130305
130496	130499
130649	130650
130774	130775
130980	130982
131059	131060
131234	131235
131467	131468
131572	131573
131719	131720
132140	132141
132293	132294
132340	132342
132444	132445
132563	132564
132722	132725
132982	132983
133038	133039
133107	133108
133238	133239
133358	133359
133580	133581
133718	133719
134048	134049
134171	134172
134245	134246
134334	134336
134435	134436
134631	134632
134759	134760
134785	134786
134871	134872
134969	134970
135068	135069
135181	135182
135371	135372
135642	135643
135704	135705
135787	135790
135858	135859
135901	135902
135941	135942
135967	135968
135983	135984
136017	136018
136355	136356
136402	136403
136465	136466
136521	136522
136557	136558
136594	136595
136648	136649
136675	136676
136729	136730
136766	136767
136880	136882
136902	136903
137122	137123
137160	137161
137233	137235
137347	137348
137452	137453
137479	137480
137524	137525
137604	137605
137634	137635
137672	137673
137973	137974
138030	138031
138093	138094
138180	138181
138289	138290
138319	138320
138514	138515
138616	138618
138750	138751
138958	138960
139067	139068
139200	139201
139230	139231
139248	139249
139272	139273
139307	139308
139386	139387
139452	139453
139497	139501
139523	139524
139529	139530
139532	139533
139534	139535
139558	139559
139586	139587
139906	139907
140107	140108
140177	140178
140244	140245
140287	140288
140508	140509
140631	140632
141036	141037
141093	141094
141169	141170
141237	141238
141307	141308
141438	141439
141555	141556
141639	141640
141755	141756
141792	141793
141833	141834
141924	141925
141975	141976
142024	142025
142068	142069
142133	142134
142162	142163
142195	142196
142233	142234
142307	142308
142379	142380
142589	142590
142666	142667
142742	142743
142837	142838
143220	143222
143532	143534
143656	143659
143778	143780
143857	143858
143903	143904
143970	143971
144050	144051
144077	144078
144103	144104
144122	144123
144142	144143
144188	144189
144275	144276
144323	144324
144603	144604
144758	144759
145240	145241
145271	145272
145297	145298
145383	145384
145385	145386
145397	145398
145756	145757
145849	145850
146113	146114
146603	146604
146772	146773
147266	147268
147275	147276
147348	147349
147350	147351
147374	147375
147376	147377
147434	147435
147436	147437
147438	147439
147460	147461
147680	147681
147784	147785
148018	148019
148040	148041
148060	148061
148096	148097
148158	148159
148405	148406
148679	148681
149184	149185
149241	149242
149327	149328
149794	149795
149857	149858
149904	149905
149947	149948
150099	150100
150123	150124
150167	150168
150215	150216
150308	150309
150350	150351
150439	150440
150518	150521
150523	150524
150534	150535
150538	150539
150541	150542
150545	150546
150691	150692
150705	150706
150833	150834
150948	150949
150972	150973
151055	151056
151127	151128
151215	151216
151271	151272
151302	151303
151352	151353
151395	151396
151532	151533
151568	151569
151599	151600
151623	151624
151692	151693
151732	151733
151771	151772
151793	151794
151806	151807
152269	152270
152557	152558
152606	152607
152934	152935
152993	152995
153081	153082
153122	153123
153149	153150
153331	153332
153362	153363
153384	153385
153439	153440
153490	153491
153508	153509
153547	153548
153666	153667
153687	153688
153703	153704
153746	153747
153990	153991
154101	154102
154194	154196
154284	154285
154364	154365
154372	154373
154380	154381
154426	154427
154479	154480
154541	154542
154614	154615
154669	154670
154845	154846
154877	154878
154930	154931
155026	155027
155092	155093
155108	155109
155202	155203
155283	155285
155341	155342
155379	155380
155457	155458
155503	155504
155522	155523
155524	155525
155527	155528
155534	155535
155536	155537
155545	155546
155615	155616
155682	155683
155744	155746
155802	155803
155920	155921
156200	156201
156283	156284
156381	156382
156404	156405
156427	156428
156446	156447
156463	156464
156503	156504
156527	156528
156573	156574
156630	156631
156679	156680
156732	156733
156745	156746
156768	156769
156903	156904
156998	156999
157040	157041
157120	157121
157165	157166
157202	157203
157240	157241
157281	157282
157412	157413
157479	157480
157495	157496
157515	157516
157524	157525
157586	157587
157622	157623
157656	157657
157744	157745
157826	157827
157850	157851
157914	157915
157971	157972
158015	158016
158036	158039
158139	158140
158257	158258
158295	158296
158348	158349
158438	158439
158470	158471
158530	158531
158686	158688
158756	158757
159012	159013
159372	159373
159400	159401
159418	159419
159435	159436
159438	159439
159457	159458
159463	159464
159471	159472
159502	159504
159547	159549
159564	159565
159569	159570
159572	159573
159597	159598
159622	159623
159769	159770
159810	159811
159850	159851
159904	159905
159952	159953
159988	159989
159991	159992
160011	160012
160248	160249
160301	160302
160353	160354
160479	160480
160531	160532
160584	160585
160667	160668
160747	160749
160862	160863
161101	161102
161185	161186
161266	161267
161308	161309
161364	161365
161388	161389
161502	161503
161642	161643
161759	161761
162121	162123
162631	162632
162921	162924
162963	162966
163815	163816
163831	163832
164770	164771
164834	164835
165032	165033
165364	165365
165516	165517
165518	165519
165622	165623
166047	166048
166439	166441
167121	167122
167278	167279
167604	167605
167733	167734
167846	167847
168117	168118
168133	168135
168784	168785
168792	168793
168859	168860
168988	168991
169046	169049
169099	169102
169125	169126
170443	170444
170459	170460
172285	172286
172301	172302
173270	173271
173381	173382
173464	173465
175458	175460
175738	175740
175785	175787
176066	176067
176112	176114
176393	176394
