24	26
421	422
461	462
495	496
558	559
583	584
598	600
633	634
683	684
716	717
769	770
882	883
972	973
1037	1038
1075	1076
1117	1118
1168	1169
1213	1214
1240	1241
1284	1285
1380	1381
1488	1489
1606	1607
1644	1645
1684	1685
1724	1725
1762	1763
1801	1802
1843	1844
1895	1896
1958	1959
2000	2001
2041	2042
2079	2080
2117	2118
2158	2159
2183	2184
2218	2219
2275	2276
2328	2329
2370	2371
2413	2414
2446	2447
2480	2481
2516	2517
2570	2571
2615	2616
3058	3059
3329	3330
3473	3474
3554	3555
3610	3611
3705	3706
4094	4095
4168	4169
4212	4213
4373	4374
4464	4465
4523	4524
4641	4642
4648	4649
4708	4709
4758	4759
4834	4835
4889	4890
4944	4945
4984	4985
5028	5029
5067	5068
5098	5099
5131	5132
5414	5416
5523	5524
5568	5569
5646	5647
5709	5710
5760	5761
5879	5880
5962	5963
6031	6032
6106	6107
6149	6150
6224	6225
6360	6361
6453	6456
6509	6512
6623	6624
6820	6821
6955	6956
7041	7042
7374	7375
7415	7416
7458	7459
7494	7495
7527	7528
7595	7596
7734	7735
7873	7874
7928	7929
7963	7964
8046	8047
8120	8121
8199	8200
8232	8233
8263	8264
8294	8295
8360	8361
8412	8414
8481	8482
8549	8550
8619	8620
8703	8704
8756	8757
8837	8838
8902	8903
8948	8949
9010	9011
9068	9069
9192	9193
9230	9231
9274	9275
9339	9340
9388	9389
9474	9475
9694	9695
9744	9745
9783	9784
9824	9825
9868	9869
9939	9940
9997	9998
10050	10051
10057	10058
10075	10076
10149	10150
10196	10197
10247	10248
10336	10337
10400	10401
10424	10425
10474	10475
10514	10515
10654	10655
10732	10733
10807	10808
10885	10886
10993	10994
11073	11074
11138	11139
11186	11187
11236	11237
11261	11262
11405	11406
11592	11593
11659	11660
11700	11701
11771	11772
11831	11832
11917	11918
11987	11988
12048	12049
12116	12120
12336	12337
12402	12403
12675	12676
12964	12965
13263	13264
13360	13361
13404	13405
13464	13465
13545	13546
13667	13668
13698	13699
13713	13714
13729	13730
13772	13773
13861	13862
13894	13895
13920	13921
13953	13954
13975	13976
14000	14001
14027	14028
14051	14052
14128	14129
14184	14185
14262	14263
14387	14388
14631	14632
14733	14734
14810	14811
14838	14839
14886	14887
14938	14939
14995	14996
15154	15155
15194	15195
15223	15224
15264	15265
15315	15316
15374	15375
15451	15452
15571	15572
15619	15620
15682	15683
15789	15790
15851	15852
15878	15879
15941	15942
16144	16145
16607	16608
16675	16676
16705	16706
16740	16741
16797	16798
16899	16900
16971	16972
17044	17045
17144	17145
17249	17250
17307	17308
17341	17342
17375	17376
17416	17417
17464	17465
17522	17523
17567	17568
17614	17615
17743	17744
17863	17864
17940	17941
18001	18002
18072	18074
18144	18145
18186	18187
18255	18256
18332	18333
18424	18425
18725	18726
18769	18770
18827	18828
18916	18917
19082	19083
19266	19267
19311	19312
19368	19369
19417	19418
19497	19498
19583	19584
19713	19714
19762	19765
19871	19872
19929	19930
19990	19991
20047	20048
20161	20162
20290	20291
20447	20448
20607	20608
20741	20742
20976	20977
21030	21031
21505	21506
21599	21600
21774	21778
21993	21994
22107	22108
22285	22286
22430	22431
22480	22481
22662	22663
22952	22953
23105	23106
23263	23264
23401	23402
23476	23477
23593	23594
23750	23751
23885	23886
23969	23970
24097	24098
24124	24125
24202	24203
24262	24263
24374	24375
24400	24401
24413	24414
24428	24429
24461	24462
24495	24496
24539	24540
24581	24582
24618	24619
24656	24657
24700	24701
24761	24762
24913	24914
25116	25117
25160	25163
25216	25217
25297	25298
25339	25340
25489	25490
25567	25568
25828	25829
26217	26218
26660	26661
26729	26730
26988	26989
27410	27411
27521	27522
27633	27634
27745	27746
27792	27793
27855	27856
27899	27900
27937	27938
28005	28006
28083	28084
28147	28148
28267	28268
28298	28299
28353	28354
28387	28388
28428	28429
28539	28540
28618	28619
28652	28653
28693	28694
28794	28795
28906	28907
29038	29039
29252	29253
30102	30103
30293	30294
30377	30378
30469	30470
30531	30532
30572	30573
30618	30619
30664	30665
30710	30711
30785	30786
30844	30845
30955	30956
31037	31038
31074	31075
31110	31111
31141	31142
31181	31182
31303	31304
31466	31467
31585	31586
31655	31656
32056	32057
32094	32095
32144	32145
32192	32193
32300	32301
32531	32532
32568	32569
32674	32675
32875	32876
32955	32956
33119	33120
33296	33297
33384	33385
33487	33488
33604	33605
33651	33652
33729	33730
33773	33774
33792	33793
33827	33828
33868	33869
33930	33931
33978	33979
34060	34061
34151	34152
34178	34179
34320	34321
34338	34339
34401	34402
34455	34456
34546	34547
34590	34591
34654	34655
34691	34692
34721	34722
34747	34748
34796	34797
34846	34847
34919	34920
34999	35000
35046	35047
35131	35132
35220	35221
35281	35282
35330	35331
35471	35472
35699	35700
35743	35746
35932	35938
36033	36034
36243	36244
36377	36380
36524	36525
36683	36684
36728	36729
36796	36797
36822	36823
36905	36906
36999	37000
37080	37081
37271	37272
37419	37420
37635	37636
37952	37953
38085	38086
38431	38432
38540	38541
38564	38565
38608	38609
38663	38664
38705	38706
38767	38768
38930	38931
39021	39022
39106	39107
39191	39192
39404	39405
39486	39487
39547	39548
39673	39674
39823	39824
39883	39884
40043	40044
40171	40172
40318	40319
40412	40413
40504	40505
40577	40578
40644	40645
40728	40729
40835	40836
40919	40920
41005	41006
41111	41112
41191	41192
41249	41250
41361	41362
41450	41451
41634	41635
41751	41752
41967	41968
42066	42067
42141	42142
42213	42214
42354	42355
42479	42480
42553	42554
42650	42651
42697	42698
42753	42754
42824	42825
42937	42938
43122	43123
43175	43176
43230	43231
43283	43284
43420	43421
43485	43486
43593	43594
43655	43656
43763	43764
43802	43803
44111	44112
44196	44197
44286	44287
44378	44379
44431	44432
44496	44497
44590	44591
44663	44664
44803	44804
44869	44870
45007	45008
45120	45121
45208	45209
45275	45276
45383	45384
45522	45523
45613	45614
45659	45660
45717	45718
45856	45857
46121	46122
46199	46200
46259	46260
46304	46305
46376	46377
46449	46450
46682	46683
46732	46733
46837	46838
46914	46915
47009	47010
47065	47066
47122	47123
47168	47169
47262	47263
47503	47504
47628	47629
47690	47691
47741	47742
47820	47821
47898	47899
48049	48050
48211	48215
48331	48333
48524	48525
48576	48577
48601	48602
48623	48624
48638	48639
48682	48683
48739	48740
48760	48761
48789	48790
48817	48818
48859	48860
48893	48894
48921	48922
48941	48942
49001	49002
49038	49039
49069	49070
49153	49154
49219	49220
49260	49261
49390	49391
49451	49452
49493	49494
49543	49544
49601	49602
49656	49657
49702	49704
49762	49763
49843	49844
49897	49898
50164	50165
50306	50307
50358	50359
50410	50411
50535	50536
50806	50807
50983	50984
51060	51061
51113	51114
51184	51185
51257	51258
51414	51415
51671	51672
51863	51864
51994	51995
52151	52152
52344	52345
52566	52567
52642	52643
52684	52685
52722	52723
52911	52912
53016	53017
53154	53156
53365	53369
53476	53477
53518	53519
53542	53543
53578	53579
53608	53609
53643	53644
53684	53685
53853	53854
54186	54187
54258	54259
54291	54292
54329	54330
54331	54332
54383	54384
54460	54461
54507	54508
54569	54570
54615	54616
54699	54700
54814	54815
54851	54852
54906	54907
54938	54939
55021	55022
55055	55056
55150	55151
55461	55462
55545	55546
55748	55749
55849	55850
55873	55874
55903	55904
55935	55936
56034	56035
56104	56105
56137	56138
56182	56183
56234	56235
56298	56299
56300	56302
56341	56343
56356	56358
56410	56414
56553	56554
56690	56691
56720	56721
56739	56740
56767	56768
56807	56808
56912	56913
56965	56966
57014	57015
57040	57041
57086	57087
57293	57294
57389	57390
57425	57426
57502	57503
57521	57522
57552	57553
57572	57573
57609	57610
57659	57660
57711	57712
57765	57766
57798	57799
57840	57841
57879	57880
58036	58037
58073	58074
58121	58122
58141	58142
58161	58162
58185	58186
58213	58214
58291	58292
58339	58340
58411	58412
58526	58527
58599	58600
58642	58643
58710	58711
58794	58795
58839	58840
58913	58914
58968	58969
59113	59114
59180	59181
59203	59204
59232	59233
59259	59260
59275	59276
59342	59343
59429	59430
59535	59536
59610	59611
59698	59699
59813	59814
59891	59892
60051	60052
60111	60112
60157	60158
60202	60203
60238	60239
60295	60296
60377	60378
60453	60454
60500	60501
60564	60565
60791	60792
60973	60974
61002	61003
61005	61008
61039	61040
61087	61088
61133	61134
61203	61204
61266	61267
61327	61328
61358	61359
61423	61424
61454	61455
61492	61493
61526	61527
61550	61551
61578	61579
61606	61607
61640	61641
61668	61669
61709	61710
61748	61749
61812	61813
61855	61856
61895	61896
61925	61926
61946	61947
62077	62078
62146	62147
62238	62239
62347	62348
62421	62422
62489	62490
62560	62561
62626	62627
62688	62689
62870	62871
62924	62925
63000	63001
63064	63065
63248	63249
63428	63429
63467	63468
63520	63521
63626	63627
63680	63681
63752	63753
63809	63810
63867	63868
63911	63912
63968	63969
64110	64111
64189	64190
64329	64330
64387	64389
64468	64469
64498	64499
64649	64650
64673	64674
64710	64711
64776	64777
64824	64826
64931	64932
64963	64964
65021	65022
65076	65077
65152	65153
65210	65211
65298	65299
65450	65451
65546	65547
65637	65638
65688	65689
65744	65745
65824	65825
65883	65884
65958	65959
66009	66010
66076	66077
66143	66144
66188	66189
66278	66279
66315	66316
66362	66363
66418	66419
66452	66454
66471	66472
66882	66883
67113	67114
67158	67159
67198	67199
67240	67241
67288	67289
67379	67380
67466	67467
67541	67542
67623	67624
67648	67649
67670	67671
67696	67697
67722	67723
67750	67751
67772	67773
67791	67792
67842	67843
67889	67890
67915	67916
67953	67954
68056	68057
68081	68082
68111	68112
68140	68141
68182	68183
68212	68213
68265	68266
68381	68382
68424	68425
68451	68452
68494	68495
68530	68531
68715	68716
68806	68807
68808	68809
68856	68857
68947	68948
69038	69039
69122	69127
69240	69241
69447	69448
69515	69518
69577	69578
69615	69616
69708	69710
69769	69773
69822	69823
69881	69882
69967	69968
70175	70176
70297	70298
70388	70389
70450	70451
70548	70550
70554	70555
70688	70689
70745	70746
70809	70810
71133	71134
71231	71232
71443	71444
71478	71479
71607	71608
71655	71656
71780	71781
71810	71811
71844	71845
71879	71880
71928	71929
71956	71957
72099	72100
72301	72304
72477	72478
72577	72578
72637	72638
72689	72690
72769	72770
72859	72860
72900	72901
72962	72963
73115	73116
73326	73327
73374	73375
73521	73526
73660	73661
73734	73735
73766	73767
73813	73814
73876	73877
73916	73917
73955	73956
73995	73996
74049	74050
74098	74099
74148	74149
74179	74180
74307	74308
74348	74349
74394	74395
74420	74421
74452	74453
74512	74513
74648	74649
74772	74773
74948	74949
74992	74993
75048	75049
75122	75123
75168	75169
75190	75191
75212	75213
75240	75241
75260	75261
75287	75288
75325	75326
75344	75345
75483	75484
75632	75633
75770	75774
75853	75854
75902	75903
75926	75927
75958	75959
76004	76005
76050	76051
76296	76297
76376	76377
76423	76424
76460	76461
76500	76501
76542	76543
76614	76615
76670	76671
76700	76701
76732	76733
76816	76817
77068	77069
77158	77159
77232	77233
77300	77301
77368	77369
77563	77564
77610	77611
77672	77673
77705	77706
77816	77817
77850	77851
78004	78005
78112	78113
78230	78231
78364	78365
78652	78653
78771	78772
78832	78833
78984	78989
79094	79095
79395	79396
79696	79697
79846	79847
79895	79896
79957	79958
80033	80034
80153	80154
80198	80199
80325	80326
80427	80428
80501	80502
80590	80591
80619	80620
80667	80668
80695	80696
80768	80769
80819	80820
81065	81066
81107	81108
81195	81196
81429	81430
81482	81483
81562	81563
81617	81618
81657	81658
81697	81698
81737	81738
81864	81865
81921	81922
82055	82056
82145	82146
82174	82175
82359	82360
82412	82413
82456	82457
82492	82493
82525	82526
82550	82551
82591	82592
82627	82628
82659	82660
82695	82697
82748	82754
82859	82860
82967	82968
83106	83107
83175	83176
83318	83319
83382	83383
83442	83443
83498	83499
83610	83611
83760	83761
83873	83874
83995	83996
84080	84081
84132	84133
84169	84170
84213	84214
84254	84255
84326	84327
84361	84362
84382	84383
84407	84408
84439	84440
84487	84488
84524	84525
84562	84563
84620	84621
84652	84653
84723	84724
84767	84768
84805	84806
84850	84851
84988	84989
85052	85053
85123	85124
85170	85171
85226	85227
85436	85438
85540	85541
85714	85715
85858	85859
85902	85903
85944	85945
85992	85993
86045	86046
86181	86182
86291	86292
86318	86319
86356	86357
86422	86423
86485	86486
86515	86516
86539	86540
86581	86582
86645	86646
86686	86687
86733	86734
86774	86775
86827	86828
86991	86992
87033	87034
87066	87067
87220	87221
87291	87292
87340	87341
87414	87415
87477	87478
87532	87533
87598	87599
87734	87735
88377	88378
88459	88460
