823	824
826	828
1454	1455
1582	1584
1718	1719
2302	2303
2347	2348
2601	2602
2665	2666
2714	2715
3070	3071
3191	3192
4073	4074
4192	4193
4202	4204
4347	4349
4452	4453
4464	4465
4530	4531
4941	4943
4957	4958
5200	5201
5212	5213
5293	5294
5830	5831
5944	5945
6038	6040
6457	6458
6532	6533
6572	6574
7097	7098
7192	7193
7204	7206
7350	7351
7533	7535
8581	8582
8705	8706
8713	8714
8949	8950
9015	9016
9195	9196
9618	9619
9727	9728
10024	10025
10108	10110
10222	10223
10342	10343
10607	10608
10866	10867
11002	11003
11396	11398
11520	11521
11607	11608
11797	11798
