51	52
54	55
505	506
578	579
650	651
686	688
863	864
876	877
937	940
960	962
1116	1118
1253	1254
1268	1269
1281	1282
1416	1418
2204	2205
2431	2432
2798	2799
2873	2874
3053	3054
3132	3134
3198	3199
3276	3278
3563	3565
3586	3589
3772	3773
3869	3871
3960	3962
4046	4048
4393	4395
4497	4498
4552	4554
5097	5099
5218	5221
5248	5251
5312	5315
5363	5365
5437	5438
5502	5503
5593	5595
5600	5601
5755	5757
5898	5899
6020	6021
6161	6162
6320	6321
6591	6592
6734	6735
6874	6875
7018	7019
7167	7169
7325	7326
7356	7358
7513	7514
7538	7540
7685	7686
8018	8021
8355	8359
