134	137
175	176
230	231
273	274
332	334
351	353
399	401
406	407
579	580
1024	1025
1415	1416
1589	1590
1613	1614
1660	1661
1684	1685
1741	1742
2309	2310
2311	2312
2339	2340
2426	2427
2511	2512
2541	2542
2604	2605
2714	2715
2900	2901
2938	2939
3108	3109
3133	3134
3362	3363
3384	3385
3517	3518
3521	3522
3611	3612
3839	3840
4020	4021
4121	4122
4219	4220
4366	4367
4399	4401
4468	4469
4719	4721
4853	4854
4933	4934
5095	5097
5098	5099
5262	5263
5265	5266
5331	5332
5529	5531
5552	5553
5572	5575
5591	5592
5879	5880
6109	6110
