642	643
792	793
1006	1007
1098	1099
1188	1189
1327	1328
1483	1484
1573	1574
1717	1718
1740	1741
1919	1920
1975	1976
2114	2115
2274	2275
2490	2491
2658	2659
2784	2785
2865	2866
2940	2941
3051	3052
3243	3244
3291	3292
3352	3353
3403	3404
3665	3666
3766	3767
3831	3832
3872	3873
3913	3914
4998	4999
5079	5080
5148	5149
5234	5235
5461	5462
5499	5500
5796	5797
5872	5873
6076	6077
6186	6187
6544	6545
6567	6568
6593	6594
6618	6619
6648	6649
6682	6683
6735	6736
7544	7545
7748	7749
7862	7863
7906	7907
7940	7941
7974	7975
8056	8057
8490	8491
8680	8681
8885	8886
9091	9092
9240	9241
9431	9432
9582	9583
9699	9700
9889	9890
10055	10056
10139	10140
10274	10275
10469	10470
10659	10660
10742	10743
10833	10834
10953	10954
11184	11185
11389	11390
11942	11943
12003	12004
12066	12067
12157	12158
12258	12259
12474	12475
12609	12610
12694	12695
12745	12746
12885	12886
13156	13157
13245	13246
13262	13263
13414	13415
13567	13568
13700	13701
13856	13857
13900	13901
13992	13993
14059	14060
14152	14153
14223	14224
14475	14476
14644	14645
14697	14698
14918	14919
14994	14995
15083	15084
15126	15127
15186	15187
15301	15302
15563	15564
15686	15688
15706	15707
15730	15731
15748	15749
15771	15772
15867	15868
15899	15900
15960	15961
15974	15975
16030	16031
16073	16074
16158	16159
16183	16184
16233	16234
16323	16324
16439	16440
16520	16521
16554	16555
16681	16682
16758	16759
16895	16896
17184	17185
17332	17333
17396	17397
17479	17480
17645	17646
17752	17753
17866	17867
17973	17974
18071	18072
18193	18194
18467	18468
18666	18667
19663	19664
19705	19707
20002	20003
20478	20479
20616	20617
20816	20818
21073	21074
21156	21157
21331	21332
21415	21416
21525	21526
21612	21613
21770	21771
22038	22039
22233	22235
22251	22253
22352	22353
22504	22505
22944	22945
22978	22979
23114	23115
23507	23508
23980	23981
24417	24421
24514	24515
24724	24725
25026	25028
25655	25656
25888	25889
26150	26151
26171	26172
26494	26495
27198	27200
27526	27527
27542	27543
27549	27550
27742	27743
27825	27826
27989	27990
28110	28111
28145	28146
28200	28201
28261	28263
28309	28310
28397	28398
28566	28567
28621	28622
28673	28674
28810	28811
28846	28847
29086	29087
29288	29289
29350	29351
29390	29391
29426	29427
29459	29460
29490	29491
29495	29497
29570	29571
29616	29617
29753	29754
29863	29864
29947	29948
30053	30054
30151	30152
30166	30168
30233	30234
30270	30271
30329	30330
30397	30398
30433	30435
30436	30437
30438	30439
30465	30466
30514	30515
30687	30688
30769	30770
30816	30817
30851	30852
30894	30895
31050	31051
31123	31124
31242	31243
31400	31401
31547	31548
31707	31708
31799	31800
32028	32029
32090	32091
32150	32151
32228	32229
32274	32275
32315	32319
32332	32333
32362	32363
32410	32411
32627	32628
32657	32658
32695	32696
32726	32727
32796	32797
32943	32944
32963	32964
33051	33052
33124	33125
33170	33171
33205	33206
33272	33273
33320	33321
33326	33327
33655	33656
33839	33840
33894	33895
33960	33961
33962	33963
34011	34012
34067	34068
34126	34127
34236	34237
34613	34614
34758	34759
35030	35031
35190	35191
35362	35363
35445	35446
35462	35463
35630	35631
35655	35656
35683	35684
35715	35716
35743	35744
35776	35777
35800	35801
35818	35819
35844	35845
35869	35870
35893	35894
36046	36047
36288	36289
36422	36426
36524	36525
36640	36641
36734	36735
36761	36762
36804	36805
36871	36872
36943	36944
37013	37014
37124	37125
37173	37174
37272	37273
37924	37925
37997	37998
38247	38248
38328	38330
38402	38403
38516	38517
38566	38567
38705	38706
38889	38890
38964	38966
39056	39057
39169	39170
39285	39286
39391	39393
39461	39462
39478	39479
39570	39572
39595	39597
39688	39689
39704	39706
39846	39847
39863	39864
40018	40019
40100	40101
40189	40190
40270	40271
40278	40279
40285	40286
40522	40524
40706	40707
40888	40889
41152	41153
41269	41270
41299	41300
41341	41342
41369	41370
41378	41379
41401	41402
41435	41436
41481	41482
41541	41542
41561	41562
41618	41619
41800	41801
41822	41823
41828	41829
41878	41879
41910	41911
41934	41935
41979	41980
41984	41985
42033	42034
42141	42142
42154	42155
42187	42188
42221	42222
42227	42228
42243	42244
42268	42269
42361	42362
42411	42413
42442	42443
42843	42844
42859	42860
42880	42881
42954	42955
43076	43077
43140	43141
43232	43233
43494	43495
43705	43706
43825	43826
43925	43926
44047	44048
44259	44261
44290	44292
44753	44754
45073	45074
45075	45076
45155	45156
45171	45172
45326	45327
46293	46294
46308	46309
46589	46590
46704	46705
46805	46806
46892	46893
47034	47035
47049	47050
47205	47206
47264	47265
47442	47443
47695	47696
47991	47992
48196	48197
48538	48539
48729	48730
48949	48950
49311	49312
49328	49330
49484	49485
49508	49509
49702	49703
49798	49799
49912	49913
50216	50217
50524	50525
50640	50641
51097	51099
51121	51122
51437	51438
51992	51993
52129	52130
52446	52447
52647	52648
52910	52911
52998	52999
53145	53146
53295	53296
53422	53423
53773	53774
53827	53828
53845	53846
53930	53931
53961	53962
53989	53990
54020	54021
54038	54039
54090	54091
54169	54170
54199	54200
54234	54235
54268	54269
54309	54310
54342	54343
54380	54381
54529	54530
54698	54699
54857	54858
55099	55100
55164	55165
55544	55545
55611	55612
55692	55694
55945	55946
55950	55951
56087	56088
56107	56108
56963	56964
57021	57022
57226	57228
57364	57366
57594	57595
57731	57732
57751	57752
57834	57835
57921	57922
58074	58075
58103	58104
58150	58151
58231	58232
58379	58380
58416	58418
58459	58460
58463	58464
58558	58559
58669	58670
59120	59121
59136	59137
59213	59215
59289	59290
59377	59378
59534	59535
59809	59810
59816	59818
59824	59825
60102	60103
60182	60183
60258	60259
60336	60337
60383	60384
60576	60577
60647	60648
60703	60704
60757	60758
60920	60921
61030	61031
61125	61126
61246	61247
61387	61388
61457	61458
62266	62268
62289	62290
62475	62476
62690	62691
62965	62966
63140	63141
63144	63145
63302	63303
63565	63566
63582	63583
63931	63935
64090	64094
64892	64893
64906	64907
65110	65111
65117	65118
65124	65125
65221	65222
65289	65291
65391	65393
65467	65468
65472	65473
65621	65622
65837	65838
65942	65943
65956	65957
66152	66153
66170	66171
66195	66196
66252	66253
66298	66299
66402	66403
66487	66488
66555	66556
66601	66602
66660	66661
66674	66675
67139	67140
67199	67201
67223	67224
67324	67325
67371	67372
67397	67398
67532	67533
67607	67608
67668	67669
67853	67854
67972	67973
68082	68083
68154	68155
68265	68266
68484	68486
68792	68793
68943	68945
69192	69195
69513	69515
69520	69522
69930	69931
70041	70042
70141	70142
70227	70228
70405	70406
70532	70533
70928	70929
71151	71152
71181	71182
71228	71229
71329	71330
71363	71364
71377	71379
71391	71393
71569	71570
71616	71617
71678	71679
71723	71724
71786	71787
71884	71885
72031	72032
72159	72160
72273	72274
72301	72302
72328	72329
72362	72363
72402	72403
72611	72612
72637	72638
72660	72661
72731	72732
72755	72756
72870	72871
72954	72955
72956	72957
72998	72999
73070	73071
73115	73116
73177	73178
73238	73239
73330	73331
73365	73366
73449	73450
73534	73535
73562	73563
73656	73657
73664	73665
73697	73698
73745	73747
73757	73758
73777	73778
73786	73787
73822	73823
73851	73852
73867	73868
73961	73962
74032	74034
74092	74094
74202	74203
74288	74290
74417	74419
74518	74520
74542	74544
74644	74646
74670	74671
74768	74769
74793	74794
74891	74893
74977	74980
75022	75023
75131	75132
75221	75222
75370	75371
75377	75378
75428	75431
75439	75440
75447	75448
75516	75517
