0	1
346	361
466	481
587	588
707	709
716	721
826	841
946	961
1066	1081
1186	1201
1306	1321
1426	1441
1546	1561
1666	1681
1786	1801
1906	1921
2026	2041
2146	2158
2268	2281
2386	2401
2626	2640
2747	2761
2866	2871
2877	2881
2987	3001
3106	3118
3355	3361
3466	3476
3587	3589
3720	3721
3835	3836
4075	4081
4186	4201
4307	4321
4438	4441
4546	4550
4677	4678
4786	4801
4906	4908
4920	4921
5026	5041
5146	5152
5266	5270
5280	5281
5508	5509
5520	5521
5626	5641
5746	5761
5866	5881
6117	6121
6233	6239
6346	6361
6466	6481
6586	6601
6706	6721
6947	6961
7066	7079
7187	7201
7306	7321
7426	7438
7546	7561
7666	7676
7787	7799
7908	7921
8026	8031
8037	8041
8147	8151
8267	8281
8386	8401
8506	8521
8627	8628
8636	8641
8746	8761
8866	8881
8986	8990
8997	9001
9106	9121
9226	9241
9346	9351
9360	9361
9586	9601
