0	43
121	144
197	198
224	225
245	246
276	277
302	303
335	338
358	361
382	383
411	412
438	439
496	497
557	558
597	598
637	638
677	678
700	701
712	718
734	735
744	745
761	762
794	795
851	852
864	865
900	901
933	934
973	974
1022	1023
1065	1066
1102	1103
1126	1127
1167	1168
1185	1186
1209	1210
1235	1236
1271	1272
1312	1313
1361	1362
1419	1420
1449	1450
1478	1479
1514	1515
1539	1540
1574	1575
1634	1635
1663	1664
1704	1705
1770	1771
1891	1892
1953	1954
2003	2004
2046	2047
2098	2099
2180	2181
2277	2278
2332	2333
2391	2392
2452	2453
2515	2516
2554	2607
2652	2653
2690	2694
2714	2715
2742	2743
2794	2795
2842	2843
2996	2997
3053	3060
3089	3090
3119	3120
3137	3138
3152	3153
3209	3210
3279	3280
3310	3313
3343	3367
3389	3390
3440	3441
3489	3490
3519	3521
3527	3529
3536	3539
3561	3563
3577	3578
3726	3728
3761	3762
3807	3816
3824	3825
3860	3864
3985	3986
4057	4058
4183	4184
4253	4254
4415	4416
4495	4496
4514	4516
4554	4555
4619	4620
4657	4658
4713	4714
4733	4734
4869	4870
4910	4911
4932	4933
5014	5015
5122	5123
5220	5221
5250	5252
5303	5304
5383	5384
5478	5479
5554	5555
5608	5618
5634	5635
5741	5742
5790	5791
5854	5855
5899	5900
6044	6045
6404	6405
6468	6472
6485	6486
6574	6575
6628	6629
6685	6686
6706	6722
6831	6849
6862	6872
6925	6933
