0	1
288	289
443	452
458	463
508	510
544	550
560	562
573	574
597	598
624	626
645	646
671	673
699	700
721	722
749	750
771	773
797	798
815	816
847	848
856	860
882	884
928	929
956	957
1032	1033
1049	1051
1105	1106
1130	1132
1145	1147
1196	1197
1224	1232
1270	1272
1288	1296
1323	1366
1372	1373
1401	1402
1431	1439
1448	1457
1468	1474
1486	1488
1505	1513
1525	1533
1547	1557
1582	1583
1612	1613
1626	1629
1635	1643
1657	1658
1667	1669
1684	1698
1713	1719
1741	1745
1760	1766
1775	1776
1788	1790
1808	1814
1825	1826
1836	1838
1849	1877
1885	1887
1902	1917
1925	1927
1934	1936
1943	1968
1977	1978
1986	2028
2035	2068
2077	2078
2085	2105
2112	2114
2129	2147
2161	2162
2174	2179
2193	2195
2286	2295
2310	2311
2336	2338
2352	2353
2365	2369
2401	2402
2413	2414
2427	2428
2440	2444
2452	2459
2469	2470
2476	2481
2491	2492
2506	2518
2529	2534
2543	2544
2577	2586
2593	2595
2611	2619
2629	2636
2643	2644
2654	2655
2685	2687
2737	2742
2755	2759
2783	2784
2848	2850
2872	2873
2894	2897
2955	2956
2996	2997
3038	3039
3052	3053
3143	3144
3183	3185
3193	3194
3235	3243
3256	3257
3276	3277
3286	3287
3316	3321
3338	3339
3367	3368
3377	3378
3390	3391
3418	3419
3440	3441
3447	3449
3489	3496
3536	3539
3548	3549
3558	3559
3585	3586
3596	3598
3633	3635
3643	3644
3665	3666
3693	3695
3731	3732
3738	3739
3747	3748
3765	3766
3782	3784
3796	3797
3822	3823
3849	3851
3860	3862
3911	3912
3923	3924
3995	3996
4003	4004
4017	4018
4080	4081
4110	4111
4147	4149
4159	4160
4181	4182
4204	4206
4222	4223
4235	4237
4252	4253
4267	4268
4281	4282
4300	4302
4311	4318
4329	4341
4350	4352
4376	4383
4397	4405
4432	4433
4447	4455
4474	4479
4494	4498
4531	4532
4538	4539
4548	4549
4563	4572
4588	4589
4624	4625
4655	4659
4669	4670
4676	4677
4692	4693
4725	4736
4747	4750
4759	4760
4771	4772
4793	4801
4826	4827
4833	4840
4851	4853
4859	4861
4875	4876
4945	4946
4991	4992
5011	5012
5049	5050
5084	5085
5121	5122
5132	5133
5142	5143
5160	5161
6140	6141
6703	6711
6717	6726
8227	8229
8369	8370
8409	8421
8514	8516
8581	8582
8669	8670
8774	8782
8788	8799
8805	8806
8870	8872
8885	8886
8904	8905
8920	8921
8931	8935
8945	8946
8979	8980
9047	9048
9075	9077
9245	9247
9264	9265
9313	9317
9455	9456
9463	9469
9497	9519
9609	9611
9646	9647
