0	1
410	423
433	434
517	518
678	679
798	799
967	968
1125	1126
1273	1274
1418	1419
1679	1680
1763	1769
2042	2043
2348	2349
2540	2541
2740	2741
2931	2932
3073	3074
3082	3085
3195	3196
3335	3336
3444	3446
3454	3455
3557	3558
3590	3592
3598	3599
3605	3611
3622	3623
3633	3634
3646	3653
3670	3676
3694	3699
3718	3719
3742	3743
3766	3767
3797	3798
3817	3818
3840	3841
3870	3871
3997	4002
4032	4035
4042	4043
4056	4062
4159	4160
4279	4280
4315	4321
4335	4336
4349	4351
4359	4384
4410	4411
4448	4449
4477	4480
4577	4578
4713	4714
4746	4750
4759	4760
4775	4782
4829	4830
4995	4996
5162	5163
5416	5417
5635	5636
5750	5758
