0	1
248	263
404	409
517	526
662	668
845	850
975	976
1110	1111
1308	1309
1440	1441
1584	1585
1992	1993
2016	2017
2238	2239
2365	2366
2426	2427
2616	2617
2706	2707
3113	3114
3207	3208
3297	3298
3393	3394
3751	3753
3994	3995
4359	4360
4482	4483
4605	4606
4759	4760
5719	5720
5957	5958
6177	6178
6339	6359
6365	6374
6381	6397
6408	6410
6492	6493
6589	6590
6763	6764
7604	7605
7637	7639
7698	7699
7720	7721
7733	7735
7742	7744
7779	7780
7929	7930
8045	8046
8193	8194
8348	8349
8473	8474
8677	8678
8847	8848
9273	9274
9477	9489
9709	9737
9746	9747
9799	9800
9867	9894
9912	9913
10045	10046
