0	25
39	40
61	63
619	620
897	898
1587	1588
1629	1637
1644	1661
1686	1696
1702	1707
1725	1731
1743	1754
1764	1787
1803	1811
1817	1845
1863	1873
1879	1880
1886	1892
1909	1914
1924	1925
1932	1933
1955	1956
4761	4762
8712	8741
8755	8787
11155	11156
14467	14468
18055	18056
19918	19919
21574	21575
21988	21989
22609	22610
22885	22886
23023	23024
23713	23714
24886	24887
25093	25094
26887	26888
27439	27440
27715	27716
27991	27992
28198	28199
29302	29303
34822	34823
36754	36755
36926	36930
37030	37031
47863	47864
51382	51383
55315	55316
58006	58007
58903	58904
64239	64240
64285	64286
64308	64309
64354	64355
64377	64378
64423	64450
64459	64460
64468	64470
64477	64491
64503	64515
64525	64543
64552	64567
64573	64592
64607	64612
64622	64623
64630	64631
64648	64677
64685	64727
64733	64750
64756	64767
64787	64797
64804	64815
64822	64836
64846	64884
64892	64905
64916	64953
64961	64971
64987	65022
65029	65043
65062	65068
65077	65124
65134	65181
65190	65217
65225	65229
65236	65241
65251	65252
65263	65265
65273	65275
65281	65289
65296	65298
65305	65319
65335	65343
65353	65367
65374	65385
65398	65406
65412	65418
65429	65436
65443	65457
65467	65481
65488	65489
65500	65509
65515	65517
65527	65532
65539	65541
65550	65566
