0	1
148	165
223	224
300	301
360	361
416	417
476	477
612	613
687	688
844	845
1056	1057
1096	1097
1185	1186
1249	1250
1487	1488
1516	1518
1531	1535
1597	1598
1697	1698
1765	1766
1830	1831
2092	2093
2502	2503
2631	2632
2753	2754
2817	2818
2897	2898
2942	2943
2985	2986
3006	3098
3215	3216
3284	3285
3485	3486
3638	3647
3654	3705
3724	3786
3815	3819
3845	3866
3966	3967
4094	4095
4176	4177
4187	4188
4302	4303
4411	4412
4469	4470
4478	4481
4492	4493
4556	4560
4608	4609
4653	4654
4732	4734
4767	4768
5044	5045
5302	5318
5646	5647
5961	5998
6022	6028
6249	6428
6513	6530
6587	6588
6696	6697
6751	6752
6832	6833
6933	6934
7013	7014
7058	7059
7132	7133
7245	7246
7355	7357
7455	7456
7579	7586
7702	7703
7967	7968
8029	8030
8125	8126
8180	8181
8241	8242
8382	8383
8552	8553
8706	8707
8760	8761
8826	8827
8882	8883
9024	9025
9106	9107
9171	9172
9262	9263
9330	9331
9446	9447
9538	9539
9585	9586
9769	9770
9864	9865
9997	9998
10066	10067
10125	10126
10267	10268
10471	10472
10543	10544
10590	10591
10673	10674
10740	10741
10888	10889
11019	11020
11072	11073
11170	11171
11274	11275
11390	11391
11473	11474
11585	11586
11727	11728
11838	11839
11944	11945
12025	12034
12067	12076
12150	12151
12310	12311
12424	12425
12431	12432
12723	12724
12851	12852
13269	13270
13451	13452
13565	13566
13762	13763
13830	13831
14023	14024
14218	14219
14347	14348
14464	14465
14580	14581
14737	14738
14814	14815
14865	14866
14958	14959
15038	15039
15121	15122
15179	15180
15237	15243
15351	15352
15477	15478
15562	15563
15646	15647
15769	15770
15817	15818
15885	15886
15995	15996
16045	16046
16053	16054
16149	16150
16263	16264
16317	16318
16394	16395
16453	16454
16522	16523
16588	16589
16682	16683
16818	16819
16958	16959
17052	17053
17168	17169
17296	17297
17453	17454
18152	18153
18389	18390
18522	18523
19094	19095
19147	19148
19161	19168
19204	19205
19306	19307
19403	19404
19488	19489
19495	19496
19550	19551
19643	19644
19756	19757
19828	19829
19953	19954
20028	20029
20155	20156
20340	20341
20404	20405
20465	20466
20542	20543
20630	20631
20727	20728
20899	20900
20985	20986
21083	21084
21188	21189
21211	21215
21329	21330
21457	21458
21577	21579
21588	21589
21599	21601
21697	21698
22210	22211
22338	22339
22362	22363
22694	22695
22839	22840
22927	22928
22981	22982
23035	23036
23130	23131
23181	23182
23277	23278
23364	23365
23482	23483
23617	23618
23724	23725
23961	23965
24216	24217
24300	24301
24442	24443
24544	24545
24679	24683
24713	24719
24767	24768
24856	24857
24940	24941
24950	24972
24978	24981
24987	24989
25061	25068
25157	25158
25317	25318
25397	25398
25501	25502
25655	25656
25828	25829
26228	26229
26287	26288
26338	26339
26386	26387
26439	26442
26526	26527
26650	26653
26672	26673
26959	26960
28162	28185
