0	1
641	655
934	945
1251	1260
1275	1276
1309	1310
1857	1870
2022	2032
2040	2041
2442	2445
2452	2465
2788	2811
2817	2818
3088	3116
3321	3350
3861	3874
4202	4244
4610	4611
4618	4653
4877	4878
4887	4906
5064	5091
5358	5386
5472	5473
5524	5541
5549	5550
6104	6119
6638	6658
7053	7067
7460	7478
7730	7737
7743	7758
7765	7774
7781	7798
7820	7822
7836	7837
7844	7849
7892	7901
7912	7913
8101	8102
8116	8117
8205	8210
8218	8223
8230	8233
8241	8245
8255	8257
8268	8269
8625	8626
8658	8669
8951	8958
9000	9008
9195	9207
9532	9543
9755	9767
9920	9928
10057	10071
10210	10222
10384	10396
10477	10487
10628	10629
10843	10848
10915	10922
11033	11042
11151	11160
11242	11250
11271	11272
11428	11429
11444	11460
11595	11605
11758	11766
11892	11912
12035	12047
12177	12188
12386	12400
12457	12465
12629	12642
12784	12793
12873	12883
12988	12997
13098	13114
13225	13232
13343	13354
13646	13657
13798	13810
13967	13983
14001	14002
14329	14372
14435	14474
14561	14571
14616	14624
14648	14649
14777	14781
14824	14830
14897	14912
14950	14955
15038	15050
15177	15186
15307	15317
15463	15478
15578	15592
15599	15604
15720	15737
15831	15855
15948	15963
16085	16092
16182	16189
16244	16253
16326	16335
16430	16433
16479	16480
16530	16534
16677	16686
16814	16828
17088	17100
17257	17258
17269	17288
17443	17453
17691	17702
17833	17844
17904	17913
18008	18011
18061	18072
18123	18127
18180	18187
18246	18251
18291	18292
18310	18311
18346	18350
18476	18484
18612	18636
19050	19069
19276	19294
19425	19440
19446	19447
19582	19591
19597	19607
19706	19707
19714	19720
19771	19783
19938	19952
20006	20021
20063	20082
20154	20162
20207	20216
20380	20397
20624	20639
20873	20897
21200	21201
21212	21241
21643	21681
21933	21935
21941	21942
21948	21984
22220	22224
22669	22670
22721	22730
22974	23017
23179	23204
23210	23211
23337	23365
23373	23374
23461	23472
23481	23496
23503	23504
23522	23523
23563	23564
23609	23610
23926	23943
23949	23956
24145	24158
24268	24299
24307	24308
24407	24437
24575	24608
24870	24898
25078	25114
25270	25303
25648	25678
26089	26090
26097	26108
26146	26156
26248	26272
26379	26409
26495	26511
26562	26574
26710	26732
26815	26841
26915	26941
27056	27075
27195	27217
27261	27279
27287	27288
27568	27583
27633	27647
27895	27915
27968	27986
28079	28102
28258	28273
28535	28546
28553	28556
29021	29058
29066	29067
29076	29077
29109	29110
29120	29121
29130	29131
29270	29273
29280	29287
29432	29443
29451	29501
29512	29516
29533	29540
29610	29617
29624	29672
29801	29817
29994	30008
30126	30138
30229	30247
30335	30351
30411	30418
30551	30575
30582	30583
30593	30594
30951	30952
30963	31002
31515	31536
31809	31837
32346	32347
32353	32382
32597	32630
32726	32745
33194	33220
33481	33523
33810	33818
33838	33839
33862	33867
33874	33875
33882	33891
33906	33907
33913	33917
33929	33938
33945	33954
33960	34016
34481	34482
34495	34501
34509	34534
34541	34542
34554	34556
34576	34577
34591	34592
34716	34717
34749	34750
34768	34769
34790	34791
34800	34805
34811	34821
34839	34855
34877	34878
35107	35108
35117	35130
35140	35162
35169	35170
35530	35540
35547	35560
35578	35588
35596	35597
35615	35616
35753	35768
35774	35781
36112	36113
36163	36164
36194	36202
36224	36234
36242	36243
36486	36492
36499	36515
36525	36527
36720	36745
36753	36754
36802	36836
36848	36849
36974	36975
37009	37017
37026	37027
37515	37523
37856	37871
38120	38129
38349	38360
38588	38601
38770	38787
38958	38979
39293	39305
39553	39584
39749	39755
39761	39776
40005	40016
40143	40150
40392	40441
40583	40584
40597	40619
40742	40753
40941	40946
41707	41724
41806	41813
41819	41839
41935	41955
42019	42035
42119	42136
42208	42215
42242	42243
42303	42312
42383	42391
42451	42452
42490	42497
42538	42561
42625	42638
42686	42687
42746	42768
42832	42871
42890	42893
42904	42905
43060	43061
43068	43069
43078	43081
43087	43106
43113	43114
43149	43150
43729	43746
43759	43760
43779	43780
43890	43891
43907	43908
43923	43929
44070	44077
44371	44377
44540	44549
44820	44830
44930	44937
44949	44950
44979	44986
45001	45016
45165	45177
45258	45271
45399	45407
45455	45462
45635	45651
45713	45721
45748	45754
45971	45980
46246	46256
46341	46352
46416	46426
46496	46502
46726	46735
46824	46838
47043	47055
47137	47144
47271	47282
47430	47440
47647	47651
47701	47710
47834	47840
47882	47887
48006	48017
48066	48079
48146	48152
48181	48182
48240	48249
48321	48336
48385	48400
48452	48459
48502	48506
48617	48626
48784	48791
49007	49010
49031	49032
49520	49524
49801	49808
50065	50078
50087	50088
50268	50282
50476	50485
50642	50652
50825	50836
51035	51059
51188	51201
51319	51335
51466	51491
51631	51649
51748	51766
51967	51980
52148	52159
52224	52239
52247	52248
52364	52381
52460	52472
52527	52535
52630	52641
52735	52747
52847	52854
52881	52885
52908	52909
52917	52923
52936	52937
53005	53006
53014	53016
53024	53034
53082	53083
53142	53149
53202	53215
53255	53256
53263	53272
53295	53307
53314	53315
53323	53330
53347	53348
53361	53402
53412	53413
53481	53482
53498	53499
53516	53521
53681	53702
53828	53845
53917	53919
53927	53928
53934	53944
54104	54118
54126	54135
54693	54694
54704	54707
54726	54731
54961	54978
55248	55253
55260	55277
55697	55719
55910	55918
55924	55930
56196	56205
56214	56215
56237	56238
56270	56271
57356	57364
58618	58619
58626	58629
58645	58660
58767	58783
58790	58796
58809	58810
58994	59019
59036	59037
59140	59166
59172	59181
59260	59310
59343	59344
59357	59386
59486	59518
59685	59709
59715	59716
59831	59832
59841	59852
59969	59980
60031	60043
60162	60177
60317	60333
60456	60474
60482	60483
60630	60651
60774	60776
60783	60793
60800	60802
60812	60813
61022	61033
61164	61187
61956	61957
62017	62025
62102	62103
62110	62115
62124	62128
62138	62139
62402	62419
62483	62484
62494	62518
62525	62526
62734	62746
62757	62758
63026	63027
63113	63114
63126	63133
63139	63145
63245	63246
63253	63270
63346	63364
63491	63539
63786	63787
63803	63823
63830	63843
63888	63901
63910	63915
64086	64087
64094	64126
64140	64141
64471	64489
64531	64541
64651	64652
64692	64694
64715	64726
64761	64777
64798	64805
64875	64887
64894	64904
65033	65046
65053	65054
65131	65132
65139	65155
65240	65245
65257	65261
65283	65284
65412	65418
65432	65437
65449	65450
65522	65537
65638	65643
65950	65951
65958	65991
66185	66186
66196	66197
66206	66207
66215	66219
66225	66249
66397	66433
66448	66449
66689	66690
66734	66756
66763	66781
66794	66795
66980	67017
67265	67275
67395	67396
67702	67703
67757	67781
67790	67791
67797	67798
67920	67947
68106	68127
68134	68135
68389	68394
68400	68430
68604	68605
68612	68647
68792	68815
68897	68922
68932	68933
69084	69114
69122	69123
69233	69234
69240	69259
69268	69269
69373	69374
69387	69388
69395	69411
69443	69454
69689	69690
69697	69723
69906	69925
70093	70107
70205	70219
70365	70395
70409	70410
70587	70597
70605	70611
70624	70625
70668	70669
70863	70864
70884	70885
70895	70900
70908	70924
71249	71250
71258	71278
71548	71564
71822	71835
72288	72300
72382	72383
