0	1
642	656
1046	1060
1388	1406
1977	1993
2182	2216
2222	2234
2704	2705
2711	2723
3048	3078
3319	3338
3351	3354
3415	3440
3552	3563
3734	3749
3893	3904
4256	4269
4428	4438
4501	4509
4731	4738
4813	4824
5455	5474
5747	5763
5861	5872
6710	6721
6767	6768
6897	6908
7228	7239
7532	7557
7760	7785
8206	8222
8777	8778
8796	8797
8805	8844
9145	9148
9154	9173
9179	9180
9218	9219
9243	9244
9250	9266
9429	9477
9501	9548
9592	9593
9642	9643
9794	9829
9961	9991
9999	10000
10021	10022
10087	10131
10307	10322
10462	10463
10524	10525
10730	10754
11033	11049
11056	11057
11793	11823
11829	11830
11886	11920
11927	11928
11934	11935
12141	12142
12225	12226
12241	12258
12264	12280
12286	12287
12626	12645
12651	12656
12918	12919
12925	12942
12993	13007
13090	13137
13240	13286
13471	13492
13615	13634
13698	13699
13759	13760
13827	13842
13945	13946
13985	13986
14042	14043
14127	14128
14151	14173
14215	14261
14298	14345
14434	14462
14556	14580
14661	14671
14771	14772
14833	14834
15010	15034
15215	15216
15259	15260
15395	15396
15454	15455
15510	15511
15610	15632
15786	15787
15813	15814
15872	15891
16056	16083
16097	16098
16179	16204
16329	16354
16464	16486
16746	16757
16964	16969
17037	17047
17054	17055
17174	17175
17192	17199
17207	17222
17439	17461
17473	17478
17573	17599
17607	17608
17617	17618
17705	17719
17727	17728
17736	17743
17819	17820
17827	17841
17850	17864
17897	17898
17914	17915
17927	17934
17943	17946
17952	17956
17965	17966
17978	17979
18051	18052
18060	18061
18067	18098
18260	18261
18278	18313
18420	18464
18568	18577
18598	18605
18840	18841
18862	18864
18881	18883
18946	18947
18969	18970
18984	18985
18997	18998
19010	19011
19144	19145
19199	19201
19517	19518
19796	19799
19806	19807
19875	19881
19960	19961
19981	19985
20029	20030
20046	20053
20059	20061
20071	20072
20082	20083
20106	20127
20140	20143
20155	20156
20349	20355
20363	20365
20372	20373
20495	20496
20711	20713
20770	20771
20910	20912
20943	20945
20955	20956
20965	20966
21074	21075
21091	21092
21102	21104
21117	21118
21202	21203
21235	21236
21401	21402
21424	21425
21447	21448
21481	21486
21495	21496
21504	21505
21515	21516
21525	21527
21535	21536
21549	21556
21749	21750
21759	21770
21777	21780
21787	21804
21923	21924
21940	21954
21963	21976
21987	21988
22147	22148
22178	22179
22197	22198
22222	22226
22241	22248
22256	22257
22432	22433
22440	22447
22459	22465
22486	22491
22513	22514
22526	22527
22539	22542
22562	22567
22573	22574
22710	22711
22726	22727
22736	22756
22762	22766
22784	22788
22794	22795
22803	22804
22823	22824
22842	22847
22967	22978
22985	22986
22999	23001
23010	23014
23026	23035
23047	23049
23061	23062
23138	23139
23147	23148
23157	23158
23166	23167
23175	23185
23203	23207
23220	23222
23240	23241
23249	23263
23437	23438
23445	23446
23453	23454
23461	23462
23469	23478
23494	23503
23518	23519
23534	23535
23597	23598
23612	23613
23626	23633
23651	23658
23671	23673
23686	23687
23767	23768
23791	23793
23816	23817
23824	23825
23865	23866
23889	23890
23902	23903
23914	23915
23926	23927
24278	24279
24286	24291
24298	24299
24312	24316
24323	24324
24386	24387
24437	24438
24686	24687
24706	24707
24721	24722
24767	24768
24929	24930
25002	25003
25017	25018
25031	25032
25263	25264
25316	25317
25332	25333
25345	25348
25363	25364
25379	25380
25390	25396
25535	25536
25561	25562
25657	25658
25707	25717
25724	25725
25733	25734
25741	25742
25749	25750
25783	25784
25800	25802
25817	25818
25936	25937
25982	25983
26047	26049
26063	26064
26172	26173
26190	26191
26200	26201
26209	26211
26244	26250
26286	26303
26615	26616
26647	26652
26768	26777
26784	26790
26801	26803
26814	26815
26867	26868
26876	26880
26893	26894
26902	26903
26945	26946
26953	26954
26961	26962
26976	26977
26984	26985
26992	26999
27059	27064
27071	27072
27079	27087
27094	27095
27102	27103
27138	27140
27146	27150
27158	27162
27168	27170
27176	27177
27274	27275
27326	27327
27399	27401
27418	27419
28490	28498
28527	28528
28866	28867
28888	28891
29084	29089
29314	29315
29372	29373
29513	29514
29523	29529
29535	29537
29553	29554
29619	29622
29628	29633
29646	29647
29708	29709
29715	29733
29882	29899
30001	30026
30221	30242
30248	30250
30317	30318
30330	30332
30338	30343
30349	30350
30357	30359
30489	30495
30501	30505
30511	30512
30525	30527
30686	30719
30762	30763
30770	30779
30785	30801
30866	30887
30894	30896
30976	31004
31061	31080
31593	31607
31613	31633
31709	31731
31737	31738
31911	31934
32081	32092
32098	32100
32111	32112
32450	32470
32627	32628
32634	32636
32829	32839
32845	32852
32859	32861
32872	32874
32893	32895
32917	32918
33021	33023
33035	33036
33054	33055
33069	33075
33088	33089
33156	33180
33191	33354
33361	33363
33370	33371
33379	33380
33429	33430
33488	33494
33508	33525
33532	33540
33550	33552
34196	34197
34212	34213
34222	34223
34242	34243
34379	34388
34536	34539
34560	34561
34753	34759
34765	34766
34774	34775
34926	34928
35026	35027
35034	35050
35057	35058
35451	35452
35462	35467
35476	35477
35490	35491
36097	36098
36104	36105
36111	36119
36125	36128
36136	36139
36285	36294
36511	36519
36532	36533
36835	36841
36963	36975
37150	37156
37289	37296
37406	37420
37592	37603
37762	37769
37976	37977
38469	38480
38623	38631
38736	38744
38871	38872
38879	38892
38989	38990
38998	39008
39152	39153
39163	39170
39182	39183
39311	39319
39418	39427
39540	39541
39549	39558
40227	40228
40268	40269
40456	40457
40742	40748
40766	40767
40940	40946
41157	41158
41428	41436
41620	41634
41799	41809
42197	42200
42227	42228
42248	42249
42319	42320
42382	42383
42407	42408
42552	42553
42570	42572
42597	42608
42616	42618
42793	42794
42804	42806
42816	42830
42838	42849
42862	42864
43075	43076
43083	43084
43097	43103
43109	43110
43130	43131
43254	43270
43276	43278
43495	43507
43514	43515
43776	43777
43812	43814
44092	44106
44120	44121
44221	44223
44240	44241
44256	44257
44393	44394
44404	44409
44546	44548
44554	44564
44571	44572
44579	44580
44728	44739
44807	44808
44819	44836
44844	44845
44959	44964
44971	44975
44982	44997
45074	45075
45086	45105
45217	45223
45248	45249
45335	45336
45351	45359
45481	45489
45702	45703
45736	45737
45743	45744
45930	45931
46012	46013
46063	46064
46107	46108
46226	46227
46280	46281
46355	46356
46366	46378
46663	46674
46756	46775
47059	47060
47076	47077
47093	47094
47127	47128
47157	47158
47230	47231
47247	47248
47281	47282
47755	47756
47795	47796
48021	48041
48223	48232
48295	48302
48392	48396
48611	48612
48631	48632
48681	48682
48696	48705
48712	48713
48719	48720
48879	48880
48887	48888
48894	48908
48922	48923
49269	49272
49312	49313
49337	49338
49422	49432
49537	49538
49565	49566
49586	49587
49630	49631
49648	49649
49754	49755
49800	49801
49862	49863
49910	49911
49992	49999
50075	50082
50140	50141
50182	50183
50309	50310
50343	50344
50354	50363
50443	50449
50558	50559
50581	50582
50643	50650
50724	50725
50743	50744
50790	50791
50912	50913
50961	50962
50990	50991
51011	51015
51207	51209
51233	51249
51384	51385
51405	51411
51663	51675
52040	52076
52116	52123
52129	52137
52143	52147
52158	52163
52298	52309
52383	52397
52478	52487
52603	52635
52745	52774
52886	52901
53114	53127
53137	53138
53234	53235
53241	53254
53389	53397
53537	53548
53657	53667
53814	53828
53996	54006
54062	54072
54440	54448
54551	54573
54581	54582
54591	54592
54906	54947
55089	55136
55342	55348
55355	55358
55484	55507
55604	55662
55710	55758
55888	55913
56082	56179
56316	56343
56349	56362
56368	56432
56441	56442
56607	56667
56682	56719
56804	56805
56857	56858
57033	57055
57158	57159
57200	57201
57241	57286
57438	57457
57567	57590
57596	57597
57616	57617
57692	57693
57701	57756
57766	57767
57974	58006
58173	58223
58308	58335
58448	58499
58505	58506
58512	58513
58561	58562
58568	58570
58576	58609
58804	58824
58877	58897
58903	58904
58945	58971
59186	59229
59315	59342
59413	59433
59518	59566
59617	59624
59631	59645
59651	59654
59806	59828
59835	59836
60027	60077
60124	60125
60136	60138
60144	60148
60158	60159
60202	60203
60259	60303
60344	60388
60481	60482
60533	60534
60647	60663
60677	60678
60756	60782
60875	60876
60896	60934
60943	60944
61052	61081
61305	61306
61318	61425
61489	61548
61924	61970
61983	62047
62211	62234
62574	62589
62662	62674
62771	62772
62814	62815
63001	63011
63125	63137
63209	63225
63397	63409
63473	63483
63581	63582
63616	63617
63698	63699
63717	63718
63891	63934
63952	63998
64100	64117
64191	64209
64291	64292
64320	64321
64392	64393
64436	64437
64467	64468
64523	64524
64566	64567
64587	64588
64628	64629
64697	64711
64791	64792
64834	64835
64896	64897
64917	64918
65044	65045
65077	65078
65150	65151
65185	65186
65210	65211
65222	65224
65243	65244
65300	65301
65351	65352
65404	65405
65435	65436
65535	65536
65568	65569
65600	65601
65612	65619
65637	65638
65771	65772
65832	65833
65978	66012
66083	66096
66405	66428
66549	66572
66793	66812
66932	66956
66970	66971
67087	67113
67374	67388
67396	67399
67651	67652
67664	67683
68306	68316
68326	68346
68356	68365
68376	68377
68409	68410
69191	69192
69211	69212
69230	69231
69242	69252
69268	69271
69286	69293
69308	69309
70117	70142
70151	70154
70165	70168
70375	70379
70385	70388
70396	70415
71296	71297
71311	71334
71347	71348
