0	1
641	649
656	660
807	839
895	897
947	948
984	985
1026	1027
1100	1101
1123	1124
1145	1146
1226	1240
1319	1333
1390	1402
1639	1647
1654	1678
1952	1953
1960	2002
2120	2145
2163	2164
2318	2337
2345	2346
2357	2359
2468	2493
2679	2699
2856	2871
3026	3036
3179	3190
3289	3290
3371	3374
3386	3392
3407	3408
3434	3435
3465	3466
3472	3480
3503	3505
3528	3547
3666	3668
3683	3706
3989	4007
4140	4174
4182	4183
4283	4284
4316	4317
4358	4359
4381	4405
4476	4503
4512	4513
4743	4745
4752	4768
4834	4861
5033	5034
5048	5067
5155	5174
5419	5420
5444	5445
6605	6620
6630	6631
6637	6638
6795	6805
6813	6830
6841	6842
7023	7034
7053	7054
7334	7335
7560	7561
7583	7602
7628	7629
7865	7866
7901	7902
8171	8175
8187	8188
8339	8352
8574	8578
8587	8589
8596	8597
8604	8605
8792	8817
8921	8922
8960	8961
8988	8989
9016	9017
9090	9108
9170	9182
9299	9325
9346	9367
9375	9376
9409	9410
9431	9432
9536	9537
9549	9559
9565	9568
9574	9575
9587	9588
9600	9601
9754	9755
9775	9779
9791	9792
9902	9903
9943	9944
9963	9964
10021	10041
10126	10140
10147	10148
10393	10394
10403	10416
10422	10423
10430	10431
10478	10479
10487	10500
10509	10510
10732	10744
10853	10867
10876	10882
10905	10906
10913	10914
10923	10941
11061	11080
11184	11185
11191	11217
11337	11358
11375	11376
11434	11435
11450	11471
11481	11483
11579	11607
11685	11686
11695	11701
11708	11729
11793	11817
11888	11889
11897	11914
12010	12015
12023	12028
12036	12037
12091	12111
12119	12121
12129	12130
12505	12506
12515	12516
12523	12527
12534	12535
12544	12545
12588	12589
12600	12602
12613	12614
12626	12627
12634	12639
12650	12652
12663	12664
12717	12718
12734	12743
12840	12854
12870	12871
12930	12931
12945	12951
12967	12968
13149	13155
13162	13163
13173	13174
13221	13222
13231	13253
13262	13263
13328	13336
13353	13354
13398	13399
13415	13422
13546	13547
13568	13575
13595	13596
13724	13725
13751	13752
13783	13784
13875	13886
13892	13893
13976	13977
13983	13996
14071	14072
14121	14122
14178	14179
14213	14214
14251	14252
14396	14424
14594	14622
14692	14726
14762	14786
14854	14855
14916	14917
14989	15009
15067	15075
15178	15196
15403	15421
15427	15428
15447	15448
15509	15512
15521	15522
15534	15535
15542	15554
15697	15698
15758	15764
15794	15795
15805	15810
15898	15899
15926	15927
15941	15946
15958	15962
15968	15969
16149	16180
16263	16264
16271	16283
16294	16295
16358	16359
16396	16397
16454	16456
16467	16477
16651	16663
16724	16737
16745	16746
16869	16870
16893	16895
16902	16903
16927	16928
16995	16996
17025	17028
17059	17067
17088	17107
17179	17190
17295	17305
17367	17377
17486	17500
17620	17621
17682	17683
17698	17699
17742	17748
17764	17765
17795	17796
17841	17855
17872	17873
17918	17919
17943	17952
18006	18007
18028	18029
18063	18064
18070	18086
18101	18102
18120	18121
18138	18139
18152	18153
18159	18190
18286	18292
18298	18310
18491	18505
18592	18603
18701	18720
18828	18878
19285	19286
19292	19320
19591	19606
19816	19834
20350	20367
20543	20558
20807	20830
20838	20839
21054	21071
21396	21414
21551	21562
21673	21687
21705	21706
21808	21831
21959	21973
22041	22042
22096	22097
22201	22217
22334	22348
22360	22361
22511	22525
22531	22532
22707	22734
22842	22875
22944	22956
23070	23071
23077	23093
23197	23207
23296	23307
23402	23419
23500	23512
23653	23654
23667	23705
23742	23746
23752	23753
23785	23801
23807	23808
23929	23945
24028	24041
24125	24138
24196	24197
24232	24233
24277	24278
24305	24311
24364	24365
24391	24392
24430	24431
24478	24479
24562	24563
24576	24582
24634	24635
24667	24668
24733	24734
24751	24752
24797	24798
24812	24813
24845	24846
24884	24885
24917	24918
24962	24963
24978	24979
25009	25010
25032	25033
25051	25052
25066	25067
25085	25086
25098	25107
25133	25134
25182	25183
25226	25227
25325	25326
25337	25353
25442	25469
25592	25613
25710	25723
25863	25874
26004	26005
26011	26039
26132	26133
26181	26182
26289	26319
26479	26502
26607	26642
26648	26649
26982	26983
26991	27044
27281	27297
27578	27601
27676	27694
27863	27878
27887	27888
28168	28182
28448	28464
28746	28761
29047	29078
29246	29247
29254	29255
29261	29303
29481	29510
29649	29661
29795	29809
29875	29891
30016	30030
30167	30180
30322	30338
30506	30534
30706	30731
30806	30817
30964	30975
31203	31214
31348	31361
31463	31464
31516	31517
31568	31588
31673	31688
31778	31789
32026	32039
32206	32218
32226	32227
32457	32470
32650	32661
32725	32748
32924	32942
33247	33259
33444	33445
33452	33469
33490	33491
33868	33894
34122	34145
34631	34658
34664	34677
35072	35102
35296	35320
35726	35744
35873	35892
36010	36026
36133	36148
36230	36246
36329	36330
36390	36391
36499	36513
36794	36812
36960	36982
37090	37091
37151	37152
37215	37242
37361	37425
37432	37460
37601	37617
37709	37710
37721	37752
37907	37924
38153	38154
38160	38165
38177	38178
38189	38194
38282	38283
38299	38300
38316	38323
38342	38346
38354	38355
38368	38369
38468	38484
38538	38556
38626	38627
38687	38688
38763	38764
38812	38813
38903	38921
39012	39013
39024	39033
39046	39047
39085	39086
39100	39109
39120	39121
39197	39198
39257	39258
39301	39302
39333	39334
39437	39452
39505	39525
39616	39617
39633	39634
39657	39658
39669	39670
39734	39735
39757	39758
39790	39791
39823	39824
39850	39851
39862	39863
39917	39918
39966	39967
40117	40118
40132	40143
40149	40152
40444	40445
40474	40478
40535	40550
40561	40562
40569	40571
40622	40623
40677	40678
40712	40713
40773	40774
40886	40887
40896	40904
40962	40963
40972	41021
41029	41055
41153	41154
41215	41216
41294	41295
41352	41353
41361	41362
41368	41369
41376	41381
41424	41425
41496	41544
41742	41777
41928	41952
42186	42187
42197	42220
42227	42228
42396	42440
42574	42604
42718	42749
42939	42957
42971	42972
42986	42987
43184	43185
43202	43220
43246	43247
43477	43527
43630	43636
43646	43733
43873	43902
44072	44085
44228	44242
44315	44324
44454	44473
44566	44590
44640	44669
44675	44680
44737	44748
44755	44785
44883	44893
45042	45052
45166	45176
45355	45365
45586	45597
45768	45779
45885	45896
45982	45983
45992	45998
46097	46108
46192	46230
46325	46331
46339	46396
46423	46459
46768	46769
46775	46778
46823	46824
46954	46955
47002	47017
47025	47029
47586	47634
47823	47851
47860	47899
48101	48148
48155	48156
48291	48292
48303	48334
48448	48499
48541	48542
48549	48612
48710	48756
48831	48857
48930	48959
48991	49023
49072	49096
49103	49104
49112	49113
49155	49156
49214	49215
49334	49359
49471	49484
49656	49657
49715	49716
49816	49863
49869	49870
49977	49978
50039	50040
50150	50173
50233	50234
50284	50285
50383	50411
50451	50452
50460	50477
50534	50554
50600	50642
50680	50681
50713	50714
50836	50837
50888	50889
50907	50908
50967	50968
51006	51007
51092	51126
51176	51201
51446	51463
51470	51471
51486	51487
51576	51577
51586	51608
51615	51616
51688	51708
51716	51717
51757	51759
51766	51795
51851	51875
51949	51968
52109	52128
52225	52246
52373	52392
52480	52497
52551	52566
52707	52708
52771	52799
52901	52928
53021	53054
53160	53161
53213	53214
53346	53372
54076	54078
54121	54134
54140	54146
54396	54423
54629	54635
54641	54652
54670	54671
54896	54897
54905	54909
54917	54927
55452	55453
55460	55484
55812	55821
55835	55848
56335	56359
56367	56368
56552	56582
56594	56603
56752	56796
56917	56918
56924	56945
57124	57125
57131	57152
57158	57159
57342	57361
57589	57600
57747	57760
57963	57981
58148	58158
58246	58255
58340	58351
58427	58440
58490	58497
58507	58520
58527	58528
58647	58659
58766	58776
58934	58946
59035	59036
59091	59092
59131	59132
59145	59150
59175	59176
59220	59221
59227	59237
59255	59256
59311	59312
59322	59323
59330	59331
59367	59368
59392	59397
59408	59409
59594	59604
59664	59674
59742	59759
59866	59878
59969	59970
60002	60003
60021	60022
60036	60040
60073	60074
60125	60126
60225	60236
60451	60452
60482	60483
60506	60507
60540	60541
60571	60572
60634	60635
60673	60674
60694	60695
60719	60720
60740	60741
60752	60753
60781	60782
61068	61069
61120	61121
61143	61144
61210	61211
61224	61230
61240	61241
61256	61257
61316	61324
61330	61366
61434	61449
61457	61459
61469	61537
61598	61638
61690	61699
61713	61756
61765	61766
61777	61802
61828	61829
61847	61848
61858	61870
62001	62013
62131	62171
62230	62269
62283	62284
62370	62394
62407	62411
62426	62428
62471	62487
62596	62609
62715	62729
62923	62938
63206	63207
63213	63216
63361	63373
63501	63512
63598	63612
63620	63621
63629	63630
63702	63716
63892	63906
63990	64001
64050	64071
64234	64251
65019	65031
65037	65042
65777	65796
66036	66058
66215	66226
66447	66455
66571	66584
66594	66596
66660	66661
66721	66722
66799	66812
66905	66906
66916	66930
66940	66941
66999	67000
67013	67029
67247	67264
67338	67339
67400	67401
67602	67614
67712	67728
67798	67799
67807	67812
67823	67838
67846	67847
67885	67886
67895	67906
67970	67982
68144	68145
68190	68196
68453	68490
68601	68616
68685	68686
68737	68738
68916	68938
69215	69231
69338	69352
69690	69709
69716	69717
70099	70100
70108	70132
70342	70343
70367	70370
70376	70391
70787	70804
70968	70969
70977	70979
70992	70997
71393	71419
71583	71612
71807	71829
72495	72496
72611	72612
