578	580
667	669
849	850
1004	1006
1056	1057
1218	1219
1440	1441
1505	1506
1906	1908
2114	2116
2141	2142
2292	2294
2343	2345
2371	2373
2391	2393
2417	2419
2436	2437
2446	2448
2454	2456
2461	2463
2594	2595
2609	2610
2868	2869
3024	3025
3042	3044
3046	3047
3274	3276
3310	3312
3735	3737
3961	3962
4051	4052
4273	4275
4422	4423
4511	4512
4635	4636
5528	5532
5699	5700
5789	5790
5801	5806
5913	5915
6038	6040
6123	6125
6129	6132
6139	6140
6145	6147
6205	6207
6213	6216
6287	6289
6520	6522
6667	6668
6734	6736
6976	6977
6986	6987
7048	7049
7081	7086
7240	7244
7346	7348
7544	7546
7667	7668
7692	7693
7695	7697
7862	7863
8035	8037
8529	8530
8537	8538
8566	8568
8590	8591
8594	8596
8602	8604
8734	8736
8784	8786
8858	8861
8866	8868
8878	8879
9172	9173
9251	9254
9267	9269
9271	9272
9399	9400
9447	9450
9552	9554
9724	9728
9733	9735
9956	9958
9960	9962
10007	10008
10011	10012
10149	10150
10276	10281
10451	10452
10864	10865
10870	10872
10879	10880
11147	11149
11562	11563
11572	11573
11575	11576
11902	11903
12097	12098
12328	12329
12744	12746
14066	14068
14213	14215
14530	14532
14534	14535
14879	14883
15093	15095
15683	15685
15695	15696
16029	16034
16138	16139
16292	16295
16401	16402
16521	16523
16862	16864
16954	16956
17668	17669
17860	17862
17866	17872
17874	17876
18020	18022
18447	18449
18591	18593
18904	18906
19240	19244
19577	19579
19673	19675
19704	19705
19830	19832
19914	19916
19964	19968
20312	20314
20461	20465
20614	20615
20755	20756
20888	20890
21024	21025
21225	21226
21522	21523
21638	21642
21646	21651
21798	21801
21963	21967
22096	22097
22100	22101
22103	22104
22206	22208
22311	22313
22333	22335
22343	22347
22437	22439
22623	22624
22898	22899
23123	23125
23223	23227
23307	23308
23537	23539
23604	23606
23613	23614
23731	23733
23958	23960
23964	23965
24055	24056
24060	24061
24167	24169
24295	24297
24458	24460
24463	24464
24873	24874
25142	25144
25568	25570
25589	25593
25720	25722
25743	25745
25860	25861
25868	25870
25961	25962
25977	25979
26073	26075
26081	26083
26155	26159
26257	26258
26428	26430
26603	26604
26637	26639
26780	26782
26787	26788
26798	26799
26879	26884
26999	27001
27210	27214
27231	27233
27603	27606
27610	27612
27615	27617
27628	27630
27632	27634
27764	27766
27793	27794
27927	27929
28076	28077
28219	28227
28231	28232
28245	28246
28324	28325
28343	28345
28363	28365
28473	28478
28588	28593
28778	28779
28873	28877
28884	28886
28891	28893
29211	29216
29225	29227
29297	29302
29311	29313
29404	29406
29429	29431
29437	29439
29854	29855
29932	29933
29945	29949
30030	30031
30045	30049
30204	30206
30326	30327
30645	30647
30988	30990
31254	31255
31496	31498
31991	31993
32212	32213
32243	32244
32394	32396
32399	32404
32421	32422
32538	32540
32585	32586
32730	32731
33088	33090
33180	33181
33204	33205
33211	33213
33224	33225
33484	33485
33494	33497
33515	33517
33561	33567
33569	33571
33574	33575
33577	33579
33582	33583
33587	33589
33591	33592
34911	34913
34915	34916
35713	35714
35745	35747
35904	35905
36036	36038
36056	36060
36150	36152
36508	36510
36832	36834
37017	37018
37142	37143
37332	37334
37461	37462
37482	37483
37533	37535
38511	38512
38515	38516
38879	38881
39194	39196
39546	39550
40186	40187
41170	41171
41261	41263
41290	41292
41310	41313
41594	41596
41751	41755
41938	41940
42002	42006
42014	42015
42463	42465
43906	43908
44133	44135
44326	44328
44604	44609
44821	44823
44825	44826
44980	44984
45394	45396
45476	45478
45515	45517
46063	46064
46371	46373
46507	46508
46510	46511
46513	46515
46521	46523
46525	46530
46553	46559
46574	46577
46698	46699
46724	46725
46781	46783
46786	46787
46875	46880
47066	47067
47278	47280
47299	47300
47430	47431
47474	47476
47482	47483
47631	47633
47722	47725
47749	47750
47778	47781
47983	47985
47987	47988
47992	47996
48037	48038
48287	48288
48343	48344
48346	48347
48521	48523
48526	48527
48532	48543
48549	48551
48554	48555
48568	48569
48572	48573
48585	48590
48610	48615
48746	48747
48862	48863
48869	48870
48981	48983
49026	49027
49057	49058
49063	49065
49070	49071
49074	49077
49088	49089
49093	49094
49111	49112
49121	49124
49143	49144
49224	49226
49231	49233
49335	49336
49444	49446
49516	49517
49544	49546
49581	49583
49592	49594
49596	49598
49611	49613
49780	49782
49822	49823
49997	49999
50104	50105
50606	50610
51317	51319
51473	51474
51568	51569
52189	52190
52192	52194
52293	52294
52649	52651
52770	52772
52943	52944
53097	53099
53346	53347
53478	53482
53610	53614
53779	53780
53793	53794
53801	53802
54079	54081
54086	54087
54217	54219
54224	54225
54232	54236
54248	54253
54370	54372
54616	54618
54715	54717
54854	54855
55059	55060
55119	55120
55126	55127
55232	55233
55239	55240
55420	55421
55980	55981
55983	55985
56362	56365
56551	56553
56768	56769
56836	56838
56879	56881
57121	57122
57167	57172
57199	57200
57367	57370
57380	57381
57387	57388
57390	57392
57476	57478
57480	57483
57494	57495
57497	57500
57512	57513
57552	57554
57576	57578
57696	57701
57980	57983
58116	58119
58122	58125
58129	58136
58530	58535
58654	58657
58662	58664
58775	58777
58797	58807
58809	58812
58837	58839
58842	58843
58845	58847
58852	58853
58874	58876
58891	58892
58922	58923
58925	58927
58930	58931
59466	59469
59530	59533
59535	59537
59544	59545
59640	59641
59669	59672
59689	59691
59794	59795
59875	59876
59888	59889
59897	59898
59901	59902
59905	59906
59916	59918
60038	60039
60047	60048
60051	60054
60064	60065
60067	60069
60184	60186
60193	60195
60208	60210
60213	60214
60463	60464
60715	60717
60753	60754
61017	61019
61030	61031
61240	61242
61253	61254
61261	61262
61422	61423
61798	61800
61802	61803
62407	62409
62474	62475
62727	62729
62836	62837
62892	62893
63340	63341
63360	63361
63369	63371
63513	63515
63520	63521
63540	63545
63592	63594
63618	63619
63733	63735
64371	64373
64460	64462
64605	64607
64917	64919
65182	65184
65186	65187
65231	65233
65255	65257
65311	65313
65366	65370
65384	65385
65389	65391
65600	65602
65684	65686
66117	66119
66552	66554
66728	66730
66750	66755
66913	66915
67174	67176
67253	67257
68026	68029
68141	68143
69434	69436
