0	1
105	113
376	377
408	409
453	454
471	472
495	496
617	618
635	636
674	675
689	690
712	713
735	736
762	763
784	785
834	835
862	863
889	890
938	939
957	958
972	973
1003	1004
1033	1034
1047	1049
1080	1081
1112	1113
1171	1172
1201	1202
1243	1244
1279	1280
1325	1346
1392	1393
1449	1450
1474	1477
1505	1506
1568	1569
1599	1600
1633	1635
1649	1650
1676	1677
1699	1700
1731	1732
1759	1760
1795	1796
1828	1829
1840	1841
1866	1867
1882	1883
1908	1909
1935	1936
1959	1960
1979	1981
1999	2000
2028	2029
2054	2055
2084	2085
2140	2141
2201	2202
2229	2230
2261	2262
2287	2288
2337	2338
2355	2362
2415	2416
2491	2498
2567	2568
2600	2601
2625	2626
2656	2657
2664	2665
2688	2689
2706	2707
2732	2733
2758	2759
2795	2796
2816	2817
2887	2888
2915	2916
2939	2940
2983	2984
3019	3020
3059	3060
3070	3072
3097	3098
3129	3130
3202	3204
3211	3214
3221	3237
3248	3250
3256	3257
3341	3342
3398	3399
3456	3457
3490	3491
3523	3524
3580	3581
3618	3619
3675	3676
3707	3708
3746	3747
3778	3779
3844	3845
3867	3868
3907	3911
3932	3940
3972	3973
4003	4004
4052	4053
4059	4060
4081	4082
4107	4108
4145	4146
4164	4165
4196	4197
4215	4216
4241	4242
4255	4256
4312	4313
4353	4354
4373	4374
4401	4402
4423	4424
4456	4457
4463	4475
4505	4506
4533	4534
4559	4560
4583	4584
4613	4614
4647	4648
4679	4680
4718	4719
4732	4733
4768	4769
4797	4798
4821	4822
4858	4859
4878	4879
4905	4906
4937	4958
4971	4972
4991	4992
5015	5038
5070	5071
5092	5100
5116	5120
5126	5129
5152	5153
5174	5175
5203	5204
5232	5233
5267	5268
5293	5294
5320	5321
5340	5341
5392	5393
5419	5420
5457	5458
5485	5486
5520	5521
5606	5607
5646	5647
5696	5697
5723	5724
5760	5761
5774	5775
5816	5817
5903	5904
5970	5971
6022	6023
6062	6063
6116	6123
6133	6134
6157	6158
6207	6208
6230	6231
6262	6263
6309	6310
6385	6386
6398	6403
6426	6427
6450	6455
6494	6495
6546	6547
6576	6577
6630	6632
6652	6653
6683	6684
6759	6760
6820	6821
6867	6868
6940	6941
7028	7029
7086	7087
7149	7150
7246	7247
7274	7275
7314	7315
7400	7401
7472	7473
