0	1
3222	3223
3384	3398
3427	3447
3587	3595
3797	3798
12210	12235
12284	12285
14993	15018
15069	15070
16224	16249
16299	16300
17803	17827
17877	17878
21588	21613
21664	21665
35172	35173
47485	47510
47559	47560
49058	49059
52235	52236
52254	52255
53558	53559
54308	54309
55058	55059
55208	55209
55658	55659
55695	55696
55958	55959
56108	56109
56550	56551
56558	56559
56708	56709
57008	57009
57758	57759
58350	58351
58950	58951
58958	58959
59700	59701
59708	59709
60468	60493
60543	60544
61325	61326
61718	61719
61979	61980
62015	62016
76718	76741
