0	14
20	23
35	36
75	88
94	98
105	106
117	118
124	125
131	132
263	264
328	331
376	377
457	458
465	466
672	680
691	692
707	708
881	882
888	891
966	969
983	984
1164	1165
1214	1215
1457	1458
1661	1662
1779	1780
1804	1805
1818	1819
1880	1881
1932	1933
2006	2007
2015	2016
2022	2023
2029	2030
2173	2182
2350	2351
2417	2418
2425	2426
2432	2433
2536	2537
2549	2553
2559	2560
2566	2567
2582	2583
2589	2590
2608	2609
2616	2617
2631	2632
2661	2662
2686	2687
2703	2704
2710	2711
2763	2764
2777	2778
3068	3069
3076	3077
3101	3102
3138	3139
3344	3345
3705	3706
3724	3725
3737	3738
3868	3869
3880	3881
3928	3929
3945	3946
4297	4298
4464	4465
4487	4488
4822	4823
4837	4840
4874	4875
4882	4883
4907	4908
4922	4923
5140	5141
5232	5238
5248	5249
5260	5263
5412	5418
5425	5431
5459	5460
5514	5515
5539	5540
5714	5715
5898	5902
5920	5924
5946	5947
5992	6005
6016	6036
6051	6052
6063	6077
6083	6087
6098	6099
6109	6110
6123	6124
6310	6311
6324	6325
6384	6385
6425	6426
6436	6439
6450	6450
