0	1
47	60
72	86
137	155
1529	1530
1536	1538
4379	4380
4461	4463
4498	4499
4565	4566
4581	4582
4596	4597
4609	4610
4669	4670
4737	4738
4802	4803
4851	4852
4867	4872
4881	4882
4973	4974
5024	5033
5051	5054
5062	5063
5090	5091
5193	5194
5206	5207
5255	5256
5265	5266
5320	5321
5463	5464
5480	5482
5556	5557
5676	5677
5699	5700
6407	6408
6823	6824
6836	6837
7101	7107
7123	7124
7177	7178
7293	7301
7308	7315
7321	7322
7363	7364
7456	7457
7506	7507
7649	7658
7666	7668
7677	7678
7758	7768
7786	7787
7841	7842
7851	7853
7876	7877
7924	7926
7976	7977
8002	8003
8237	8238
8255	8257
8287	8288
8310	8312
8590	8591
8612	8613
9056	9057
9081	9082
9306	9307
9365	9366
9981	9982
10008	10011
10039	10048
10056	10057
10126	10132
11031	11032
11051	11052
11069	11070
11502	11503
11524	11530
11555	11556
11622	11623
11669	11670
11865	11866
11916	11917
11928	11929
11964	11966
12107	12110
12531	12532
12661	12662
12676	12677
12688	12690
12737	12738
12757	12758
14181	14182
14256	14257
14331	14332
14815	14838
14941	14968
