0	1
76	83
108	119
183	201
250	251
314	315
603	604
653	654
737	738
780	781
973	976
1043	1044
1231	1232
1294	1295
1368	1369
1435	1436
1484	1485
1659	1660
1723	1724
1769	1770
1819	1820
1917	1918
2082	2083
2158	2159
2198	2199
2309	2310
2378	2379
2434	2435
2481	2484
2491	2492
2537	2538
2675	2676
2734	2735
2821	2822
2959	2960
3074	3075
3134	3135
3163	3164
3269	3270
3452	3453
3531	3532
3630	3631
3829	3830
3930	3931
4002	4003
4254	4255
4392	4393
4524	4525
4811	4812
5001	5002
5108	5109
5210	5211
5263	5264
5316	5317
5417	5418
5501	5502
5641	5642
5870	5871
5966	5967
6124	6125
6223	6224
6600	6601
6697	6698
6930	6931
6953	6955
7158	7159
7437	7438
7694	7695
7806	7807
7844	7845
8041	8042
8341	8342
8486	8487
8561	8562
8689	8690
8866	8867
8930	8931
9019	9020
9188	9189
9308	9309
9381	9382
9437	9438
10123	10124
10471	10472
10743	10744
10793	10794
10844	10845
10928	10929
11145	11146
11272	11273
11344	11345
11402	11403
11571	11572
11680	11681
11925	11926
11984	11985
12358	12359
12491	12492
12555	12556
12613	12614
12690	12691
12852	12853
13053	13054
13128	13129
13195	13196
13262	13263
13479	13480
13558	13559
13633	13634
13727	13728
13774	13775
13889	13890
14014	14015
14102	14103
14250	14251
14327	14328
14473	14474
14555	14556
14575	14576
14612	14613
14675	14676
14791	14792
14842	14843
14944	14945
15044	15045
15105	15106
15323	15324
15415	15416
15485	15486
15586	15587
15636	15637
15692	15693
15764	15765
15848	15849
15909	15910
15995	15996
16091	16092
16452	16453
16544	16545
16686	16687
16795	16796
16878	16879
16960	16961
17045	17046
17082	17083
17148	17149
17186	17187
17349	17350
17466	17467
17649	17650
17828	17829
17897	17898
18002	18003
18101	18102
18196	18197
18290	18291
18363	18364
18599	18600
18809	18810
18854	18855
18948	18949
19073	19074
19182	19183
19456	19457
19569	19570
19748	19749
20058	20059
20191	20192
20376	20377
20580	20581
20730	20731
20855	20856
21033	21034
21216	21217
21287	21288
21405	21406
21485	21486
21544	21545
21661	21662
22177	22178
23028	23029
23090	23091
23114	23115
23266	23267
23549	23550
23648	23649
23733	23734
23827	23828
23916	23917
24009	24010
24154	24155
24167	24176
