0	13
136	151
181	182
434	435
624	629
639	655
1557	1558
1738	1739
1793	1794
1895	1896
2009	2010
2334	2335
2439	2440
2485	2501
2507	2514
2675	2676
3438	3439
3536	3537
4003	4012
5006	5007
5355	5356
5918	5919
6290	6301
6848	6852
6933	6947
7218	7222
7408	7424
7481	7528
7545	7546
7560	7562
7585	7586
7663	7664
7679	7680
7699	7700
7707	7711
7914	7915
7934	7935
7974	7975
8010	8011
8049	8051
8064	8070
8085	8086
8153	8154
8710	8712
8851	8852
8894	8895
8931	8940
8980	8981
8989	8990
9038	9039
9049	9085
9212	9213
9246	9250
9515	9536
9662	9663
9824	9825
9904	9920
10015	10018
10050	10056
10112	10113
10281	10285
10412	10413
10862	10863
10919	10920
10962	10983
11117	11118
11149	11150
11157	11163
11312	11313
11351	11352
11593	11600
11762	11763
11928	11929
12056	12057
12104	12135
12156	12157
12177	12180
12189	12190
12200	12206
12220	12223
12232	12235
12251	12252
12264	12269
12462	12463
12563	12583
12594	12623
12868	12874
13082	13087
13096	13124
13177	13178
13699	13712
13777	13779
13905	13928
13981	14000
14032	14041
14060	14064
14143	14144
14395	14398
15083	15084
15093	15101
16222	16223
17160	17161
17459	17460
17607	17608
17639	17640
17765	17766
