0	1
320	321
418	419
482	483
557	558
664	665
713	714
748	751
902	903
1050	1051
1143	1144
1191	1192
1261	1262
1360	1361
1416	1417
1475	1476
1577	1578
1799	1800
1857	1858
1915	1916
2049	2050
2100	2101
2176	2177
2336	2337
2394	2395
2478	2479
2584	2585
2752	2753
2828	2829
3066	3067
3118	3119
3151	3152
3303	3324
3856	3857
3889	3890
3974	3975
4058	4059
4163	4164
4233	4234
4359	4360
4543	4544
4828	4829
5004	5005
5140	5141
5216	5217
5291	5292
5340	5341
5437	5438
5685	5686
5741	5742
5790	5791
5899	5900
6129	6130
6299	6300
6366	6367
6539	6540
6615	6616
6683	6684
6860	6861
6913	6914
7032	7033
7129	7130
7159	7160
7293	7294
7354	7355
7423	7424
7516	7526
7676	7677
8049	8050
8280	8281
8913	8914
9169	9170
9331	9332
9369	9372
9426	9429
9560	9561
9604	9608
9624	9625
9656	9657
9731	9732
10140	10141
