0	1
270	278
855	856
4820	4822
5115	5117
6202	6204
7268	7270
7449	7450
7563	7568
7599	7600
12116	12118
13139	13142
13331	13333
13346	13352
13366	13368
13378	13379
13517	13520
13565	13569
13655	13657
13708	13712
13803	13805
13989	13997
14261	14263
14271	14273
14447	14450
14485	14491
14504	14512
14539	14543
14555	14565
15003	15009
15379	15383
15397	15398
15467	15472
15746	15748
16377	16378
16394	16396
16417	16419
17039	17041
17104	17108
17125	17134
17171	17178
17372	17379
17385	17387
17406	17409
17686	17689
17710	17718
17732	17734
17751	17752
17819	17824
17863	17867
17981	17984
18003	18006
18041	18044
18095	18097
18103	18107
18154	18166
18200	18204
18259	18265
18272	18274
18303	18305
18345	18347
18371	18373
18382	18384
18426	18427
18446	18447
20474	20478
20573	20575
20588	20591
20597	20599
20644	20646
20773	20775
21132	21135
21403	21405
21420	21422
21457	21464
21845	21847
21960	21963
21971	21973
22145	22147
22197	22198
22274	22276
22292	22298
22311	22318
22399	22404
22428	22429
22586	22588
22598	22599
22954	22956
22966	22967
23393	23401
23419	23422
23438	23440
23446	23463
23514	23525
23724	23725
23746	23762
