0	20
32	53
73	74
86	101
197	223
250	251
268	269
292	293
312	313
332	333
351	352
371	372
391	392
412	413
428	429
467	468
480	481
517	518
546	547
566	567
582	587
680	681
690	691
715	720
774	775
848	849
862	869
883	884
948	959
1030	1031
1045	1046
1060	1061
1139	1140
1149	1150
1219	1224
1268	1269
1297	1298
1383	1384
1400	1401
1460	1461
1490	1491
1543	1544
1612	1613
1622	1623
1637	1638
1691	1692
1750	1751
1760	1761
1773	1774
1790	1791
1953	1954
1968	1969
1978	1983
2066	2067
2145	2146
2168	2169
2204	2205
2284	2285
2363	2364
2490	2491
2514	2515
2522	2527
2599	2600
2678	2679
2856	2857
2870	2871
2887	2888
2994	2995
3105	3108
3122	3123
3152	3153
3231	3232
3308	3309
3390	3391
3461	3469
3547	3548
3567	3572
3646	3647
3739	3740
3851	3852
3951	3952
3961	3962
3975	3976
4040	4041
4051	4052
4249	4278
4314	4316
4327	4342
4449	4452
