0	1
136	137
216	217
455	457
584	588
594	621
627	631
639	692
706	707
719	721
737	739
749	762
779	789
796	803
1214	1219
1225	1227
1246	1247
1254	1273
1282	1291
1327	1331
1340	1343
1354	1359
1414	1434
1452	1476
1484	1489
1495	1509
1525	1531
1538	1544
1587	1594
1604	1607
1681	1684
1699	1702
1750	1755
1797	1800
1812	1822
1840	1848
1981	1982
2107	2108
2135	2136
2151	2154
2162	2170
2178	2181
2220	2221
2318	2319
2419	2420
2459	2460
2636	2637
2916	2917
3020	3021
3301	3302
3835	3836
3874	3883
4090	4091
4105	4109
4125	4129
4176	4177
4227	4236
4316	4317
4536	4537
4554	4556
4571	4578
4615	4617
4659	4660
4763	4764
4813	4814
4867	4868
5171	5173
5250	5256
5269	5270
5331	5337
5346	5349
5402	5403
5424	5434
5580	5582
5658	5659
5731	5732
6140	6141
6165	6166
6181	6184
6192	6200
6208	6211
6266	6269
6275	6282
6297	6305
6316	6319
6376	6384
6393	6396
6449	6452
6458	6460
6468	6482
6509	6511
6532	6534
6552	6558
6591	6605
6622	6629
6641	6643
6671	6684
6692	6696
7074	7075
7117	7124
7134	7137
7211	7214
7229	7232
7283	7284
7319	7320
7511	7512
7866	7867
8368	8369
8688	8689
8746	8747
8845	8846
9471	9473
9607	9608
9694	9695
9954	9955
10040	10041
10086	10087
10489	10491
10704	10706
10739	10740
10785	10786
10889	10890
11073	11074
11119	11120
11876	11877
11918	11925
11971	11986
