0	1
32	33
177	178
303	304
408	409
464	465
591	592
603	611
623	633
685	686
779	780
876	877
996	997
1006	1017
1025	1030
1305	1306
1361	1362
1490	1491
1564	1565
1639	1640
1704	1720
1808	1809
1910	1911
1995	1996
2090	2091
2157	2158
2173	2175
2194	2205
2292	2293
2385	2386
2478	2479
2588	2589
2680	2681
2690	2699
2707	2709
3003	3004
3086	3087
3190	3191
3200	3211
3218	3224
3505	3506
3602	3603
3615	3624
3637	3648
3706	3707
3809	3810
3826	3841
3898	3899
3918	3925
4000	4001
4070	4071
4142	4143
4204	4219
4303	4304
4418	4419
4475	4476
4606	4607
4695	4696
4793	4794
4904	4905
4999	5000
5008	5019
5026	5033
5300	5301
5387	5388
5495	5496
5588	5589
5712	5713
5814	5815
5826	5834
5845	5855
5906	5907
5998	5999
6101	6102
6229	6230
6254	6257
6290	6291
6371	6372
6451	6452
6532	6533
6653	6654
6702	6722
6931	6932
6980	6981
7083	7084
7183	7184
7263	7264
7343	7344
7423	7424
7433	7444
7451	7458
7736	7737
7745	7764
8046	8049
8060	8067
8076	8084
8090	8091
8099	8100
8133	8134
8185	8186
8238	8239
8286	8287
8354	8355
8447	8448
8522	8523
8596	8597
8670	8671
8785	8786
8880	8885
8895	8900
8914	8921
8927	8928
8937	8938
8973	8974
9028	9029
9086	9087
9137	9138
9211	9212
9221	9232
9240	9247
9522	9523
9531	9550
9839	9840
9944	9945
9991	10010
10138	10139
10211	10212
10259	10260
10373	10374
10467	10468
10560	10561
10634	10635
10709	10710
10782	10783
10792	10812
11113	11114
11123	11134
11141	11150
11428	11429
11521	11522
11595	11596
11670	11671
11744	11747
11760	11763
11775	11781
11789	11790
11798	11799
11833	11834
11885	11886
11939	11940
11988	11989
12056	12057
12160	12161
12170	12181
12188	12197
12474	12475
12484	12504
12809	12812
12823	12828
12840	12847
12854	12855
12863	12864
12898	12899
12950	12951
13005	13006
13054	13055
13123	13124
13341	13342
13539	13554
