0	4
44	52
94	109
183	190
275	282
301	302
332	333
339	340
378	379
391	392
409	417
508	521
536	568
1155	1156
1227	1228
1361	1362
1427	1428
1507	1508
1617	1618
1663	1664
1756	1757
1864	1865
1950	1951
2329	2330
2430	2435
2527	2529
2645	2648
2747	2748
2754	2779
2834	2835
2971	2972
3043	3044
3082	3083
3160	3161
3325	3326
3376	3377
3475	3476
3698	3699
3787	3788
3839	3853
4009	4010
4171	4172
4221	4227
4330	4335
4874	4875
5033	5034
5127	5128
5193	5194
5299	5300
5325	5329
5337	5338
5416	5417
5425	5426
5436	5439
5616	5617
6080	6081
6100	6101
6192	6193
6311	6312
6441	6449
6572	6573
6676	6698
6757	6758
6807	6829
6889	6894
6933	6934
7166	7167
7323	7324
7333	7334
7361	7362
7381	7382
7602	7603
8102	8105
8134	8135
8192	8193
8210	8216
8329	8354
8374	8375
8398	8399
8414	8416
8422	8427
8448	8449
8516	8517
8562	8563
8612	8613
8686	8687
8752	8753
8811	8812
8867	8868
9017	9018
9082	9083
9116	9117
9224	9225
9261	9262
9358	9359
9424	9432
9443	9444
9618	9619
9707	9708
9855	9858
9962	9968
10120	10121
10187	10188
10232	10233
10267	10268
10354	10355
10409	10410
10496	10497
10570	10571
10592	10593
10642	10643
10705	10706
10739	10740
10833	10838
10862	10863
11077	11078
11145	11146
11309	11310
11478	11479
11597	11598
11688	11689
11758	11759
11812	11813
11838	11839
11902	11903
11946	11947
12038	12039
12154	12155
12297	12298
12371	12372
12579	12580
12597	12598
12661	12662
12768	12769
12906	12907
12994	12995
13080	13083
13111	13112
13170	13171
13190	13215
13539	13555
13938	13939
14112	14113
14303	14304
14426	14427
14495	14496
14614	14615
14719	14720
14777	14778
14852	14853
14903	14904
14959	14960
15056	15057
15077	15078
15143	15144
15194	15195
15247	15248
15282	15283
15401	15402
15569	15570
15780	15781
15855	15857
15911	15912
16005	16006
16076	16077
16318	16319
16378	16379
16439	16442
16529	16530
16549	16578
16768	16788
16862	16863
16934	16935
16980	16981
17104	17105
17246	17247
17395	17396
17451	17452
17613	17614
17782	17783
17975	17976
18034	18035
18128	18129
18244	18248
18277	18278
18334	18335
18351	18358
18454	18455
18607	18608
18762	18763
18931	18932
19064	19078
19147	19148
19260	19261
19286	19287
19328	19329
19461	19462
19534	19535
19635	19636
19659	19660
19714	19715
19759	19760
19825	19826
20083	20086
20196	20203
20306	20311
20470	20471
20506	20507
20519	20530
20602	20603
20659	20660
20738	20739
20872	20873
20968	20969
21119	21120
21210	21211
21298	21299
21327	21328
21359	21360
21387	21388
21454	21455
21497	21498
21591	21592
21655	21656
21735	21736
21787	21788
21832	21833
21865	21866
21914	21915
22006	22007
22046	22047
22099	22100
22158	22159
22218	22219
22288	22289
22420	22421
22469	22470
22535	22536
22600	22601
22651	22652
22712	22713
22853	22854
22884	22885
22913	22914
22932	22933
22949	22950
22967	22968
22983	22984
23000	23001
23016	23017
23026	23027
23057	23058
23107	23108
23169	23170
23220	23221
23252	23253
23304	23305
23316	23317
23371	23372
23424	23425
23433	23462
