0	1
2003	2004
2093	2096
2126	2127
2140	2141
2228	2230
2765	2766
2777	2781
2787	2788
2917	2929
3221	3224
3452	3453
3477	3478
3494	3500
3992	3995
4011	4012
4021	4022
4053	4055
4062	4082
4093	4095
4265	4301
4370	4371
4380	4382
4390	4409
4416	4463
4493	4499
4506	4508
4673	4685
4840	4845
4861	4864
4873	4874
5172	5176
5338	5345
5373	5374
5408	5413
5423	5426
5775	5799
5846	5854
5866	5867
5886	5894
5950	5951
6446	6501
6538	6545
6554	6567
6972	6973
6981	7034
7292	7300
7328	7329
7405	7451
7457	7459
7512	7518
7543	7544
7555	7557
7589	7590
7612	7619
7629	7630
7660	7667
7688	7692
7936	7946
8055	8075
8081	8082
8157	8160
8253	8254
8346	8347
8381	8385
8417	8418
8429	8435
8459	8466
8840	8844
9008	9021
9558	9560
9708	9714
9756	9765
9773	9784
9888	9889
9899	9910
9927	9929
9952	9953
9966	9967
10210	10211
10223	10224
10350	10358
10367	10372
10467	10468
10482	10483
10493	10528
10543	10553
10572	10573
10831	10834
10846	10853
10981	10995
11222	11223
11357	11358
11371	11379
11405	11410
11436	11444
11452	11456
11463	11470
11484	11502
11511	11516
11943	11954
12071	12077
12084	12089
12510	12511
12532	12534
12649	12663
12889	12891
13050	13058
13204	13213
13233	13234
13588	13601
13650	13664
13706	13707
13718	13719
13797	13806
13996	13997
14014	14016
14081	14082
14134	14145
14279	14281
14427	14428
14662	14668
14827	14828
14951	14968
15137	15138
15146	15147
15259	15260
15325	15326
15458	15464
15548	15549
15597	15617
15912	15934
15973	15974
16086	16089
16258	16261
17207	17214
17454	17455
17581	17582
17731	17735
18033	18043
18065	18067
18147	18164
18184	18193
18223	18224
18317	18319
18411	18412
18724	18725
18989	18990
19149	19165
19254	19255
19261	19262
19428	19429
19648	19655
19813	19816
19831	19832
19843	19846
20211	20212
20402	20403
20592	20594
20870	20871
20891	20892
20900	20901
21049	21059
21257	21264
21273	21275
21285	21286
21389	21390
21409	21417
21438	21440
21499	21500
21709	21725
21731	21742
21854	21855
21923	21924
21936	21937
21969	21972
21999	22001
22373	22379
22542	22549
22577	22578
22886	22891
22897	22899
22908	22909
23026	23042
23252	23253
23720	23721
23903	23941
24001	24002
24049	24059
24229	24230
24298	24299
24368	24369
24551	24559
24575	24582
24607	24613
24720	24723
24882	24884
24918	24921
25558	25560
25585	25586
25723	25724
25736	25741
25787	25791
26056	26059
26226	26243
26433	26440
26599	26606
26634	26635
26837	26838
26879	26880
26895	26900
26984	26985
27113	27114
27137	27139
27158	27160
27696	27715
27900	27901
27911	27912
27973	27974
28001	28003
28021	28025
28057	28063
28089	28092
28098	28100
28106	28165
28176	28177
28379	28381
28416	28417
28581	28590
28745	28747
28754	28755
28761	28764
29004	29014
29163	29171
29180	29181
29187	29188
29334	29335
29475	29478
29639	29641
29647	29648
29659	29660
29940	29948
29996	30001
30128	30130
30175	30176
30182	30188
30261	30270
30621	30625
30793	30801
30808	30819
30844	30846
30937	30941
31100	31118
31205	31206
31213	31214
31279	31280
31304	31307
31327	31341
31350	31353
31361	31362
31390	31394
31601	31602
31944	31958
31971	31978
32108	32111
32119	32121
32127	32130
32305	32306
32312	32313
32385	32387
32478	32483
32533	32539
32640	32647
32721	32723
32729	32730
32924	32935
33230	33233
33401	33412
33418	33423
33490	33493
33653	33662
33670	33671
33677	33679
33786	33808
33924	33931
33943	33944
33950	33965
33976	33977
33997	34005
34100	34103
34112	34129
34141	34148
34158	34166
34173	34182
34217	34218
34232	34233
34553	34555
34722	34727
34738	34740
34837	34841
35065	35066
35085	35086
35092	35096
35110	35111
35130	35131
35419	35421
35587	35594
35619	35623
35742	35747
35907	35909
35918	35921
35944	35945
36069	36076
36140	36141
36195	36196
36277	36278
36303	36305
36478	36509
36525	36528
36593	36619
36645	36646
36660	36668
37099	37101
37226	37227
37262	37263
37300	37302
37358	37359
37370	37373
37672	37675
37815	37816
37984	37990
38010	38013
38189	38194
38251	38252
38666	38667
38681	38682
38703	38708
38831	38840
38969	38970
38978	38979
39394	39399
39432	39433
39456	39457
39655	39684
39690	39691
39782	39783
39793	39797
39803	39804
40272	40273
40325	40327
40431	40442
40685	40686
40709	40710
40932	40933
40943	40944
41098	41101
41128	41129
41382	41388
41749	41752
41915	41933
42006	42019
42141	42142
42152	42172
42201	42209
42249	42250
42274	42280
42418	42419
42494	42495
42669	42678
42751	42756
