0	16
200	238
434	435
549	550
618	619
675	676
731	732
787	788
994	995
1102	1103
1221	1222
1335	1336
1437	1438
1445	1446
1652	1662
1668	1672
1810	1811
1895	1896
1983	1984
2064	2065
2203	2204
2240	2249
2321	2322
2371	2376
2460	2465
2477	2485
2591	2592
2678	2679
2790	2791
3036	3040
3156	3157
3255	3256
3509	3516
3690	3691
3818	3819
3861	3862
3868	3889
3915	3916
4139	4140
4173	4174
4210	4211
4317	4318
4400	4401
4462	4463
4590	4591
4817	4818
4867	4868
4892	4893
5042	5043
5186	5187
5398	5400
5406	5409
5642	5643
5875	5882
5941	5949
6024	6026
6102	6124
6279	6280
6398	6399
6515	6516
6729	6750
6863	6864
6986	6987
7472	7497
7503	7514
7639	7651
