0	1
725	746
871	872
1052	1054
1151	1152
1350	1370
1438	1444
1463	1464
1507	1509
1515	1519
1545	1547
1566	1567
1643	1675
1750	1751
1803	1827
1850	1852
1918	1919
2197	2218
2241	2242
2313	2314
2378	2379
2431	2432
2472	2477
2527	2552
2695	2696
2776	2777
2917	2918
2946	2952
3024	3025
3155	3156
3179	3180
3199	3202
3268	3269
3327	3328
3394	3395
3434	3435
3477	3478
3527	3529
3536	3537
3547	3552
3589	3590
3714	3715
3779	3781
3795	3796
3812	3813
3822	3823
3830	3831
3844	3845
3860	3871
3968	3969
3980	3986
4012	4021
4040	4041
4057	4058
4064	4065
4126	4127
4133	4136
4155	4156
4310	4315
4334	4335
4416	4417
4514	4515
4625	4626
4670	4671
4724	4725
4787	4788
4899	4900
5092	5093
5352	5353
5519	5520
5613	5614
5742	5743
5848	5849
5944	5945
6005	6006
6016	6017
6047	6048
6151	6152
6291	6296
6356	6357
6436	6437
6509	6510
6528	6534
6553	6554
6622	6623
6708	6709
7052	7053
7311	7312
7473	7474
7766	7767
8160	8161
8335	8336
8419	8420
8447	8448
8475	8476
8501	8502
8657	8658
8715	8716
8779	8780
8797	8798
8839	8840
8868	8887
8902	8903
8910	8911
8921	8922
9036	9039
9078	9079
9137	9138
9161	9162
9320	9321
9354	9355
9395	9396
9783	9784
9977	9978
10240	10241
10295	10296
10312	10313
10332	10334
10622	10623
10667	10677
10912	10913
10944	10945
11046	11047
11064	11065
11106	11107
11133	11134
11290	11291
11437	11443
11449	11451
11458	11460
11469	11470
11623	11624
11996	12010
12137	12138
12203	12204
12343	12344
12383	12384
12754	12759
12775	12776
12910	12916
13066	13068
13148	13149
13159	13160
13385	13386
13395	13398
13557	13564
13688	13741
13774	13775
13862	13863
