0	1
61	82
463	464
487	488
499	506
630	631
649	660
695	709
731	732
739	774
780	784
792	807
814	821
832	838
1492	1493
1758	1759
2090	2091
2187	2188
2261	2262
2344	2345
2455	2456
2499	2500
2674	2675
2899	2900
3027	3028
3166	3167
3207	3208
3245	3257
3284	3288
3313	3319
3358	3359
3465	3466
3715	3716
3789	3795
3942	3943
4380	4381
4629	4630
5301	5302
5495	5496
5586	5587
5628	5629
5797	5798
6010	6011
6037	6038
6065	6066
6073	6074
6144	6146
6412	6413
6546	6547
6667	6668
7020	7021
7207	7208
7290	7291
7403	7404
7597	7615
7849	7850
7890	7891
7998	7999
8132	8133
8256	8257
8314	8315
8453	8454
8538	8539
8632	8633
8710	8711
8797	8798
8871	8872
8953	8954
9053	9054
9236	9237
9352	9353
9474	9475
9513	9520
9527	9531
9557	9558
9630	9631
9689	9690
9789	9791
9851	9852
9914	9917
9969	9971
9980	9988
10011	10012
10018	10032
10096	10108
10114	10115
10159	10160
10259	10260
10416	10417
10581	10582
10708	10719
10749	10757
10803	10805
10828	10829
10847	10848
11070	11071
11190	11191
11306	11307
11358	11359
11882	11883
12312	12313
12365	12366
12481	12482
12547	12548
12810	12811
12910	12911
13031	13032
13126	13127
13397	13398
13523	13524
13661	13662
14210	14215
14225	14235
14767	14768
14824	14825
14848	14861
14870	14871
15169	15170
15346	15357
16190	16191
16238	16245
16266	16267
16317	16318
16333	16334
16355	16356
16392	16453
16878	16879
17015	17016
17226	17227
18047	18048
18377	18382
18396	18404
18475	18477
18644	18646
18677	18678
18702	18704
18734	18742
19304	19305
19512	19513
20328	20343
20535	20536
20727	20732
20747	20754
20984	20985
21741	21742
21936	21937
22104	22105
22425	22426
22673	22674
22848	22849
22998	22999
23222	23223
23498	23499
23732	23733
23797	23798
23981	23982
24538	24539
25085	25086
25219	25220
25299	25300
25526	25527
25762	25763
26323	26340
26618	26623
26630	26632
26653	26659
26698	26703
26715	26716
26834	26835
26897	26898
26994	26995
27203	27204
27213	27214
27236	27243
27281	27282
27311	27312
27318	27325
27331	27332
27340	27342
27349	27351
27364	27366
27373	27374
27565	27566
27693	27694
28685	28686
29346	29347
29780	29781
30060	30061
30362	30363
30504	30505
30664	30665
31142	31143
31462	31463
31638	31639
31729	31730
32288	32289
32587	32941
32949	33001
33066	33079
33253	33268
33409	33420
33539	33545
33620	33621
33629	33640
33676	33684
33694	33695
33707	33710
33768	33769
33786	33787
33837	33838
33899	33900
34073	34074
34218	34219
34347	34348
34512	34513
34567	34568
34621	34642
34769	34770
34859	34860
34924	34925
35066	35074
35088	35090
35160	35161
35241	35242
35367	35369
35376	35377
35386	35387
35394	35407
35610	35611
35642	35643
35681	35691
35698	35699
35753	35755
35761	35781
35943	35957
35971	35981
35987	35991
36673	36674
37032	37033
37130	37131
37280	37281
37327	37328
37460	37461
37753	37754
37933	37934
38287	38288
38494	38495
39804	39805
39839	39840
39877	39878
39902	39905
39915	39925
39977	39978
40028	40037
40058	40059
40070	40076
40083	40084
40102	40110
40136	40139
40165	40166
40203	40204
40233	40234
40256	40257
41146	41147
41390	41391
41472	41473
41626	41640
41650	41651
41672	41673
41697	41698
41723	41724
41758	41759
41767	41769
41776	41781
41811	41812
42042	42043
42118	42119
42210	42211
42262	42263
42335	42336
42453	42454
42538	42539
42737	42738
42751	42752
42805	42806
42843	42844
42925	42926
42970	42971
43133	43134
43474	43480
43738	43758
43824	43841
43904	43914
43966	43976
44004	44007
44031	44032
44499	44500
44671	44672
44751	44755
44768	44770
44835	44836
44867	44868
44876	44877
45279	45280
45490	45491
45607	45608
45643	45645
45715	45717
45789	45790
45868	45869
45959	45960
46084	46085
46101	46144
46301	46302
46645	46646
47741	47742
48257	48258
48494	48495
48683	48684
48883	48884
49194	49195
49350	49351
49645	49646
50003	50004
50224	50225
50323	50325
50340	50352
50384	50413
50462	50463
50497	50499
50505	50508
50516	50517
50623	50624
50694	50695
50748	50749
50920	50921
51008	51009
51153	51154
51351	51352
51416	51417
51476	51477
51556	51557
51772	51773
52440	52441
52560	52561
52652	52653
52714	52715
52802	52803
52873	52874
52969	52970
53020	53023
53109	53129
53138	53139
53177	53186
53208	53220
53239	53252
53283	53284
53447	53448
53473	53474
53495	53496
53510	53511
53526	53527
53538	53539
53549	53550
53559	53560
53568	53569
53578	53579
53585	53626
53728	53729
53759	53760
53781	53782
53837	53838
53863	53864
53945	53946
54061	54062
54658	54659
54753	54755
55097	55098
55206	55207
55321	55322
55351	55352
55399	55400
55432	55433
55472	55473
55589	55590
55716	55717
55843	55844
55939	55940
56010	56011
56047	56048
56312	56313
56563	56564
56602	56603
56656	56657
56785	56786
56887	56888
57256	57257
57584	57585
57964	57965
58280	58281
58403	58404
58613	58614
58800	58801
59100	59101
59300	59301
59429	59430
60486	60487
60706	60707
60940	60941
60956	60966
60984	60990
61011	61012
61032	61033
61052	61053
61071	61072
61088	61089
61103	61104
61115	61116
61157	61158
61179	61186
61200	61225
61233	61237
61252	61281
61306	61307
61334	61335
61346	61347
61388	61389
61428	61429
61462	61470
61483	61484
61504	61505
61522	61527
61541	61552
61558	61559
61568	61590
61601	61605
61613	61630
