0	1
58	59
166	170
237	238
267	268
343	344
402	403
458	487
560	561
636	637
752	753
799	800
1081	1082
1155	1156
1188	1189
1219	1221
1238	1239
1296	1297
1374	1375
1471	1472
1513	1514
1594	1595
1604	1605
1636	1637
1657	1673
1727	1728
1763	1764
1802	1803
2109	2110
2156	2157
2203	2204
2233	2234
2294	2295
2403	2404
2415	2427
2456	2458
2691	2737
2810	2812
2827	2828
2955	2956
2963	2964
3175	3176
3297	3298
3387	3388
3463	3464
3574	3582
3594	3608
3663	3664
3772	3812
3917	3918
4298	4299
4354	4355
4401	4408
4539	4540
4753	4754
4780	4784
4791	4793
4895	4896
5079	5086
5096	5097
5200	5201
