     0	    27 : 0
    24	   131 : 0
   128	   135 : 0
   132	   171 : 0
   168	   247 : 0
   244	   267 : 0
   264	   311 : 0
   308	   359 : 1
   356	   411 : 0
   408	   415 : 1
   412	   459 : 0
   456	   463 : 1
   460	   499 : 0
   496	   503 : 0
   500	   519 : 0
   516	   523 : 1
   520	   527 : 2
   524	   571 : 0
   568	   579 : 0
   576	   583 : 1
   580	   587 : 0
   584	   643 : 0
   640	   655 : 0
   652	   659 : 0
   656	   663 : 0
   660	   675 : 0
   672	   687 : 0
   684	   731 : 1
   728	   735 : 0
   732	   739 : 1
   736	   783 : 0
   780	   787 : 1
   784	   835 : 0
   832	   839 : 1
   836	   847 : 0
   844	   887 : 0
   884	   891 : 0
   888	   895 : 0
   892	   907 : 0
   904	   923 : 0
   920	   927 : 0
   924	   935 : 1
   932	   979 : 0
   976	  1015 : 1
  1012	  1019 : 0
  1016	  1031 : 0
  1028	  1039 : 0
  1036	  1047 : 0
  1044	  1051 : 0
  1048	  1055 : 0
  1052	  1071 : 0
  1068	  1079 : 1
  1076	  1119 : 0
  1116	  1139 : 1
  1136	  1167 : 0
  1164	  1231 : 1
  1228	  1263 : 0
  1260	  1271 : 1
  1268	  1311 : 0
  1308	  1323 : 1
  1320	  1363 : 0
  1360	  1415 : 1
  1412	  1455 : 0
  1452	  1463 : 1
  1460	  1487 : 0
  1484	  1495 : 0
  1492	  1499 : 0
  1496	  1511 : 0
  1508	  1547 : 0
  1544	  1559 : 0
  1556	  1599 : 0
  1596	  1659 : 1
  1656	  1695 : 0
  1692	  1703 : 1
  1700	  1751 : 0
  1748	  1775 : 0
  1772	  1779 : 0
  1776	  1803 : 0
  1800	  1839 : 0
  1836	  1847 : 1
  1844	  1895 : 0
  1892	  1931 : 0
  1928	  1935 : 2
  1932	  1939 : 1
  1936	  1979 : 0
  1976	  2003 : 1
  2000	  2051 : 0
  2048	  2083 : 1
  2080	  2087 : 0
  2084	  2103 : 0
  2100	  2107 : 2
  2104	  2127 : 0
  2124	  2139 : 0
  2136	  2147 : 0
  2144	  2155 : 1
  2152	  2195 : 0
  2192	  2355 : 1
  2352	  2395 : 0
  2392	  2403 : 1
  2400	  2439 : 0
  2436	  2451 : 0
  2448	  2455 : 0
  2452	  2483 : 0
  2480	  2487 : 0
  2484	  2491 : 0
  2488	  2495 : 0
  2492	  2503 : 1
  2500	  2543 : 0
  2540	  2567 : 1
  2564	  2579 : 0
  2576	  2599 : 0
  2596	  2603 : 0
  2600	  2611 : 0
  2608	  2647 : 0
  2644	  2655 : 0
  2652	  2659 : 0
  2656	  2671 : 0
  2668	  2743 : 0
  2740	  2747 : 0
  2744	  2759 : 0
  2756	  2763 : 1
  2760	  2807 : 0
  2804	  2859 : 1
  2856	  2903 : 0
  2900	  2991 : 1
  2988	  3031 : 0
  3028	  3055 : 1
  3052	  3079 : 0
  3076	  3083 : 1
  3080	  3127 : 0
  3124	  3131 : 1
  3128	  3147 : 0
  3144	  3179 : 0
  3176	  3271 : 0
  3268	  3331 : 1
  3328	  3347 : 0
  3344	  3351 : 0
  3348	  3355 : 0
  3352	  3375 : 0
  3372	  3379 : 0
  3376	  3415 : 0
  3412	  3467 : 0
  3464	  3471 : 1
  3468	  3515 : 0
  3512	  3527 : 0
  3524	  3563 : 0
  3560	  3567 : 1
  3564	  3655 : 0
  3652	  3659 : 1
  3656	  3703 : 0
  3700	  3707 : 1
  3704	  3751 : 0
  3748	  3755 : 1
  3752	  3807 : 0
  3804	  3811 : 0
  3808	  3819 : 0
  3816	  3827 : 0
  3824	  3835 : 0
  3832	  3847 : 0
  3844	  3863 : 0
  3860	  3883 : 0
  3880	  3887 : 0
  3884	  3971 : 0
  3968	  3975 : 0
  3972	  3983 : 0
  3980	  4015 : 0
  4012	  4063 : 1
  4060	  4067 : 0
  4064	  4075 : 0
  4072	  4103 : 0
  4100	  4115 : 0
  4112	  4131 : 0
  4128	  4139 : 0
  4136	  4143 : 0
  4140	  4147 : 0
  4144	  4155 : 0
  4152	  4167 : 0
  4164	  4171 : 0
  4168	  4187 : 0
  4184	  4195 : 0
  4192	  4255 : 0
  4252	  4303 : 0
  4300	  4307 : 1
  4304	  4351 : 0
  4348	  4355 : 1
  4352	  4447 : 0
  4444	  4451 : 1
  4448	  4495 : 0
  4492	  4499 : 1
  4496	  4511 : 0
  4508	  4527 : 0
  4524	  4535 : 0
  4532	  4543 : 0
  4540	  4639 : 0
  4636	  4691 : 1
  4688	  4699 : 0
  4696	  4703 : 0
  4700	  4755 : 0
  4752	  4759 : 0
  4756	  4783 : 0
  4780	  4787 : 0
  4784	  4927 : 0
  4924	  4935 : 0
  4932	  4939 : 0
  4936	  4951 : 0
  4948	  4955 : 0
  4952	  4959 : 0
  4956	  4963 : 0
  4960	  5127 : 1
  5124	  5151 : 0
  5148	  5155 : 0
  5152	  5167 : 0
  5164	  5175 : 0
  5172	  5203 : 0
  5200	  5303 : 0
  5300	  5407 : 0
  5404	  5411 : 0
  5408	  5455 : 0
  5452	  5515 : 0
  5512	  5539 : 0
  5536	  5607 : 0
  5604	  5627 : 0
  5624	  5635 : 1
  5632	  5899 : 0
  5896	  6103 : 1
