     0	  1439 : 0
  1436	  1555 : 0
  1552	  1823 : 0
  1820	  1831 : 0
  1828	  1955 : 0
  1952	  1959 : 0
  1956	  1979 : 0
  1976	  1987 : 0
  1984	  1995 : 0
  1992	  2007 : 0
  2004	  2047 : 0
  2044	  2051 : 0
  2048	  2059 : 0
  2056	  2103 : 0
  2100	  2107 : 0
  2104	  2191 : 0
  2188	  2383 : 0
  2380	  2431 : 0
  2428	  2483 : 0
  2480	  2487 : 0
  2484	  2527 : 0
  2524	  2531 : 0
  2528	  2571 : 0
  2568	  2575 : 0
  2572	  2719 : 0
  2716	  2723 : 0
  2720	  2731 : 0
  2728	  2739 : 0
  2736	  2743 : 0
  2740	  2751 : 0
  2748	  2819 : 0
  2816	  2823 : 0
  2820	  2987 : 0
  2984	  2995 : 0
  2992	  3003 : 0
  3000	  3031 : 0
  3028	  3035 : 0
  3032	  3123 : 0
  3120	  3127 : 0
  3124	  3147 : 0
  3144	  3267 : 1
  3264	  3271 : 0
  3268	  3279 : 0
  3276	  3335 : 0
  3332	  3435 : 0
  3432	  3439 : 0
  3436	  3447 : 0
  3444	  3459 : 0
  3456	  3571 : 0
  3568	  3579 : 0
  3576	  3583 : 0
  3580	  3587 : 0
  3584	  3671 : 0
  3668	  3679 : 0
  3676	  3703 : 0
  3700	  3739 : 0
  3736	  3747 : 0
  3744	  3751 : 0
  3748	  4059 : 0
  4056	  4071 : 0
  4068	  4087 : 0
  4084	  4099 : 0
  4096	  4103 : 0
  4100	  4743 : 0
  4740	  4807 : 0
  4804	  4823 : 0
  4820	  4839 : 0
  4836	  4875 : 0
  4872	  4887 : 0
  4884	  4931 : 0
  4928	  4943 : 0
  4940	  4955 : 0
  4952	  4979 : 0
  4976	  4991 : 0
  4988	  5007 : 0
  5004	  5095 : 0
  5092	  5123 : 0
  5120	  5135 : 0
  5132	  5139 : 0
  5136	  5143 : 0
  5140	  5167 : 0
  5164	  5179 : 0
  5176	  5187 : 0
  5184	  5223 : 0
  5220	  5227 : 0
  5224	  5255 : 0
  5252	  5259 : 0
  5256	  5271 : 0
  5268	  5287 : 0
  5284	  5291 : 0
  5288	  5335 : 0
  5332	  5355 : 0
  5352	  5359 : 0
  5356	  5403 : 0
  5400	  5427 : 0
  5424	  5431 : 0
  5428	  5435 : 0
  5432	  5467 : 0
  5464	  5515 : 0
  5512	  5531 : 0
  5528	  5551 : 0
  5548	  5555 : 0
  5552	  5567 : 0
  5564	  5587 : 0
  5584	  5595 : 0
  5592	  5671 : 0
  5668	  5675 : 0
  5672	  5727 : 0
  5724	  5731 : 0
  5728	  5739 : 0
  5736	  5751 : 0
  5748	  5783 : 0
  5780	  5831 : 0
  5828	  5867 : 0
  5864	  5883 : 0
  5880	  5899 : 0
  5896	  6043 : 0
  6040	  6063 : 0
  6060	  6067 : 0
  6064	  6371 : 0
  6368	  6375 : 0
  6372	  6559 : 0
  6556	  6567 : 0
  6564	  6587 : 0
  6584	  6591 : 0
  6588	  6599 : 0
  6596	  6603 : 0
  6600	  6715 : 0
  6712	  6739 : 0
  6736	  6747 : 0
  6744	  6751 : 0
  6748	  6771 : 0
  6768	  6811 : 0
  6808	  6827 : 0
  6824	  6839 : 0
  6836	  6891 : 0
  6888	  6967 : 0
  6964	  7267 : 0
  7264	  7271 : 0
  7268	  7287 : 0
  7284	  7311 : 0
  7308	  7319 : 0
  7316	  7327 : 0
  7324	  7331 : 0
  7328	  7383 : 0
  7380	  7423 : 0
  7420	  7427 : 0
  7424	  7435 : 0
  7432	  7447 : 0
  7444	  7451 : 0
  7448	  7519 : 0
  7516	  7543 : 0
  7540	  7547 : 0
  7544	  7787 : 0
  7784	  7791 : 0
  7788	  7887 : 0
  7884	  7891 : 1
  7888	  7899 : 0
  7896	  7903 : 1
  7900	  7907 : 0
  7904	  7911 : 1
  7908	  7915 : 0
  7912	  7919 : 0
  7916	  7927 : 0
  7924	  7971 : 1
  7968	  7979 : 0
  7976	  8019 : 0
  8016	  8023 : 0
  8020	  8059 : 0
  8056	  8099 : 0
  8096	  8135 : 0
  8132	  8171 : 0
  8168	  8175 : 0
  8172	  8199 : 0
  8196	  8239 : 0
  8236	  8247 : 0
  8244	  8267 : 0
  8264	  8295 : 0
  8292	  8323 : 0
  8320	  8395 : 0
  8392	  8443 : 1
  8440	  8447 : 0
  8444	  8455 : 1
  8452	  8539 : 0
  8536	  8551 : 0
  8548	  8555 : 0
  8552	  8559 : 0
  8556	  8567 : 0
  8564	  8571 : 0
  8568	  8663 : 0
  8660	  8667 : 0
  8664	  8687 : 0
  8684	  8707 : 0
  8704	  8739 : 0
  8736	  8755 : 0
  8752	  8763 : 0
  8760	  8771 : 0
  8768	  8787 : 0
  8784	  8791 : 0
  8788	  8807 : 0
  8804	  8831 : 0
  8828	  8843 : 0
  8840	  8855 : 0
  8852	  8863 : 0
  8860	  8871 : 0
  8868	  8875 : 0
  8872	  8903 : 0
  8900	  8907 : 0
  8904	  8911 : 0
  8908	  8975 : 0
  8972	  8979 : 0
  8976	  8991 : 0
  8988	  8999 : 0
  8996	  9003 : 0
  9000	  9015 : 0
  9012	  9019 : 0
  9016	  9027 : 0
  9024	  9031 : 0
  9028	  9051 : 0
  9048	  9063 : 0
  9060	  9087 : 0
  9084	  9091 : 0
  9088	  9099 : 0
  9096	  9111 : 0
  9108	  9115 : 0
  9112	  9131 : 0
  9128	  9139 : 0
  9136	  9147 : 0
  9144	  9151 : 0
  9148	  9163 : 0
  9160	  9299 : 1
  9296	  9323 : 0
  9320	  9367 : 0
  9364	  9375 : 0
  9372	  9495 : 0
  9492	  9499 : 0
  9496	  9519 : 0
  9516	  9527 : 0
  9524	  9587 : 0
  9584	  9695 : 0
  9692	  9707 : 0
  9704	  9723 : 0
  9720	  9727 : 1
  9724	 10923 : 0
 10920	 10951 : 1
 10948	 10963 : 0
 10960	 11023 : 0
 11020	 11027 : 0
 11024	 11071 : 0
 11068	 11095 : 0
 11092	 11111 : 0
 11108	 11119 : 0
 11116	 11131 : 0
 11128	 11135 : 0
 11132	 11147 : 0
 11144	 11183 : 0
 11180	 11207 : 0
 11204	 11215 : 0
 11212	 11219 : 0
 11216	 11295 : 0
 11292	 11307 : 0
 11304	 11327 : 0
 11324	 11339 : 0
 11336	 11363 : 0
 11360	 11367 : 0
 11364	 11371 : 0
 11368	 11375 : 0
 11372	 11387 : 0
 11384	 11395 : 0
 11392	 11407 : 0
 11404	 11419 : 0
 11416	 11759 : 0
 11756	 11783 : 1
 11780	 11859 : 0
 11856	 11879 : 0
 11876	 11903 : 0
 11900	 11907 : 0
 11904	 11911 : 0
 11908	 11947 : 1
 11944	 11979 : 0
 11976	 11991 : 0
 11988	 11995 : 0
 11992	 12019 : 0
 12016	 12027 : 0
 12024	 12079 : 0
 12076	 12083 : 0
 12080	 12095 : 0
 12092	 12099 : 0
 12096	 12103 : 0
 12100	 12143 : 0
 12140	 12271 : 0
 12268	 12443 : 0
 12440	 12483 : 0
 12480	 12487 : 0
 12484	 12491 : 1
 12488	 12495 : 0
 12492	 12499 : 1
 12496	 12503 : 0
 12500	 12507 : 1
 12504	 12511 : 0
 12508	 12515 : 1
 12512	 12523 : 0
 12520	 12531 : 0
 12528	 12535 : 0
 12532	 12543 : 0
 12540	 12579 : 0
 12576	 12627 : 1
 12624	 12631 : 0
 12628	 12635 : 2
 12632	 12651 : 1
 12648	 12663 : 0
 12660	 12723 : 0
 12720	 12823 : 0
 12820	 12867 : 0
 12864	 12879 : 0
 12876	 12883 : 0
 12880	 12895 : 0
 12892	 12923 : 0
 12920	 12927 : 0
 12924	 12931 : 0
 12928	 12935 : 0
 12932	 13003 : 0
 13000	 13019 : 0
 13016	 13075 : 0
 13072	 13123 : 0
 13120	 13139 : 0
 13136	 13147 : 0
 13144	 13207 : 0
 13204	 13219 : 0
 13216	 13223 : 0
 13220	 13295 : 0
 13292	 13311 : 0
 13308	 13323 : 0
 13320	 13331 : 0
 13328	 13375 : 0
 13372	 13383 : 0
 13380	 13391 : 0
 13388	 13415 : 0
 13412	 13435 : 0
 13432	 13447 : 0
 13444	 13479 : 0
 13476	 13519 : 0
 13516	 13559 : 0
 13556	 13631 : 0
 13628	 13635 : 0
 13632	 13639 : 0
 13636	 13643 : 0
 13640	 13695 : 0
 13692	 13699 : 0
 13696	 13727 : 0
 13724	 13731 : 0
 13728	 13743 : 0
 13740	 13747 : 0
 13744	 13767 : 0
 13764	 13775 : 0
 13772	 13879 : 0
 13876	 13895 : 0
 13892	 13927 : 0
 13924	 13935 : 0
 13932	 13943 : 0
 13940	 13999 : 0
 13996	 14243 : 0
 14240	 14267 : 0
 14264	 14271 : 0
 14268	 14279 : 0
 14276	 14291 : 0
 14288	 14299 : 0
 14296	 14303 : 0
 14300	 14311 : 0
 14308	 14323 : 0
 14320	 14343 : 0
 14340	 14347 : 1
 14344	 14351 : 0
 14348	 14359 : 1
 14356	 14363 : 0
 14360	 14379 : 0
 14376	 14383 : 0
 14380	 14387 : 0
 14384	 14391 : 0
 14388	 14419 : 0
 14416	 14423 : 0
 14420	 14427 : 0
 14424	 14455 : 0
 14452	 14495 : 0
 14492	 14651 : 0
 14648	 14655 : 1
 14652	 14775 : 0
 14772	 14783 : 1
 14780	 14839 : 0
 14836	 14843 : 0
 14840	 14923 : 0
 14920	 14967 : 0
 14964	 14971 : 0
 14968	 14975 : 0
 14972	 14991 : 0
 14988	 14999 : 0
 14996	 15003 : 0
 15000	 15039 : 0
 15036	 15091 : 0
 15088	 15099 : 0
 15096	 15151 : 0
 15148	 15159 : 1
 15156	 15327 : 0
 15324	 15331 : 1
 15328	 15399 : 0
 15396	 15407 : 1
 15404	 15475 : 0
 15472	 15683 : 1
 15680	 15707 : 0
 15704	 15715 : 0
 15712	 15739 : 0
 15736	 15995 : 1
 15992	 16031 : 0
 16028	 16039 : 0
 16036	 16051 : 0
 16048	 16075 : 0
 16072	 16103 : 0
 16100	 16115 : 0
 16112	 16191 : 0
 16188	 16203 : 0
 16200	 16223 : 0
 16220	 16231 : 0
 16228	 16247 : 0
 16244	 16251 : 0
 16248	 16263 : 0
 16260	 16287 : 0
 16284	 16303 : 0
 16300	 16307 : 0
 16304	 16331 : 0
 16328	 16335 : 0
 16332	 16343 : 0
 16340	 16623 : 0
 16620	 16631 : 0
 16628	 16659 : 0
 16656	 16675 : 0
 16672	 16731 : 0
 16728	 16735 : 0
 16732	 16743 : 0
 16740	 16747 : 0
 16744	 16755 : 0
 16752	 16767 : 0
 16764	 16771 : 0
 16768	 16775 : 0
 16772	 16851 : 0
 16848	 16867 : 0
 16864	 16871 : 0
 16868	 16907 : 0
 16904	 16919 : 0
 16916	 16927 : 0
 16924	 17063 : 1
 17060	 17083 : 0
 17080	 17123 : 0
 17120	 17127 : 0
 17124	 17131 : 1
 17128	 17167 : 0
 17164	 17179 : 0
 17176	 17219 : 0
 17216	 17223 : 1
 17220	 17259 : 0
 17256	 17267 : 0
 17264	 17307 : 0
 17304	 17335 : 1
 17332	 17343 : 0
 17340	 17351 : 0
 17348	 17355 : 0
 17352	 17363 : 0
 17360	 17371 : 0
 17368	 17407 : 0
 17404	 17531 : 0
 17528	 17535 : 0
 17532	 17639 : 0
 17636	 17651 : 1
 17648	 17667 : 0
 17664	 17675 : 0
 17672	 17699 : 0
 17696	 17707 : 0
 17704	 17731 : 0
 17728	 17751 : 0
 17748	 17755 : 0
 17752	 17763 : 0
 17760	 17771 : 0
 17768	 17791 : 0
 17788	 17871 : 0
 17868	 17899 : 0
 17896	 17903 : 0
 17900	 17907 : 1
 17904	 18115 : 0
 18112	 18119 : 1
 18116	 18175 : 0
 18172	 18183 : 1
 18180	 18187 : 0
 18184	 18255 : 0
 18252	 18359 : 0
 18356	 18431 : 1
 18428	 18439 : 0
 18436	 18455 : 0
 18452	 18479 : 0
 18476	 18491 : 1
 18488	 18515 : 0
 18512	 18519 : 0
 18516	 18535 : 0
 18532	 18539 : 0
 18536	 18543 : 0
 18540	 18563 : 0
 18560	 18567 : 0
 18564	 18575 : 0
 18572	 18587 : 0
 18584	 18591 : 1
 18588	 18607 : 0
 18604	 18635 : 0
 18632	 18639 : 0
 18636	 18643 : 0
 18640	 18647 : 0
 18644	 18651 : 0
 18648	 18655 : 0
 18652	 18667 : 0
 18664	 18679 : 0
 18676	 18703 : 0
 18700	 18707 : 0
 18704	 18719 : 0
 18716	 18727 : 0
 18724	 18739 : 0
 18736	 18751 : 0
 18748	 18755 : 0
 18752	 18767 : 0
 18764	 18783 : 0
 18780	 18891 : 0
 18888	 18971 : 0
 18968	 18975 : 0
 18972	 19303 : 0
 19300	 19327 : 0
 19324	 19355 : 0
 19352	 19387 : 0
 19384	 19403 : 0
 19400	 19411 : 0
 19408	 19415 : 0
 19412	 19427 : 0
 19424	 19443 : 0
 19440	 19451 : 0
 19448	 19483 : 0
 19480	 19607 : 0
 19604	 20963 : 0
