     0	   139 : 0
   136	   143 : 1
   140	   351 : 0
   348	   355 : 1
   352	   515 : 0
   512	   883 : 1
   880	   887 : 0
   884	  1131 : 0
  1128	  2399 : 0
  2396	  2403 : 0
  2400	  2407 : 0
  2404	  2411 : 0
  2408	  2487 : 0
  2484	  2511 : 0
  2508	  2531 : 0
  2528	  2551 : 0
  2548	  2567 : 0
  2564	  2591 : 0
  2588	  2723 : 0
  2720	  2767 : 0
  2764	  2903 : 0
  2900	  2911 : 0
  2908	  2951 : 0
  2948	  2959 : 0
  2956	  3063 : 0
  3060	  3075 : 0
  3072	  3115 : 0
  3112	  3119 : 0
  3116	  3319 : 0
  3316	  3347 : 0
  3344	  5335 : 0
  5332	  5379 : 0
  5376	  5471 : 0
  5468	  5479 : 0
  5476	  5483 : 0
  5480	  5491 : 0
  5488	  5499 : 0
  5496	  5631 : 0
  5628	  5663 : 0
  5660	  5907 : 0
  5904	  5963 : 0
  5960	  5979 : 0
  5976	  6215 : 0
  6212	  6271 : 0
  6268	  6399 : 0
  6396	  6411 : 0
  6408	  6419 : 0
  6416	  6427 : 0
  6424	  6475 : 0
  6472	  6479 : 0
  6476	  6495 : 0
  6492	  6511 : 0
  6508	  6527 : 0
  6524	  6559 : 0
  6556	  7079 : 0
  7076	  7099 : 0
  7096	  7143 : 0
  7140	  7147 : 0
  7144	  7355 : 0
  7352	  7367 : 0
  7364	  7703 : 0
  7700	  7719 : 0
  7716	  7731 : 0
  7728	  7735 : 0
  7732	  7759 : 0
  7756	  7767 : 0
  7764	  7991 : 0
  7988	  7999 : 0
  7996	  8091 : 0
  8088	  8099 : 0
  8096	  8103 : 0
  8100	  8107 : 0
  8104	  8539 : 0
  8536	  8551 : 1
  8548	  8559 : 0
  8556	  8567 : 0
  8564	  8571 : 0
  8568	  8579 : 0
  8576	  8631 : 0
  8628	  8651 : 0
  8648	  8671 : 0
  8668	  8699 : 0
  8696	  8731 : 0
  8728	  8747 : 0
  8744	  8823 : 0
  8820	  8831 : 0
  8828	  8963 : 0
  8960	  9007 : 0
  9004	  9059 : 0
  9056	  9075 : 0
  9072	  9099 : 0
  9096	  9103 : 0
  9100	  9139 : 0
  9136	  9143 : 0
  9140	  9935 : 0
  9932	 10027 : 0
 10024	 10035 : 0
 10032	 10051 : 0
 10048	 10103 : 0
 10100	 10107 : 0
 10104	 10711 : 0
 10708	 10715 : 0
 10712	 11163 : 0
 11160	 11255 : 0
 11252	 11867 : 0
 11864	 11879 : 0
 11876	 11887 : 0
 11884	 11911 : 0
 11908	 11951 : 0
 11948	 11995 : 0
 11992	 12035 : 0
 12032	 12087 : 0
 12084	 12307 : 0
 12304	 12311 : 1
 12308	 12475 : 0
 12472	 12575 : 0
 12572	 12579 : 0
 12576	 12583 : 0
 12580	 12587 : 0
 12584	 12591 : 0
 12588	 12615 : 0
 12612	 12647 : 0
 12644	 12667 : 0
 12664	 12671 : 0
 12668	 12691 : 0
 12688	 12711 : 0
 12708	 12903 : 0
 12900	 12907 : 0
 12904	 13375 : 0
 13372	 13459 : 0
 13456	 13483 : 0
 13480	 13495 : 0
 13492	 13535 : 0
 13532	 13811 : 0
 13808	 13887 : 0
 13884	 13915 : 0
 13912	 13955 : 0
 13952	 13967 : 0
 13964	 14007 : 0
 14004	 14015 : 0
 14012	 14019 : 0
 14016	 14035 : 0
 14032	 14047 : 0
 14044	 14055 : 0
 14052	 14063 : 0
 14060	 14087 : 0
 14084	 14095 : 0
 14092	 14103 : 0
 14100	 14111 : 0
 14108	 14139 : 0
 14136	 14211 : 0
 14208	 14219 : 0
 14216	 14263 : 0
 14260	 14295 : 0
 14292	 14299 : 0
 14296	 14307 : 0
 14304	 14371 : 0
 14368	 14423 : 0
 14420	 14447 : 0
 14444	 14463 : 0
 14460	 14503 : 0
 14500	 14535 : 0
 14532	 14543 : 0
 14540	 14551 : 0
 14548	 14791 : 0
 14788	 14795 : 0
 14792	 14835 : 0
 14832	 14867 : 0
 14864	 14879 : 0
 14876	 14903 : 0
 14900	 14915 : 0
 14912	 14947 : 0
 14944	 15051 : 0
 15048	 15107 : 0
 15104	 15111 : 0
 15108	 15115 : 0
 15112	 15123 : 0
 15120	 15139 : 0
 15136	 15143 : 0
 15140	 15159 : 0
 15156	 15163 : 0
 15160	 15179 : 0
 15176	 15347 : 0
 15344	 15391 : 0
 15388	 15403 : 0
 15400	 15451 : 0
 15448	 15455 : 0
 15452	 15639 : 0
 15636	 15643 : 0
 15640	 15647 : 1
 15644	 15999 : 0
 15996	 16003 : 1
 16000	 16159 : 0
 16156	 16511 : 1
