     0	    11 : 1
     8	   135 : 0
   132	   147 : 1
   144	   191 : 0
   188	   199 : 1
   196	   223 : 0
   220	   231 : 0
   228	   235 : 0
   232	   251 : 0
   248	   303 : 0
   300	   315 : 1
   312	   331 : 0
   328	   403 : 0
   400	   419 : 0
   416	   439 : 0
   436	   447 : 0
   444	   455 : 1
   452	   467 : 0
   464	   507 : 0
   504	   515 : 0
   512	   531 : 0
   528	   539 : 0
   536	   655 : 0
   652	   659 : 0
   656	   675 : 0
   672	   679 : 0
   676	   695 : 0
   692	   759 : 0
   756	   791 : 1
   788	   807 : 0
   804	   815 : 1
   812	   855 : 0
   852	   867 : 0
   864	   903 : 0
   900	   951 : 1
   948	   991 : 0
   988	  1003 : 0
  1000	  1023 : 0
  1020	  1027 : 0
  1024	  1071 : 0
  1068	  1075 : 0
  1072	  1115 : 0
  1112	  1135 : 0
  1132	  1155 : 0
  1152	  1171 : 1
  1168	  1179 : 0
  1176	  1211 : 0
  1208	  1215 : 0
  1212	  1347 : 0
  1344	  1351 : 0
  1348	  1459 : 0
  1456	  1467 : 0
  1464	  1599 : 0
  1596	  1683 : 0
  1680	  1691 : 0
  1688	  1803 : 0
  1800	  1827 : 0
  1824	  1831 : 0
  1828	  1839 : 0
  1836	  1927 : 0
  1924	  1931 : 1
  1928	  1951 : 0
  1948	  1991 : 1
  1988	  1999 : 0
  1996	  2007 : 0
  2004	  2043 : 0
  2040	  2063 : 1
  2060	  2111 : 0
  2108	  2215 : 1
  2212	  2263 : 0
  2260	  2271 : 1
  2268	  2283 : 0
  2280	  2435 : 0
  2432	  2475 : 0
  2472	  2487 : 0
  2484	  2547 : 0
  2544	  2567 : 1
  2564	  2635 : 0
  2632	  2647 : 0
  2644	  2667 : 0
  2664	  2751 : 1
  2748	  2759 : 0
  2756	  2787 : 0
  2784	  2795 : 0
  2792	  2803 : 0
  2800	  2915 : 0
  2912	  2951 : 0
  2948	  2955 : 0
  2952	  3051 : 0
  3048	  3111 : 0
  3108	  3115 : 0
  3112	  3119 : 0
  3116	  3187 : 0
  3184	  3191 : 0
  3188	  3195 : 0
  3192	  3351 : 0
  3348	  3367 : 1
  3364	  3475 : 0
  3472	  3499 : 0
  3496	  3503 : 0
  3500	  3531 : 1
  3528	  3583 : 0
  3580	  3587 : 1
  3584	  3603 : 0
  3600	  3607 : 0
  3604	  3615 : 0
  3612	  3663 : 0
  3660	  3667 : 0
  3664	  3675 : 0
  3672	  3687 : 0
  3684	  3691 : 0
  3688	  3699 : 0
  3696	  3751 : 0
  3748	  3867 : 0
  3864	  3875 : 0
  3872	  3879 : 0
  3876	  3883 : 0
  3880	  3891 : 0
  3888	  3899 : 1
  3896	  3955 : 0
  3952	  3983 : 0
  3980	  4019 : 0
  4016	  4023 : 1
  4020	  4031 : 0
  4028	  4103 : 0
  4100	  4123 : 0
  4120	  4127 : 0
  4124	  4215 : 0
  4212	  4219 : 0
  4216	  4235 : 0
  4232	  4255 : 0
  4252	  4263 : 0
  4260	  4267 : 0
  4264	  4271 : 0
  4268	  4379 : 0
  4376	  4383 : 0
  4380	  4387 : 0
  4384	  4399 : 0
  4396	  4407 : 0
  4404	  4419 : 0
  4416	  4423 : 0
  4420	  4451 : 0
  4448	  4455 : 0
  4452	  4463 : 0
  4460	  4475 : 0
  4472	  4479 : 0
  4476	  4483 : 0
  4480	  4579 : 0
  4576	  4587 : 1
  4584	  4591 : 0
  4588	  4603 : 0
  4600	  4619 : 0
  4616	  4627 : 1
  4624	  4631 : 0
  4628	  4643 : 1
  4640	  4679 : 0
  4676	  4791 : 0
