     0	   435 : 0
   432	   439 : 0
   436	   515 : 0
   512	   551 : 0
   548	   555 : 0
   552	   571 : 0
   568	   607 : 0
   604	   615 : 0
   612	   623 : 0
   620	   651 : 0
   648	   659 : 0
   656	   671 : 0
   668	   715 : 0
   712	   723 : 0
   720	   779 : 0
   776	   943 : 0
   940	   959 : 0
   956	  1187 : 0
  1184	  1251 : 0
  1248	  1335 : 0
  1332	  1683 : 0
  1680	  1687 : 0
  1684	  1699 : 0
  1696	  1723 : 0
  1720	  1727 : 0
  1724	  1747 : 0
  1744	  1791 : 0
  1788	  1799 : 0
  1796	  1835 : 0
  1832	  1847 : 0
  1844	  1859 : 0
  1856	  1863 : 0
  1860	  1871 : 0
  1868	  1903 : 0
  1900	  1911 : 0
  1908	  1915 : 0
  1912	  1927 : 0
  1924	  1939 : 0
  1936	  1943 : 0
  1940	  1955 : 0
  1952	  1991 : 0
  1988	  2003 : 0
  2000	  2007 : 0
  2004	  2027 : 0
  2024	  2031 : 0
  2028	  2035 : 0
  2032	  2039 : 0
  2036	  2043 : 0
  2040	  2047 : 0
  2044	  2059 : 0
  2056	  2083 : 0
  2080	  2087 : 0
  2084	  2103 : 0
  2100	  2119 : 0
  2116	  2159 : 0
  2156	  2163 : 0
  2160	  2179 : 0
  2176	  2195 : 0
  2192	  2203 : 0
  2200	  2207 : 0
  2204	  2223 : 0
  2220	  2231 : 0
  2228	  2307 : 0
  2304	  2311 : 0
  2308	  2331 : 0
  2328	  2335 : 0
  2332	  2343 : 0
  2340	  2347 : 0
  2344	  2355 : 0
  2352	  2359 : 0
  2356	  2363 : 0
  2360	  2371 : 0
  2368	  2399 : 0
  2396	  2407 : 0
  2404	  2411 : 0
  2408	  2419 : 0
  2416	  2427 : 0
  2424	  2439 : 0
  2436	  2459 : 0
  2456	  2467 : 0
  2464	  2483 : 0
  2480	  2487 : 0
  2484	  2491 : 0
  2488	  2507 : 0
  2504	  2519 : 0
  2516	  2531 : 0
  2528	  2543 : 0
  2540	  2567 : 0
  2564	  2579 : 0
  2576	  2587 : 0
  2584	  2603 : 0
  2600	  2627 : 0
  2624	  2747 : 0
  2744	  2751 : 0
  2748	  2967 : 0
  2964	  2971 : 0
  2968	  3079 : 0
  3076	  3083 : 0
  3080	  3107 : 0
  3104	  3111 : 0
  3108	  3115 : 0
  3112	  3119 : 0
  3116	  3163 : 0
  3160	  3167 : 0
  3164	  3239 : 0
  3236	  3243 : 0
  3240	  3247 : 0
  3244	  3251 : 0
  3248	  3263 : 0
  3260	  3291 : 0
  3288	  3295 : 0
  3292	  3351 : 0
  3348	  3379 : 0
  3376	  3383 : 0
  3380	  3535 : 0
  3532	  3651 : 0
  3648	  3659 : 0
  3656	  3671 : 0
  3668	  3687 : 0
  3684	  3699 : 0
  3696	  3707 : 0
  3704	  3911 : 0
  3908	  3915 : 0
  3912	  4115 : 0
  4112	  4299 : 1
  4296	  4691 : 0
  4688	  4879 : 1
  4876	  5135 : 0
  5132	  5439 : 1
  5436	  5827 : 0
  5824	  6079 : 1
  6076	  6091 : 0
  6088	  6107 : 0
  6104	  6155 : 0
  6152	  6163 : 0
  6160	  6175 : 0
  6172	  6183 : 0
  6180	  6263 : 0
  6260	  6271 : 0
  6268	  6331 : 0
  6328	  6479 : 1
  6476	  6631 : 0
  6628	  6947 : 0
  6944	  7511 : 0
  7508	  7635 : 1
  7632	  7639 : 0
  7636	  7651 : 0
  7648	  8079 : 0
  8076	  8115 : 0
  8112	  8243 : 0
  8240	  8287 : 0
  8284	  8607 : 0
  8604	  8715 : 1
  8712	  8787 : 0
  8784	  8807 : 0
  8804	  8871 : 0
  8868	  9327 : 1
  9324	  9331 : 0
  9328	 10251 : 0
 10248	 10255 : 0
 10252	 11071 : 0
 11068	 11075 : 0
 11072	 11079 : 1
 11076	 11347 : 0
 11344	 11431 : 0
 11428	 11775 : 0
 11772	 12007 : 1
 12004	 13931 : 0
 13928	 13935 : 1
 13932	 14047 : 0
 14044	 14099 : 0
 14096	 14607 : 0
 14604	 14979 : 1
 14976	 15131 : 0
 15128	 15535 : 1
 15532	 16539 : 0
 16536	 16631 : 1
 16628	 16635 : 0
 16632	 16647 : 0
 16644	 16663 : 0
 16660	 16667 : 0
 16664	 16671 : 0
 16668	 16679 : 0
 16676	 16759 : 0
 16756	 16779 : 0
 16776	 16811 : 0
 16808	 16815 : 0
 16812	 16823 : 0
 16820	 16835 : 0
 16832	 16867 : 0
 16864	 16879 : 0
 16876	 16887 : 0
 16884	 16895 : 0
 16892	 16959 : 0
 16956	 16987 : 0
 16984	 16995 : 0
 16992	 17031 : 0
 17028	 17071 : 0
 17068	 17079 : 0
 17076	 17091 : 0
 17088	 17099 : 0
 17096	 17131 : 0
 17128	 17135 : 0
 17132	 17139 : 0
 17136	 17143 : 0
 17140	 17607 : 0
 17604	 17615 : 1
 17612	 18443 : 0
 18440	 18579 : 1
 18576	 19775 : 0
 19772	 19855 : 1
 19852	 20343 : 0
 20340	 21615 : 0
 21612	 21623 : 0
 21620	 22087 : 0
 22084	 22091 : 0
 22088	 22095 : 1
 22092	 22251 : 0
 22248	 22255 : 0
 22252	 22783 : 0
 22780	 22799 : 0
 22796	 23011 : 0
 23008	 23095 : 0
 23092	 23207 : 0
 23204	 23223 : 0
 23220	 23227 : 0
 23224	 23311 : 0
 23308	 23359 : 0
 23356	 23367 : 0
 23364	 23391 : 0
 23388	 23395 : 0
 23392	 23435 : 0
 23432	 23463 : 0
 23460	 23467 : 0
 23464	 23539 : 0
 23536	 23711 : 0
 23708	 23719 : 1
 23716	 23883 : 0
 23880	 23899 : 1
 23896	 23907 : 0
 23904	 23963 : 0
 23960	 23971 : 0
 23968	 23991 : 1
 23988	 23999 : 0
 23996	 24007 : 0
 24004	 24031 : 0
 24028	 24035 : 0
 24032	 24043 : 0
 24040	 24055 : 0
 24052	 24067 : 0
 24064	 24127 : 0
 24124	 24131 : 0
 24128	 24147 : 0
 24144	 24159 : 0
 24156	 24167 : 0
 24164	 24171 : 0
 24168	 24391 : 0
 24388	 24403 : 0
 24400	 24439 : 0
 24436	 24555 : 0
 24552	 24563 : 1
 24560	 24663 : 0
 24660	 24679 : 1
 24676	 24843 : 0
 24840	 24927 : 0
 24924	 24979 : 0
 24976	 25535 : 0
 25532	 25587 : 0
 25584	 25591 : 0
 25588	 25831 : 0
 25828	 25835 : 1
 25832	 25903 : 0
 25900	 26003 : 0
 26000	 26551 : 0
 26548	 27159 : 1
 27156	 27167 : 0
 27164	 27183 : 0
 27180	 27227 : 0
 27224	 27235 : 0
 27232	 27351 : 0
 27348	 27371 : 0
 27368	 27459 : 0
 27456	 27471 : 0
 27468	 27515 : 0
 27512	 27567 : 0
 27564	 27571 : 0
 27568	 27579 : 0
 27576	 27603 : 0
 27600	 27623 : 1
 27620	 27631 : 0
 27628	 27691 : 0
 27688	 27775 : 0
 27772	 27799 : 0
 27796	 27827 : 0
 27824	 27835 : 0
 27832	 27859 : 0
 27856	 27887 : 0
 27884	 27891 : 0
 27888	 27895 : 0
 27892	 27911 : 0
 27908	 27951 : 0
 27948	 27959 : 0
 27956	 28019 : 0
 28016	 28039 : 0
 28036	 28111 : 0
 28108	 28127 : 0
 28124	 28131 : 0
 28128	 28135 : 0
 28132	 28171 : 0
 28168	 28195 : 0
 28192	 28311 : 1
 28308	 28323 : 0
 28320	 28407 : 0
 28404	 28415 : 0
 28412	 28423 : 1
 28420	 28763 : 0
 28760	 28787 : 0
 28784	 28807 : 0
 28804	 28811 : 0
 28808	 28851 : 0
 28848	 28859 : 0
 28856	 28867 : 0
 28864	 28871 : 0
 28868	 28887 : 0
 28884	 28891 : 0
 28888	 28899 : 0
 28896	 28919 : 0
 28916	 28939 : 0
 28936	 28951 : 0
 28948	 28959 : 0
 28956	 28971 : 0
 28968	 28975 : 0
 28972	 28979 : 0
 28976	 29003 : 0
 29000	 29011 : 0
 29008	 29035 : 0
 29032	 29039 : 0
 29036	 29043 : 0
 29040	 29099 : 1
 29096	 29115 : 0
 29112	 29123 : 0
 29120	 29139 : 0
 29136	 29147 : 0
 29144	 29191 : 0
 29188	 29223 : 0
 29220	 29243 : 0
 29240	 29267 : 0
 29264	 29431 : 0
 29428	 29435 : 0
 29432	 29627 : 0
 29624	 29631 : 0
 29628	 29639 : 0
 29636	 29655 : 0
 29652	 29687 : 0
 29684	 29691 : 0
 29688	 29707 : 0
 29704	 29711 : 0
 29708	 29723 : 0
 29720	 29739 : 0
 29736	 29759 : 0
 29756	 29771 : 0
 29768	 29787 : 0
 29784	 29791 : 1
 29788	 30027 : 0
 30024	 30459 : 1
 30456	 30739 : 0
 30736	 30755 : 1
 30752	 30763 : 0
 30760	 30787 : 0
 30784	 30855 : 0
 30852	 31039 : 0
 31036	 31047 : 0
 31044	 31051 : 0
 31048	 31059 : 0
 31056	 31119 : 0
 31116	 31127 : 0
 31124	 31179 : 0
 31176	 31359 : 0
 31356	 31395 : 1
 31392	 31459 : 0
 31456	 31483 : 0
 31480	 31811 : 0
 31808	 31831 : 1
 31828	 31843 : 0
 31840	 31855 : 0
 31852	 31895 : 0
 31892	 31903 : 1
 31900	 31967 : 0
 31964	 32011 : 0
 32008	 32035 : 0
 32032	 32067 : 0
 32064	 32075 : 0
 32072	 32147 : 0
 32144	 32227 : 0
 32224	 32291 : 0
 32288	 32303 : 0
 32300	 32491 : 1
 32488	 32567 : 0
 32564	 32591 : 0
 32588	 32615 : 0
 32612	 32623 : 0
 32620	 32951 : 0
 32948	 33035 : 1
 33032	 33583 : 0
 33580	 33599 : 0
 33596	 33603 : 0
 33600	 33627 : 0
 33624	 33631 : 0
 33628	 33679 : 0
 33676	 33707 : 0
 33704	 33711 : 1
 33708	 33899 : 0
 33896	 33911 : 0
 33908	 33919 : 0
 33916	 33923 : 0
 33920	 33947 : 0
 33944	 33959 : 0
 33956	 33963 : 0
 33960	 33983 : 0
 33980	 34007 : 0
 34004	 34011 : 0
 34008	 34171 : 0
 34168	 34183 : 0
 34180	 34187 : 0
 34184	 34195 : 0
 34192	 34299 : 0
 34296	 34307 : 0
 34304	 34311 : 0
 34308	 34395 : 0
 34392	 34403 : 0
 34400	 34455 : 0
 34452	 34459 : 0
 34456	 34491 : 0
 34488	 34527 : 0
 34524	 34563 : 0
 34560	 34575 : 0
 34572	 34635 : 0
 34632	 35071 : 0
 35068	 35079 : 0
 35076	 35111 : 0
 35108	 35115 : 0
 35112	 35151 : 0
 35148	 35159 : 0
 35156	 35175 : 0
 35172	 35179 : 1
 35176	 35187 : 0
 35184	 35191 : 0
 35188	 35219 : 0
 35216	 35223 : 0
 35220	 35263 : 0
 35260	 35275 : 0
 35272	 35295 : 0
 35292	 35299 : 0
 35296	 35307 : 0
 35304	 35323 : 0
 35320	 35343 : 0
 35340	 35347 : 0
 35344	 35351 : 0
 35348	 35383 : 0
 35380	 35395 : 0
 35392	 35399 : 0
 35396	 35415 : 0
 35412	 35419 : 0
 35416	 35427 : 0
 35424	 35431 : 0
 35428	 35435 : 0
 35432	 35447 : 0
 35444	 35455 : 0
 35452	 35475 : 0
 35472	 35487 : 0
 35484	 35499 : 0
 35496	 35583 : 0
 35580	 35599 : 0
 35596	 35615 : 0
 35612	 35619 : 0
 35616	 35675 : 0
 35672	 35679 : 0
 35676	 35715 : 0
 35712	 35723 : 1
 35720	 35727 : 0
 35724	 35755 : 0
 35752	 35767 : 0
 35764	 35779 : 0
 35776	 35807 : 0
 35804	 35827 : 0
 35824	 35835 : 0
 35832	 35839 : 0
 35836	 35847 : 0
 35844	 35859 : 0
 35856	 35871 : 0
 35868	 35923 : 0
 35920	 35931 : 0
 35928	 35939 : 0
 35936	 35959 : 0
 35956	 35963 : 0
 35960	 36135 : 0
 36132	 36143 : 0
 36140	 36151 : 0
 36148	 36159 : 0
 36156	 36259 : 0
 36256	 36331 : 0
 36328	 36335 : 0
 36332	 36355 : 0
 36352	 36715 : 0
 36712	 36719 : 0
 36716	 36727 : 0
 36724	 36759 : 0
 36756	 36803 : 0
 36800	 36847 : 0
 36844	 36875 : 0
 36872	 36879 : 0
 36876	 36887 : 0
 36884	 36891 : 0
 36888	 36903 : 0
 36900	 36907 : 0
 36904	 36915 : 0
 36912	 36983 : 0
 36980	 37043 : 0
 37040	 37051 : 0
 37048	 37055 : 0
 37052	 37071 : 0
 37068	 37095 : 0
 37092	 37739 : 0
 37736	 38087 : 0
 38084	 38091 : 0
 38088	 39803 : 0
 39800	 39819 : 0
 39816	 44195 : 0
 44192	 44203 : 0
 44200	 44227 : 0
 44224	 44231 : 0
 44228	 44243 : 0
 44240	 44247 : 0
 44244	 44263 : 0
 44260	 44283 : 0
 44280	 44299 : 0
 44296	 44383 : 0
 44380	 44399 : 0
 44396	 44415 : 0
 44412	 44431 : 0
 44428	 44435 : 1
 44432	 44463 : 0
 44460	 44467 : 0
 44464	 44471 : 0
 44468	 44483 : 0
 44480	 44523 : 0
 44520	 44539 : 0
 44536	 44547 : 0
 44544	 44551 : 0
 44548	 44587 : 0
 44584	 44599 : 0
 44596	 44603 : 0
 44600	 44607 : 0
 44604	 44611 : 0
 44608	 44615 : 0
 44612	 44647 : 0
 44644	 44655 : 0
 44652	 44783 : 0
 44780	 44787 : 0
 44784	 44843 : 0
 44840	 44847 : 0
 44844	 44859 : 0
 44856	 44863 : 0
 44860	 44931 : 0
 44928	 44955 : 0
 44952	 44983 : 0
 44980	 44987 : 1
 44984	 44995 : 0
 44992	 45003 : 0
 45000	 45011 : 0
 45008	 45055 : 0
 45052	 45079 : 0
 45076	 45095 : 0
 45092	 45159 : 0
 45156	 45203 : 0
 45200	 45227 : 0
 45224	 45239 : 0
 45236	 45243 : 0
 45240	 45247 : 0
 45244	 45279 : 0
 45276	 45291 : 0
 45288	 45299 : 0
 45296	 45319 : 0
 45316	 45347 : 0
 45344	 45367 : 0
 45364	 45391 : 0
 45388	 45403 : 0
 45400	 45475 : 0
 45472	 45483 : 1
 45480	 45491 : 0
 45488	 45499 : 0
 45496	 45571 : 0
 45568	 45603 : 0
 45600	 45615 : 0
 45612	 45767 : 0
 45764	 45799 : 0
 45796	 45831 : 0
 45828	 45839 : 0
 45836	 45919 : 0
 45916	 45951 : 0
 45948	 46139 : 0
 46136	 46167 : 0
 46164	 46191 : 0
 46188	 46195 : 0
 46192	 46203 : 1
 46200	 46691 : 0
 46688	 46775 : 0
 46772	 46847 : 0
 46844	 47163 : 0
 47160	 47175 : 0
 47172	 47219 : 0
 47216	 47251 : 0
 47248	 47275 : 0
 47272	 47283 : 0
 47280	 47455 : 0
 47452	 47483 : 0
 47480	 47779 : 0
 47776	 47847 : 0
 47844	 47855 : 1
 47852	 48027 : 0
 48024	 48487 : 1
 48484	 48531 : 0
 48528	 48535 : 0
 48532	 48539 : 0
 48536	 48559 : 0
 48556	 48587 : 0
 48584	 48595 : 0
 48592	 48611 : 0
 48608	 48623 : 0
 48620	 48639 : 0
 48636	 48679 : 0
 48676	 49195 : 0
 49192	 49259 : 1
 49256	 49263 : 0
 49260	 49267 : 1
 49264	 49339 : 0
 49336	 49347 : 1
 49344	 49407 : 0
 49404	 49415 : 1
 49412	 49467 : 0
 49464	 49471 : 0
 49468	 49531 : 0
 49528	 49535 : 1
 49532	 49591 : 0
 49588	 49615 : 0
 49612	 49623 : 0
 49620	 49635 : 0
 49632	 49643 : 0
 49640	 49671 : 1
 49668	 49691 : 0
 49688	 49695 : 0
 49692	 49703 : 0
 49700	 49707 : 1
 49704	 49775 : 0
 49772	 49783 : 1
 49780	 49791 : 0
 49788	 49799 : 0
 49796	 49839 : 0
 49836	 49843 : 1
 49840	 49887 : 0
 49884	 49903 : 0
 49900	 49911 : 0
 49908	 49919 : 0
 49916	 49927 : 0
 49924	 49935 : 1
 49932	 49963 : 0
 49960	 49971 : 1
 49968	 49975 : 0
 49972	 49999 : 0
 49996	 50071 : 0
 50068	 50079 : 1
 50076	 50091 : 0
 50088	 50191 : 0
 50188	 50259 : 0
 50256	 50279 : 0
 50276	 50307 : 0
 50304	 50339 : 0
 50336	 50355 : 0
 50352	 50415 : 0
 50412	 50551 : 0
 50548	 50555 : 1
 50552	 50671 : 0
 50668	 50675 : 0
 50672	 50683 : 0
 50680	 50703 : 0
 50700	 50727 : 0
 50724	 50743 : 0
 50740	 50767 : 0
 50764	 50787 : 0
 50784	 50791 : 0
 50788	 50815 : 0
 50812	 50867 : 0
 50864	 50871 : 0
 50868	 50891 : 0
 50888	 50923 : 0
 50920	 50935 : 0
 50932	 50975 : 0
 50972	 50983 : 0
 50980	 50999 : 0
 50996	 51011 : 0
 51008	 51055 : 0
 51052	 51155 : 0
 51152	 51175 : 0
 51172	 51231 : 0
 51228	 51247 : 0
 51244	 51255 : 0
 51252	 51259 : 0
 51256	 51263 : 0
 51260	 51267 : 0
 51264	 51287 : 0
 51284	 51291 : 0
 51288	 51323 : 0
 51320	 51447 : 0
 51444	 52243 : 0
 52240	 52251 : 0
 52248	 52367 : 0
 52364	 52387 : 0
 52384	 52571 : 0
 52568	 52583 : 0
 52580	 52971 : 0
 52968	 53143 : 1
 53140	 53315 : 0
 53312	 53467 : 1
 53464	 54075 : 0
 54072	 54199 : 1
 54196	 55055 : 0
 55052	 55499 : 0
 55496	 55647 : 0
 55644	 55835 : 1
 55832	 56215 : 0
 56212	 56355 : 1
 56352	 56679 : 0
 56676	 56807 : 1
 56804	 56819 : 0
 56816	 56831 : 0
 56828	 56839 : 0
 56836	 56847 : 0
 56844	 57091 : 0
 57088	 57119 : 0
 57116	 57127 : 0
 57124	 57131 : 0
 57128	 57139 : 0
 57136	 57147 : 0
 57144	 57155 : 0
 57152	 57167 : 0
 57164	 57179 : 0
 57176	 57211 : 0
 57208	 57219 : 0
 57216	 57231 : 0
 57228	 57343 : 0
 57340	 57383 : 0
 57380	 57471 : 0
 57468	 57479 : 0
 57476	 57635 : 0
 57632	 57647 : 0
 57644	 57687 : 0
 57684	 57731 : 0
 57728	 57763 : 0
 57760	 57783 : 0
 57780	 58339 : 0
 58336	 58343 : 0
 58340	 58359 : 0
 58356	 58391 : 0
 58388	 58419 : 0
 58416	 58439 : 0
 58436	 58543 : 0
 58540	 58591 : 0
 58588	 58695 : 0
 58692	 58699 : 0
 58696	 58707 : 0
 58704	 58715 : 0
 58712	 58823 : 0
 58820	 58831 : 0
 58828	 58907 : 0
 58904	 58915 : 0
 58912	 58919 : 0
 58916	 59023 : 0
 59020	 59059 : 0
 59056	 59099 : 0
 59096	 59103 : 0
 59100	 59115 : 0
 59112	 59119 : 0
 59116	 59163 : 0
 59160	 59167 : 0
 59164	 59187 : 0
 59184	 59195 : 0
 59192	 59199 : 0
 59196	 59219 : 0
 59216	 59251 : 0
 59248	 59263 : 0
 59260	 59271 : 0
 59268	 59295 : 0
 59292	 59303 : 0
 59300	 59363 : 0
 59360	 59415 : 0
 59412	 59443 : 0
 59440	 59451 : 1
 59448	 59459 : 0
 59456	 59475 : 0
 59472	 59495 : 0
 59492	 59515 : 0
 59512	 59543 : 0
 59540	 59551 : 0
 59548	 59563 : 0
 59560	 59567 : 0
 59564	 59579 : 0
 59576	 59619 : 0
 59616	 59631 : 0
 59628	 59647 : 0
 59644	 59675 : 0
 59672	 59683 : 1
 59680	 59775 : 0
 59772	 59795 : 1
 59792	 59799 : 0
 59796	 59803 : 0
 59800	 59807 : 0
 59804	 59811 : 0
 59808	 59827 : 0
 59824	 59831 : 0
 59828	 59859 : 0
 59856	 59863 : 0
 59860	 59867 : 0
 59864	 59871 : 0
 59868	 59875 : 0
 59872	 59883 : 0
 59880	 59887 : 0
 59884	 59903 : 0
 59900	 59907 : 0
 59904	 59911 : 0
 59908	 59915 : 0
 59912	 59927 : 0
 59924	 59963 : 0
 59960	 59987 : 0
 59984	 59991 : 0
 59988	 60011 : 0
 60008	 60027 : 0
 60024	 60031 : 1
 60028	 60203 : 0
 60200	 60207 : 0
 60204	 60275 : 0
 60272	 60291 : 1
 60288	 60295 : 0
 60292	 60303 : 0
 60300	 60311 : 0
 60308	 60315 : 0
 60312	 60319 : 0
 60316	 60331 : 0
 60328	 60343 : 0
 60340	 60371 : 0
 60368	 60391 : 0
 60388	 60411 : 0
 60408	 60423 : 0
 60420	 60427 : 0
 60424	 60431 : 0
 60428	 60439 : 0
 60436	 60443 : 0
 60440	 60451 : 0
 60448	 60455 : 0
 60452	 60463 : 0
 60460	 60479 : 0
 60476	 60603 : 0
 60600	 60651 : 0
 60648	 60723 : 0
 60720	 60811 : 0
 60808	 60823 : 0
 60820	 60847 : 0
 60844	 60859 : 0
 60856	 60915 : 0
 60912	 60927 : 0
 60924	 61043 : 0
 61040	 61067 : 0
 61064	 61139 : 0
 61136	 61163 : 0
 61160	 61179 : 0
 61176	 61207 : 0
 61204	 61211 : 0
 61208	 61251 : 0
 61248	 61283 : 0
 61280	 61935 : 0
 61932	 61951 : 0
 61948	 62075 : 0
 62072	 62123 : 0
 62120	 62131 : 0
 62128	 62179 : 0
 62176	 62191 : 0
 62188	 62195 : 0
 62192	 62199 : 0
 62196	 62203 : 0
 62200	 62223 : 0
 62220	 62227 : 0
 62224	 62235 : 0
 62232	 62239 : 0
 62236	 62243 : 0
 62240	 62275 : 0
 62272	 62279 : 0
 62276	 62283 : 0
 62280	 62287 : 0
 62284	 62291 : 0
 62288	 62295 : 0
 62292	 62299 : 0
 62296	 62551 : 0
 62548	 62555 : 0
 62552	 62779 : 0
 62776	 62791 : 0
 62788	 62799 : 0
 62796	 62803 : 0
 62800	 62807 : 0
 62804	 62811 : 0
 62808	 62835 : 0
 62832	 62839 : 0
 62836	 62843 : 0
 62840	 62847 : 0
 62844	 62851 : 0
 62848	 62855 : 0
 62852	 62859 : 0
 62856	 62863 : 0
 62860	 62867 : 0
 62864	 62871 : 0
 62868	 62875 : 0
 62872	 62883 : 0
 62880	 62887 : 0
 62884	 62891 : 0
 62888	 62895 : 0
 62892	 62899 : 0
 62896	 62903 : 0
 62900	 62907 : 0
 62904	 62911 : 0
 62908	 62915 : 0
 62912	 62931 : 0
 62928	 62935 : 0
 62932	 62947 : 0
 62944	 62951 : 0
 62948	 62955 : 0
 62952	 62959 : 0
 62956	 63003 : 0
 63000	 63219 : 0
 63216	 63223 : 0
 63220	 63227 : 0
 63224	 63279 : 0
 63276	 63323 : 0
 63320	 63327 : 0
 63324	 63331 : 0
 63328	 63339 : 0
 63336	 63343 : 0
 63340	 63347 : 0
 63344	 63351 : 0
 63348	 63355 : 0
 63352	 63379 : 0
 63376	 63383 : 0
 63380	 63387 : 0
 63384	 63503 : 0
 63500	 63507 : 0
 63504	 63511 : 0
 63508	 63515 : 0
 63512	 63519 : 0
 63516	 63631 : 0
 63628	 63687 : 0
 63684	 63691 : 0
 63688	 63695 : 0
 63692	 63699 : 0
 63696	 63707 : 0
 63704	 63711 : 0
 63708	 64043 : 0
 64040	 64051 : 0
 64048	 64055 : 0
 64052	 64099 : 0
 64096	 64547 : 0
 64544	 64551 : 0
 64548	 64555 : 0
 64552	 64559 : 0
 64556	 64563 : 0
 64560	 64575 : 0
 64572	 64579 : 0
 64576	 64583 : 0
 64580	 64587 : 0
 64584	 64611 : 0
 64608	 64755 : 0
 64752	 64863 : 0
 64860	 64867 : 0
 64864	 64871 : 0
 64868	 64875 : 0
 64872	 64879 : 0
 64876	 64891 : 0
 64888	 64895 : 0
 64892	 64919 : 0
 64916	 64923 : 0
 64920	 64927 : 0
 64924	 64959 : 0
 64956	 64963 : 0
 64960	 64967 : 0
 64964	 64971 : 0
 64968	 64975 : 0
 64972	 65311 : 0
 65308	 65415 : 0
 65412	 65503 : 0
