     0	     7 : 0
     4	    27 : 0
    24	    31 : 0
    28	    35 : 0
    32	    51 : 0
    48	    59 : 0
    56	    63 : 0
    60	    75 : 0
    72	   107 : 0
   104	   115 : 0
   112	   383 : 0
   380	   411 : 0
   408	   415 : 0
   412	   419 : 0
   416	   423 : 0
   420	   439 : 0
   436	   451 : 0
   448	   459 : 0
   456	   479 : 1
   476	   483 : 0
   480	   519 : 0
   516	   523 : 0
   520	   563 : 0
   560	   567 : 0
   564	   611 : 0
   608	   631 : 0
   628	   731 : 0
   728	   807 : 0
   804	   843 : 0
   840	   979 : 0
   976	   991 : 0
   988	  1007 : 0
  1004	  1083 : 0
  1080	  1087 : 0
  1084	  1471 : 0
  1468	  1475 : 0
  1472	  1483 : 0
  1480	  1519 : 0
  1516	  1523 : 1
  1520	  1527 : 0
  1524	  1535 : 1
  1532	  1547 : 0
  1544	  1551 : 1
  1548	  1559 : 0
  1556	  1583 : 0
  1580	  1587 : 0
  1584	  1639 : 1
  1636	  1643 : 0
  1640	  1655 : 0
  1652	  1675 : 0
  1672	  1687 : 0
  1684	  1691 : 0
  1688	  1695 : 0
  1692	  1699 : 0
  1696	  1707 : 1
  1704	  1715 : 0
  1712	  1719 : 0
  1716	  1727 : 0
  1724	  1735 : 0
  1732	  1739 : 0
  1736	  1759 : 0
  1756	  1767 : 0
  1764	  1771 : 0
  1768	  1779 : 0
  1776	  1783 : 1
  1780	  1791 : 0
  1788	  1811 : 1
  1808	  1819 : 0
  1816	  1831 : 0
  1828	  1843 : 0
  1840	  1891 : 0
  1888	  1911 : 0
  1908	  1915 : 0
  1912	  1919 : 0
  1916	  1931 : 1
  1928	  1943 : 0
  1940	  2079 : 0
  2076	  2099 : 0
  2096	  2139 : 0
  2136	  2151 : 0
  2148	  2171 : 0
  2168	  2179 : 0
  2176	  2187 : 0
  2184	  2191 : 0
  2188	  2203 : 0
  2200	  2207 : 0
  2204	  2211 : 0
  2208	  2223 : 0
  2220	  2255 : 0
  2252	  2275 : 0
  2272	  2439 : 1
  2436	  2819 : 0
  2816	  2843 : 0
  2840	  2855 : 0
  2852	  2859 : 0
  2856	  2871 : 0
  2868	  2879 : 0
  2876	  2883 : 0
  2880	  2935 : 0
  2932	  2939 : 0
  2936	  3003 : 0
  3000	  3007 : 0
  3004	  3035 : 1
  3032	  3063 : 0
  3060	  3071 : 0
  3068	  3091 : 0
  3088	  3119 : 0
  3116	  3131 : 0
  3128	  3135 : 0
  3132	  3155 : 0
  3152	  3171 : 0
  3168	  3191 : 0
  3188	  3195 : 1
  3192	  3283 : 0
  3280	  3287 : 0
  3284	  3367 : 0
  3364	  3375 : 0
  3372	  3395 : 0
  3392	  3399 : 0
  3396	  3423 : 0
  3420	  3427 : 0
  3424	  3431 : 0
  3428	  3439 : 0
  3436	  3459 : 0
  3456	  3471 : 0
  3468	  3475 : 0
  3472	  3479 : 0
  3476	  3503 : 0
  3500	  3507 : 0
  3504	  3527 : 0
  3524	  3539 : 0
  3536	  3559 : 0
  3556	  3647 : 1
  3644	  3707 : 0
  3704	  3723 : 0
  3720	  3727 : 0
  3724	  3735 : 0
  3732	  3747 : 0
  3744	  3775 : 0
  3772	  3795 : 0
  3792	  3799 : 0
  3796	  3811 : 0
  3808	  3859 : 0
  3856	  3863 : 0
  3860	  3879 : 0
  3876	  3899 : 0
  3896	  3911 : 0
  3908	  3915 : 0
  3912	  3999 : 1
  3996	  4003 : 0
  4000	  4067 : 0
  4064	  4099 : 0
  4096	  4103 : 0
  4100	  4119 : 0
  4116	  4131 : 0
  4128	  4287 : 0
  4284	  4291 : 0
  4288	  4295 : 0
  4292	  4303 : 0
  4300	  4395 : 0
  4392	  4415 : 0
  4412	  4471 : 0
  4468	  4495 : 0
  4492	  4499 : 0
  4496	  4515 : 0
  4512	  4519 : 0
  4516	  4531 : 0
  4528	  4535 : 0
  4532	  4543 : 0
  4540	  4559 : 0
  4556	  4567 : 0
  4564	  4571 : 0
  4568	  4583 : 0
  4580	  4603 : 0
  4600	  4607 : 0
  4604	  4631 : 0
  4628	  4639 : 0
  4636	  4703 : 0
  4700	  4707 : 1
  4704	  4715 : 0
  4712	  4719 : 1
  4716	  4751 : 0
  4748	  4779 : 0
  4776	  4783 : 0
  4780	  4787 : 1
  4784	  4959 : 0
  4956	  4979 : 1
  4976	  4983 : 0
  4980	  5023 : 0
  5020	  5035 : 0
  5032	  5083 : 0
  5080	  5239 : 0
  5236	  5243 : 1
  5240	  5323 : 0
  5320	  5331 : 0
  5328	  5387 : 0
  5384	  5395 : 0
  5392	  5443 : 0
  5440	  5515 : 0
  5512	  5599 : 0
  5596	  5615 : 0
  5612	  5703 : 0
  5700	  5711 : 0
  5708	  5715 : 0
  5712	  5719 : 0
  5716	  5787 : 0
  5784	  5847 : 0
  5844	  5851 : 0
  5848	  5855 : 0
  5852	  5875 : 0
  5872	  5887 : 0
  5884	  5899 : 0
  5896	  6107 : 0
