     0	    95 : 0
    92	   107 : 0
   104	   111 : 0
   108	   155 : 0
   152	   175 : 0
   172	   187 : 0
   184	   191 : 0
   188	   199 : 0
   196	   215 : 0
   212	   219 : 0
   216	   223 : 0
   220	   227 : 0
   224	   251 : 0
   248	   303 : 0
   300	   335 : 0
   332	   347 : 0
   344	   351 : 0
   348	   359 : 0
   356	   375 : 0
   372	   407 : 0
   404	   543 : 1
   540	   587 : 0
   584	   591 : 0
   588	   631 : 0
   628	   639 : 0
   636	   651 : 0
   648	   659 : 1
   656	   683 : 0
   680	   775 : 1
   772	   807 : 0
   804	   831 : 1
   828	   835 : 0
   832	   867 : 0
   864	   871 : 0
   868	   875 : 0
   872	   883 : 0
   880	   907 : 1
   904	   935 : 0
   932	   939 : 1
   936	   947 : 0
   944	   955 : 0
   952	  1019 : 0
  1016	  1027 : 0
  1024	  1039 : 0
  1036	  1043 : 0
  1040	  1071 : 0
  1068	  1079 : 1
  1076	  1127 : 0
  1124	  1131 : 1
  1128	  1139 : 0
  1136	  1143 : 0
  1140	  1167 : 0
  1164	  1175 : 0
  1172	  1187 : 0
  1184	  1195 : 1
  1192	  1243 : 0
  1240	  1251 : 1
  1248	  1299 : 0
  1296	  1303 : 1
  1300	  1339 : 0
  1336	  1347 : 1
  1344	  1439 : 0
  1436	  1491 : 0
  1488	  1499 : 0
  1496	  1511 : 0
  1508	  1539 : 0
  1536	  1555 : 0
  1552	  1567 : 0
  1564	  1575 : 1
  1572	  1611 : 0
  1608	  1619 : 1
  1616	  1679 : 0
  1676	  1683 : 0
  1680	  1691 : 0
  1688	  1695 : 0
  1692	  1699 : 0
  1696	  1707 : 1
  1704	  1791 : 0
  1788	  1795 : 0
  1792	  1799 : 0
  1796	  1807 : 0
  1804	  1819 : 0
  1816	  1835 : 1
  1832	  1843 : 0
  1840	  1859 : 1
  1856	  1871 : 0
  1868	  1875 : 0
  1872	  1879 : 0
  1876	  1891 : 0
  1888	  1899 : 0
  1896	  1903 : 0
  1900	  1907 : 0
  1904	  1911 : 1
  1908	  1987 : 0
  1984	  1995 : 0
  1992	  2031 : 0
  2028	  2047 : 0
  2044	  2059 : 0
  2056	  2067 : 0
  2064	  2079 : 0
  2076	  2095 : 0
  2092	  2099 : 0
  2096	  2119 : 0
  2116	  2123 : 0
  2120	  2127 : 1
  2124	  2291 : 0
  2288	  2295 : 1
  2292	  2323 : 0
  2320	  2343 : 0
  2340	  2359 : 0
  2356	  2423 : 0
  2420	  2455 : 0
  2452	  2475 : 0
  2472	  2495 : 0
  2492	  2603 : 0
  2600	  2607 : 0
  2604	  2639 : 0
  2636	  2671 : 0
  2668	  2695 : 0
  2692	  2707 : 0
  2704	  2719 : 0
  2716	  2739 : 0
  2736	  2747 : 0
  2744	  2803 : 0
  2800	  2855 : 1
  2852	  2891 : 0
  2888	  2899 : 1
  2896	  2911 : 0
  2908	  2919 : 1
  2916	  2927 : 0
  2924	  2955 : 1
  2952	  2971 : 0
  2968	  2975 : 0
  2972	  2983 : 0
  2980	  2991 : 1
  2988	  2995 : 0
  2992	  3007 : 0
  3004	  3043 : 0
  3040	  3087 : 1
  3084	  3115 : 0
  3112	  3119 : 1
  3116	  3127 : 0
  3124	  3135 : 0
  3132	  3143 : 0
  3140	  3147 : 1
  3144	  3151 : 0
  3148	  3159 : 0
  3156	  3191 : 0
  3188	  3199 : 1
  3196	  3211 : 0
  3208	  3239 : 1
  3236	  3251 : 0
  3248	  3271 : 0
  3268	  3291 : 0
  3288	  3299 : 0
  3296	  3303 : 0
  3300	  3307 : 1
  3304	  3323 : 0
  3320	  3331 : 1
  3328	  3359 : 0
  3356	  3367 : 1
  3364	  3371 : 0
  3368	  3379 : 0
  3376	  3383 : 0
  3380	  3387 : 0
  3384	  3399 : 0
  3396	  3403 : 1
  3400	  3415 : 0
  3412	  3443 : 1
  3440	  3455 : 0
  3452	  3463 : 1
  3460	  3467 : 0
  3464	  3479 : 0
  3476	  3495 : 0
  3492	  3499 : 0
  3496	  3531 : 0
  3528	  3535 : 0
  3532	  3539 : 0
  3536	  3555 : 0
  3552	  3567 : 0
  3564	  3679 : 1
  3676	  3683 : 0
  3680	  3711 : 1
  3708	  3719 : 0
  3716	  3771 : 0
  3768	  3775 : 0
  3772	  3783 : 1
  3780	  3791 : 0
  3788	  3859 : 1
  3856	  3863 : 0
  3860	  3903 : 0
  3900	  3919 : 0
  3916	  3931 : 0
  3928	  3935 : 0
  3932	  3939 : 1
  3936	  3951 : 0
  3948	  3959 : 0
  3956	  3963 : 0
  3960	  3967 : 1
  3964	  3971 : 0
  3968	  3975 : 0
  3972	  3991 : 0
  3988	  4003 : 0
  4000	  4019 : 0
  4016	  4039 : 0
  4036	  4051 : 0
  4048	  4063 : 0
  4060	  4067 : 0
  4064	  4139 : 0
  4136	  4155 : 0
  4152	  4163 : 1
  4160	  4167 : 0
  4164	  4171 : 1
  4168	  4179 : 0
  4176	  4183 : 0
  4180	  4195 : 0
  4192	  4203 : 0
  4200	  4207 : 0
  4204	  4211 : 0
  4208	  4219 : 0
  4216	  4263 : 1
  4260	  4287 : 0
  4284	  4291 : 0
  4288	  4295 : 0
  4292	  4303 : 1
  4300	  4311 : 0
  4308	  4315 : 0
  4312	  4343 : 0
  4340	  4399 : 0
  4396	  4403 : 0
  4400	  4415 : 1
  4412	  4419 : 0
  4416	  4507 : 0
  4504	  4523 : 0
  4520	  4547 : 1
  4544	  4555 : 0
  4552	  4559 : 0
  4556	  4579 : 0
  4576	  4591 : 1
  4588	  4599 : 0
  4596	  4607 : 0
  4604	  4619 : 0
  4616	  4623 : 1
  4620	  4631 : 0
  4628	  4635 : 0
  4632	  4643 : 0
  4640	  4671 : 0
  4668	  4675 : 0
  4672	  4711 : 1
  4708	  4727 : 0
  4724	  4735 : 1
  4732	  4755 : 0
  4752	  4811 : 1
  4808	  4839 : 0
  4836	  4843 : 1
  4840	  4847 : 2
  4844	  4867 : 0
  4864	  4887 : 0
  4884	  4903 : 0
  4900	  4907 : 0
  4904	  4939 : 0
  4936	  4943 : 0
  4940	  4947 : 0
  4944	  4951 : 0
  4948	  4955 : 0
  4952	  4967 : 0
  4964	  5047 : 1
  5044	  5151 : 0
  5148	  5351 : 0
