     0	    43 : 0
    40	    63 : 0
    60	   147 : 0
   144	   271 : 0
   268	   283 : 0
   280	   295 : 0
   292	   439 : 1
   436	   443 : 0
   440	   579 : 0
   576	   587 : 0
   584	   687 : 0
   684	   695 : 0
   692	   871 : 0
   868	   879 : 0
   876	   891 : 0
   888	   927 : 0
   924	   935 : 0
   932	   939 : 0
   936	   955 : 0
   952	   963 : 0
   960	   971 : 0
   968	   979 : 0
   976	   987 : 0
   984	   995 : 0
   992	  1011 : 0
  1008	  1171 : 0
  1168	  1187 : 1
  1184	  1223 : 0
  1220	  1227 : 0
  1224	  1235 : 0
  1232	  1251 : 0
  1248	  1263 : 0
  1260	  1323 : 0
  1320	  1335 : 0
  1332	  1407 : 0
  1404	  1447 : 0
  1444	  1587 : 1
  1584	  1591 : 0
  1588	  1619 : 1
  1616	  1663 : 0
  1660	  1667 : 1
  1664	  1679 : 0
  1676	  1683 : 0
  1680	  1759 : 0
  1756	  1783 : 0
  1780	  1787 : 0
  1784	  1791 : 1
  1788	  1903 : 0
  1900	  1959 : 1
  1956	  1963 : 0
  1960	  1975 : 0
  1972	  1979 : 0
  1976	  2063 : 0
  2060	  2067 : 0
  2064	  2071 : 0
  2068	  2083 : 0
  2080	  2091 : 0
  2088	  2095 : 0
  2092	  2099 : 0
  2096	  2131 : 0
  2128	  2395 : 0
  2392	  2435 : 0
  2432	  2451 : 0
  2448	  2471 : 0
  2468	  2515 : 0
  2512	  2523 : 0
  2520	  2527 : 0
  2524	  2531 : 0
  2528	  2555 : 0
  2552	  2559 : 0
  2556	  2599 : 0
  2596	  2615 : 0
  2612	  2659 : 0
  2656	  2759 : 0
  2756	  2763 : 0
  2760	  2815 : 0
  2812	  2827 : 0
  2824	  2855 : 0
  2852	  2863 : 1
  2860	  2867 : 0
  2864	  2883 : 0
  2880	  2887 : 0
  2884	  2903 : 0
  2900	  2907 : 0
  2904	  2919 : 0
  2916	  2951 : 0
  2948	  2955 : 0
  2952	  2999 : 0
  2996	  3011 : 0
  3008	  3039 : 0
  3036	  3043 : 0
  3040	  3047 : 0
  3044	  3055 : 0
  3052	  3071 : 0
  3068	  3095 : 0
  3092	  3191 : 0
  3188	  3203 : 0
  3200	  3207 : 0
  3204	  3219 : 0
  3216	  3331 : 0
  3328	  3527 : 1
  3524	  3531 : 0
  3528	  3551 : 0
  3548	  3575 : 0
  3572	  3587 : 0
  3584	  3647 : 0
  3644	  3663 : 0
  3660	  3707 : 0
  3704	  3711 : 0
  3708	  3723 : 0
  3720	  3751 : 0
  3748	  3763 : 0
  3760	  3807 : 0
  3804	  3811 : 0
  3808	  3843 : 1
  3840	  3915 : 0
  3912	  3923 : 1
  3920	  3935 : 0
  3932	  3951 : 0
  3948	  3959 : 0
  3956	  3999 : 0
  3996	  4007 : 0
  4004	  4011 : 0
  4008	  4023 : 0
  4020	  4063 : 0
  4060	  4103 : 0
  4100	  4119 : 1
  4116	  4143 : 0
  4140	  4195 : 0
  4192	  4203 : 0
  4200	  4267 : 0
  4264	  4319 : 0
  4316	  4323 : 0
  4320	  4335 : 0
  4332	  4339 : 1
  4336	  4343 : 0
  4340	  4435 : 0
  4432	  4499 : 0
  4496	  4727 : 0
  4724	  4731 : 0
  4728	  4759 : 1
  4756	  4771 : 0
  4768	  4863 : 0
  4860	  4875 : 0
  4872	  4895 : 0
  4892	  4907 : 0
  4904	  4931 : 0
  4928	  4935 : 0
  4932	  4943 : 0
  4940	  4951 : 0
  4948	  4955 : 0
  4952	  5019 : 0
  5016	  5027 : 0
  5024	  5039 : 0
  5036	  5051 : 0
  5048	  5071 : 0
  5068	  5115 : 0
  5112	  5127 : 0
  5124	  5139 : 0
  5136	  5143 : 0
  5140	  5147 : 0
  5144	  5151 : 0
  5148	  5195 : 0
  5192	  5207 : 0
  5204	  5211 : 0
  5208	  5223 : 0
  5220	  5231 : 0
  5228	  5239 : 0
  5236	  5247 : 0
  5244	  5251 : 0
  5248	  5267 : 0
  5264	  5275 : 0
  5272	  5291 : 0
  5288	  5295 : 0
  5292	  5307 : 0
  5304	  5327 : 0
  5324	  5331 : 0
  5328	  5335 : 0
  5332	  5339 : 0
  5336	  5395 : 0
  5392	  5467 : 0
  5464	  5491 : 0
  5488	  5527 : 0
  5524	  5543 : 0
  5540	  5551 : 0
  5548	  5555 : 0
  5552	  5559 : 1
  5556	  5563 : 0
  5560	  5567 : 0
  5564	  5575 : 0
  5572	  5579 : 0
  5576	  5587 : 0
  5584	  5615 : 0
  5612	  5619 : 0
  5616	  5631 : 0
  5628	  5635 : 0
  5632	  5655 : 0
  5652	  5683 : 0
  5680	  5691 : 0
  5688	  5703 : 0
  5700	  5707 : 0
  5704	  5727 : 0
  5724	  5739 : 0
  5736	  5751 : 0
  5748	  5815 : 0
  5812	  5863 : 0
  5860	  5891 : 0
  5888	  5895 : 0
  5892	  5899 : 0
  5896	  5903 : 0
  5900	  5963 : 0
  5960	  5991 : 0
  5988	  5995 : 0
  5992	  6007 : 0
  6004	  6011 : 0
  6008	  6019 : 0
  6016	  6027 : 1
  6024	  6031 : 0
  6028	  6051 : 0
  6048	  6063 : 0
  6060	  6071 : 1
  6068	  6075 : 0
  6072	  6119 : 0
  6116	  6131 : 0
  6128	  6163 : 0
  6160	  6179 : 0
  6176	  6183 : 0
  6180	  6187 : 0
  6184	  6195 : 0
  6192	  6223 : 0
  6220	  6227 : 0
  6224	  6251 : 0
  6248	  6315 : 0
  6312	  6323 : 0
  6320	  6335 : 0
  6332	  6347 : 0
  6344	  6407 : 0
  6404	  6411 : 0
  6408	  6467 : 0
  6464	  6471 : 0
  6468	  6475 : 1
  6472	  6483 : 0
  6480	  6507 : 0
  6504	  6527 : 0
  6524	  6535 : 0
  6532	  6551 : 0
  6548	  6559 : 0
  6556	  6599 : 0
  6596	  6635 : 0
  6632	  6639 : 0
  6636	  6803 : 0
  6800	  6811 : 0
  6808	  7179 : 0
  7176	  7191 : 0
  7188	  7203 : 0
  7200	  7243 : 0
  7240	  7271 : 0
  7268	  7291 : 0
  7288	  7295 : 0
  7292	  7319 : 0
  7316	  7327 : 0
  7324	  7363 : 0
  7360	  7367 : 0
  7364	  7387 : 0
  7384	  7391 : 0
  7388	  7399 : 0
  7396	  7411 : 0
  7408	  7447 : 0
  7444	  7455 : 0
  7452	  7471 : 0
  7468	  7523 : 0
  7520	  7531 : 0
  7528	  7563 : 0
  7560	  7571 : 0
  7568	  7579 : 0
  7576	  7583 : 0
  7580	  7611 : 0
  7608	  7639 : 0
  7636	  7643 : 0
  7640	  7663 : 0
  7660	  7679 : 0
  7676	  7695 : 0
  7692	  7703 : 0
  7700	  7707 : 0
  7704	  7719 : 0
  7716	  7775 : 0
  7772	  7787 : 0
  7784	  7803 : 0
  7800	  7807 : 0
  7804	  7811 : 0
  7808	  7879 : 0
  7876	  7883 : 0
  7880	  7899 : 0
  7896	  7911 : 0
  7908	  7947 : 0
  7944	  7955 : 0
  7952	  7991 : 0
  7988	  8031 : 0
  8028	  8055 : 0
  8052	  8059 : 0
  8056	  8067 : 0
  8064	  8071 : 0
  8068	  8155 : 0
  8152	  8159 : 0
  8156	  8179 : 0
  8176	  8183 : 0
  8180	  8191 : 0
  8188	  8195 : 0
  8192	  8203 : 0
  8200	  8239 : 0
  8236	  8259 : 0
  8256	  8291 : 0
  8288	  8295 : 0
  8292	  8299 : 0
  8296	  8303 : 0
  8300	  8307 : 0
  8304	  8315 : 0
  8312	  8319 : 0
  8316	  8323 : 0
  8320	  8331 : 0
  8328	  8347 : 1
  8344	  8355 : 0
  8352	  8375 : 0
  8372	  8383 : 0
  8380	  8387 : 0
  8384	  8391 : 0
  8388	  8395 : 0
  8392	  8431 : 0
  8428	  8451 : 0
  8448	  8515 : 0
  8512	  8543 : 0
  8540	  8575 : 0
  8572	  8587 : 0
  8584	  8591 : 0
  8588	  8599 : 0
  8596	  8647 : 0
  8644	  8679 : 0
  8676	  8703 : 0
  8700	  8715 : 0
  8712	  8743 : 0
  8740	  8787 : 0
  8784	  8803 : 0
  8800	  8815 : 0
  8812	  8819 : 0
  8816	  8831 : 0
  8828	  8835 : 0
  8832	  8883 : 0
  8880	  8887 : 0
  8884	  8915 : 1
  8912	  8923 : 0
  8920	  8935 : 0
  8932	  8971 : 0
  8968	  8979 : 1
  8976	  8983 : 0
  8980	  8987 : 0
  8984	  9019 : 0
  9016	  9027 : 1
  9024	  9031 : 0
  9028	  9151 : 0
  9148	  9155 : 0
  9152	  9175 : 1
  9172	  9219 : 0
  9216	  9223 : 0
  9220	  9263 : 0
  9260	  9387 : 1
  9384	  9419 : 0
  9416	  9443 : 0
  9440	  9447 : 0
  9444	  9455 : 0
  9452	  9563 : 0
  9560	  9579 : 0
  9576	  9591 : 0
  9588	  9603 : 0
  9600	  9639 : 0
  9636	  9651 : 0
  9648	  9659 : 0
  9656	  9667 : 0
  9664	  9703 : 0
  9700	  9719 : 0
  9716	  9747 : 0
  9744	  9791 : 0
  9788	 10019 : 0
 10016	 10039 : 0
 10036	 10071 : 0
 10068	 10079 : 0
 10076	 10087 : 0
 10084	 10095 : 0
 10092	 10099 : 0
 10096	 10135 : 0
 10132	 10143 : 0
 10140	 10163 : 0
 10160	 10167 : 0
 10164	 10179 : 1
 10176	 10187 : 0
 10184	 10219 : 0
 10216	 10227 : 0
 10224	 10231 : 0
 10228	 10235 : 0
 10232	 10239 : 0
 10236	 10275 : 0
 10272	 10283 : 0
 10280	 10291 : 0
 10288	 10315 : 0
 10312	 10387 : 0
 10384	 10415 : 0
 10412	 10419 : 0
 10416	 10443 : 0
 10440	 10447 : 0
 10444	 10455 : 1
 10452	 10467 : 0
 10464	 10487 : 0
 10484	 10511 : 0
 10508	 10519 : 0
 10516	 10527 : 0
 10524	 10567 : 0
 10564	 10711 : 0
 10708	 10723 : 0
 10720	 10783 : 0
 10780	 10791 : 0
 10788	 10815 : 0
 10812	 10851 : 0
 10848	 10859 : 0
 10856	 11239 : 0
 11236	 11331 : 0
 11328	 11343 : 0
 11340	 11355 : 0
 11352	 11359 : 0
 11356	 11399 : 0
 11396	 11427 : 0
 11424	 11435 : 0
 11432	 11471 : 0
 11468	 11499 : 0
 11496	 11739 : 0
 11736	 11759 : 0
 11756	 11783 : 0
 11780	 11795 : 0
 11792	 11815 : 0
 11812	 11823 : 0
 11820	 11899 : 0
 11896	 11919 : 0
 11916	 11923 : 0
 11920	 12063 : 0
 12060	 12067 : 0
 12064	 12207 : 0
 12204	 12211 : 0
 12208	 12287 : 0
 12284	 12299 : 0
 12296	 12371 : 0
 12368	 12379 : 0
 12376	 12415 : 0
 12412	 12423 : 0
 12420	 12443 : 0
 12440	 12459 : 0
 12456	 12475 : 0
 12472	 12483 : 0
 12480	 12603 : 0
 12600	 12611 : 0
 12608	 12747 : 0
 12744	 12751 : 0
 12748	 12775 : 0
 12772	 12823 : 0
