     0	   135 : 0
   132	   143 : 0
   140	   159 : 0
   156	   163 : 0
   160	   559 : 0
   556	  1659 : 0
  1656	  1679 : 1
  1676	  1919 : 0
  1916	  1923 : 0
  1920	  1967 : 0
  1964	  2007 : 0
  2004	  2023 : 0
  2020	  2095 : 0
  2092	  2135 : 0
  2132	  2143 : 0
  2140	  2191 : 0
  2188	  2215 : 0
  2212	  2355 : 0
  2352	  2391 : 0
  2388	  2399 : 0
  2396	  2403 : 0
  2400	  2407 : 0
  2404	  2423 : 0
  2420	  2527 : 0
  2524	  2759 : 0
  2756	  2887 : 0
  2884	  2947 : 0
  2944	  3035 : 0
  3032	  3043 : 0
  3040	  3091 : 0
  3088	  3095 : 1
  3092	  3179 : 0
  3176	  3191 : 0
  3188	  3271 : 0
  3268	  3295 : 0
  3292	  3367 : 0
  3364	  3383 : 0
  3380	  3387 : 0
  3384	  3447 : 0
  3444	  3599 : 0
  3596	  3603 : 0
  3600	  3703 : 0
  3700	  3711 : 1
  3708	  3783 : 0
  3780	  3787 : 1
  3784	  3875 : 0
  3872	  3879 : 1
  3876	  3975 : 0
  3972	  4095 : 1
  4092	  4119 : 0
  4116	  4155 : 0
  4152	  4171 : 0
  4168	  4179 : 0
  4176	  4347 : 0
  4344	  4355 : 1
  4352	  4599 : 0
  4596	  4635 : 1
  4632	  4639 : 0
  4636	  4711 : 0
  4708	  4719 : 0
  4716	  4731 : 0
  4728	  4747 : 0
  4744	  4751 : 2
  4748	  4791 : 0
  4788	  4799 : 0
  4796	  4803 : 0
  4800	  4819 : 0
  4816	  4827 : 0
  4824	  4835 : 0
  4832	  4867 : 0
  4864	  4971 : 0
  4968	  4987 : 0
  4984	  5031 : 0
  5028	  5039 : 0
  5036	  5063 : 0
  5060	  5075 : 0
  5072	  5087 : 0
  5084	  5135 : 0
  5132	  5175 : 0
  5172	  5195 : 0
  5192	  5215 : 0
  5212	  5219 : 0
  5216	  5231 : 0
  5228	  5383 : 0
  5380	  5415 : 0
  5412	  5539 : 0
  5536	  5555 : 0
  5552	  5591 : 0
  5588	  5683 : 0
  5680	  5691 : 1
  5688	  5775 : 0
  5772	  5787 : 0
  5784	  5791 : 0
  5788	  5799 : 1
  5796	  5887 : 0
  5884	  5907 : 0
  5904	  5999 : 0
  5996	  6043 : 1
  6040	  6059 : 0
  6056	  6143 : 0
  6140	  6151 : 0
  6148	  6163 : 0
  6160	  6195 : 0
  6192	  6207 : 1
  6204	  6215 : 0
  6212	  6475 : 0
  6472	  6491 : 0
  6488	  6503 : 0
  6500	  6519 : 0
  6516	  6531 : 0
  6528	  6711 : 0
  6708	  6723 : 0
  6720	  6787 : 0
  6784	  6815 : 0
  6812	  6819 : 0
  6816	  6839 : 0
  6836	  6847 : 0
  6844	  6859 : 0
  6856	  6879 : 0
  6876	  6883 : 0
  6880	  6891 : 0
  6888	  6899 : 0
  6896	  6967 : 0
  6964	  7023 : 0
  7020	  7067 : 0
  7064	  7239 : 0
  7236	  7279 : 0
  7276	  7295 : 0
  7292	  7299 : 0
  7296	  7303 : 0
  7300	  7319 : 0
  7316	  7339 : 0
  7336	  7351 : 0
  7348	  7363 : 0
  7360	  7399 : 0
  7396	  7451 : 1
  7448	  7463 : 0
  7460	  7475 : 0
  7472	  7479 : 0
  7476	  7491 : 0
  7488	  7531 : 0
  7528	  7543 : 0
  7540	  7559 : 0
  7556	  7567 : 0
  7564	  7607 : 0
  7604	  7615 : 0
  7612	  7635 : 0
  7632	  7643 : 1
  7640	  7899 : 0
  7896	  7959 : 0
  7956	  7967 : 0
  7964	  7983 : 0
  7980	  8087 : 0
  8084	  8091 : 1
  8088	  8203 : 0
  8200	  8207 : 1
  8204	  8223 : 0
  8220	  8247 : 0
  8244	  8251 : 0
  8248	  8259 : 0
  8256	  8263 : 0
  8260	  8271 : 0
  8268	  8307 : 0
  8304	  8319 : 0
  8316	  8383 : 0
  8380	  8391 : 1
  8388	  8399 : 0
  8396	  8411 : 0
  8408	  8511 : 0
  8508	  8603 : 0
  8600	  8611 : 0
  8608	  8619 : 0
  8616	  8623 : 0
  8620	  8627 : 0
  8624	  8727 : 0
  8724	  8739 : 1
  8736	  8747 : 0
  8744	  8751 : 0
  8748	  8775 : 0
  8772	  8799 : 0
  8796	  8827 : 0
  8824	  8851 : 0
  8848	  8951 : 0
  8948	  9039 : 1
  9036	  9163 : 0
  9160	  9175 : 0
  9172	  9191 : 0
  9188	  9195 : 1
  9192	  9255 : 0
  9252	  9287 : 0
  9284	  9387 : 0
  9384	  9491 : 0
  9488	  9499 : 0
  9496	  9503 : 0
  9500	  9767 : 0
  9764	  9775 : 1
  9772	  9835 : 0
  9832	  9875 : 0
  9872	  9975 : 0
  9972	  9983 : 1
  9980	 10043 : 0
 10040	 10051 : 0
 10048	 10179 : 0
 10176	 10203 : 0
 10200	 10219 : 0
 10216	 10243 : 0
 10240	 10347 : 0
 10344	 10487 : 0
 10484	 10523 : 0
 10520	 10587 : 0
 10584	 10623 : 0
 10620	 10691 : 0
 10688	 10727 : 0
 10724	 10735 : 0
 10732	 10747 : 0
 10744	 10763 : 0
 10760	 10767 : 0
 10764	 10791 : 0
 10788	 10815 : 0
 10812	 10983 : 0
 10980	 11319 : 0
 11316	 11327 : 0
 11324	 11339 : 0
 11336	 11355 : 0
 11352	 11383 : 0
 11380	 11439 : 0
 11436	 11451 : 0
 11448	 11459 : 0
 11456	 11475 : 0
 11472	 11483 : 0
 11480	 11491 : 0
 11488	 11499 : 0
 11496	 11507 : 0
 11504	 11579 : 0
 11576	 11619 : 0
 11616	 11747 : 0
 11744	 11751 : 0
 11748	 11771 : 0
 11768	 11799 : 0
 11796	 11815 : 0
 11812	 11863 : 0
 11860	 11911 : 0
