     0	   299 : 0
   296	   359 : 0
   356	   367 : 1
   364	   391 : 0
   388	   399 : 1
   396	   411 : 0
   408	   427 : 0
   424	   451 : 0
   448	   459 : 1
   456	   515 : 0
   512	   543 : 1
   540	   547 : 0
   544	   583 : 1
   580	   619 : 0
   616	   627 : 1
   624	   635 : 0
   632	   683 : 0
   680	   695 : 0
   692	   719 : 0
   716	   723 : 0
   720	   727 : 0
   724	   731 : 0
   728	   759 : 1
   756	   775 : 0
   772	   779 : 0
   776	   787 : 0
   784	   791 : 0
   788	   795 : 0
   792	   855 : 0
   852	   859 : 0
   856	   891 : 1
   888	   895 : 0
   892	   903 : 1
   900	   907 : 0
   904	   911 : 0
   908	   915 : 0
   912	   927 : 0
   924	   947 : 0
   944	   959 : 0
   956	   963 : 0
   960	   975 : 1
   972	   987 : 0
   984	  1011 : 1
  1008	  1019 : 0
  1016	  1031 : 0
  1028	  1039 : 0
  1036	  1043 : 0
  1040	  1047 : 0
  1044	  1059 : 0
  1056	  1083 : 0
  1080	  1131 : 0
  1128	  1135 : 0
  1132	  1163 : 0
  1160	  1167 : 0
  1164	  1211 : 1
  1208	  1215 : 0
  1212	  1239 : 1
  1236	  1255 : 0
  1252	  1263 : 0
  1260	  1267 : 0
  1264	  1287 : 0
  1284	  1291 : 0
  1288	  1307 : 1
  1304	  1331 : 0
  1328	  1347 : 0
  1344	  1371 : 0
  1368	  1375 : 0
  1372	  1391 : 0
  1388	  1427 : 1
  1424	  1435 : 0
  1432	  1451 : 0
  1448	  1455 : 0
  1452	  1463 : 1
  1460	  1467 : 0
  1464	  1499 : 1
  1496	  1535 : 0
  1532	  1547 : 1
  1544	  1611 : 0
  1608	  1619 : 0
  1616	  1651 : 0
  1648	  1663 : 0
  1660	  1691 : 0
  1688	  1699 : 0
  1696	  1751 : 0
  1748	  1755 : 0
  1752	  1787 : 0
  1784	  1791 : 1
  1788	  1915 : 0
  1912	  1923 : 1
  1920	  1935 : 0
  1932	  1939 : 0
  1936	  1943 : 0
  1940	  2079 : 0
  2076	  2083 : 0
  2080	  2095 : 1
  2092	  2099 : 0
  2096	  2103 : 0
  2100	  2107 : 0
  2104	  2123 : 0
  2120	  2179 : 0
  2176	  2187 : 0
  2184	  2195 : 0
  2192	  2199 : 0
  2196	  2219 : 0
  2216	  2227 : 0
  2224	  2239 : 0
  2236	  2259 : 1
  2256	  2291 : 0
  2288	  2307 : 0
  2304	  2363 : 0
  2360	  2387 : 0
  2384	  2399 : 0
  2396	  2411 : 0
  2408	  2619 : 0
  2616	  2635 : 0
  2632	  2659 : 0
  2656	  2663 : 0
  2660	  2667 : 0
  2664	  2671 : 0
  2668	  2679 : 0
  2676	  2691 : 1
  2688	  2703 : 0
  2700	  2731 : 0
  2728	  2735 : 0
  2732	  2751 : 0
  2748	  2799 : 0
  2796	  2803 : 1
  2800	  2811 : 0
  2808	  2835 : 0
  2832	  2859 : 0
  2856	  2895 : 0
  2892	  2939 : 0
  2936	  2943 : 0
  2940	  2955 : 0
  2952	  2995 : 1
  2992	  3003 : 0
  3000	  3015 : 0
  3012	  3071 : 0
  3068	  3175 : 1
  3172	  3223 : 0
  3220	  3251 : 0
  3248	  3279 : 0
  3276	  3295 : 0
  3292	  3299 : 0
  3296	  3303 : 1
  3300	  3307 : 2
  3304	  3315 : 0
  3312	  3319 : 0
  3316	  3343 : 0
  3340	  3355 : 0
  3352	  3359 : 0
  3356	  3423 : 0
  3420	  3463 : 0
  3460	  3479 : 0
  3476	  3483 : 0
  3480	  3487 : 0
  3484	  3491 : 0
  3488	  3495 : 0
  3492	  3507 : 0
  3504	  3575 : 0
  3572	  3611 : 0
  3608	  3651 : 0
  3648	  3659 : 1
  3656	  3671 : 0
  3668	  3675 : 0
  3672	  3687 : 0
  3684	  3695 : 0
  3692	  3699 : 0
  3696	  3715 : 0
  3712	  3727 : 0
  3724	  3731 : 0
  3728	  3755 : 0
  3752	  3759 : 0
  3756	  3771 : 0
  3768	  3779 : 1
  3776	  3803 : 0
  3800	  3839 : 0
  3836	  3843 : 0
  3840	  3867 : 0
  3864	  3871 : 0
  3868	  3923 : 0
  3920	  3951 : 0
  3948	  4023 : 0
  4020	  4027 : 0
  4024	  4031 : 0
  4028	  4051 : 0
  4048	  4087 : 0
  4084	  4099 : 0
  4096	  4111 : 0
  4108	  4131 : 0
  4128	  4139 : 1
  4136	  4283 : 0
  4280	  4287 : 0
  4284	  4295 : 0
  4292	  4303 : 0
  4300	  4307 : 0
  4304	  4315 : 1
  4312	  4423 : 0
  4420	  4627 : 0
  4624	  4643 : 0
  4640	  4915 : 0
  4912	  4987 : 0
  4984	  4995 : 0
  4992	  5079 : 0
  5076	  5087 : 1
  5084	  5091 : 0
  5088	  5107 : 0
  5104	  5111 : 0
  5108	  5147 : 0
  5144	  5151 : 0
  5148	  5163 : 1
  5160	  5175 : 0
  5172	  5179 : 0
  5176	  5183 : 0
  5180	  5211 : 0
  5208	  5219 : 0
  5216	  5223 : 0
  5220	  5247 : 0
  5244	  5255 : 1
  5252	  5311 : 0
  5308	  5319 : 1
  5316	  5363 : 0
  5360	  5371 : 1
  5368	  5487 : 0
  5484	  5503 : 1
  5500	  5507 : 0
  5504	  5523 : 0
  5520	  5555 : 0
  5552	  5591 : 1
  5588	  5611 : 0
  5608	  5731 : 0
  5728	  5735 : 0
  5732	  5739 : 0
  5736	  5751 : 0
  5748	  5783 : 0
  5780	  5787 : 0
  5784	  5843 : 0
  5840	  5847 : 0
  5844	  5887 : 0
  5884	  5903 : 0
  5900	  5915 : 0
  5912	  5959 : 0
  5956	  5963 : 0
  5960	  5971 : 0
  5968	  5991 : 0
  5988	  5999 : 0
  5996	  6019 : 0
  6016	  6039 : 0
  6036	  6103 : 0
  6100	  6107 : 0
  6104	  6111 : 0
  6108	  6139 : 0
  6136	  6307 : 0
