     0	    71 : 0
    68	    99 : 0
    96	   175 : 0
   172	   207 : 1
   204	   235 : 0
   232	   295 : 0
   292	   299 : 0
   296	   303 : 0
   300	   319 : 0
   316	   351 : 0
   348	   355 : 0
   352	   463 : 0
   460	   467 : 0
   464	   623 : 0
   620	   655 : 0
   652	   659 : 0
   656	   671 : 0
   668	   679 : 0
   676	   727 : 0
   724	   731 : 0
   728	   743 : 0
   740	   755 : 0
   752	   763 : 0
   760	   767 : 0
   764	   771 : 0
   768	   795 : 0
   792	   799 : 0
   796	   803 : 0
   800	   823 : 0
   820	   883 : 0
   880	   887 : 0
   884	   911 : 0
   908	   919 : 0
   916	   927 : 0
   924	   931 : 0
   928	  1039 : 0
  1036	  1043 : 0
  1040	  1207 : 0
  1204	  1215 : 0
  1212	  1235 : 0
  1232	  1239 : 0
  1236	  1263 : 0
  1260	  1267 : 0
  1264	  1315 : 0
  1312	  1319 : 0
  1316	  1335 : 0
  1332	  1347 : 0
  1344	  1375 : 0
  1372	  1379 : 0
  1376	  1411 : 0
  1408	  1415 : 0
  1412	  1463 : 0
  1460	  1467 : 0
  1464	  1475 : 1
  1472	  1487 : 0
  1484	  1499 : 0
  1496	  1503 : 0
  1500	  1535 : 1
  1532	  1559 : 0
  1556	  1571 : 0
  1568	  1575 : 0
  1572	  1607 : 0
  1604	  1611 : 0
  1608	  1655 : 0
  1652	  1659 : 0
  1656	  1671 : 0
  1668	  1679 : 0
  1676	  1771 : 0
  1768	  1775 : 0
  1772	  1783 : 0
  1780	  1787 : 0
  1784	  1791 : 0
  1788	  1839 : 0
  1836	  1871 : 0
  1868	  1879 : 0
  1876	  1891 : 0
  1888	  1895 : 0
  1892	  1903 : 0
  1900	  1911 : 0
  1908	  1919 : 0
  1916	  1927 : 0
  1924	  1959 : 0
  1956	  1963 : 0
  1960	  1975 : 0
  1972	  1983 : 0
  1980	  1987 : 0
  1984	  2027 : 0
  2024	  2079 : 1
  2076	  2083 : 0
  2080	  2199 : 0
  2196	  2207 : 0
  2204	  2227 : 0
  2224	  2279 : 0
  2276	  2307 : 0
  2304	  2315 : 0
  2312	  2331 : 0
  2328	  2335 : 0
  2332	  2383 : 0
  2380	  2391 : 0
  2388	  2411 : 0
  2408	  2427 : 0
  2424	  2463 : 0
  2460	  2467 : 0
  2464	  2499 : 0
  2496	  2531 : 0
  2528	  2555 : 0
  2552	  2567 : 0
  2564	  2587 : 0
  2584	  2607 : 0
  2604	  2611 : 0
  2608	  2623 : 0
  2620	  2627 : 0
  2624	  2635 : 0
  2632	  2643 : 0
  2640	  2675 : 0
  2672	  2679 : 0
  2676	  2683 : 0
  2680	  2695 : 0
  2692	  2699 : 0
  2696	  2703 : 0
  2700	  2715 : 0
  2712	  2727 : 0
  2724	  2731 : 0
  2728	  2735 : 0
  2732	  2739 : 0
  2736	  2747 : 0
  2744	  2751 : 0
  2748	  2759 : 0
  2756	  2911 : 0
  2908	  2919 : 0
  2916	  2943 : 0
  2940	  2955 : 0
  2952	  2967 : 0
  2964	  2979 : 0
  2976	  3051 : 0
  3048	  3059 : 1
  3056	  3087 : 0
  3084	  3099 : 1
  3096	  3115 : 0
  3112	  3127 : 1
  3124	  3131 : 0
  3128	  3151 : 0
  3148	  3159 : 0
  3156	  3163 : 0
  3160	  3191 : 0
  3188	  3203 : 1
  3200	  3279 : 0
  3276	  3283 : 0
  3280	  3335 : 0
  3332	  3339 : 0
  3336	  3363 : 0
  3360	  3467 : 0
  3464	  3471 : 0
  3468	  3487 : 0
  3484	  3531 : 0
  3528	  3535 : 0
  3532	  3543 : 0
  3540	  3551 : 0
  3548	  3595 : 0
  3592	  3599 : 0
  3596	  3623 : 0
  3620	  3647 : 0
  3644	  3707 : 0
  3704	  3731 : 0
  3728	  3751 : 0
  3748	  3767 : 0
  3764	  3771 : 0
  3768	  3779 : 0
  3776	  3803 : 0
  3800	  3811 : 1
  3808	  3879 : 0
  3876	  3887 : 1
  3884	  3895 : 0
  3892	  3899 : 0
  3896	  3903 : 0
  3900	  3911 : 1
  3908	  3919 : 0
  3916	  3931 : 1
  3928	  3943 : 0
  3940	  3955 : 1
  3952	  3967 : 0
  3964	  3975 : 0
  3972	  4015 : 0
  4012	  4019 : 0
  4016	  4059 : 0
  4056	  4099 : 1
  4096	  4103 : 2
  4100	  4111 : 0
  4108	  4139 : 0
  4136	  4143 : 0
  4140	  4155 : 0
  4152	  4171 : 0
  4168	  4175 : 0
  4172	  4179 : 0
  4176	  4183 : 2
  4180	  4191 : 0
  4188	  4195 : 0
  4192	  4211 : 0
  4208	  4215 : 0
  4212	  4219 : 1
  4216	  4235 : 0
  4232	  4239 : 1
  4236	  4267 : 0
  4264	  4311 : 0
  4308	  4339 : 0
  4336	  4351 : 0
  4348	  4355 : 0
  4352	  4383 : 0
  4380	  4395 : 0
  4392	  4399 : 0
  4396	  4403 : 0
  4400	  4411 : 1
  4408	  4423 : 0
  4420	  4431 : 1
  4428	  4435 : 0
  4432	  4439 : 0
  4436	  4443 : 0
  4440	  4451 : 1
  4448	  4459 : 0
  4456	  4475 : 0
  4472	  4483 : 0
  4480	  4495 : 1
  4492	  4519 : 0
  4516	  4527 : 0
  4524	  4535 : 0
  4532	  4543 : 1
  4540	  4563 : 0
  4560	  4567 : 0
  4564	  4587 : 0
  4584	  4603 : 0
  4600	  4607 : 0
  4604	  4623 : 0
  4620	  4635 : 0
  4632	  4655 : 1
  4652	  4663 : 0
  4660	  4671 : 0
  4668	  4687 : 0
  4684	  4763 : 1
  4760	  4767 : 0
  4764	  4787 : 1
  4784	  4791 : 0
  4788	  4795 : 0
  4792	  4799 : 0
  4796	  4803 : 0
  4800	  4807 : 0
  4804	  4811 : 0
  4808	  4831 : 0
  4828	  4835 : 0
  4832	  4899 : 0
  4896	  4935 : 0
  4932	  4951 : 0
  4948	  4955 : 0
  4952	  5007 : 0
  5004	  5011 : 0
  5008	  5027 : 0
  5024	  5043 : 1
  5040	  5067 : 0
  5064	  5071 : 0
  5068	  5099 : 0
  5096	  5103 : 0
  5100	  5111 : 0
  5108	  5115 : 0
  5112	  5119 : 0
  5116	  5163 : 1
  5160	  5231 : 0
  5228	  5239 : 0
  5236	  5247 : 0
  5244	  5251 : 0
  5248	  5263 : 0
  5260	  5267 : 0
  5264	  5279 : 0
  5276	  5283 : 0
  5280	  5287 : 0
  5284	  5295 : 0
  5292	  5363 : 0
  5360	  5407 : 1
  5404	  5455 : 0
  5452	  5463 : 0
  5460	  5479 : 0
  5476	  5483 : 0
  5480	  5503 : 0
  5500	  5527 : 0
  5524	  5531 : 0
  5528	  5535 : 1
  5532	  5555 : 0
  5552	  5563 : 0
  5560	  5579 : 0
  5576	  5583 : 0
  5580	  5607 : 0
  5604	  5611 : 0
  5608	  5631 : 0
  5628	  5639 : 1
  5636	  5643 : 0
  5640	  5651 : 0
  5648	  5655 : 0
  5652	  5659 : 0
  5656	  5703 : 0
  5700	  5715 : 0
  5712	  5743 : 0
  5740	  5751 : 0
  5748	  5811 : 0
  5808	  5823 : 0
  5820	  6095 : 0
  6092	  6099 : 0
  6096	  6123 : 0
  6120	  6127 : 0
  6124	  6131 : 0
  6128	  6139 : 0
  6136	  6163 : 0
  6160	  6167 : 1
  6164	  6171 : 0
  6168	  6187 : 1
  6184	  6191 : 0
  6188	  6195 : 0
  6192	  6199 : 0
  6196	  6207 : 0
  6204	  6227 : 0
  6224	  6247 : 1
  6244	  6263 : 0
  6260	  6267 : 1
  6264	  6271 : 0
  6268	  6503 : 0
