     0	     7 : 1
     4	    27 : 0
    24	    31 : 0
    28	    43 : 0
    40	    67 : 0
    64	    71 : 0
    68	   115 : 0
   112	   127 : 0
   124	   139 : 0
   136	   143 : 0
   140	   167 : 0
   164	   175 : 0
   172	   179 : 0
   176	   255 : 0
   252	   259 : 0
   256	   455 : 0
   452	   459 : 0
   456	   463 : 0
   460	   467 : 0
   464	   471 : 0
   468	   483 : 0
   480	   503 : 0
   500	   535 : 0
   532	   555 : 0
   552	   559 : 0
   556	   587 : 0
   584	   635 : 0
   632	   643 : 0
   640	   687 : 0
   684	   695 : 0
   692	   703 : 0
   700	   767 : 0
   764	   771 : 0
   768	   795 : 0
   792	   859 : 0
   856	   867 : 0
   864	   879 : 0
   876	   887 : 0
   884	   927 : 0
   924	   947 : 0
   944	   951 : 0
   948	   955 : 0
   952	   971 : 0
   968	   975 : 0
   972	   995 : 0
   992	  1051 : 0
  1048	  1059 : 0
  1056	  1067 : 0
  1064	  1075 : 0
  1072	  1087 : 0
  1084	  1103 : 0
  1100	  1119 : 0
  1116	  1151 : 0
  1148	  1179 : 0
  1176	  1203 : 0
  1200	  1239 : 0
  1236	  1255 : 0
  1252	  1271 : 0
  1268	  1331 : 0
  1328	  1339 : 0
  1336	  1371 : 0
  1368	  1395 : 0
  1392	  1443 : 0
  1440	  1471 : 0
  1468	  1503 : 0
  1500	  1547 : 0
  1544	  1555 : 0
  1552	  1591 : 0
  1588	  1607 : 0
  1604	  1627 : 0
  1624	  1635 : 0
  1632	  1643 : 0
  1640	  1671 : 0
  1668	  1679 : 0
  1676	  1687 : 0
  1684	  1707 : 0
  1704	  1743 : 0
  1740	  1751 : 0
  1748	  1755 : 0
  1752	  1783 : 0
  1780	  1787 : 0
  1784	  1791 : 0
  1788	  1819 : 0
  1816	  1823 : 0
  1820	  1827 : 0
  1824	  1839 : 0
  1836	  1843 : 0
  1840	  1891 : 0
  1888	  1911 : 0
  1908	  1927 : 0
  1924	  1935 : 0
  1932	  1975 : 0
  1972	  1995 : 0
  1992	  1999 : 0
  1996	  2023 : 0
  2020	  2047 : 0
  2044	  2071 : 0
  2068	  2083 : 0
  2080	  2091 : 0
  2088	  2099 : 0
  2096	  2123 : 0
  2120	  2139 : 0
  2136	  2159 : 0
  2156	  2167 : 0
  2164	  2183 : 0
  2180	  2207 : 0
  2204	  2223 : 0
  2220	  2235 : 0
  2232	  2243 : 0
  2240	  2251 : 0
  2248	  2767 : 0
  2764	  2779 : 0
  2776	  2787 : 0
  2784	  2811 : 0
  2808	  2843 : 0
  2840	  2847 : 0
  2844	  2867 : 0
  2864	  2891 : 0
  2888	  2919 : 0
  2916	  2935 : 0
  2932	  2959 : 0
  2956	  2967 : 0
  2964	  2971 : 0
  2968	  3015 : 0
  3012	  3039 : 0
  3036	  3043 : 0
  3040	  3143 : 0
  3140	  3215 : 0
  3212	  3223 : 0
  3220	  3243 : 0
  3240	  3259 : 0
  3256	  3275 : 0
  3272	  3331 : 0
  3328	  3335 : 0
  3332	  3355 : 0
  3352	  3371 : 0
  3368	  3375 : 0
  3372	  3423 : 0
  3420	  3439 : 0
  3436	  3447 : 0
  3444	  3471 : 0
  3468	  3479 : 0
  3476	  3495 : 0
  3492	  3499 : 0
  3496	  3595 : 0
  3592	  3599 : 0
  3596	  3631 : 0
  3628	  3635 : 0
  3632	  3643 : 0
  3640	  3663 : 0
  3660	  3679 : 0
  3676	  3687 : 0
  3684	  3691 : 0
  3688	  3703 : 0
  3700	  3727 : 0
  3724	  3735 : 0
  3732	  3767 : 0
  3764	  3831 : 0
  3828	  3851 : 0
  3848	  3859 : 0
  3856	  3867 : 0
  3864	  3899 : 0
  3896	  3903 : 0
  3900	  3911 : 0
  3908	  3999 : 0
  3996	  4015 : 0
  4012	  4027 : 0
  4024	  4059 : 0
  4056	  4319 : 0
  4316	  4327 : 0
  4324	  4335 : 0
  4332	  4343 : 0
  4340	  4475 : 0
  4472	  4479 : 0
  4476	  4487 : 0
  4484	  4491 : 0
  4488	  4507 : 0
  4504	  4539 : 0
  4536	  4547 : 0
  4544	  4563 : 0
  4560	  4647 : 0
  4644	  4651 : 0
  4648	  4675 : 0
  4672	  4687 : 0
  4684	  4751 : 0
  4748	  4767 : 0
  4764	  4771 : 0
  4768	  4883 : 0
  4880	  4915 : 0
  4912	  5303 : 0
  5300	  5315 : 0
  5312	  5319 : 0
  5316	  5347 : 0
  5344	  5399 : 0
  5396	  5663 : 0
  5660	  5667 : 0
  5664	  5719 : 0
  5716	  5731 : 0
  5728	  5735 : 0
  5732	  5747 : 0
  5744	  5819 : 0
  5816	  5839 : 0
  5836	  5871 : 0
  5868	  5895 : 0
  5892	  5899 : 0
  5896	  5907 : 0
  5904	  5915 : 0
  5912	  5927 : 0
  5924	  5935 : 0
  5932	  5943 : 0
  5940	  5975 : 0
  5972	  6015 : 0
  6012	  6023 : 0
  6020	  6047 : 0
  6044	  6059 : 0
  6056	  6075 : 0
  6072	  6079 : 0
  6076	  6083 : 0
  6080	  6095 : 1
  6092	  6139 : 0
  6136	  6167 : 0
  6164	  6199 : 0
  6196	  6207 : 0
  6204	  6243 : 0
  6240	  6251 : 0
  6248	  6275 : 0
  6272	  6279 : 0
  6276	  6383 : 0
  6380	  6387 : 0
  6384	  7455 : 0
  7452	  7459 : 0
  7456	  7695 : 0
  7692	  7699 : 0
  7696	  8051 : 0
  8048	  8055 : 0
  8052	  8671 : 0
  8668	  8675 : 0
  8672	  8679 : 0
  8676	  8687 : 0
  8684	  8707 : 0
  8704	  8711 : 0
  8708	  8723 : 0
  8720	  8727 : 1
  8724	  9091 : 0
  9088	  9135 : 1
  9132	  9187 : 0
  9184	  9191 : 0
  9188	  9207 : 0
  9204	  9227 : 0
  9224	  9231 : 0
  9228	  9247 : 0
  9244	  9255 : 0
  9252	  9303 : 0
  9300	  9335 : 0
  9332	  9339 : 0
  9336	  9343 : 0
  9340	  9383 : 0
  9380	  9395 : 0
  9392	  9407 : 0
  9404	  9415 : 0
  9412	  9487 : 0
  9484	  9515 : 0
  9512	  9519 : 0
  9516	  9527 : 0
  9524	  9619 : 0
  9616	  9623 : 0
  9620	  9655 : 0
  9652	  9671 : 0
  9668	  9699 : 0
