     0	   651 : 0
   648	   659 : 0
   656	   675 : 0
   672	   787 : 0
   784	  1095 : 0
  1092	  1219 : 0
  1216	  1259 : 0
  1256	  1547 : 0
  1544	  1555 : 1
  1552	  1871 : 0
  1868	  2055 : 1
  2052	  2063 : 0
  2060	  2295 : 0
  2292	  2467 : 0
  2464	  2471 : 1
  2468	  2823 : 0
  2820	  2827 : 0
  2824	  2855 : 0
  2852	  3099 : 0
  3096	  3215 : 0
  3212	  3223 : 1
  3220	  3291 : 0
  3288	  3299 : 0
  3296	  3815 : 0
  3812	  3867 : 1
  3864	  4063 : 0
  4060	  4071 : 0
  4068	  4583 : 0
  4580	  4651 : 1
  4648	  4659 : 0
  4656	  4863 : 0
  4860	  4883 : 0
  4880	  4891 : 1
  4888	  4995 : 0
  4992	  5187 : 0
  5184	  5195 : 0
  5192	  5311 : 1
  5308	  5539 : 0
  5536	  5543 : 2
  5540	  5607 : 1
  5604	  5635 : 0
  5632	  5827 : 0
  5824	  5875 : 0
  5872	  5883 : 0
  5880	  5887 : 0
  5884	  5991 : 1
  5988	  6047 : 0
  6044	  6055 : 0
  6052	  6071 : 0
  6068	  6103 : 0
  6100	  6159 : 0
  6156	  6163 : 0
  6160	  6179 : 0
  6176	  6191 : 0
  6188	  6195 : 0
  6192	  6223 : 0
  6220	  6231 : 0
  6228	  6247 : 0
  6244	  6251 : 0
  6248	  6255 : 1
  6252	  6259 : 0
  6256	  6551 : 0
