     0	    11 : 1
     8	    35 : 0
    32	    43 : 1
    40	    55 : 0
    52	    59 : 1
    56	    71 : 0
    68	    87 : 1
    84	    95 : 0
    92	   115 : 0
   112	   143 : 0
   140	   151 : 1
   148	   203 : 0
   200	   207 : 1
   204	   223 : 0
   220	   231 : 1
   228	   251 : 0
   248	   263 : 1
   260	   271 : 0
   268	   303 : 1
   300	   307 : 0
   304	   315 : 1
   312	   431 : 0
   428	   471 : 1
   468	   503 : 0
   500	   511 : 1
   508	   527 : 0
   524	   535 : 0
   532	   539 : 0
   536	   543 : 1
   540	   547 : 2
   544	   571 : 0
   568	   575 : 0
   572	   611 : 0
   608	   635 : 0
   632	   643 : 1
   640	   679 : 0
   676	   687 : 1
   684	   695 : 0
   692	   715 : 0
   712	   719 : 0
   716	   723 : 0
   720	   727 : 0
   724	   739 : 0
   736	   787 : 0
   784	   799 : 1
   796	   803 : 0
   800	   815 : 0
   812	   839 : 0
   836	   843 : 0
   840	   851 : 0
   848	   855 : 1
   852	   871 : 0
   868	   879 : 1
   876	   899 : 0
   896	   907 : 1
   904	   923 : 0
   920	   935 : 0
   932	   939 : 2
   936	   971 : 0
   968	   979 : 1
   976	  1027 : 0
  1024	  1031 : 0
  1028	  1035 : 0
  1032	  1039 : 0
  1036	  1043 : 0
  1040	  1047 : 1
  1044	  1079 : 0
  1076	  1083 : 1
  1080	  1123 : 0
  1120	  1131 : 1
  1128	  1183 : 0
  1180	  1259 : 1
  1256	  1263 : 0
  1260	  1307 : 0
  1304	  1335 : 0
  1332	  1343 : 1
  1340	  1403 : 0
  1400	  1451 : 0
  1448	  1483 : 0
  1480	  1491 : 1
  1488	  1531 : 0
  1528	  1535 : 1
  1532	  1559 : 0
  1556	  1563 : 1
  1560	  1615 : 0
  1612	  1619 : 1
  1616	  1631 : 0
  1628	  1639 : 0
  1636	  1659 : 0
  1656	  1671 : 0
  1668	  1735 : 0
  1732	  1739 : 0
  1736	  1763 : 0
  1760	  1815 : 1
  1812	  1819 : 0
  1816	  1823 : 1
  1820	  1871 : 0
  1868	  1875 : 1
  1872	  1899 : 0
  1896	  1903 : 0
  1900	  1943 : 0
  1940	  1947 : 1
  1944	  1951 : 0
  1948	  2015 : 0
  2012	  2019 : 0
  2016	  2031 : 0
  2028	  2035 : 0
  2032	  2039 : 1
  2036	  2099 : 0
  2096	  2143 : 1
  2140	  2151 : 0
  2148	  2183 : 0
  2180	  2203 : 0
  2200	  2211 : 1
  2208	  2247 : 0
  2244	  2251 : 1
  2248	  2255 : 0
  2252	  2275 : 0
  2272	  2279 : 0
  2276	  2295 : 0
  2292	  2311 : 0
  2308	  2315 : 0
  2312	  2319 : 0
  2316	  2327 : 1
  2324	  2355 : 0
  2352	  2363 : 1
  2360	  2383 : 0
  2380	  2391 : 1
  2388	  2403 : 0
  2400	  2411 : 1
  2408	  2427 : 0
  2424	  2435 : 1
  2432	  2447 : 0
  2444	  2451 : 0
  2448	  2463 : 0
  2460	  2503 : 0
  2500	  2531 : 0
  2528	  2535 : 1
  2532	  2563 : 0
  2560	  2603 : 1
  2600	  2607 : 0
  2604	  2611 : 0
  2608	  2635 : 0
  2632	  2643 : 1
  2640	  2679 : 0
  2676	  2687 : 1
  2684	  2723 : 0
  2720	  2731 : 1
  2728	  2759 : 0
  2756	  2767 : 1
  2764	  2795 : 0
  2792	  2803 : 1
  2800	  2831 : 0
  2828	  2839 : 1
  2836	  2879 : 0
  2876	  2883 : 1
  2880	  2903 : 0
  2900	  2911 : 1
  2908	  2923 : 0
  2920	  2991 : 0
  2988	  3035 : 0
  3032	  3039 : 1
  3036	  3067 : 0
  3064	  3091 : 1
  3088	  3199 : 0
  3196	  3207 : 1
  3204	  3243 : 0
  3240	  3251 : 1
  3248	  3287 : 0
  3284	  3383 : 0
  3380	  3387 : 0
  3384	  3391 : 0
  3388	  3399 : 0
  3396	  3415 : 0
  3412	  3455 : 0
  3452	  3467 : 1
  3464	  3495 : 0
  3492	  3519 : 1
  3516	  3595 : 0
  3592	  3603 : 1
  3600	  3611 : 0
  3608	  3623 : 0
  3620	  3635 : 0
  3632	  3667 : 0
  3664	  3739 : 0
  3736	  3747 : 1
  3744	  3835 : 0
  3832	  3839 : 1
  3836	  3903 : 0
  3900	  3907 : 1
  3904	  3931 : 0
  3928	  3935 : 0
  3932	  3943 : 0
  3940	  3947 : 0
  3944	  3971 : 0
  3968	  3979 : 0
  3976	  4019 : 0
  4016	  4047 : 1
  4044	  4091 : 0
  4088	  4099 : 1
  4096	  4131 : 0
  4128	  4139 : 0
  4136	  4155 : 0
  4152	  4163 : 1
  4160	  4183 : 0
  4180	  4207 : 0
  4204	  4239 : 0
  4236	  4255 : 1
  4252	  4283 : 0
  4280	  4307 : 0
  4304	  4315 : 0
  4312	  4319 : 0
  4316	  4327 : 0
  4324	  4363 : 0
  4360	  4407 : 0
  4404	  4411 : 1
  4408	  4443 : 0
  4440	  4451 : 1
  4448	  4495 : 0
  4492	  4499 : 1
  4496	  4511 : 0
  4508	  4547 : 0
  4544	  4551 : 0
  4548	  4559 : 1
  4556	  4587 : 0
  4584	  4595 : 1
  4592	  4627 : 0
  4624	  4635 : 1
  4632	  4651 : 0
  4648	  4655 : 1
  4652	  4659 : 2
  4656	  4679 : 0
  4676	  4687 : 2
  4684	  4739 : 0
  4736	  4743 : 1
  4740	  4747 : 0
  4744	  4759 : 0
  4756	  4763 : 0
  4760	  4775 : 0
  4772	  4787 : 0
  4784	  4791 : 1
  4788	  4819 : 0
  4816	  4823 : 0
  4820	  4835 : 0
  4832	  4847 : 0
  4844	  4907 : 0
  4904	  4915 : 0
  4912	  4919 : 0
  4916	  4927 : 1
  4924	  4967 : 0
  4964	  4979 : 0
  4976	  4987 : 0
  4984	  4991 : 0
  4988	  4995 : 0
  4992	  5019 : 0
  5016	  5043 : 0
  5040	  5063 : 1
  5060	  5131 : 0
  5128	  5139 : 0
  5136	  5155 : 0
  5152	  5195 : 0
  5192	  5199 : 0
  5196	  5207 : 1
  5204	  5251 : 0
  5248	  5255 : 0
  5252	  5259 : 0
  5256	  5315 : 0
  5312	  5323 : 0
  5320	  5327 : 0
  5324	  5335 : 0
  5332	  5343 : 1
  5340	  5399 : 0
  5396	  5407 : 1
  5404	  5431 : 0
  5428	  5443 : 0
  5440	  5531 : 0
  5528	  5547 : 0
  5544	  5579 : 0
  5576	  5619 : 1
  5616	  5631 : 0
  5628	  5635 : 0
  5632	  5679 : 0
  5676	  5683 : 0
  5680	  5699 : 0
  5696	  5723 : 0
  5720	  5763 : 0
  5760	  5771 : 1
  5768	  5811 : 0
  5808	  5843 : 0
  5840	  5859 : 0
  5856	  5867 : 0
  5864	  5875 : 0
  5872	  5947 : 0
  5944	  5951 : 0
  5948	  5975 : 0
  5972	  5983 : 0
  5980	  6003 : 0
  6000	  6035 : 0
  6032	  6059 : 0
  6056	  6075 : 0
  6072	  6091 : 0
  6088	  6095 : 0
  6092	  6111 : 0
  6108	  6159 : 0
  6156	  6171 : 0
  6168	  6179 : 0
  6176	  6187 : 1
  6184	  6283 : 0
  6280	  6359 : 1
  6356	  6415 : 0
  6412	  6435 : 1
  6432	  6463 : 0
  6460	  6475 : 0
  6472	  6479 : 0
  6476	  6483 : 1
  6480	  6551 : 0
  6548	  6559 : 1
  6556	  6615 : 0
  6612	  6619 : 1
  6616	  6667 : 0
  6664	  6675 : 1
  6672	  6727 : 0
  6724	  6735 : 1
  6732	  6795 : 0
  6792	  6803 : 1
  6800	  6955 : 0
  6952	  6959 : 1
  6956	  6983 : 0
  6980	  6987 : 0
  6984	  6999 : 0
  6996	  7003 : 1
  7000	  7115 : 0
  7112	  7123 : 1
  7120	  7131 : 0
  7128	  7135 : 0
  7132	  7163 : 0
  7160	  7171 : 1
  7168	  7211 : 0
  7208	  7215 : 1
  7212	  7243 : 0
  7240	  7247 : 0
  7244	  7271 : 0
  7268	  7275 : 1
  7272	  7303 : 0
  7300	  7311 : 1
  7308	  7327 : 0
  7324	  7339 : 0
  7336	  7343 : 0
  7340	  7347 : 0
  7344	  7355 : 0
  7352	  7363 : 1
  7360	  7371 : 0
  7368	  7463 : 0
  7460	  7467 : 0
  7464	  7479 : 1
  7476	  7487 : 0
  7484	  7503 : 0
  7500	  7527 : 0
  7524	  7567 : 1
  7564	  7611 : 0
  7608	  7615 : 1
  7612	  7683 : 0
  7680	  7731 : 1
  7728	  7763 : 0
  7760	  7771 : 1
  7768	  7875 : 0
  7872	  7879 : 1
  7876	  7931 : 0
  7928	  7935 : 1
  7932	  7979 : 0
  7976	  7987 : 1
  7984	  7999 : 0
  7996	  8003 : 0
  8000	  8027 : 0
  8024	  8043 : 0
  8040	  8047 : 0
  8044	  8051 : 1
  8048	  8055 : 0
  8052	  8059 : 0
  8056	  8071 : 0
  8068	  8075 : 1
  8072	  8079 : 0
  8076	  8083 : 0
  8080	  8091 : 0
  8088	  8099 : 0
  8096	  8103 : 0
  8100	  8107 : 1
  8104	  8115 : 0
  8112	  8127 : 1
  8124	  8131 : 0
  8128	  8151 : 1
  8148	  8155 : 0
  8152	  8159 : 1
  8156	  8163 : 0
  8160	  8175 : 0
  8172	  8179 : 0
  8176	  8187 : 0
  8184	  8191 : 0
  8188	  8207 : 1
  8204	  8211 : 0
  8208	  8231 : 1
  8228	  8235 : 0
  8232	  8251 : 1
  8248	  8255 : 0
  8252	  8259 : 1
  8256	  8279 : 0
  8276	  8283 : 0
  8280	  8307 : 0
  8304	  8315 : 0
  8312	  8343 : 0
  8340	  8347 : 1
  8344	  8367 : 0
  8364	  8375 : 1
  8372	  8419 : 0
  8416	  8435 : 1
  8432	  8447 : 0
  8444	  8463 : 0
  8460	  8479 : 0
  8476	  8491 : 0
  8488	  8535 : 0
  8532	  8539 : 1
  8536	  8543 : 0
  8540	  8583 : 0
  8580	  8591 : 0
  8588	  8603 : 0
  8600	  8619 : 0
  8616	  8955 : 1
  8952	  9043 : 0
  9040	  9047 : 1
  9044	  9119 : 0
  9116	  9227 : 1
  9224	  9267 : 0
  9264	  9271 : 1
  9268	  9435 : 0
  9432	  9443 : 1
  9440	  9451 : 0
  9448	  9515 : 0
  9512	  9567 : 0
  9564	  9575 : 0
  9572	  9671 : 0
  9668	  9679 : 0
  9676	  9707 : 0
  9704	  9711 : 0
  9708	  9715 : 0
  9712	  9739 : 0
  9736	  9767 : 0
  9764	  9775 : 0
  9772	  9783 : 0
  9780	  9831 : 0
  9828	  9867 : 0
  9864	  9871 : 0
  9868	  9911 : 0
  9908	  9915 : 0
  9912	  9971 : 0
  9968	  9975 : 1
  9972	  9995 : 0
  9992	 10011 : 0
 10008	 10019 : 0
 10016	 10023 : 0
 10020	 10031 : 0
 10028	 10035 : 0
 10032	 10039 : 0
 10036	 10043 : 0
 10040	 10047 : 0
 10044	 10055 : 0
 10052	 10059 : 0
 10056	 10063 : 0
 10060	 10067 : 0
 10064	 10071 : 1
 10068	 10079 : 0
 10076	 10091 : 0
 10088	 10183 : 0
 10180	 10195 : 0
 10192	 10203 : 0
 10200	 10207 : 0
 10204	 10215 : 0
 10212	 10219 : 0
 10216	 10243 : 0
 10240	 10251 : 0
 10248	 10287 : 0
 10284	 10319 : 0
 10316	 10347 : 0
 10344	 10351 : 0
 10348	 10363 : 0
 10360	 10387 : 0
 10384	 10407 : 0
 10404	 10411 : 0
 10408	 10419 : 0
 10416	 10423 : 0
 10420	 10427 : 0
 10424	 10439 : 1
 10436	 10451 : 0
 10448	 10471 : 0
 10468	 10479 : 0
 10476	 10559 : 0
 10556	 10563 : 0
 10560	 10567 : 1
 10564	 10579 : 0
 10576	 10591 : 0
 10588	 10599 : 0
 10596	 10607 : 0
 10604	 10611 : 0
 10608	 10631 : 1
 10628	 10651 : 0
 10648	 10659 : 0
 10656	 10667 : 0
 10664	 10735 : 0
 10732	 10739 : 0
 10736	 10743 : 0
 10740	 10767 : 0
 10764	 10795 : 1
 10792	 10815 : 0
 10812	 10819 : 0
 10816	 10827 : 0
 10824	 10847 : 1
 10844	 10859 : 0
 10856	 10867 : 1
 10864	 10887 : 0
 10884	 10895 : 0
 10892	 10907 : 0
 10904	 10911 : 1
 10908	 10915 : 0
 10912	 10919 : 0
 10916	 10923 : 0
 10920	 10939 : 0
 10936	 10943 : 0
 10940	 10959 : 0
 10956	 10963 : 0
 10960	 10971 : 0
 10968	 10987 : 0
 10984	 11003 : 0
 11000	 11007 : 0
 11004	 11015 : 0
 11012	 11067 : 0
 11064	 11071 : 0
 11068	 11079 : 0
 11076	 11083 : 0
 11080	 11087 : 0
 11084	 11095 : 1
 11092	 11107 : 0
 11104	 11123 : 0
 11120	 11135 : 0
 11132	 11147 : 0
 11144	 11151 : 0
 11148	 11155 : 0
 11152	 11179 : 0
 11176	 11191 : 1
 11188	 11199 : 0
 11196	 11203 : 1
 11200	 11219 : 0
 11216	 11227 : 1
 11224	 11251 : 0
 11248	 11279 : 0
 11276	 11283 : 0
 11280	 11299 : 1
 11296	 11327 : 0
 11324	 11339 : 0
 11336	 11343 : 0
 11340	 11359 : 1
 11356	 11379 : 0
 11376	 11391 : 1
 11388	 11423 : 0
 11420	 11519 : 1
 11516	 11535 : 0
 11532	 11539 : 0
 11536	 11559 : 0
 11556	 11563 : 0
 11560	 11587 : 0
 11584	 11595 : 1
 11592	 11619 : 0
 11616	 11623 : 0
 11620	 11695 : 0
 11692	 11703 : 1
 11700	 11711 : 0
 11708	 11715 : 1
 11712	 11731 : 0
 11728	 11735 : 1
 11732	 11739 : 0
 11736	 11795 : 1
 11792	 11799 : 0
 11796	 11803 : 0
 11800	 11811 : 0
 11808	 11823 : 0
 11820	 11827 : 0
 11824	 11835 : 1
 11832	 11847 : 0
 11844	 11851 : 0
 11848	 11883 : 0
 11880	 11963 : 1
 11960	 11987 : 0
 11984	 11991 : 0
 11988	 12015 : 0
 12012	 12019 : 1
 12016	 12027 : 0
 12024	 12063 : 0
 12060	 12067 : 0
 12064	 12079 : 0
 12076	 12091 : 0
 12088	 12099 : 0
 12096	 12103 : 0
 12100	 12107 : 0
 12104	 12127 : 0
 12124	 12135 : 1
 12132	 12143 : 0
 12140	 12175 : 0
 12172	 12199 : 0
 12196	 12207 : 0
 12204	 12235 : 0
 12232	 12251 : 1
 12248	 12255 : 0
 12252	 12275 : 0
 12272	 12299 : 0
 12296	 12303 : 0
 12300	 12315 : 0
 12312	 12319 : 1
 12316	 12323 : 0
 12320	 12327 : 0
 12324	 12335 : 0
 12332	 12359 : 1
 12356	 12371 : 0
 12368	 12415 : 1
 12412	 12419 : 0
 12416	 12427 : 1
 12424	 12431 : 0
 12428	 12435 : 1
 12432	 12439 : 0
 12436	 12455 : 1
 12452	 12463 : 0
 12460	 12471 : 0
 12468	 12531 : 0
 12528	 12543 : 1
 12540	 12555 : 0
 12552	 12559 : 0
 12556	 12575 : 0
 12572	 12583 : 1
 12580	 12619 : 0
 12616	 12639 : 1
 12636	 12643 : 0
 12640	 12647 : 0
 12644	 12659 : 0
 12656	 12663 : 1
 12660	 12715 : 0
 12712	 12723 : 1
 12720	 12739 : 0
 12736	 12743 : 0
 12740	 12763 : 0
 12760	 12767 : 1
 12764	 12811 : 0
 12808	 12819 : 1
 12816	 12835 : 0
 12832	 12839 : 1
 12836	 12843 : 0
 12840	 12847 : 1
 12844	 12851 : 0
 12848	 12883 : 1
 12880	 12963 : 0
 12960	 12987 : 1
 12984	 12995 : 0
 12992	 13003 : 1
 13000	 13027 : 0
 13024	 13043 : 0
 13040	 13047 : 0
 13044	 13055 : 0
 13052	 13059 : 0
 13056	 13091 : 0
 13088	 13099 : 0
 13096	 13107 : 0
 13104	 13111 : 0
 13108	 13119 : 0
 13116	 13127 : 0
 13124	 13155 : 0
 13152	 13163 : 0
 13160	 13167 : 0
 13164	 13175 : 0
 13172	 13179 : 1
 13176	 13187 : 0
 13184	 13219 : 0
 13216	 13239 : 0
 13236	 13255 : 0
 13252	 13259 : 0
 13256	 13263 : 1
 13260	 13303 : 0
 13300	 13307 : 0
 13304	 13327 : 0
 13324	 13355 : 0
 13352	 13371 : 0
 13368	 13387 : 0
 13384	 13395 : 0
 13392	 13411 : 0
 13408	 13451 : 0
 13448	 13459 : 1
 13456	 13463 : 0
 13460	 13467 : 0
 13464	 13487 : 0
 13484	 13495 : 1
 13492	 13499 : 0
 13496	 13511 : 0
 13508	 13515 : 0
 13512	 13535 : 0
 13532	 13539 : 0
 13536	 13547 : 1
 13544	 13551 : 0
 13548	 13567 : 0
 13564	 13599 : 0
 13596	 13607 : 0
 13604	 13611 : 0
 13608	 13615 : 1
 13612	 13635 : 0
 13632	 13711 : 1
 13708	 13727 : 0
 13724	 13759 : 0
 13756	 13767 : 0
 13764	 13771 : 0
 13768	 13775 : 0
 13772	 13787 : 0
 13784	 13815 : 0
 13812	 13819 : 0
 13816	 13831 : 0
 13828	 13847 : 1
 13844	 13855 : 0
 13852	 13863 : 1
 13860	 13867 : 0
 13864	 13923 : 1
 13920	 13927 : 0
 13924	 13935 : 1
 13932	 13951 : 0
 13948	 13975 : 0
 13972	 13987 : 0
 13984	 14011 : 0
 14008	 14015 : 0
 14012	 14035 : 0
 14032	 14043 : 0
 14040	 14067 : 1
 14064	 14091 : 0
 14088	 14095 : 1
 14092	 14139 : 0
 14136	 14171 : 1
 14168	 14179 : 0
 14176	 14195 : 0
 14192	 14199 : 0
 14196	 14211 : 0
 14208	 14231 : 0
 14228	 14235 : 1
 14232	 14239 : 0
 14236	 14243 : 1
 14240	 14247 : 0
 14244	 14263 : 1
 14260	 14267 : 0
 14264	 14271 : 1
 14268	 14275 : 0
 14272	 14323 : 1
 14320	 14355 : 0
 14352	 14371 : 0
 14368	 14375 : 0
 14372	 14379 : 0
 14376	 14383 : 0
 14380	 14387 : 0
 14384	 14395 : 0
 14392	 14411 : 0
 14408	 14419 : 0
 14416	 14459 : 0
 14456	 14463 : 0
 14460	 14467 : 0
 14464	 14471 : 0
 14468	 14479 : 0
 14476	 14511 : 0
 14508	 14739 : 0
