     0	    31 : 0
    28	    35 : 0
    32	    59 : 1
    56	    67 : 0
    64	   111 : 0
   108	   119 : 0
   116	   147 : 1
   144	   171 : 0
   168	   299 : 0
   296	   327 : 0
   324	   335 : 0
   332	   339 : 0
   336	   355 : 0
   352	   399 : 0
   396	   411 : 0
   408	   439 : 0
   436	   475 : 0
   472	   479 : 0
   476	   511 : 0
   508	   515 : 0
   512	   535 : 0
   532	   543 : 0
   540	   579 : 0
   576	   607 : 0
   604	   627 : 0
   624	   651 : 0
   648	   655 : 1
   652	   659 : 0
   656	   679 : 0
   676	   751 : 0
   748	   891 : 1
   888	   935 : 0
   932	   943 : 1
   940	   983 : 0
   980	  1019 : 1
  1016	  1075 : 0
  1072	  1183 : 1
  1180	  1295 : 0
  1292	  1303 : 1
  1300	  1411 : 0
  1408	  1415 : 1
  1412	  1451 : 0
  1448	  1479 : 0
  1476	  1491 : 0
  1488	  1523 : 0
  1520	  1527 : 0
  1524	  1539 : 0
  1536	  1543 : 0
  1540	  1691 : 0
  1688	  1731 : 0
  1728	  1747 : 0
  1744	  1755 : 0
  1752	  1771 : 0
  1768	  1775 : 0
  1772	  1799 : 0
  1796	  1803 : 0
  1800	  1823 : 0
  1820	  1827 : 0
  1824	  1839 : 0
  1836	  1847 : 0
  1844	  1855 : 0
  1852	  1875 : 0
  1872	  1895 : 0
  1892	  1927 : 0
  1924	  1955 : 0
  1952	  1979 : 0
  1976	  1999 : 0
  1996	  2003 : 0
  2000	  2007 : 1
  2004	  2027 : 0
  2024	  2043 : 0
  2040	  2047 : 0
  2044	  2303 : 0
  2300	  2379 : 0
  2376	  2435 : 0
  2432	  2439 : 0
  2436	  2447 : 1
  2444	  2471 : 0
  2468	  2495 : 0
  2492	  2511 : 0
  2508	  2615 : 1
  2612	  2655 : 0
  2652	  2675 : 1
  2672	  2747 : 0
  2744	  2883 : 1
  2880	  2919 : 0
  2916	  2931 : 1
  2928	  2935 : 0
  2932	  2943 : 1
  2940	  3043 : 0
  3040	  3047 : 1
  3044	  3183 : 0
  3180	  3199 : 1
  3196	  3207 : 0
  3204	  3211 : 1
  3208	  3231 : 0
  3228	  3311 : 0
  3308	  3319 : 2
  3316	  3419 : 0
  3416	  3647 : 0
  3644	  3767 : 0
  3764	  3791 : 1
  3788	  4003 : 0
  4000	  4007 : 1
  4004	  4027 : 0
  4024	  4031 : 0
  4028	  4035 : 0
  4032	  4127 : 0
  4124	  4195 : 0
  4192	  4199 : 1
  4196	  4271 : 0
  4268	  4303 : 0
  4300	  4343 : 0
  4340	  4347 : 0
  4344	  4363 : 0
  4360	  4367 : 0
  4364	  4379 : 0
  4376	  4387 : 1
  4384	  4451 : 0
  4448	  4455 : 0
  4452	  4487 : 0
  4484	  4491 : 1
  4488	  4575 : 0
  4572	  4607 : 0
  4604	  4611 : 0
  4608	  4623 : 1
  4620	  4731 : 0
  4728	  4735 : 1
  4732	  4799 : 0
  4796	  4939 : 0
  4936	  4967 : 0
  4964	  4979 : 0
  4976	  5035 : 0
  5032	  5043 : 1
  5040	  5143 : 0
  5140	  5195 : 0
  5192	  5295 : 0
  5292	  5315 : 0
  5312	  5339 : 0
  5336	  5587 : 1
