     0	    47 : 0
    44	    91 : 0
    88	   239 : 0
   236	   491 : 0
   488	   627 : 1
   624	   631 : 0
   628	   639 : 0
   636	   643 : 0
   640	   651 : 0
   648	   659 : 0
   656	   671 : 0
   668	   675 : 0
   672	   679 : 0
   676	   683 : 0
   680	   691 : 0
   688	   695 : 0
   692	   699 : 2
   696	   863 : 0
   860	   891 : 1
   888	   899 : 0
   896	   907 : 0
   904	  1027 : 0
  1024	  1031 : 2
  1028	  1039 : 1
  1036	  1135 : 0
  1132	  1143 : 1
  1140	  1191 : 0
  1188	  1195 : 0
  1192	  1675 : 0
  1672	  1683 : 0
  1680	  1719 : 0
  1716	  1735 : 0
  1732	  1739 : 0
  1736	  1743 : 0
  1740	  1755 : 0
  1752	  1767 : 0
  1764	  1911 : 0
  1908	  1919 : 0
  1916	  1971 : 0
  1968	  1983 : 0
  1980	  2039 : 0
  2036	  2043 : 0
  2040	  3107 : 0
  3104	  3243 : 1
  3240	  3247 : 0
  3244	  3259 : 0
  3256	  3271 : 0
  3268	  3279 : 1
  3276	  3379 : 0
  3376	  3383 : 0
  3380	  3395 : 0
  3392	  3435 : 0
  3432	  3451 : 0
  3448	  3455 : 1
  3452	  3459 : 0
  3456	  3463 : 0
  3460	  3475 : 0
  3472	  3479 : 1
  3476	  3483 : 0
  3480	  3527 : 0
  3524	  3531 : 0
  3528	  3547 : 0
  3544	  3551 : 0
  3548	  3571 : 1
  3568	  3575 : 0
  3572	  3579 : 0
  3576	  3595 : 0
  3592	  3611 : 0
  3608	  3715 : 0
  3712	  3751 : 0
  3748	  3979 : 0
  3976	  3995 : 0
  3992	  4023 : 0
  4020	  4043 : 0
  4040	  4071 : 0
  4068	  4095 : 0
  4092	  4207 : 0
  4204	  4223 : 0
  4220	  4243 : 0
  4240	  4255 : 0
  4252	  4259 : 0
  4256	  4271 : 0
  4268	  4299 : 0
  4296	  4303 : 0
  4300	  4383 : 0
  4380	  4387 : 0
  4384	  4419 : 0
  4416	  4427 : 1
  4424	  4607 : 0
  4604	  4615 : 1
  4612	  5151 : 0
  5148	  5159 : 0
  5156	  5195 : 0
  5192	  5199 : 0
  5196	  5267 : 0
  5264	  5543 : 0
  5540	  5547 : 0
  5544	  5567 : 0
  5564	  5587 : 0
  5584	  5591 : 0
  5588	  5599 : 0
  5596	  5631 : 0
  5628	  5635 : 0
  5632	  5639 : 0
  5636	  5643 : 0
  5640	  5647 : 0
  5644	  5679 : 0
  5676	  5683 : 1
  5680	  5699 : 0
  5696	  5707 : 0
  5704	  5735 : 0
  5732	  5871 : 0
  5868	  5903 : 0
  5900	  5919 : 0
  5916	  5923 : 0
  5920	  5991 : 0
  5988	  6011 : 0
  6008	  6059 : 0
  6056	  6063 : 0
  6060	  6067 : 1
  6064	  6127 : 0
  6124	  6131 : 0
  6128	  6151 : 0
  6148	  6159 : 0
  6156	  6203 : 0
  6200	  6211 : 1
  6208	  6415 : 0
  6412	  6823 : 0
  6820	  6827 : 0
  6824	  6839 : 0
  6836	  6843 : 0
  6840	  6871 : 0
  6868	  6879 : 0
  6876	  6883 : 0
  6880	  6887 : 0
  6884	  6911 : 0
  6908	  6915 : 0
  6912	  6919 : 0
  6916	  6927 : 0
  6924	  7155 : 0
  7152	  7163 : 0
  7160	  7271 : 0
  7268	  7275 : 0
  7272	  7335 : 0
  7332	  7347 : 0
  7344	  7383 : 0
  7380	  7387 : 0
  7384	  7507 : 1
  7504	  7707 : 0
  7704	  7735 : 0
  7732	  7875 : 0
  7872	  7883 : 0
  7880	  7967 : 0
  7964	  7971 : 0
  7968	  8007 : 0
  8004	  8039 : 0
  8036	  8195 : 0
  8192	  8207 : 0
  8204	  8263 : 0
  8260	  8271 : 0
  8268	  8275 : 0
  8272	  8287 : 0
  8284	  8295 : 0
  8292	  8303 : 0
  8300	  8307 : 0
  8304	  8319 : 0
  8316	  8343 : 0
  8340	  8347 : 0
  8344	  8351 : 0
  8348	  8367 : 0
  8364	  8455 : 0
  8452	  8483 : 0
  8480	  8495 : 0
  8492	  8639 : 0
  8636	  8643 : 0
  8640	  8663 : 0
  8660	  8667 : 0
  8664	  8739 : 0
  8736	  8759 : 0
  8756	  8771 : 0
  8768	  8799 : 0
  8796	  8803 : 0
  8800	  8851 : 0
  8848	  8859 : 0
  8856	  8879 : 0
  8876	  8899 : 0
  8896	  8903 : 0
  8900	  8911 : 0
  8908	  9275 : 0
  9272	  9279 : 0
  9276	  9311 : 0
  9308	  9315 : 0
  9312	  9411 : 0
  9408	  9415 : 1
  9412	  9447 : 0
  9444	  9463 : 0
  9460	  9487 : 0
  9484	  9499 : 0
  9496	  9515 : 0
  9512	  9583 : 0
  9580	  9587 : 0
  9584	  9651 : 0
  9648	  9695 : 0
  9692	  9731 : 0
  9728	  9739 : 0
  9736	  9771 : 0
  9768	  9851 : 0
  9848	  9859 : 0
  9856	  9863 : 0
  9860	  9875 : 0
  9872	  9879 : 0
  9876	  9911 : 0
  9908	  9995 : 0
  9992	 10079 : 0
 10076	 10095 : 0
 10092	 10103 : 0
 10100	 10131 : 0
 10128	 10159 : 0
 10156	 10179 : 0
 10176	 10235 : 0
 10232	 10243 : 0
 10240	 10339 : 0
 10336	 10355 : 0
 10352	 10423 : 0
 10420	 10427 : 0
 10424	 10431 : 1
 10428	 10463 : 0
 10460	 10471 : 0
 10468	 10487 : 0
 10484	 10491 : 1
 10488	 10555 : 0
 10552	 10563 : 1
 10560	 10575 : 0
 10572	 10583 : 0
 10580	 10743 : 0
 10740	 10771 : 0
 10768	 10819 : 0
 10816	 10919 : 0
 10916	 10923 : 0
 10920	 10927 : 0
 10924	 10931 : 0
 10928	 10951 : 0
 10948	 10959 : 0
 10956	 10991 : 0
 10988	 11015 : 0
 11012	 11395 : 0
 11392	 11435 : 0
 11432	 11891 : 0
