     0	   123 : 0
   120	   139 : 0
   136	   159 : 0
   156	   163 : 0
   160	   607 : 0
   604	   611 : 0
   608	   951 : 0
   948	   959 : 0
   956	  2031 : 0
  2028	  2039 : 0
  2036	  2883 : 0
  2880	  2887 : 0
  2884	  3011 : 0
  3008	  3015 : 0
  3012	  3023 : 0
  3020	  3027 : 0
  3024	  3047 : 0
  3044	  3051 : 0
  3048	  5827 : 0
  5824	  5831 : 0
  5828	  6935 : 0
  6932	  6939 : 0
  6936	 11663 : 0
 11660	 11667 : 0
 11664	 12215 : 0
 12212	 12223 : 0
 12220	 12227 : 0
 12224	 12243 : 0
 12240	 12279 : 0
