     0	    35 : 0
    32	   139 : 0
   136	   531 : 0
   528	   543 : 0
   540	   551 : 0
   548	   579 : 0
   576	   583 : 1
   580	   643 : 0
   640	   659 : 0
   656	   683 : 0
   680	   687 : 1
   684	   691 : 0
   688	   751 : 0
   748	   763 : 0
   760	   771 : 0
   768	   775 : 0
   772	   787 : 0
   784	   847 : 0
   844	   867 : 1
   864	   871 : 0
   868	   887 : 1
   884	   907 : 0
   904	   927 : 1
   924	   943 : 0
   940	   995 : 1
   992	  1019 : 0
  1016	  1027 : 0
  1024	  1047 : 0
  1044	  1059 : 0
  1056	  1075 : 0
  1072	  1079 : 0
  1076	  1119 : 0
  1116	  1123 : 0
  1120	  1167 : 0
  1164	  1175 : 0
  1172	  1179 : 0
  1176	  1183 : 1
  1180	  1227 : 0
  1224	  1239 : 0
  1236	  1247 : 0
  1244	  1271 : 0
  1268	  1283 : 0
  1280	  1295 : 0
  1292	  1307 : 0
  1304	  1315 : 0
  1312	  1343 : 0
  1340	  1367 : 1
  1364	  1391 : 0
  1388	  1399 : 0
  1396	  1403 : 0
  1400	  1427 : 0
  1424	  1435 : 0
  1432	  1439 : 0
  1436	  1443 : 0
  1440	  1463 : 0
  1460	  1479 : 0
  1476	  1567 : 0
  1564	  1591 : 0
  1588	  1635 : 0
  1632	  1711 : 0
  1708	  1779 : 0
  1776	  1851 : 0
  1848	  1859 : 1
  1856	  1871 : 0
  1868	  1875 : 0
  1872	  1907 : 0
  1904	  1911 : 0
  1908	  1915 : 0
  1912	  1935 : 0
  1932	  1939 : 0
  1936	  1967 : 0
  1964	  2023 : 0
  2020	  2259 : 0
  2256	  2271 : 0
  2268	  2323 : 1
  2320	  2347 : 0
  2344	  2391 : 0
  2388	  2395 : 0
  2392	  2399 : 0
  2396	  2403 : 0
  2400	  2407 : 0
  2404	  2443 : 0
  2440	  2483 : 1
  2480	  2491 : 0
  2488	  2563 : 0
  2560	  2583 : 0
  2580	  2587 : 0
  2584	  2599 : 0
  2596	  2647 : 0
  2644	  2655 : 0
  2652	  2715 : 0
  2712	  2719 : 0
  2716	  2727 : 1
  2724	  2735 : 0
  2732	  2751 : 0
  2748	  2779 : 0
  2776	  2855 : 0
  2852	  2863 : 0
  2860	  2875 : 0
  2872	  2887 : 0
  2884	  2891 : 0
  2888	  2899 : 0
  2896	  2943 : 1
  2940	  2995 : 0
  2992	  3015 : 0
  3012	  3019 : 0
  3016	  3027 : 0
  3024	  3031 : 0
  3028	  3047 : 0
  3044	  3087 : 0
  3084	  3099 : 1
  3096	  3119 : 0
  3116	  3187 : 0
  3184	  3195 : 0
  3192	  3199 : 0
  3196	  3211 : 0
  3208	  3215 : 0
  3212	  3243 : 0
  3240	  3311 : 0
  3308	  3315 : 0
  3312	  3323 : 0
  3320	  3407 : 0
  3404	  3415 : 1
  3412	  3419 : 0
  3416	  3431 : 0
  3428	  3443 : 0
  3440	  3479 : 0
  3476	  3527 : 0
  3524	  3551 : 0
  3548	  3555 : 0
  3552	  3583 : 0
  3580	  3599 : 0
  3596	  3611 : 0
  3608	  3619 : 0
  3616	  3623 : 0
  3620	  3679 : 0
  3676	  3683 : 0
  3680	  3687 : 0
  3684	  3695 : 0
  3692	  3751 : 0
  3748	  3759 : 0
  3756	  3775 : 0
  3772	  3791 : 0
  3788	  3831 : 0
  3828	  3847 : 0
  3844	  3859 : 0
  3856	  3863 : 0
  3860	  3867 : 0
  3864	  3875 : 0
  3872	  3899 : 0
  3896	  3903 : 0
  3900	  3911 : 0
  3908	  3915 : 1
  3912	  3943 : 0
  3940	  3959 : 1
  3956	  3967 : 0
  3964	  4011 : 0
  4008	  4015 : 0
  4012	  4039 : 0
  4036	  4047 : 0
  4044	  4095 : 0
  4092	  4143 : 0
  4140	  4147 : 0
  4144	  4175 : 0
  4172	  4223 : 0
  4220	  4227 : 0
  4224	  4231 : 0
  4228	  4275 : 0
  4272	  4319 : 1
  4316	  4339 : 0
  4336	  4343 : 0
  4340	  4363 : 0
  4360	  4379 : 0
  4376	  4407 : 0
  4404	  4511 : 0
  4508	  4551 : 0
  4548	  4563 : 0
  4560	  4591 : 0
  4588	  4603 : 0
  4600	  4611 : 0
  4608	  4619 : 0
  4616	  4627 : 0
  4624	  4647 : 0
  4644	  4671 : 0
  4668	  4703 : 0
  4700	  4711 : 0
  4708	  4715 : 0
  4712	  4731 : 0
  4728	  4739 : 0
  4736	  4747 : 0
  4744	  4775 : 0
  4772	  4783 : 0
  4780	  4799 : 0
  4796	  4823 : 0
  4820	  4839 : 0
  4836	  4851 : 0
  4848	  4855 : 1
  4852	  4923 : 0
  4920	  4927 : 0
  4924	  4931 : 0
  4928	  4951 : 0
  4948	  5011 : 0
  5008	  5023 : 0
  5020	  5027 : 0
  5024	  5035 : 0
  5032	  5107 : 0
  5104	  5139 : 0
  5136	  5143 : 0
  5140	  5207 : 0
  5204	  5211 : 0
  5208	  5227 : 1
  5224	  5231 : 0
  5228	  5291 : 0
  5288	  5307 : 0
  5304	  5411 : 0
  5408	  5415 : 0
  5412	  5419 : 1
  5416	  5439 : 0
  5436	  5447 : 0
  5444	  5479 : 0
  5476	  5495 : 0
  5492	  5527 : 0
  5524	  5563 : 0
  5560	  5607 : 0
  5604	  5627 : 0
  5624	  5631 : 0
  5628	  5659 : 0
  5656	  5731 : 0
  5728	  5735 : 1
  5732	  5751 : 0
  5748	  5775 : 0
  5772	  5811 : 0
  5808	  5875 : 0
  5872	  5883 : 0
  5880	  5891 : 0
  5888	  5899 : 0
  5896	  5907 : 1
  5904	  5911 : 0
  5908	  5919 : 1
  5916	  5939 : 0
  5936	  5947 : 0
  5944	  5951 : 0
  5948	  5959 : 0
  5956	  5967 : 0
  5964	  6015 : 0
  6012	  6019 : 0
  6016	  6031 : 0
  6028	  6035 : 0
  6032	  6047 : 0
  6044	  6055 : 0
  6052	  6079 : 0
  6076	  6087 : 0
  6084	  6151 : 1
  6148	  6199 : 0
  6196	  6203 : 0
  6200	  6211 : 0
  6208	  6239 : 0
  6236	  6243 : 0
  6240	  6339 : 0
  6336	  6359 : 0
  6356	  6367 : 1
  6364	  6503 : 0
  6500	  6527 : 0
  6524	  6595 : 0
  6592	  6623 : 0
  6620	  6639 : 0
  6636	  6643 : 0
  6640	  6687 : 0
  6684	  6699 : 0
  6696	  6791 : 0
  6788	  6839 : 1
  6836	  6855 : 0
  6852	  6867 : 0
  6864	  6883 : 0
  6880	  6891 : 0
  6888	  6943 : 0
  6940	  6951 : 0
  6948	  6963 : 0
  6960	  6995 : 0
  6992	  7047 : 0
  7044	  7119 : 1
  7116	  7143 : 0
  7140	  7147 : 0
  7144	  7223 : 0
  7220	  7355 : 0
  7352	  7479 : 0
  7476	  7499 : 0
  7496	  7551 : 0
  7548	  7555 : 0
  7552	  7595 : 0
  7592	  7599 : 0
  7596	  7603 : 0
  7600	  7627 : 0
  7624	  7635 : 0
  7632	  7651 : 1
  7648	  7755 : 0
  7752	  7811 : 0
  7808	  7859 : 0
  7856	  7907 : 0
  7904	  7911 : 0
  7908	  7919 : 0
  7916	  7963 : 0
  7960	  7967 : 1
  7964	  7971 : 0
  7968	  7983 : 0
  7980	  7995 : 0
  7992	  8019 : 0
  8016	  8027 : 0
  8024	  8035 : 0
  8032	  8179 : 0
  8176	  8183 : 0
  8180	  8211 : 0
  8208	  8215 : 0
  8212	  8283 : 0
  8280	  8287 : 0
  8284	  8291 : 0
  8288	  8295 : 0
  8292	  8487 : 0
  8484	  8491 : 1
  8488	  8539 : 0
  8536	  8543 : 0
  8540	  8751 : 0
  8748	  8843 : 0
  8840	  8855 : 0
  8852	  8863 : 0
  8860	  8931 : 0
  8928	  8935 : 0
  8932	  9039 : 0
  9036	  9111 : 0
  9108	  9203 : 0
  9200	  9231 : 0
  9228	  9235 : 0
  9232	  9243 : 0
  9240	  9251 : 0
  9248	  9267 : 0
  9264	  9287 : 0
  9284	  9363 : 0
  9360	  9471 : 0
  9468	  9479 : 1
  9476	  9483 : 0
  9480	  9499 : 0
  9496	  9523 : 0
  9520	  9535 : 0
  9532	  9543 : 0
  9540	  9603 : 0
  9600	  9775 : 0
  9772	  9815 : 0
  9812	  9819 : 0
  9816	  9835 : 0
  9832	  9843 : 0
  9840	  9847 : 0
  9844	  9851 : 0
  9848	  9855 : 0
  9852	  9871 : 0
  9868	  9939 : 0
  9936	 10079 : 0
 10076	 10083 : 0
 10080	 10179 : 0
 10176	 10227 : 0
 10224	 10251 : 0
 10248	 10255 : 0
 10252	 10295 : 0
 10292	 10307 : 0
 10304	 10311 : 0
 10308	 10347 : 1
 10344	 10359 : 0
 10356	 10371 : 0
 10368	 10375 : 0
 10372	 10383 : 0
 10380	 10411 : 0
 10408	 10427 : 0
 10424	 10435 : 0
 10432	 10443 : 0
 10440	 10455 : 0
 10452	 10607 : 0
 10604	 10619 : 0
 10616	 10627 : 0
 10624	 10635 : 0
 10632	 10647 : 0
 10644	 10795 : 0
 10792	 10815 : 0
 10812	 10823 : 0
 10820	 10867 : 0
 10864	 10931 : 0
 10928	 10939 : 0
 10936	 10959 : 0
 10956	 10979 : 0
 10976	 10995 : 0
 10992	 11003 : 0
 11000	 11047 : 0
 11044	 11071 : 0
 11068	 11087 : 0
 11084	 11107 : 0
 11104	 11115 : 0
 11112	 11127 : 0
 11124	 11163 : 0
 11160	 11175 : 0
 11172	 11211 : 0
 11208	 11263 : 0
 11260	 11271 : 0
 11268	 11275 : 0
 11272	 11443 : 0
 11440	 11499 : 1
 11496	 11503 : 0
 11500	 11507 : 0
 11504	 11511 : 0
 11508	 11523 : 0
 11520	 11595 : 0
 11592	 11627 : 0
 11624	 11731 : 0
 11728	 11735 : 0
 11732	 11763 : 0
 11760	 11775 : 0
 11772	 11799 : 0
 11796	 11815 : 0
 11812	 11819 : 0
 11816	 11831 : 0
 11828	 11835 : 0
 11832	 11847 : 0
 11844	 11855 : 0
 11852	 11907 : 0
 11904	 11919 : 0
 11916	 11935 : 0
 11932	 11995 : 0
 11992	 12007 : 1
 12004	 12079 : 0
 12076	 12087 : 0
 12084	 12111 : 0
 12108	 12139 : 1
 12136	 12151 : 0
 12148	 12155 : 0
 12152	 12467 : 0
 12464	 12483 : 1
 12480	 12487 : 0
 12484	 12611 : 0
 12608	 12615 : 0
 12612	 12639 : 1
 12636	 12655 : 0
 12652	 12663 : 0
 12660	 12691 : 0
 12688	 12695 : 0
 12692	 12703 : 0
 12700	 12723 : 0
 12720	 12727 : 0
 12724	 12743 : 0
 12740	 12747 : 0
 12744	 12755 : 0
 12752	 12759 : 0
 12756	 12787 : 1
 12784	 12843 : 0
 12840	 12855 : 0
 12852	 12859 : 0
 12856	 12863 : 0
 12860	 12879 : 0
 12876	 12903 : 0
 12900	 12907 : 0
 12904	 12951 : 1
 12948	 12959 : 0
 12956	 13007 : 0
 13004	 13023 : 0
 13020	 13031 : 0
 13028	 13051 : 0
 13048	 13179 : 1
 13176	 13183 : 0
 13180	 13231 : 0
 13228	 13235 : 0
 13232	 13287 : 0
 13284	 13295 : 0
 13292	 13303 : 0
 13300	 13319 : 0
 13316	 13383 : 0
 13380	 13395 : 0
 13392	 13399 : 0
 13396	 13419 : 0
 13416	 13451 : 0
 13448	 13455 : 0
 13452	 13471 : 0
 13468	 13475 : 0
 13472	 13487 : 0
 13484	 13503 : 0
 13500	 13507 : 0
 13504	 13527 : 0
 13524	 13531 : 0
 13528	 13543 : 0
 13540	 13567 : 0
 13564	 13583 : 0
 13580	 13603 : 0
 13600	 13623 : 0
 13620	 13631 : 0
 13628	 13651 : 0
 13648	 13655 : 0
 13652	 13663 : 0
 13660	 13667 : 0
 13664	 13683 : 0
 13680	 13687 : 0
 13684	 13699 : 0
 13696	 13707 : 0
 13704	 13727 : 0
 13724	 13755 : 0
 13752	 13767 : 0
 13764	 13787 : 0
 13784	 13795 : 0
 13792	 13799 : 0
 13796	 13815 : 0
 13812	 13831 : 0
 13828	 13879 : 0
 13876	 13883 : 0
 13880	 13887 : 0
 13884	 13935 : 0
 13932	 13943 : 0
 13940	 13951 : 0
 13948	 13963 : 0
 13960	 14195 : 0
 14192	 14207 : 0
 14204	 14211 : 0
 14208	 14399 : 0
 14396	 14419 : 0
 14416	 14423 : 0
 14420	 14427 : 0
 14424	 14587 : 0
