     0	     7 : 0
     4	    91 : 1
    88	    95 : 0
    92	   159 : 0
   156	   403 : 0
   400	   443 : 1
   440	   515 : 0
   512	   527 : 0
   524	   535 : 0
   532	   571 : 1
   568	   579 : 0
   576	   587 : 1
   584	   679 : 0
   676	   695 : 0
   692	   699 : 0
   696	   731 : 0
   728	   743 : 0
   740	   747 : 0
   744	   751 : 0
   748	   799 : 0
   796	   815 : 0
   812	   875 : 0
   872	   883 : 0
   880	   903 : 0
   900	   911 : 0
   908	   959 : 0
   956	   983 : 0
   980	   995 : 0
   992	  1019 : 0
  1016	  1051 : 0
  1048	  1055 : 0
  1052	  1063 : 0
  1060	  1099 : 0
  1096	  1143 : 0
  1140	  1163 : 0
  1160	  1199 : 0
  1196	  1207 : 0
  1204	  1211 : 0
  1208	  1243 : 0
  1240	  1295 : 0
  1292	  1299 : 0
  1296	  1371 : 0
  1368	  1379 : 0
  1376	  1407 : 0
  1404	  1423 : 0
  1420	  1439 : 0
  1436	  1455 : 0
  1452	  1459 : 0
  1456	  1467 : 0
  1464	  1491 : 0
  1488	  1527 : 0
  1524	  1619 : 0
  1616	  1699 : 0
  1696	  1783 : 0
  1780	  1795 : 0
  1792	  1811 : 0
  1808	  1839 : 0
  1836	  1859 : 0
  1856	  1867 : 0
  1864	  1883 : 0
  1880	  1891 : 0
  1888	  1903 : 0
  1900	  1911 : 0
  1908	  1923 : 0
  1920	  1927 : 0
  1924	  1955 : 0
  1952	  1987 : 0
  1984	  2055 : 0
  2052	  2091 : 0
  2088	  2095 : 0
  2092	  2159 : 0
  2156	  2219 : 0
  2216	  2239 : 0
  2236	  2247 : 0
  2244	  2251 : 0
  2248	  2259 : 0
  2256	  2267 : 0
  2264	  2271 : 0
  2268	  2275 : 0
  2272	  2279 : 0
  2276	  2283 : 0
  2280	  2287 : 0
  2284	  2319 : 0
  2316	  2343 : 1
  2340	  2447 : 0
  2444	  2495 : 1
  2492	  2551 : 0
  2548	  2563 : 0
  2560	  2575 : 0
  2572	  2587 : 0
  2584	  2591 : 0
  2588	  2595 : 0
  2592	  2611 : 0
  2608	  2671 : 1
  2668	  2675 : 0
  2672	  2687 : 0
  2684	  2723 : 0
  2720	  2791 : 0
  2788	  2795 : 0
  2792	  2895 : 0
  2892	  2911 : 0
  2908	  2987 : 0
  2984	  2991 : 0
  2988	  2999 : 1
  2996	  3007 : 0
  3004	  3051 : 1
  3048	  3063 : 0
  3060	  3067 : 0
  3064	  3143 : 0
  3140	  3151 : 0
  3148	  3163 : 0
  3160	  3215 : 0
  3212	  3231 : 0
  3228	  3235 : 0
  3232	  3243 : 0
  3240	  3259 : 0
  3256	  3263 : 0
  3260	  3267 : 0
  3264	  3279 : 0
  3276	  3303 : 0
  3300	  3311 : 0
  3308	  3327 : 0
  3324	  3339 : 0
  3336	  3395 : 0
  3392	  3403 : 0
  3400	  3407 : 0
  3404	  3411 : 0
  3408	  3447 : 1
  3444	  3451 : 0
  3448	  3467 : 1
  3464	  3519 : 0
  3516	  3531 : 0
  3528	  3551 : 0
  3548	  3555 : 0
  3552	  3571 : 0
  3568	  3611 : 0
  3608	  3619 : 0
  3616	  3627 : 0
  3624	  3635 : 0
  3632	  3639 : 0
  3636	  3711 : 0
  3708	  3755 : 0
  3752	  3767 : 0
  3764	  3783 : 0
  3780	  3787 : 0
  3784	  3807 : 0
  3804	  3815 : 0
  3812	  3895 : 0
  3892	  3899 : 0
  3896	  3911 : 0
  3908	  3923 : 0
  3920	  3939 : 0
  3936	  3951 : 0
  3948	  3955 : 0
  3952	  3975 : 0
  3972	  4023 : 0
  4020	  4031 : 0
  4028	  4047 : 0
  4044	  4079 : 0
  4076	  4135 : 0
  4132	  4147 : 0
  4144	  4151 : 0
  4148	  4155 : 0
  4152	  4195 : 0
  4192	  4239 : 0
  4236	  4267 : 0
  4264	  4287 : 0
  4284	  4291 : 0
  4288	  4299 : 0
  4296	  4339 : 0
  4336	  4379 : 0
  4376	  4407 : 0
  4404	  4415 : 0
  4412	  4531 : 0
  4528	  4543 : 0
  4540	  4563 : 0
  4560	  4571 : 0
  4568	  4575 : 0
  4572	  4595 : 0
  4592	  4627 : 0
  4624	  4631 : 0
  4628	  4635 : 0
  4632	  4663 : 0
  4660	  4699 : 0
  4696	  4711 : 0
  4708	  4715 : 0
  4712	  4727 : 0
  4724	  4775 : 1
  4772	  4823 : 0
  4820	  4827 : 0
  4824	  4831 : 0
  4828	  4839 : 0
  4836	  4855 : 0
  4852	  4863 : 0
  4860	  4879 : 0
  4876	  4891 : 0
  4888	  4895 : 0
  4892	  4919 : 0
  4916	  4927 : 0
  4924	  4931 : 0
  4928	  4935 : 0
  4932	  4943 : 0
  4940	  4947 : 0
  4944	  5119 : 0
  5116	  5155 : 0
  5152	  5179 : 0
  5176	  5215 : 0
  5212	  5243 : 1
  5240	  5271 : 0
  5268	  5311 : 0
  5308	  5315 : 0
  5312	  5347 : 1
  5344	  5351 : 0
  5348	  5363 : 0
  5360	  5371 : 0
  5368	  5383 : 0
  5380	  5391 : 0
  5388	  5399 : 0
  5396	  5403 : 0
  5400	  5411 : 1
  5408	  5415 : 0
  5412	  5455 : 0
  5452	  5459 : 0
  5456	  5463 : 0
  5460	  5467 : 0
  5464	  5495 : 1
  5492	  5615 : 0
  5612	  5647 : 1
  5644	  5679 : 0
  5676	  5695 : 0
  5692	  5751 : 0
  5748	  5779 : 1
  5776	  6099 : 0
  6096	  6163 : 1
  6160	  6199 : 0
  6196	  6267 : 0
  6264	  6291 : 0
  6288	  6339 : 0
  6336	  6371 : 0
  6368	  6387 : 0
