     0	    59 : 0
    56	   183 : 1
   180	   359 : 0
   356	   411 : 0
   408	   671 : 0
   668	   675 : 0
   672	   723 : 0
   720	   739 : 0
   736	   795 : 0
   792	   799 : 1
   796	   883 : 0
   880	   899 : 0
   896	  1003 : 0
  1000	  1323 : 1
  1320	  1347 : 0
  1344	  1355 : 0
  1352	  1463 : 0
  1460	  1507 : 0
  1504	  1523 : 0
  1520	  1527 : 0
  1524	  1531 : 0
  1528	  1535 : 0
  1532	  1547 : 0
  1544	  1551 : 0
  1548	  1603 : 0
  1600	  1619 : 0
  1616	  1651 : 0
  1648	  1671 : 0
  1668	  1827 : 0
  1824	  1987 : 1
  1984	  1995 : 0
  1992	  2007 : 0
  2004	  2015 : 0
  2012	  2051 : 0
  2048	  2055 : 0
  2052	  2115 : 0
  2112	  2231 : 0
  2228	  2283 : 1
  2280	  2287 : 0
  2284	  2303 : 1
  2300	  2339 : 0
  2336	  2355 : 1
  2352	  2363 : 0
  2360	  2379 : 0
  2376	  2383 : 0
  2380	  2399 : 0
  2396	  2427 : 0
  2424	  2459 : 0
  2456	  2519 : 0
  2516	  2539 : 0
  2536	  2543 : 0
  2540	  2547 : 1
  2544	  2551 : 0
  2548	  2587 : 0
  2584	  2635 : 0
  2632	  2651 : 1
  2648	  2659 : 0
  2656	  2663 : 0
  2660	  2671 : 0
  2668	  2675 : 0
  2672	  2687 : 0
  2684	  2719 : 1
  2716	  2739 : 0
  2736	  2743 : 1
  2740	  2747 : 0
  2744	  2751 : 0
  2748	  2759 : 0
  2756	  2763 : 1
  2760	  2783 : 0
  2780	  2791 : 1
  2788	  2923 : 0
  2920	  2943 : 1
  2940	  3007 : 0
  3004	  3051 : 0
  3048	  3075 : 0
  3072	  3091 : 0
  3088	  3103 : 0
  3100	  3111 : 1
  3108	  3171 : 0
  3168	  3191 : 0
  3188	  3199 : 0
  3196	  3315 : 1
  3312	  3467 : 0
  3464	  3503 : 1
  3500	  3539 : 0
  3536	  3543 : 0
  3540	  3599 : 0
  3596	  3603 : 1
  3600	  3779 : 0
  3776	  3787 : 1
  3784	  3799 : 0
  3796	  3803 : 0
  3800	  3839 : 0
  3836	  3875 : 1
  3872	  3967 : 0
  3964	  4003 : 1
  4000	  4087 : 0
  4084	  4243 : 1
  4240	  4399 : 0
  4396	  4403 : 1
  4400	  4447 : 0
  4444	  4455 : 1
  4452	  4499 : 0
  4496	  4507 : 1
  4504	  4543 : 0
  4540	  4547 : 1
  4544	  4571 : 0
  4568	  4575 : 1
  4572	  4639 : 0
  4636	  4647 : 1
  4644	  4679 : 0
  4676	  4687 : 1
  4684	  4711 : 0
  4708	  4715 : 1
  4712	  4767 : 0
  4764	  4775 : 1
  4772	  5059 : 0
  5056	  5279 : 1
  5276	  5291 : 0
  5288	  5295 : 1
  5292	  5299 : 0
  5296	  5367 : 0
  5364	  5383 : 0
  5380	  5663 : 0
  5660	  5743 : 0
  5740	  5747 : 0
