     0	    19 : 0
    16	    23 : 0
    20	    27 : 0
    24	    43 : 0
    40	    47 : 0
    44	    79 : 0
    76	    83 : 0
    80	   167 : 0
   164	   215 : 1
   212	   219 : 0
   216	   223 : 1
   220	   247 : 0
   244	   271 : 0
   268	   279 : 2
   276	   303 : 0
   300	   307 : 1
   304	   327 : 0
   324	   331 : 0
   328	   339 : 0
   336	   343 : 0
   340	   351 : 0
   348	   355 : 0
   352	   363 : 0
   360	   391 : 1
   388	   399 : 0
   396	   439 : 0
   436	   459 : 0
   456	   479 : 0
   476	   491 : 0
   488	   499 : 1
   496	   511 : 0
   508	   515 : 0
   512	   527 : 0
   524	   531 : 0
   528	   543 : 0
   540	   547 : 1
   544	   551 : 0
   548	   559 : 0
   556	   571 : 0
   568	   579 : 1
   576	   607 : 0
   604	   611 : 1
   608	   619 : 0
   616	   639 : 0
   636	   643 : 0
   640	   655 : 0
   652	   663 : 0
   660	   671 : 0
   668	   687 : 0
   684	   691 : 1
   688	   695 : 0
   692	   715 : 0
   712	   723 : 0
   720	   727 : 0
   724	   739 : 0
   736	   743 : 0
   740	   747 : 0
   744	   755 : 0
   752	   763 : 0
   760	   771 : 1
   768	   783 : 0
   780	   787 : 1
   784	   807 : 0
   804	   835 : 0
   832	   839 : 0
   836	   871 : 1
   868	   875 : 0
   872	   879 : 1
   876	   883 : 0
   880	   907 : 0
   904	   915 : 0
   912	   919 : 0
   916	   923 : 0
   920	   927 : 0
   924	   947 : 0
   944	   999 : 0
   996	  1031 : 0
  1028	  1039 : 1
  1036	  1047 : 0
  1044	  1055 : 1
  1052	  1071 : 0
  1068	  1075 : 0
  1072	  1115 : 0
  1112	  1127 : 0
  1124	  1143 : 0
  1140	  1151 : 0
  1148	  1171 : 0
  1168	  1219 : 0
  1216	  1223 : 0
  1220	  1239 : 1
  1236	  1247 : 0
  1244	  1255 : 0
  1252	  1275 : 0
  1272	  1279 : 1
  1276	  1319 : 0
  1316	  1323 : 1
  1320	  1367 : 0
  1364	  1379 : 1
  1376	  1395 : 0
  1392	  1411 : 0
  1408	  1435 : 0
  1432	  1443 : 1
  1440	  1471 : 0
  1468	  1479 : 1
  1476	  1499 : 0
  1496	  1543 : 0
  1540	  1555 : 0
  1552	  1563 : 0
  1560	  1575 : 0
  1572	  1579 : 0
  1576	  1615 : 0
  1612	  1619 : 1
  1616	  1647 : 0
  1644	  1659 : 0
  1656	  1683 : 0
  1680	  1695 : 0
  1692	  1719 : 0
  1716	  1755 : 0
  1752	  1763 : 0
  1760	  1767 : 0
  1764	  1771 : 0
  1768	  1791 : 1
  1788	  1819 : 0
  1816	  1827 : 0
  1824	  1839 : 0
  1836	  1847 : 0
  1844	  1851 : 0
  1848	  1871 : 0
  1868	  1887 : 0
  1884	  1919 : 1
  1916	  1923 : 0
  1920	  1927 : 0
  1924	  1959 : 0
  1956	  1963 : 1
  1960	  2019 : 0
  2016	  2059 : 1
  2056	  2067 : 0
  2064	  2091 : 0
  2088	  2115 : 0
  2112	  2123 : 1
  2120	  2127 : 0
  2124	  2143 : 0
  2140	  2147 : 0
  2144	  2155 : 0
  2152	  2171 : 0
  2168	  2179 : 0
  2176	  2187 : 0
  2184	  2191 : 1
  2188	  2195 : 0
  2192	  2235 : 0
  2232	  2239 : 2
  2236	  2311 : 0
  2308	  2367 : 1
  2364	  2391 : 0
  2388	  2459 : 1
  2456	  2475 : 0
  2472	  2479 : 0
  2476	  2487 : 0
  2484	  2491 : 0
  2488	  2495 : 0
  2492	  2539 : 1
  2536	  2543 : 0
  2540	  2547 : 0
  2544	  2551 : 0
  2548	  2555 : 0
  2552	  2563 : 0
  2560	  2567 : 0
  2564	  2599 : 0
  2596	  2607 : 0
  2604	  2631 : 0
  2628	  2671 : 1
  2668	  2679 : 0
  2676	  2687 : 1
  2684	  2787 : 0
  2784	  2815 : 0
  2812	  2839 : 0
  2836	  2847 : 0
  2844	  2859 : 0
  2856	  2867 : 0
  2864	  2871 : 0
  2868	  2875 : 1
  2872	  2879 : 0
  2876	  2887 : 0
  2884	  2899 : 0
  2896	  2923 : 0
  2920	  2931 : 0
  2928	  2935 : 0
  2932	  2967 : 0
  2964	  2975 : 0
  2972	  2979 : 0
  2976	  2983 : 0
  2980	  2987 : 0
  2984	  3047 : 0
  3044	  3067 : 0
  3064	  3075 : 1
  3072	  3099 : 0
  3096	  3107 : 0
  3104	  3135 : 0
  3132	  3151 : 0
  3148	  3155 : 0
  3152	  3207 : 0
  3204	  3227 : 0
  3224	  3231 : 0
  3228	  3235 : 0
  3232	  3351 : 0
  3348	  3355 : 0
  3352	  3423 : 0
  3420	  3439 : 0
  3436	  3447 : 0
  3444	  3459 : 0
  3456	  3467 : 1
  3464	  3491 : 0
  3488	  3511 : 0
  3508	  3523 : 0
  3520	  3527 : 0
  3524	  3535 : 0
  3532	  3595 : 0
  3592	  3599 : 2
  3596	  3639 : 0
  3636	  3659 : 1
  3656	  3679 : 0
  3676	  3759 : 0
  3756	  3771 : 0
  3768	  3807 : 0
  3804	  3811 : 0
  3808	  3819 : 0
  3816	  3843 : 0
  3840	  3863 : 0
  3860	  3887 : 0
  3884	  3891 : 0
  3888	  3923 : 0
  3920	  3935 : 0
  3932	  3947 : 0
  3944	  3955 : 0
  3952	  3963 : 0
  3960	  3991 : 0
  3988	  4003 : 0
  4000	  4007 : 0
  4004	  4011 : 0
  4008	  4091 : 0
  4088	  4123 : 0
  4120	  4131 : 1
  4128	  4175 : 0
  4172	  4195 : 1
  4192	  4211 : 0
  4208	  4223 : 0
  4220	  4231 : 0
  4228	  4267 : 0
  4264	  4343 : 0
  4340	  4387 : 0
  4384	  4427 : 0
  4424	  4475 : 0
  4472	  4515 : 0
  4512	  4527 : 0
  4524	  4579 : 0
  4576	  4583 : 0
  4580	  4607 : 0
  4604	  4611 : 1
  4608	  4647 : 0
  4644	  4651 : 0
  4648	  4671 : 0
  4668	  4675 : 0
  4672	  4691 : 0
  4688	  4699 : 1
  4696	  4731 : 0
  4728	  4747 : 0
  4744	  4767 : 0
  4764	  4771 : 1
  4768	  4779 : 0
  4776	  4795 : 0
  4792	  4815 : 0
  4812	  4823 : 1
  4820	  4839 : 0
  4836	  4847 : 0
  4844	  4987 : 0
  4984	  5007 : 1
  5004	  5087 : 0
  5084	  5091 : 1
  5088	  5139 : 0
  5136	  5143 : 0
  5140	  5171 : 0
  5168	  5175 : 0
  5172	  5211 : 0
  5208	  5219 : 1
  5216	  5223 : 0
  5220	  5231 : 0
  5228	  5239 : 0
  5236	  5247 : 0
  5244	  5251 : 0
  5248	  5271 : 0
  5268	  5319 : 0
  5316	  5327 : 1
  5324	  5391 : 0
  5388	  5399 : 0
  5396	  5415 : 0
  5412	  5419 : 0
  5416	  5471 : 0
  5468	  5479 : 0
  5476	  5495 : 0
  5492	  5503 : 1
  5500	  5591 : 0
  5588	  5595 : 0
  5592	  5611 : 0
  5608	  5739 : 1
  5736	  5767 : 0
  5764	  5771 : 0
  5768	  5775 : 0
  5772	  5787 : 0
  5784	  5791 : 0
  5788	  5831 : 0
  5828	  5839 : 0
  5836	  5847 : 0
  5844	  5851 : 0
  5848	  5855 : 1
  5852	  5879 : 0
  5876	  5895 : 0
  5892	  5907 : 0
  5904	  5915 : 0
  5912	  5943 : 0
  5940	  5959 : 0
  5956	  5995 : 0
  5992	  6011 : 0
  6008	  6087 : 0
  6084	  6091 : 2
  6088	  6147 : 0
  6144	  6155 : 0
  6152	  6167 : 0
  6164	  6199 : 0
  6196	  6243 : 0
  6240	  6247 : 0
  6244	  6251 : 0
  6248	  6283 : 0
  6280	  6299 : 0
  6296	  6403 : 0
  6400	  6407 : 0
  6404	  6411 : 0
  6408	  6455 : 0
  6452	  6467 : 0
  6464	  6487 : 0
  6484	  6583 : 0
