     0	    11 : 0
     8	    55 : 1
    52	   123 : 0
   120	   183 : 1
   180	   191 : 0
   188	   199 : 1
   196	   203 : 0
   200	   231 : 1
   228	   235 : 0
   232	   327 : 1
   324	   331 : 0
   328	   335 : 0
   332	   339 : 0
   336	   355 : 0
   352	   363 : 0
   360	   367 : 1
   364	   383 : 0
   380	   387 : 0
   384	   403 : 0
   400	   415 : 1
   412	   423 : 0
   420	   435 : 0
   432	   443 : 0
   440	   455 : 0
   452	   459 : 0
   456	   467 : 0
   464	   471 : 0
   468	   475 : 0
   472	   495 : 0
   492	   503 : 0
   500	   551 : 0
   548	   667 : 1
   664	   699 : 0
   696	   727 : 0
   724	   735 : 0
   732	   787 : 0
   784	   791 : 0
   788	   831 : 0
   828	   835 : 0
   832	   867 : 0
   864	   871 : 0
   868	   891 : 1
   888	  1087 : 0
  1084	  1095 : 1
  1092	  1099 : 0
  1096	  1403 : 0
  1400	  1415 : 0
  1412	  1419 : 0
  1416	  1691 : 0
  1688	  1699 : 1
  1696	  1747 : 0
  1744	  1755 : 0
  1752	  1879 : 0
  1876	  1895 : 1
  1892	  1915 : 0
  1912	  1919 : 1
  1916	  2059 : 0
  2056	  2071 : 1
  2068	  2075 : 0
  2072	  2091 : 0
  2088	  2119 : 0
  2116	  2127 : 0
  2124	  2135 : 0
  2132	  2171 : 0
  2168	  2231 : 0
  2228	  2331 : 1
  2328	  2423 : 0
  2420	  2431 : 1
  2428	  2511 : 0
  2508	  2523 : 1
  2520	  2555 : 0
  2552	  2563 : 1
  2560	  2587 : 0
  2584	  2611 : 0
  2608	  2619 : 0
  2616	  2635 : 0
  2632	  2671 : 0
  2668	  2719 : 0
  2716	  2735 : 0
  2732	  2743 : 1
  2740	  2815 : 0
  2812	  2823 : 0
  2820	  2895 : 0
  2892	  2911 : 0
  2908	  2943 : 0
  2940	  2951 : 1
  2948	  3043 : 0
  3040	  3099 : 0
  3096	  3111 : 0
  3108	  3131 : 0
  3128	  3135 : 0
  3132	  3171 : 0
  3168	  3251 : 0
  3248	  3267 : 0
  3264	  3319 : 0
  3316	  3323 : 1
  3320	  3327 : 0
  3324	  3359 : 0
  3356	  3451 : 0
  3448	  3463 : 1
  3460	  3479 : 0
  3476	  3503 : 1
  3500	  3599 : 0
  3596	  3615 : 1
  3612	  3623 : 0
  3620	  3627 : 0
  3624	  3631 : 0
  3628	  3643 : 0
  3640	  3655 : 0
  3652	  3659 : 0
  3656	  3675 : 0
  3672	  3695 : 0
  3692	  3703 : 0
  3700	  3747 : 0
  3744	  3783 : 0
  3780	  3807 : 0
  3804	  3819 : 0
  3816	  3823 : 0
  3820	  3859 : 0
  3856	  3871 : 1
  3868	  3899 : 0
  3896	  3931 : 0
  3928	  3959 : 0
  3956	  4011 : 1
  4008	  4043 : 0
  4040	  4071 : 1
  4068	  4223 : 0
  4220	  4231 : 1
  4228	  4335 : 0
  4332	  4431 : 1
  4428	  4439 : 0
  4436	  4451 : 1
  4448	  4539 : 0
  4536	  4559 : 0
  4556	  4571 : 0
  4568	  4587 : 0
  4584	  4611 : 0
  4608	  4643 : 0
  4640	  4699 : 0
  4696	  4707 : 0
  4704	  4903 : 0
  4900	  4911 : 0
  4908	  4923 : 0
  4920	  4931 : 0
  4928	  4947 : 0
  4944	  4951 : 0
  4948	  6015 : 0
  6012	  6031 : 1
  6028	  6035 : 0
  6032	  6071 : 1
  6068	  6075 : 0
  6072	  6107 : 1
  6104	  6115 : 0
  6112	  6123 : 1
  6120	  6127 : 0
  6124	  6163 : 1
  6160	  6167 : 0
  6164	  6199 : 1
  6196	  6203 : 0
  6200	  6287 : 0
  6284	  6299 : 0
  6296	  6355 : 1
  6352	  6407 : 0
  6404	  6415 : 1
  6412	  6643 : 0
  6640	  6655 : 1
  6652	  6879 : 0
  6876	  6891 : 1
  6888	  6911 : 0
