     0	    87 : 1
    84	   111 : 0
   108	   119 : 0
   116	   139 : 0
   136	   143 : 0
   140	   163 : 0
   160	   167 : 0
   164	   179 : 0
   176	   183 : 0
   180	   223 : 0
   220	   231 : 0
   228	   267 : 0
   264	   271 : 0
   268	   339 : 0
   336	   343 : 0
   340	   355 : 0
   352	   371 : 0
   368	   375 : 0
   372	   379 : 0
   376	   399 : 0
   396	   419 : 0
   416	   459 : 0
   456	   519 : 0
   516	   539 : 0
   536	   551 : 0
   548	   555 : 0
   552	   559 : 0
   556	   583 : 0
   580	   587 : 1
   584	   591 : 0
   588	   643 : 0
   640	   683 : 0
   680	   711 : 0
   708	   739 : 0
   736	   779 : 0
   776	   783 : 0
   780	   791 : 0
   788	   839 : 0
   836	   843 : 0
   840	   907 : 0
   904	   911 : 0
   908	   919 : 0
   916	   923 : 0
   920	   943 : 0
   940	   947 : 0
   944	   951 : 0
   948	   955 : 0
   952	   995 : 0
   992	  1011 : 0
  1008	  1027 : 0
  1024	  1035 : 1
  1032	  1063 : 0
  1060	  1079 : 0
  1076	  1179 : 0
  1176	  1187 : 0
  1184	  1191 : 0
  1188	  1203 : 0
  1200	  1211 : 0
  1208	  1219 : 0
  1216	  1243 : 0
  1240	  1251 : 0
  1248	  1291 : 0
  1288	  1299 : 0
  1296	  1331 : 0
  1328	  1355 : 1
  1352	  1363 : 0
  1360	  1375 : 0
  1372	  1455 : 0
  1452	  1471 : 0
  1468	  1487 : 0
  1484	  1523 : 0
  1520	  1539 : 0
  1536	  1543 : 0
  1540	  1559 : 0
  1556	  1563 : 0
  1560	  1619 : 0
  1616	  1635 : 0
  1632	  1643 : 0
  1640	  1655 : 0
  1652	  1671 : 0
  1668	  1695 : 0
  1692	  1703 : 0
  1700	  1719 : 0
  1716	  1723 : 0
  1720	  1747 : 0
  1744	  1763 : 0
  1760	  1767 : 0
  1764	  1779 : 0
  1776	  1787 : 0
  1784	  1795 : 0
  1792	  1803 : 0
  1800	  1807 : 0
  1804	  1815 : 0
  1812	  1823 : 0
  1820	  1843 : 0
  1840	  1859 : 0
  1856	  1875 : 0
  1872	  1879 : 0
  1876	  1887 : 1
  1884	  1895 : 0
  1892	  1907 : 0
  1904	  1923 : 0
  1920	  1939 : 0
  1936	  1963 : 0
  1960	  1967 : 0
  1964	  1975 : 0
  1972	  1987 : 0
  1984	  2007 : 0
  2004	  2023 : 0
  2020	  2095 : 0
  2092	  2099 : 0
  2096	  2167 : 0
  2164	  2171 : 0
  2168	  2179 : 0
  2176	  2215 : 0
  2212	  2255 : 0
  2252	  2263 : 0
  2260	  2375 : 0
  2372	  2379 : 0
  2376	  2411 : 0
  2408	  2419 : 0
  2416	  2491 : 0
  2488	  2495 : 0
  2492	  2499 : 0
  2496	  2523 : 0
  2520	  2535 : 0
  2532	  2539 : 0
  2536	  2559 : 0
  2556	  2579 : 0
  2576	  2603 : 0
  2600	  2619 : 0
  2616	  2623 : 0
  2620	  2627 : 0
  2624	  2631 : 0
  2628	  2639 : 0
  2636	  2647 : 0
  2644	  2655 : 0
  2652	  2659 : 0
  2656	  2671 : 0
  2668	  2687 : 0
  2684	  2691 : 0
  2688	  2699 : 0
  2696	  2703 : 0
  2700	  2707 : 0
  2704	  2723 : 0
  2720	  2755 : 0
  2752	  2775 : 0
  2772	  2783 : 0
  2780	  2787 : 0
  2784	  2803 : 0
  2800	  2807 : 0
  2804	  2875 : 0
  2872	  2883 : 0
  2880	  2947 : 0
  2944	  2959 : 1
  2956	  2975 : 0
  2972	  3063 : 0
  3060	  3067 : 0
  3064	  3091 : 0
  3088	  3147 : 0
  3144	  3171 : 0
  3168	  3183 : 0
  3180	  3199 : 0
  3196	  3203 : 0
  3200	  3239 : 0
  3236	  3247 : 0
  3244	  3283 : 0
  3280	  3291 : 0
  3288	  3299 : 0
  3296	  3323 : 0
  3320	  3331 : 0
  3328	  3351 : 0
  3348	  3359 : 0
  3356	  3379 : 0
  3376	  3383 : 0
  3380	  3431 : 0
  3428	  3435 : 0
  3432	  3439 : 0
  3436	  3503 : 0
  3500	  3523 : 0
  3520	  3527 : 0
  3524	  3539 : 0
  3536	  3543 : 0
  3540	  3547 : 0
  3544	  3551 : 0
  3548	  3575 : 0
  3572	  3731 : 0
  3728	  3747 : 0
  3744	  3759 : 0
  3756	  3851 : 0
  3848	  3859 : 0
  3856	  3863 : 0
  3860	  3899 : 0
  3896	  3919 : 0
  3916	  3923 : 0
  3920	  3927 : 0
  3924	  3931 : 0
  3928	  3939 : 0
  3936	  3943 : 0
  3940	  3995 : 0
  3992	  3999 : 0
  3996	  4015 : 0
  4012	  4035 : 0
  4032	  4063 : 0
  4060	  4067 : 0
  4064	  4139 : 0
  4136	  4143 : 0
  4140	  4335 : 0
  4332	  4351 : 0
  4348	  4403 : 0
  4400	  4415 : 0
  4412	  4427 : 0
  4424	  4435 : 0
  4432	  4491 : 0
  4488	  4495 : 0
  4492	  4587 : 0
  4584	  4591 : 0
  4588	  4731 : 0
  4728	  4735 : 0
  4732	  4815 : 0
  4812	  4823 : 0
  4820	  4863 : 0
  4860	  4871 : 0
  4868	  4951 : 0
  4948	  4955 : 0
  4952	  5147 : 0
  5144	  5155 : 1
  5152	  5335 : 0
  5332	  5407 : 0
  5404	  5415 : 0
  5412	  5799 : 1
