     0	   787 : 0
   784	   839 : 0
   836	  1099 : 0
  1096	  1107 : 0
  1104	  1167 : 0
  1164	  1175 : 0
  1172	  1235 : 0
  1232	  1371 : 0
  1368	  1547 : 0
  1544	  1555 : 0
  1552	  1571 : 0
  1568	  1691 : 0
  1688	  1695 : 0
  1692	  1703 : 0
  1700	  1751 : 0
  1748	  1759 : 0
  1756	  1791 : 0
  1788	  1915 : 0
  1912	  1935 : 0
  1932	  1947 : 0
  1944	  1959 : 0
  1956	  1967 : 0
  1964	  1983 : 0
  1980	  1991 : 0
  1988	  2027 : 0
  2024	  2031 : 0
  2028	  2039 : 0
  2036	  2047 : 0
  2044	  2051 : 0
  2048	  2075 : 0
  2072	  2091 : 0
  2088	  2147 : 0
  2144	  2167 : 0
  2164	  2179 : 0
  2176	  2183 : 0
  2180	  2199 : 0
  2196	  2303 : 0
  2300	  2331 : 0
  2328	  2359 : 0
  2356	  2383 : 0
  2380	  2427 : 0
  2424	  2443 : 0
  2440	  2455 : 0
  2452	  2467 : 0
  2464	  2483 : 0
  2480	  2499 : 0
  2496	  2555 : 0
  2552	  2559 : 0
  2556	  2563 : 0
  2560	  2575 : 0
  2572	  2595 : 0
  2592	  2679 : 0
  2676	  2703 : 0
  2700	  2727 : 0
  2724	  2739 : 0
  2736	  2819 : 0
  2816	  2831 : 0
  2828	  2839 : 0
  2836	  2843 : 0
  2840	  2855 : 0
  2852	  2887 : 0
  2884	  2899 : 0
  2896	  2903 : 0
  2900	  2943 : 0
  2940	  2955 : 0
  2952	  3015 : 0
  3012	  3019 : 0
  3016	  3155 : 0
  3152	  3167 : 0
  3164	  3171 : 0
  3168	  3175 : 0
  3172	  3179 : 0
  3176	  3187 : 0
  3184	  3191 : 0
  3188	  3235 : 0
  3232	  3303 : 0
  3300	  3351 : 0
  3348	  3359 : 0
  3356	  3419 : 0
  3416	  3431 : 0
  3428	  3463 : 0
  3460	  3471 : 0
  3468	  3475 : 0
  3472	  3479 : 0
  3476	  3507 : 0
  3504	  4015 : 0
  4012	  4019 : 0
  4016	  4051 : 0
  4048	  4155 : 0
  4152	  4159 : 0
  4156	  4323 : 0
  4320	  4347 : 0
  4344	  4355 : 0
  4352	  4651 : 0
  4648	  4703 : 0
  4700	  4819 : 0
  4816	  4823 : 0
  4820	  4827 : 0
  4824	  4831 : 0
  4828	  5015 : 0
  5012	  5019 : 0
  5016	  5023 : 0
  5020	  5067 : 0
  5064	  5143 : 0
  5140	  5207 : 0
  5204	  5211 : 0
  5208	  5215 : 0
  5212	  5227 : 0
  5224	  5295 : 0
  5292	  5315 : 0
  5312	  5331 : 0
  5328	  5335 : 0
  5332	  5359 : 0
  5356	  5367 : 0
  5364	  5371 : 0
  5368	  5375 : 0
  5372	  5391 : 0
  5388	  5399 : 0
  5396	  5423 : 0
  5420	  5431 : 0
  5428	  5467 : 0
  5464	  5471 : 0
  5468	  5507 : 0
  5504	  5515 : 0
  5512	  5523 : 0
  5520	  5527 : 0
  5524	  5555 : 0
  5552	  5567 : 0
  5564	  5735 : 0
  5732	  5743 : 0
  5740	  5787 : 0
  5784	  5791 : 0
  5788	  5795 : 0
  5792	  5851 : 0
  5848	  5855 : 0
  5852	  5859 : 0
  5856	  5947 : 0
  5944	  5951 : 0
  5948	  5999 : 0
  5996	  6015 : 0
  6012	  6131 : 0
  6128	  6135 : 0
  6132	  6171 : 0
  6168	  6195 : 0
  6192	  6483 : 0
  6480	  6487 : 0
  6484	  6543 : 0
  6540	  6595 : 0
  6592	  6607 : 0
  6604	  6615 : 0
  6612	  6623 : 0
  6620	  6723 : 0
  6720	  6787 : 0
  6784	  6807 : 0
  6804	  6887 : 0
  6884	  6947 : 0
  6944	  6951 : 0
  6948	  6955 : 0
  6952	  7035 : 0
  7032	  7039 : 0
  7036	  7367 : 0
  7364	  7375 : 0
  7372	  7379 : 0
  7376	  7399 : 0
  7396	  7423 : 0
  7420	  7443 : 0
  7440	  7451 : 0
  7448	  7463 : 0
  7460	  7519 : 0
  7516	  7567 : 0
  7564	  7571 : 0
  7568	  7591 : 0
  7588	  7595 : 0
  7592	  7643 : 0
  7640	  7651 : 0
  7648	  7663 : 0
  7660	  7667 : 0
  7664	  7771 : 0
  7768	  7779 : 0
  7776	  7875 : 0
  7872	  7899 : 0
  7896	  7903 : 0
  7900	  8167 : 0
  8164	  8183 : 0
  8180	  8187 : 0
  8184	  8195 : 0
  8192	  8207 : 0
  8204	  8219 : 0
  8216	  8223 : 0
  8220	  8231 : 0
  8228	  8503 : 0
  8500	  8507 : 0
  8504	  8515 : 0
  8512	  8543 : 0
  8540	  8695 : 0
  8692	  8763 : 0
  8760	  8907 : 0
  8904	  8915 : 0
  8912	  9183 : 0
  9180	  9255 : 0
  9252	  9259 : 0
  9256	  9263 : 0
  9260	  9267 : 0
  9264	  9271 : 0
  9268	  9287 : 0
  9284	  9291 : 0
  9288	  9295 : 0
  9292	  9343 : 0
  9340	  9387 : 0
  9384	  9419 : 0
  9416	  9519 : 0
  9516	  9531 : 0
  9528	  9583 : 0
  9580	  9603 : 0
  9600	  9607 : 0
  9604	  9623 : 0
  9620	  9627 : 0
  9624	  9639 : 0
  9636	  9643 : 0
  9640	  9695 : 0
  9692	  9755 : 0
  9752	  9763 : 0
  9760	  9783 : 0
  9780	  9791 : 0
  9788	  9795 : 0
  9792	  9815 : 0
  9812	  9819 : 0
  9816	  9899 : 0
  9896	  9903 : 0
  9900	  9907 : 0
  9904	  9919 : 0
  9916	  9923 : 0
  9920	  9931 : 0
  9928	  9935 : 0
  9932	  9939 : 0
  9936	  9979 : 0
  9976	  9983 : 0
  9980	  9987 : 0
  9984	  9999 : 0
  9996	 10035 : 0
 10032	 10043 : 0
 10040	 10943 : 0
 10940	 10951 : 0
 10948	 10967 : 0
