     0	    51 : 0
    48	   119 : 0
   116	   127 : 0
   124	   131 : 0
   128	   139 : 0
   136	   151 : 0
   148	   251 : 0
   248	   263 : 0
   260	   367 : 0
   364	   399 : 0
   396	   407 : 0
   404	   411 : 0
   408	   423 : 0
   420	   427 : 0
   424	   467 : 0
   464	   483 : 0
   480	   487 : 0
   484	   507 : 0
   504	   519 : 0
   516	   543 : 0
   540	   647 : 0
   644	   651 : 0
   648	   667 : 0
   664	   679 : 0
   676	   703 : 0
   700	   707 : 0
   704	   723 : 0
   720	   739 : 0
   736	   751 : 0
   748	   803 : 0
   800	   807 : 0
   804	   819 : 0
   816	   831 : 0
   828	   835 : 0
   832	   839 : 0
   836	   843 : 0
   840	   855 : 0
   852	   863 : 0
   860	   871 : 0
   868	   899 : 0
   896	   903 : 0
   900	   927 : 0
   924	   967 : 0
   964	   975 : 0
   972	   979 : 0
   976	  1535 : 0
  1532	  1543 : 0
  1540	  1551 : 0
  1548	  1767 : 0
  1764	  1783 : 0
  1780	  1799 : 0
  1796	  1815 : 0
  1812	  1875 : 0
  1872	  1887 : 0
  1884	  1931 : 0
  1928	  1959 : 0
  1956	  2171 : 0
  2168	  2175 : 0
  2172	  2207 : 0
  2204	  2227 : 0
  2224	  2415 : 0
  2412	  2479 : 0
  2476	  2483 : 0
  2480	  2487 : 0
  2484	  2539 : 0
  2536	  2547 : 0
  2544	  2659 : 0
  2656	  2679 : 0
  2676	  2687 : 0
  2684	  2703 : 0
  2700	  2731 : 0
  2728	  2743 : 0
  2740	  2751 : 0
  2748	  2763 : 0
  2760	  2831 : 0
  2828	  2843 : 0
  2840	  2847 : 0
  2844	  2871 : 0
  2868	  2927 : 0
  2924	  2931 : 0
  2928	  2943 : 0
  2940	  2963 : 0
  2960	  2971 : 0
  2968	  3015 : 0
  3012	  3023 : 0
  3020	  3027 : 0
  3024	  3043 : 0
  3040	  3051 : 0
  3048	  3071 : 0
  3068	  3087 : 0
  3084	  3107 : 0
  3104	  3115 : 0
  3112	  3119 : 0
  3116	  3143 : 0
  3140	  3147 : 0
  3144	  3167 : 0
  3164	  3187 : 0
  3184	  3191 : 0
  3188	  3259 : 0
  3256	  3267 : 0
  3264	  3271 : 0
  3268	  3279 : 0
  3276	  3307 : 0
  3304	  3323 : 0
  3320	  3383 : 0
  3380	  3391 : 0
  3388	  3599 : 0
  3596	  3611 : 0
  3608	  3615 : 0
  3612	  3623 : 0
  3620	  3663 : 0
  3660	  3667 : 0
  3664	  3675 : 0
  3672	  3679 : 0
  3676	  3699 : 0
  3696	  3711 : 0
  3708	  3823 : 0
  3820	  3827 : 0
  3824	  3907 : 0
  3904	  3911 : 0
  3908	  3919 : 0
  3916	  3931 : 0
  3928	  4079 : 0
  4076	  4087 : 0
  4084	  4103 : 0
  4100	  4111 : 0
  4108	  4207 : 0
  4204	  4239 : 0
  4236	  4243 : 0
  4240	  4259 : 0
  4256	  4271 : 0
  4268	  4275 : 0
  4272	  4311 : 0
  4308	  4319 : 0
  4316	  4395 : 0
  4392	  4411 : 0
  4408	  4431 : 0
  4428	  4435 : 0
  4432	  4467 : 0
  4464	  4479 : 0
  4476	  4495 : 0
  4492	  4515 : 0
  4512	  4523 : 0
  4520	  4539 : 0
  4536	  4559 : 0
  4556	  4567 : 0
  4564	  4571 : 0
  4568	  4607 : 0
  4604	  4615 : 0
  4612	  4631 : 0
  4628	  4699 : 0
  4696	  4703 : 0
  4700	  4799 : 1
  4796	  4803 : 0
  4800	  4835 : 0
  4832	  4839 : 0
  4836	  4855 : 0
  4852	  4863 : 0
  4860	  4867 : 0
  4864	  4871 : 0
  4868	  4879 : 0
  4876	  4895 : 0
  4892	  4903 : 0
  4900	  4907 : 0
  4904	  4955 : 0
  4952	  5019 : 0
  5016	  5035 : 0
  5032	  5055 : 0
  5052	  5059 : 0
  5056	  5063 : 0
  5060	  5075 : 0
  5072	  5103 : 0
  5100	  5107 : 0
  5104	  5215 : 0
  5212	  5251 : 0
  5248	  5259 : 0
  5256	  5263 : 0
  5260	  5307 : 0
  5304	  5311 : 0
  5308	  5319 : 0
  5316	  5355 : 0
  5352	  5395 : 0
  5392	  5411 : 0
  5408	  5431 : 0
  5428	  5459 : 0
  5456	  5483 : 0
  5480	  5523 : 0
  5520	  5527 : 0
  5524	  5539 : 0
  5536	  5563 : 0
  5560	  5567 : 0
  5564	  5603 : 0
  5600	  5635 : 0
  5632	  5719 : 0
  5716	  5739 : 1
