     0	    59 : 0
    56	    67 : 0
    64	   283 : 0
   280	   311 : 0
   308	   331 : 0
   328	   367 : 0
   364	   567 : 0
   564	   583 : 0
   580	   623 : 0
   620	   627 : 0
   624	   631 : 0
   628	   747 : 0
   744	   803 : 0
   800	  1083 : 0
  1080	  1167 : 0
  1164	  1179 : 0
  1176	  1219 : 0
  1216	  1563 : 0
  1560	  1599 : 1
  1596	  2027 : 0
  2024	  2035 : 1
  2032	  2251 : 0
  2248	  2255 : 1
  2252	  2319 : 0
  2316	  2335 : 0
  2332	  2339 : 0
  2336	  2471 : 0
  2468	  2695 : 0
  2692	  2699 : 1
  2696	  2795 : 0
  2792	  2803 : 0
  2800	  3035 : 0
  3032	  3039 : 1
  3036	  3335 : 0
  3332	  3339 : 0
  3336	  3351 : 0
  3348	  3399 : 0
  3396	  3407 : 0
  3404	  3431 : 0
  3428	  3655 : 0
  3652	  3679 : 0
  3676	  3751 : 0
  3748	  3755 : 0
  3752	  3759 : 0
  3756	  3767 : 0
  3764	  3775 : 0
  3772	  3795 : 0
  3792	  3799 : 0
  3796	  3807 : 1
  3804	  4683 : 0
  4680	  4691 : 0
  4688	  4707 : 0
  4704	  4735 : 0
  4732	  4743 : 0
  4740	  4775 : 0
  4772	  4787 : 0
  4784	  4795 : 0
  4792	  4799 : 0
  4796	  4807 : 0
  4804	  4815 : 0
  4812	  4819 : 0
  4816	  4839 : 0
  4836	  4847 : 0
  4844	  4867 : 0
  4864	  4871 : 0
  4868	  4875 : 0
  4872	  4883 : 0
  4880	  4903 : 0
  4900	  4943 : 0
  4940	  4987 : 0
  4984	  4991 : 0
  4988	  5063 : 0
  5060	  5075 : 0
  5072	  5091 : 0
  5088	  5095 : 0
  5092	  5191 : 0
  5188	  5275 : 0
  5272	  5467 : 0
  5464	  5523 : 0
  5520	  5575 : 0
  5572	  5579 : 1
  5576	  5899 : 0
  5896	  5971 : 0
  5968	  5991 : 0
  5988	  5999 : 0
  5996	  6031 : 0
  6028	  6051 : 0
  6048	  6235 : 0
  6232	  6243 : 0
  6240	  6263 : 0
  6260	  6275 : 0
  6272	  6291 : 0
  6288	  6299 : 0
  6296	  6479 : 0
  6476	  6487 : 0
  6484	  6507 : 0
  6504	  6803 : 0
