     0	     7 : 1
     4	    15 : 0
    12	    67 : 0
    64	   155 : 0
   152	   163 : 1
   160	   227 : 0
   224	   255 : 0
   252	   275 : 0
   272	   299 : 0
   296	   303 : 0
   300	   315 : 0
   312	   319 : 0
   316	   423 : 0
   420	   463 : 0
   460	   483 : 0
   480	   603 : 0
   600	   783 : 1
   780	   799 : 0
   796	   875 : 0
   872	   879 : 0
   876	   883 : 1
   880	   895 : 0
   892	   951 : 0
   948	   995 : 0
   992	  1003 : 1
  1000	  1079 : 0
  1076	  1139 : 0
  1136	  1167 : 0
  1164	  1171 : 0
  1168	  1187 : 0
  1184	  1199 : 0
  1196	  1203 : 0
  1200	  1347 : 0
  1344	  1351 : 0
  1348	  1403 : 0
  1400	  1415 : 0
  1412	  1419 : 0
  1416	  1523 : 0
  1520	  1559 : 1
  1556	  1647 : 0
  1644	  1659 : 0
  1656	  1695 : 0
  1692	  1703 : 0
  1700	  1755 : 0
  1752	  1763 : 0
  1760	  1771 : 0
  1768	  1855 : 1
  1852	  1875 : 0
  1872	  1899 : 0
  1896	  1915 : 0
  1912	  1919 : 0
  1916	  1951 : 0
  1948	  1967 : 0
  1964	  1975 : 0
  1972	  2099 : 1
  2096	  2135 : 0
  2132	  2155 : 0
  2152	  2187 : 0
  2184	  2303 : 0
  2300	  2307 : 0
  2304	  2319 : 1
  2316	  2331 : 0
  2328	  2395 : 1
  2392	  2403 : 0
  2400	  2411 : 0
  2408	  2427 : 0
  2424	  2431 : 0
  2428	  2487 : 0
  2484	  2491 : 1
  2488	  2499 : 0
  2496	  2511 : 0
  2508	  2515 : 0
  2512	  2527 : 0
  2524	  2587 : 0
  2584	  2591 : 0
  2588	  2603 : 0
  2600	  2659 : 0
  2656	  2663 : 0
  2660	  2671 : 0
  2668	  2679 : 0
  2676	  2695 : 0
  2692	  2699 : 0
  2696	  2719 : 0
  2716	  2731 : 0
  2728	  2735 : 0
  2732	  2751 : 0
  2748	  2775 : 0
  2772	  2783 : 0
  2780	  2835 : 0
  2832	  2839 : 0
  2836	  2843 : 1
  2840	  2975 : 0
  2972	  3127 : 1
  3124	  3243 : 0
  3240	  3255 : 1
  3252	  3271 : 0
  3268	  3275 : 0
  3272	  3291 : 0
  3288	  3299 : 0
  3296	  3307 : 0
  3304	  3311 : 1
  3308	  3367 : 0
  3364	  3487 : 1
  3484	  3491 : 0
  3488	  3559 : 0
  3556	  3595 : 0
  3592	  3607 : 0
  3604	  3647 : 0
  3644	  3711 : 1
  3708	  3719 : 0
  3716	  3739 : 0
  3736	  3767 : 0
  3764	  3771 : 1
  3768	  3799 : 0
  3796	  3815 : 0
  3812	  3839 : 0
  3836	  3843 : 1
  3840	  3847 : 0
  3844	  3859 : 0
  3856	  3863 : 0
  3860	  3875 : 0
  3872	  3883 : 0
  3880	  3899 : 0
  3896	  3903 : 0
  3900	  3907 : 1
  3904	  3915 : 0
  3912	  3919 : 0
  3916	  3995 : 0
  3992	  4031 : 0
  4028	  4047 : 0
  4044	  4055 : 1
  4052	  4163 : 0
  4160	  4167 : 1
  4164	  4211 : 0
  4208	  4215 : 0
  4212	  4375 : 0
  4372	  4383 : 1
  4380	  4423 : 0
  4420	  4427 : 0
  4424	  4435 : 0
  4432	  4443 : 0
  4440	  4447 : 0
  4444	  4455 : 0
  4452	  4459 : 0
  4456	  4467 : 0
  4464	  4471 : 0
  4468	  4523 : 0
  4520	  4539 : 0
  4536	  4583 : 1
  4580	  4611 : 0
  4608	  4623 : 1
  4620	  4627 : 0
  4624	  4635 : 0
  4632	  4659 : 0
  4656	  4663 : 0
  4660	  4671 : 0
  4668	  4695 : 0
  4692	  4767 : 0
  4764	  4783 : 1
  4780	  4787 : 0
  4784	  4795 : 0
  4792	  4843 : 0
  4840	  4847 : 1
  4844	  4867 : 0
  4864	  4871 : 1
  4868	  4887 : 0
  4884	  4891 : 0
  4888	  4895 : 0
  4892	  4903 : 0
  4900	  4915 : 0
  4912	  4919 : 0
  4916	  4927 : 0
  4924	  4931 : 1
  4928	  4987 : 0
  4984	  5031 : 0
  5028	  5035 : 0
  5032	  5043 : 1
  5040	  5047 : 0
  5044	  5051 : 0
  5048	  5071 : 0
  5068	  5115 : 0
  5112	  5119 : 0
  5116	  5127 : 0
  5124	  5139 : 0
  5136	  5147 : 0
  5144	  5163 : 0
  5160	  5183 : 1
  5180	  5191 : 0
  5188	  5203 : 0
  5200	  5207 : 0
  5204	  5211 : 0
  5208	  5259 : 0
  5256	  5267 : 1
  5264	  5275 : 0
  5272	  5519 : 0
