10	12
77	78
160	161
211	212
272	275
357	358
391	392
443	444
515	516
597	598
641	642
683	684
728	729
800	802
862	863
935	936
969	970
1002	1003
1063	1064
1116	1117
1189	1190
1266	1267
1304	1305
1335	1336
1364	1365
1396	1397
1456	1457
1523	1524
1580	1581
1669	1670
1739	1740
1803	1804
1858	1859
1941	1942
1985	1986
2026	2027
2059	2060
2091	2092
2122	2123
2145	2146
2189	2190
2236	2237
2300	2301
2356	2357
2445	2446
2487	2488
2528	2529
2569	2570
2637	2638
2701	2702
2714	2715
2751	2752
2793	2794
2829	2830
2885	2886
2917	2918
3031	3032
3059	3060
3101	3102
3148	3149
3226	3227
3339	3340
3402	3403
3495	3496
3537	3538
3604	3605
3645	3646
3735	3736
3799	3800
3870	3871
3956	3957
4012	4013
4065	4066
4171	4175
4318	4320
