24	25
97	98
170	171
217	218
292	293
315	316
378	379
407	408
456	457
498	499
533	534
571	572
606	607
679	680
742	743
773	774
808	809
838	839
878	879
914	915
970	971
1018	1019
1067	1068
1116	1117
1187	1188
1226	1227
1266	1267
1334	1335
1378	1379
1420	1421
1468	1469
1525	1526
1610	1611
1667	1668
1693	1694
1728	1729
1759	1760
1770	1771
1869	1870
1912	1913
1960	1962
2007	2008
2049	2050
2081	2082
2203	2204
2257	2258
2289	2290
2337	2338
2375	2376
2412	2413
2519	2521
2567	2568
2640	2641
2713	2714
2757	2758
2785	2786
2854	2855
2926	2927
2967	2968
3070	3071
3149	3150
3212	3213
3240	3241
3294	3295
3353	3354
3385	3386
3426	3429
3440	3441
3511	3512
3584	3585
3653	3654
3730	3731
3763	3764
3802	3803
3830	3831
3877	3878
3912	3913
3949	3950
4002	4003
4076	4077
4162	4163
4221	4222
4229	4230
4248	4249
4314	4315
4362	4363
4425	4426
4447	4448
4463	4464
4496	4497
4532	4533
4587	4588
4630	4631
4673	4674
4726	4727
4749	4750
4787	4788
4823	4824
4867	4869
4909	4910
4949	4950
4970	4971
5013	5014
5022	5023
5059	5060
5142	5143
5190	5191
5218	5219
5243	5244
5292	5293
5363	5364
5460	5461
5493	5494
5550	5551
