14	15
195	196
197	198
506	507
548	549
843	844
845	846
898	899
1171	1172
1173	1174
1189	1190
1198	1199
1231	1232
1557	1558
1569	1570
1587	1588
1599	1600
1604	1605
1810	1811
1819	1820
1836	1837
1855	1856
2307	2308
2365	2366
2427	2428
2898	2899
3285	3286
3302	3303
3346	3347
3385	3386
3387	3388
3426	3427
3459	3460
3479	3480
3499	3500
3788	3789
3826	3827
3865	3866
3936	3937
3964	3965
4002	4003
4069	4070
4187	4188
4293	4294
4627	4628
4713	4714
5067	5068
5129	5130
5179	5180
5225	5226
5266	5267
5343	5344
5391	5392
5487	5488
5520	5521
5537	5538
5559	5560
5603	5604
5622	5623
5701	5702
5754	5755
6160	6161
6199	6200
6263	6264
6294	6295
6344	6345
6407	6408
6479	6480
7033	7034
7100	7101
7160	7161
7189	7191
7250	7251
7449	7450
7487	7488
7522	7523
8124	8125
8180	8181
8228	8229
8292	8293
8341	8342
8366	8367
8693	8694
8731	8732
8760	8761
8825	8826
8931	8932
8970	8971
9023	9024
9104	9105
9152	9153
9206	9207
9249	9250
9412	9413
9469	9470
9530	9531
