102	103
158	159
214	215
288	289
386	387
420	421
436	437
477	478
635	636
679	680
730	731
778	779
826	827
874	875
923	924
971	972
1019	1020
1076	1077
1122	1123
1243	1244
1307	1308
1360	1361
1413	1414
1618	1619
1649	1650
1752	1753
1836	1837
1948	1949
1994	1995
2049	2050
2144	2145
2608	2609
2748	2749
2913	2914
3326	3327
3407	3408
3482	3483
3542	3543
3602	3603
3669	3670
3797	3798
3873	3874
3947	3948
4008	4009
4076	4077
4189	4190
4270	4271
4352	4353
4446	4447
4549	4550
4623	4624
4697	4698
4784	4785
4921	4922
4992	4993
5150	5151
