199	200
251	253
300	301
396	397
444	445
492	493
666	668
715	716
763	764
811	812
870	871
1158	1159
1201	1202
1570	1571
1596	1597
1634	1635
1682	1683
1735	1737
1782	1784
1826	1827
1874	1875
1922	1923
2009	2011
2283	2284
2384	2385
2480	2482
2574	2575
2619	2620
2667	2668
2715	2716
2763	2764
2905	2906
3096	3098
3145	3146
3150	3151
3188	3189
3246	3247
3284	3285
3294	3295
3332	3333
3380	3381
3438	3439
3476	3477
3481	3482
3524	3525
3720	3721
3764	3765
3817	3819
3866	3867
4004	4005
4052	4053
4100	4101
4153	4155
4292	4293
4388	4389
4436	4437
4484	4485
4532	4533
4580	4581
4628	4629
4676	4677
4724	4725
4734	4735
4772	4773
4820	4821
4868	4869
4878	4879
4916	4917
4964	4965
5064	5067
5209	5210
5252	5253
5257	5258
5306	5307
5337	5338
5383	5384
5431	5432
5479	5480
5534	5535
5580	5582
5719	5720
5767	5768
5815	5816
5959	5960
6007	6008
6107	6109
6199	6200
6301	6302
6306	6307
6344	6345
6349	6350
6401	6403
6552	6553
6695	6698
6741	6742
6835	6836
7669	7671
