0	26
27	93
94	142
143	176
177	217
218	266
267	308
309	399
400	510
511	565
566	597
598	1176
1177	1208
1209	1308
1309	1438
1439	1525
1526	1872
1873	1909
1910	2042
2043	2107
2108	2333
2334	2412
2413	2459
2460	2489
2490	2521
2522	2564
2565	2914
2915	3025
3026	3072
3073	3229
3230	3395
3396	3455
3456	3554
3555	3778
3779	3838
3839	3953
3954	3980
3981	4014
4015	4065
4066	4161
4162	4212
4213	4254
4255	4279
4280	4325
4326	4357
4358	4500
4501	4550
4551	4605
4606	4704
4705	4930
4931	5035
5036	5067
5068	5168
5169	5242
5243	5483
5484	5749
5750	6024
6025	6135
6136	6261
6262	6400
6401	6505
6506	6593
6594	6642
6643	6739
6740	6892
6893	6950
6951	7003
7004	7071
7072	7123
7124	7203
7204	7251
7252	7303
7304	7375
7376	7426
7427	7471
7472	7604
7605	7655
7656	7688
7689	7749
7750	7812
7813	7875
7876	7931
7932	7991
7992	8107
8108	8184
8185	8337
8338	8418
8419	8499
8500	8576
8577	8644
8645	8711
8712	8852
8853	8918
8919	8988
8989	9048
9049	9116
9117	9177
9178	9683
9684	9741
9742	9813
9814	9941
9942	10035
10036	10108
10109	10140
10141	10222
10223	10422
