     0	    19 : 0
    16	    27 : 0
    24	    35 : 1
    32	   175 : 0
   172	   183 : 1
   180	   187 : 2
   184	   211 : 0
   208	   215 : 0
   212	   259 : 0
   256	   263 : 0
   260	   531 : 0
   528	   771 : 0
   768	   775 : 0
   772	   819 : 0
   816	   915 : 1
   912	   951 : 0
   948	   959 : 1
   956	  1063 : 0
  1060	  1071 : 1
  1068	  1107 : 0
  1104	  1115 : 0
  1112	  1203 : 0
  1200	  1207 : 1
  1204	  1251 : 0
  1248	  1259 : 0
  1256	  1303 : 0
  1300	  1315 : 1
  1312	  1347 : 0
  1344	  1351 : 1
  1348	  1355 : 0
  1352	  1363 : 0
  1360	  1367 : 0
  1364	  1375 : 0
  1372	  1383 : 0
  1380	  1399 : 0
  1396	  1435 : 0
  1432	  1475 : 0
  1472	  1491 : 0
  1488	  1507 : 0
  1504	  1519 : 0
  1516	  1523 : 0
  1520	  1555 : 0
  1552	  1559 : 0
  1556	  1719 : 0
  1716	  1727 : 1
  1724	  1755 : 0
  1752	  1795 : 0
  1792	  1803 : 0
  1800	  1831 : 0
  1828	  1835 : 0
  1832	  1859 : 0
  1856	  1867 : 0
  1864	  1871 : 0
  1868	  1875 : 0
  1872	  1943 : 0
  1940	  2107 : 0
  2104	  2111 : 1
  2108	  2115 : 2
  2112	  2127 : 0
  2124	  2147 : 0
  2144	  2187 : 0
  2184	  2223 : 0
  2220	  2259 : 0
  2256	  2263 : 0
  2260	  2279 : 0
  2276	  2295 : 0
  2292	  2303 : 0
  2300	  2307 : 0
  2304	  2311 : 0
  2308	  2315 : 0
  2312	  2323 : 0
  2320	  2335 : 0
  2332	  2355 : 0
  2352	  2387 : 0
  2384	  2395 : 1
  2392	  2519 : 0
  2516	  2527 : 1
  2524	  2675 : 0
  2672	  2703 : 0
  2700	  2803 : 0
  2800	  2815 : 0
  2812	  3167 : 0
  3164	  3171 : 1
  3168	  3255 : 0
  3252	  3259 : 1
  3256	  3387 : 0
  3384	  3395 : 1
  3392	  3427 : 0
  3424	  3439 : 0
  3436	  3451 : 0
  3448	  3455 : 0
  3452	  3507 : 0
  3504	  3511 : 0
  3508	  3555 : 0
  3552	  3567 : 0
  3564	  3583 : 0
  3580	  3587 : 0
  3584	  3599 : 0
  3596	  3607 : 0
  3604	  3707 : 0
  3704	  3803 : 0
  3800	  3811 : 0
  3808	  3859 : 0
  3856	  3863 : 0
  3860	  3867 : 0
  3864	  3895 : 0
  3892	  3907 : 0
  3904	  3931 : 0
  3928	  3951 : 0
  3948	  4131 : 0
  4128	  4143 : 1
  4140	  4275 : 0
  4272	  4299 : 0
  4296	  4383 : 0
  4380	  4395 : 0
  4392	  4411 : 0
  4408	  4423 : 0
  4420	  4519 : 0
  4516	  4535 : 0
  4532	  4539 : 0
  4536	  4555 : 0
  4552	  4599 : 0
  4596	  4603 : 0
  4600	  4607 : 0
  4604	  4611 : 1
  4608	  4811 : 0
  4808	  4823 : 0
  4820	  5019 : 0
  5016	  5023 : 1
  5020	  5059 : 0
  5056	  5071 : 0
  5068	  5307 : 0
  5304	  5319 : 0
  5316	  5331 : 0
  5328	  5335 : 0
  5332	  5355 : 0
  5352	  5367 : 0
  5364	  5371 : 0
  5368	  5375 : 0
  5372	  5379 : 0
  5376	  5431 : 0
  5428	  5463 : 0
  5460	  5467 : 0
  5464	  5487 : 0
  5484	  5499 : 0
  5496	  5519 : 0
  5516	  5523 : 0
  5520	  5631 : 0
  5628	  5635 : 0
  5632	  5639 : 0
  5636	  5643 : 0
  5640	  5715 : 0
  5712	  5731 : 0
  5728	  5735 : 0
  5732	  5739 : 0
  5736	  5771 : 0
  5768	  5779 : 0
  5776	  5871 : 0
  5868	  5879 : 0
  5876	  5979 : 0
  5976	  5991 : 0
  5988	  6019 : 0
  6016	  6087 : 0
  6084	  6131 : 0
  6128	  6139 : 0
  6136	  6143 : 0
  6140	  6147 : 0
  6144	  6183 : 0
  6180	  6223 : 0
  6220	  6251 : 0
  6248	  6263 : 1
  6260	  6275 : 0
  6272	  6291 : 0
  6288	  6399 : 0
  6396	  6407 : 0
  6404	  6459 : 0
  6456	  6475 : 1
  6472	  6719 : 0
  6716	  6731 : 1
  6728	  6815 : 0
  6812	  6871 : 0
  6868	  6923 : 0
  6920	  6927 : 0
  6924	  6935 : 0
  6932	  6939 : 0
  6936	  6943 : 0
  6940	  6951 : 1
  6948	  6967 : 0
  6964	  7007 : 0
  7004	  7011 : 0
  7008	  7023 : 1
  7020	  7031 : 0
  7028	  7039 : 0
  7036	  7051 : 0
  7048	  7071 : 0
  7068	  7083 : 0
  7080	  7091 : 1
  7088	  7095 : 0
  7092	  7099 : 0
  7096	  7103 : 0
  7100	  7107 : 0
  7104	  7111 : 0
  7108	  7143 : 0
  7140	  7167 : 0
  7164	  7187 : 0
  7184	  7191 : 0
  7188	  7203 : 0
  7200	  7219 : 0
  7216	  7223 : 0
  7220	  7231 : 0
  7228	  7287 : 1
  7284	  7303 : 0
  7300	  7395 : 1
  7392	  7407 : 0
  7404	  7415 : 0
  7412	  7427 : 0
  7424	  7455 : 0
  7452	  7467 : 0
  7464	  7475 : 0
  7472	  7495 : 0
  7492	  7535 : 0
  7532	  7567 : 0
  7564	  7571 : 1
  7568	  7575 : 0
  7572	  7587 : 0
  7584	  7599 : 0
  7596	  7619 : 0
  7616	  7623 : 0
  7620	  7639 : 0
  7636	  7683 : 0
  7680	  7719 : 1
  7716	  7755 : 0
  7752	  7763 : 0
  7760	  7767 : 0
  7764	  7771 : 0
  7768	  7815 : 0
  7812	  7851 : 1
  7848	  7863 : 0
  7860	  7883 : 0
  7880	  7887 : 0
  7884	  7895 : 0
  7892	  7899 : 0
  7896	  7903 : 0
  7900	  7923 : 0
  7920	  8003 : 1
  8000	  8011 : 0
  8008	  8015 : 0
  8012	  8031 : 0
  8028	  8099 : 1
  8096	  8103 : 0
  8100	  8111 : 1
  8108	  8219 : 0
  8216	  8323 : 0
