     0	    11 : 0
     8	    19 : 0
    16	    75 : 0
    72	   107 : 0
   104	   239 : 0
   236	   275 : 0
   272	   295 : 0
   292	   323 : 0
   320	   407 : 0
   404	   415 : 1
   412	   515 : 0
   512	   527 : 0
   524	   543 : 0
   540	   547 : 0
   544	   555 : 0
   552	   571 : 0
   568	   579 : 0
   576	   583 : 0
   580	   607 : 0
   604	   683 : 1
   680	   699 : 0
   696	   703 : 1
   700	   739 : 0
   736	   743 : 0
   740	   747 : 0
   744	   759 : 0
   756	   791 : 0
   788	   799 : 1
   796	   863 : 0
   860	   915 : 0
   912	   943 : 0
   940	   959 : 0
   956	   991 : 0
   988	   995 : 0
   992	  1007 : 0
  1004	  1019 : 0
  1016	  1031 : 0
  1028	  1059 : 1
  1056	  1079 : 0
  1076	  1091 : 0
  1088	  1099 : 0
  1096	  1111 : 0
  1108	  1155 : 0
  1152	  1235 : 0
  1232	  1251 : 0
  1248	  1267 : 0
  1264	  1271 : 0
  1268	  1287 : 0
  1284	  1303 : 0
  1300	  1355 : 0
  1352	  1375 : 0
  1372	  1403 : 0
  1400	  1407 : 0
  1404	  1419 : 0
  1416	  1479 : 0
  1476	  1483 : 0
  1480	  1491 : 0
  1488	  1495 : 0
  1492	  1503 : 0
  1500	  1511 : 0
  1508	  1531 : 0
  1528	  1547 : 0
  1544	  1651 : 0
  1648	  1671 : 0
  1668	  1767 : 0
  1764	  1771 : 1
  1768	  1835 : 0
  1832	  1859 : 1
  1856	  1911 : 0
  1908	  1923 : 0
  1920	  1979 : 0
  1976	  1991 : 0
  1988	  2023 : 0
  2020	  2031 : 1
  2028	  2071 : 0
  2068	  2099 : 0
  2096	  2207 : 0
  2204	  2211 : 0
  2208	  2227 : 0
  2224	  2239 : 0
  2236	  2251 : 0
  2248	  2259 : 1
  2256	  3095 : 0
  3092	  3103 : 1
  3100	  3379 : 0
  3376	  3539 : 0
  3536	  3547 : 0
  3544	  3551 : 0
  3548	  3571 : 0
  3568	  3575 : 0
  3572	  3663 : 0
  3660	  3671 : 0
  3668	  3695 : 0
  3692	  3731 : 0
  3728	  3743 : 0
  3740	  3947 : 0
  3944	  3951 : 0
  3948	  3955 : 0
  3952	  3963 : 0
  3960	  3971 : 0
  3968	  3975 : 0
  3972	  3995 : 0
  3992	  4007 : 0
  4004	  4015 : 1
  4012	  4047 : 0
  4044	  4063 : 0
  4060	  4119 : 0
  4116	  4131 : 0
  4128	  4163 : 0
  4160	  4167 : 0
  4164	  4175 : 0
  4172	  4183 : 0
  4180	  4263 : 0
  4260	  4271 : 0
  4268	  4327 : 0
  4324	  4331 : 0
  4328	  4463 : 0
  4460	  4575 : 0
  4572	  4579 : 0
  4576	  4683 : 1
  4680	  4779 : 0
  4776	  4783 : 0
  4780	  4791 : 0
  4788	  4803 : 0
  4800	  4815 : 0
  4812	  4855 : 0
  4852	  4871 : 0
  4868	  4879 : 0
  4876	  4883 : 0
  4880	  4903 : 0
  4900	  4907 : 0
  4904	  4911 : 0
  4908	  4915 : 0
  4912	  4975 : 0
  4972	  4991 : 0
  4988	  4999 : 0
  4996	  5083 : 0
  5080	  5091 : 0
  5088	  5107 : 0
  5104	  5115 : 0
  5112	  5183 : 0
  5180	  5187 : 1
  5184	  5207 : 0
  5204	  5215 : 0
  5212	  5219 : 0
  5216	  5227 : 0
  5224	  5231 : 0
  5228	  5243 : 0
  5240	  5291 : 0
  5288	  5351 : 0
  5348	  5391 : 0
  5388	  5399 : 0
  5396	  5499 : 0
  5496	  5507 : 1
  5504	  5511 : 0
  5508	  5523 : 0
  5520	  5547 : 0
  5544	  5575 : 1
  5572	  5595 : 0
  5592	  5603 : 0
  5600	  5607 : 0
  5604	  5623 : 0
  5620	  5643 : 0
  5640	  5651 : 1
  5648	  5655 : 0
  5652	  5663 : 0
  5660	  5667 : 0
  5664	  5675 : 0
  5672	  5683 : 0
  5680	  5707 : 0
  5704	  5711 : 0
  5708	  5819 : 0
  5816	  5879 : 0
  5876	  5975 : 1
  5972	  6139 : 0
  6136	  6143 : 0
  6140	  6163 : 0
  6160	  6167 : 0
  6164	  6171 : 0
  6168	  6207 : 0
  6204	  6211 : 0
  6208	  6267 : 0
  6264	  6275 : 0
  6272	  6279 : 0
  6276	  6323 : 0
  6320	  6327 : 0
  6324	  6411 : 0
  6408	  6415 : 0
  6412	  6451 : 0
  6448	  6479 : 1
  6476	  6491 : 0
  6488	  6519 : 0
  6516	  6531 : 0
  6528	  6539 : 1
  6536	  6563 : 0
  6560	  6623 : 1
  6620	  6627 : 0
  6624	  6631 : 1
  6628	  6667 : 0
  6664	  6671 : 1
  6668	  6767 : 0
  6764	  6883 : 1
  6880	  6983 : 0
  6980	  7187 : 1
  7184	  7211 : 0
  7208	  7219 : 0
  7216	  7287 : 0
  7284	  7295 : 0
  7292	  7303 : 0
  7300	  7307 : 0
  7304	  7315 : 0
  7312	  7323 : 0
  7320	  7327 : 0
  7324	  7347 : 0
  7344	  7395 : 0
  7392	  7403 : 1
  7400	  7407 : 0
  7404	  7419 : 0
  7416	  7423 : 0
  7420	  7431 : 0
  7428	  7459 : 0
  7456	  7463 : 1
  7460	  7635 : 0
  7632	  7643 : 0
  7640	  7667 : 0
  7664	  7687 : 0
  7684	  7795 : 0
  7792	  7803 : 1
  7800	  7835 : 0
  7832	  7839 : 0
  7836	  7855 : 0
  7852	  7871 : 0
  7868	  7887 : 0
  7884	  7891 : 0
  7888	  7899 : 0
  7896	  7907 : 1
  7904	  7919 : 0
  7916	  7923 : 0
  7920	  7935 : 0
  7932	  7939 : 0
  7936	  7943 : 0
  7940	  7959 : 0
  7956	  8015 : 0
  8012	  8051 : 1
  8048	  8055 : 0
  8052	  8083 : 0
  8080	  8087 : 0
  8084	  8091 : 1
  8088	  8163 : 0
  8160	  8175 : 0
  8172	  8335 : 0
  8332	  8343 : 1
  8340	  8419 : 0
  8416	  8423 : 1
  8420	  8587 : 0
  8584	  8599 : 0
  8596	  8799 : 0
  8796	  8807 : 1
  8804	  8883 : 0
  8880	  8887 : 1
  8884	  8927 : 0
  8924	  8931 : 0
  8928	  9159 : 0
  9156	  9163 : 1
  9160	  9399 : 0
  9396	  9403 : 1
  9400	  9591 : 0
  9588	  9599 : 0
  9596	  9711 : 0
  9708	  9715 : 1
  9712	  9779 : 0
  9776	  9783 : 1
  9780	  9859 : 0
  9856	  9863 : 0
  9860	  9967 : 0
  9964	  9991 : 1
  9988	 10007 : 0
 10004	 10067 : 1
 10064	 10083 : 0
 10080	 10091 : 0
 10088	 10099 : 0
 10096	 10115 : 1
 10112	 10123 : 0
 10120	 10127 : 1
 10124	 10155 : 0
 10152	 10159 : 1
 10156	 10215 : 0
 10212	 10219 : 1
 10216	 10259 : 0
 10256	 10267 : 1
 10264	 10363 : 0
 10360	 10367 : 1
 10364	 10383 : 0
 10380	 10387 : 1
 10384	 10447 : 0
 10444	 10455 : 1
 10452	 10607 : 0
 10604	 10611 : 0
 10608	 10651 : 0
 10648	 10663 : 0
 10660	 10667 : 2
 10664	 10703 : 0
 10700	 10711 : 0
 10708	 10719 : 0
 10716	 10723 : 0
 10720	 10739 : 0
 10736	 10743 : 0
 10740	 10823 : 0
 10820	 10827 : 0
 10824	 10831 : 0
 10828	 10835 : 0
 10832	 10847 : 0
 10844	 10855 : 0
 10852	 10859 : 0
 10856	 10863 : 0
 10860	 10939 : 0
 10936	 10955 : 0
 10952	 10959 : 0
 10956	 10971 : 0
 10968	 10979 : 1
 10976	 10995 : 0
 10992	 11007 : 1
 11004	 11011 : 0
 11008	 11027 : 0
 11024	 11035 : 0
 11032	 11039 : 0
 11036	 11051 : 0
 11048	 11059 : 1
 11056	 11063 : 0
 11060	 11067 : 0
 11064	 11071 : 0
 11068	 11111 : 0
 11108	 11127 : 0
 11124	 11135 : 0
 11132	 11139 : 0
 11136	 11151 : 0
 11148	 11159 : 0
 11156	 11163 : 0
 11160	 11179 : 0
 11176	 11211 : 0
 11208	 11215 : 0
 11212	 11227 : 0
 11224	 11235 : 0
 11232	 11267 : 0
 11264	 11375 : 0
 11372	 11383 : 1
 11380	 11439 : 0
 11436	 11451 : 0
 11448	 11455 : 0
 11452	 11463 : 0
 11460	 11467 : 0
 11464	 11471 : 0
 11468	 11475 : 0
 11472	 11567 : 0
 11564	 11695 : 0
 11692	 11707 : 0
 11704	 11739 : 0
 11736	 11747 : 0
 11744	 11751 : 0
 11748	 11819 : 1
 11816	 11839 : 0
 11836	 11855 : 0
 11852	 11959 : 0
 11956	 11963 : 0
 11960	 12043 : 0
 12040	 12199 : 1
 12196	 12219 : 0
 12216	 12247 : 0
 12244	 12323 : 0
 12320	 12331 : 0
 12328	 12395 : 0
 12392	 12403 : 0
 12400	 12407 : 0
 12404	 12423 : 0
 12420	 12479 : 0
 12476	 12487 : 0
 12484	 12491 : 0
 12488	 12523 : 0
 12520	 12527 : 0
 12524	 12535 : 0
 12532	 12663 : 0
 12660	 12687 : 0
 12684	 12691 : 0
 12688	 12715 : 0
 12712	 12723 : 0
 12720	 12727 : 0
 12724	 12747 : 0
 12744	 12763 : 0
 12760	 12831 : 0
 12828	 12867 : 1
 12864	 12911 : 0
 12908	 12915 : 1
 12912	 12919 : 0
 12916	 12947 : 0
 12944	 13043 : 0
 13040	 13067 : 0
 13064	 13099 : 0
 13096	 13111 : 0
 13108	 13187 : 0
 13184	 13191 : 1
 13188	 13267 : 0
 13264	 13319 : 1
 13316	 13323 : 0
 13320	 13351 : 0
 13348	 13447 : 0
 13444	 13475 : 0
 13472	 13543 : 0
 13540	 13551 : 1
 13548	 13571 : 0
 13568	 13575 : 0
 13572	 13699 : 0
 13696	 13707 : 1
 13704	 13743 : 0
 13740	 13763 : 1
 13760	 13771 : 0
 13768	 13779 : 1
 13776	 13799 : 0
 13796	 13803 : 0
 13800	 13891 : 0
 13888	 13903 : 1
 13900	 13959 : 0
 13956	 13963 : 0
 13960	 13967 : 0
 13964	 13971 : 0
 13968	 14027 : 0
 14024	 14031 : 0
 14028	 14091 : 0
 14088	 14103 : 1
 14100	 14163 : 0
 14160	 14175 : 0
 14172	 14231 : 0
 14228	 14235 : 1
 14232	 14255 : 0
 14252	 14431 : 0
 14428	 14435 : 0
 14432	 14491 : 0
 14488	 14499 : 0
 14496	 14503 : 0
 14500	 14527 : 0
 14524	 14575 : 0
 14572	 14739 : 0
 14736	 14827 : 0
 14824	 14871 : 0
