     0	    75 : 0
    72	    79 : 0
    76	    91 : 1
    88	    99 : 0
    96	   111 : 0
   108	   119 : 0
   116	   159 : 0
   156	   163 : 0
   160	   199 : 1
   196	   219 : 0
   216	   283 : 0
   280	   295 : 0
   292	   323 : 1
   320	   367 : 0
   364	   375 : 0
   372	   459 : 0
   456	   463 : 0
   460	   519 : 0
   516	   563 : 0
   560	   583 : 0
   580	   587 : 0
   584	   615 : 0
   612	   619 : 0
   616	   719 : 0
   716	   739 : 0
   736	   751 : 0
   748	   755 : 0
   752	   767 : 0
   764	   799 : 0
   796	   811 : 0
   808	   827 : 0
   824	   831 : 0
   828	   943 : 0
   940	   947 : 0
   944	   967 : 1
   964	   971 : 0
   968	   991 : 0
   988	   995 : 0
   992	  1027 : 0
  1024	  1035 : 0
  1032	  1063 : 0
  1060	  1071 : 0
  1068	  1079 : 0
  1076	  1099 : 0
  1096	  1143 : 0
  1140	  1147 : 0
  1144	  1187 : 0
  1184	  1207 : 0
  1204	  1391 : 0
  1388	  1399 : 0
  1396	  1403 : 0
  1400	  1463 : 0
  1460	  1519 : 0
  1516	  1523 : 0
  1520	  1531 : 0
  1528	  1535 : 0
  1532	  1539 : 1
  1536	  1547 : 0
  1544	  1587 : 0
  1584	  1595 : 0
  1592	  1607 : 0
  1604	  1615 : 0
  1612	  1623 : 1
  1620	  1655 : 0
  1652	  1663 : 1
  1660	  1667 : 0
  1664	  1735 : 0
  1732	  1759 : 0
  1756	  1767 : 0
  1764	  1771 : 0
  1768	  1787 : 0
  1784	  1791 : 0
  1788	  1799 : 0
  1796	  1803 : 0
  1800	  1819 : 0
  1816	  1835 : 0
  1832	  1839 : 0
  1836	  1843 : 0
  1840	  1947 : 0
  1944	  1955 : 0
  1952	  1959 : 0
  1956	  1963 : 0
  1960	  1987 : 0
  1984	  1999 : 0
  1996	  2003 : 0
  2000	  2007 : 0
  2004	  2015 : 0
  2012	  2019 : 0
  2016	  2039 : 0
  2036	  2043 : 0
  2040	  2067 : 0
  2064	  2087 : 0
  2084	  2095 : 0
  2092	  2131 : 0
  2128	  2139 : 0
  2136	  2143 : 0
  2140	  2195 : 0
  2192	  2203 : 0
  2200	  2227 : 0
  2224	  2247 : 0
  2244	  2263 : 0
  2260	  2299 : 0
  2296	  2323 : 0
  2320	  2347 : 0
  2344	  2423 : 0
  2420	  2431 : 0
  2428	  2455 : 0
  2452	  2467 : 0
  2464	  2471 : 0
  2468	  2475 : 0
  2472	  2487 : 0
  2484	  2571 : 0
  2568	  2579 : 0
  2576	  2595 : 0
  2592	  2603 : 0
  2600	  2619 : 0
  2616	  2635 : 0
  2632	  2659 : 0
  2656	  2663 : 0
  2660	  2695 : 0
  2692	  2719 : 0
  2716	  2731 : 0
  2728	  2755 : 0
  2752	  2759 : 0
  2756	  2767 : 0
  2764	  2775 : 0
  2772	  2791 : 0
  2788	  2807 : 0
  2804	  2823 : 0
  2820	  2839 : 0
  2836	  2843 : 0
  2840	  2847 : 0
  2844	  2903 : 1
  2900	  2923 : 0
  2920	  2935 : 0
  2932	  2939 : 0
  2936	  2947 : 1
  2944	  2951 : 0
  2948	  2963 : 1
  2960	  2971 : 0
  2968	  2975 : 0
  2972	  2999 : 0
  2996	  3079 : 0
  3076	  3087 : 0
  3084	  3107 : 0
  3104	  3111 : 0
  3108	  3123 : 0
  3120	  3179 : 0
  3176	  3283 : 0
  3280	  3287 : 0
  3284	  3299 : 0
  3296	  3303 : 0
  3300	  3335 : 0
  3332	  3343 : 0
  3340	  3347 : 0
  3344	  3351 : 0
  3348	  3375 : 0
  3372	  3387 : 0
  3384	  3427 : 0
  3424	  3431 : 0
  3428	  3435 : 0
  3432	  3439 : 0
  3436	  3443 : 0
  3440	  3447 : 0
  3444	  3451 : 0
  3448	  3459 : 0
  3456	  3463 : 1
  3460	  3519 : 0
  3516	  3523 : 0
  3520	  3531 : 0
  3528	  3539 : 0
  3536	  3543 : 0
  3540	  3551 : 0
  3548	  3571 : 0
  3568	  3579 : 0
  3576	  3583 : 0
  3580	  3607 : 0
  3604	  3611 : 0
  3608	  3623 : 0
  3620	  3631 : 0
  3628	  3663 : 0
  3660	  3671 : 0
  3668	  3691 : 0
  3688	  3699 : 0
  3696	  3723 : 0
  3720	  3743 : 0
  3740	  3751 : 0
  3748	  3755 : 0
  3752	  3763 : 1
  3760	  3811 : 0
  3808	  3815 : 1
  3812	  3831 : 0
  3828	  3851 : 1
  3848	  3875 : 0
  3872	  4195 : 0
  4192	  4231 : 0
  4228	  4275 : 0
  4272	  4287 : 0
  4284	  4343 : 0
  4340	  4347 : 0
  4344	  4351 : 1
  4348	  4359 : 0
  4356	  4375 : 1
  4372	  4447 : 0
  4444	  4535 : 0
