     0	   195 : 1
   192	   203 : 0
   200	   207 : 0
   204	   387 : 0
   384	   391 : 1
   388	   399 : 0
   396	   403 : 1
   400	   595 : 0
   592	   611 : 0
   608	   791 : 0
   788	   811 : 1
   808	  1011 : 0
  1008	  1027 : 1
  1024	  1219 : 0
  1216	  1239 : 1
  1236	  1435 : 0
  1432	  1443 : 1
  1440	  1651 : 0
  1648	  2287 : 1
  2284	  2315 : 0
  2312	  2391 : 0
  2388	  2435 : 0
  2432	  2439 : 0
  2436	  2455 : 0
  2452	  2487 : 0
  2484	  2503 : 0
  2500	  2507 : 0
  2504	  2515 : 0
  2512	  2655 : 0
  2652	  2839 : 0
  2836	  2859 : 1
  2856	  2903 : 0
  2900	  2907 : 0
  2904	  3051 : 0
  3048	  3055 : 0
  3052	  3107 : 0
  3104	  3111 : 0
  3108	  3115 : 0
  3112	  3211 : 0
  3208	  3227 : 0
  3224	  3231 : 0
  3228	  3235 : 0
  3232	  3251 : 0
  3248	  3263 : 0
  3260	  3271 : 0
  3268	  3279 : 0
  3276	  3287 : 0
  3284	  3315 : 0
  3312	  3351 : 0
  3348	  3363 : 0
  3360	  3367 : 0
  3364	  3375 : 0
  3372	  3387 : 0
  3384	  3439 : 0
  3436	  3443 : 0
  3440	  3451 : 0
  3448	  3459 : 0
  3456	  3491 : 0
  3488	  3519 : 0
  3516	  3523 : 0
  3520	  3527 : 0
  3524	  3531 : 0
  3528	  3547 : 0
  3544	  3551 : 0
  3548	  3559 : 0
  3556	  3567 : 0
  3564	  3587 : 0
  3584	  3599 : 0
  3596	  3635 : 0
  3632	  3651 : 0
  3648	  3707 : 0
  3704	  3719 : 0
  3716	  3759 : 0
  3756	  3787 : 0
  3784	  3795 : 0
  3792	  3803 : 0
  3800	  3807 : 0
  3804	  3847 : 0
  3844	  3851 : 0
  3848	  3855 : 0
  3852	  3927 : 0
  3924	  3943 : 0
  3940	  3967 : 0
  3964	  3971 : 0
  3968	  3987 : 0
  3984	  4015 : 0
  4012	  4051 : 0
  4048	  4063 : 0
  4060	  4079 : 0
  4076	  4139 : 0
  4136	  4147 : 0
  4144	  4163 : 0
  4160	  4167 : 0
  4164	  4303 : 0
  4300	  4307 : 0
  4304	  4311 : 0
  4308	  4343 : 1
  4340	  4347 : 0
  4344	  4359 : 0
  4356	  4363 : 0
  4360	  4387 : 0
  4384	  4587 : 0
  4584	  4671 : 1
  4668	  4683 : 0
  4680	  4691 : 0
  4688	  4703 : 0
  4700	  4711 : 0
  4708	  4715 : 0
  4712	  4855 : 0
  4852	  4859 : 0
  4856	  5087 : 0
  5084	  5091 : 0
  5088	  5347 : 0
