     0	   947 : 0
   944	   971 : 1
   968	  1839 : 0
  1836	  3499 : 1
  3496	  3511 : 0
  3508	  3527 : 0
  3524	  3531 : 0
  3528	  3543 : 0
  3540	  3559 : 0
  3556	  3567 : 0
  3564	  3571 : 0
  3568	  3723 : 0
  3720	  3947 : 0
  3944	  3951 : 0
  3948	  4135 : 0
  4132	  4139 : 0
  4136	  4211 : 0
  4208	  4215 : 0
  4212	  4275 : 0
  4272	  4279 : 0
  4276	  4371 : 0
  4368	  4375 : 0
  4372	  4623 : 0
  4620	  4627 : 0
  4624	  4651 : 0
  4648	  4675 : 0
  4672	  4787 : 0
  4784	  4839 : 1
  4836	  5975 : 0
  5972	  6003 : 1
  6000	  8843 : 0
  8840	  8891 : 1
  8888	  8895 : 0
  8892	  8899 : 1
  8896	 16239 : 0
 16236	 16283 : 1
 16280	 18239 : 0
 18236	 18267 : 1
 18264	 22771 : 0
 22768	 22811 : 1
 22808	 22815 : 0
 22812	 22819 : 1
 22816	 25371 : 0
 25368	 25411 : 1
 25408	 26907 : 0
 26904	 26939 : 1
 26936	 26943 : 0
 26940	 26947 : 1
 26944	 29599 : 0
 29596	 29635 : 1
 29632	 31951 : 0
 31948	 31983 : 1
 31980	 31987 : 0
 31984	 31991 : 1
 31988	 34963 : 0
 34960	 35091 : 1
