     0	    35 : 0
    32	    47 : 0
    44	   115 : 0
   112	   119 : 1
   116	   155 : 0
   152	   163 : 0
   160	   183 : 0
   180	   207 : 1
   204	   215 : 0
   212	   235 : 0
   232	   243 : 0
   240	   247 : 1
   244	   271 : 0
   268	   319 : 1
   316	   367 : 0
   364	   407 : 1
   404	   419 : 0
   416	   447 : 0
   444	   495 : 0
   492	   503 : 1
   500	   543 : 0
   540	   555 : 0
   552	   559 : 0
   556	   563 : 1
   560	   587 : 0
   584	   615 : 0
   612	   619 : 0
   616	   627 : 1
   624	   683 : 0
   680	   687 : 1
   684	   691 : 0
   688	   703 : 1
   700	   707 : 0
   704	   711 : 0
   708	   735 : 0
   732	   751 : 0
   748	   771 : 0
   768	   779 : 0
   776	   803 : 0
   800	   807 : 0
   804	   815 : 0
   812	   827 : 0
   824	   855 : 0
   852	   859 : 0
   856	   863 : 0
   860	   879 : 0
   876	   883 : 0
   880	   947 : 0
   944	   951 : 0
   948	   987 : 0
   984	   999 : 0
   996	  1007 : 0
  1004	  1047 : 0
  1044	  1055 : 0
  1052	  1099 : 0
  1096	  1103 : 0
  1100	  1123 : 0
  1120	  1131 : 0
  1128	  1139 : 0
  1136	  1147 : 0
  1144	  1163 : 0
  1160	  1171 : 0
  1168	  1175 : 0
  1172	  1183 : 0
  1180	  1199 : 0
  1196	  1211 : 0
  1208	  1215 : 0
  1212	  1219 : 0
  1216	  1231 : 0
  1228	  1239 : 0
  1236	  1251 : 0
  1248	  1259 : 1
  1256	  1359 : 0
  1356	  1383 : 0
  1380	  1391 : 0
  1388	  1395 : 0
  1392	  1439 : 0
  1436	  1447 : 0
  1444	  1467 : 0
  1464	  1475 : 0
  1472	  1503 : 0
  1500	  1515 : 1
  1512	  1547 : 0
  1544	  1619 : 0
  1616	  1643 : 0
  1640	  1647 : 0
  1644	  1651 : 0
  1648	  1659 : 0
  1656	  1667 : 0
  1664	  1671 : 0
  1668	  1675 : 0
  1672	  1679 : 0
  1676	  1695 : 0
  1692	  1719 : 0
  1716	  1731 : 0
  1728	  1739 : 0
  1736	  1755 : 0
  1752	  1763 : 1
  1760	  1791 : 0
  1788	  1795 : 0
  1792	  1819 : 0
  1816	  1827 : 1
  1824	  1883 : 0
  1880	  1891 : 1
  1888	  1967 : 0
  1964	  1971 : 0
  1968	  1991 : 0
  1988	  2023 : 0
  2020	  2071 : 0
  2068	  2079 : 1
  2076	  2135 : 0
  2132	  2139 : 1
  2136	  2263 : 0
  2260	  2327 : 1
  2324	  2351 : 0
  2348	  2395 : 0
  2392	  2407 : 0
  2404	  2419 : 0
  2416	  2511 : 0
  2508	  2519 : 1
  2516	  2555 : 0
  2552	  2559 : 0
  2556	  2567 : 0
  2564	  2575 : 0
  2572	  2599 : 0
  2596	  2631 : 0
  2628	  2643 : 0
  2640	  2655 : 0
  2652	  2659 : 0
  2656	  2775 : 0
  2772	  2787 : 0
  2784	  2799 : 0
  2796	  2807 : 0
  2804	  2899 : 0
  2896	  2903 : 0
  2900	  2971 : 0
  2968	  2975 : 0
  2972	  2979 : 0
  2976	  2987 : 0
  2984	  2999 : 0
  2996	  3003 : 0
  3000	  3027 : 0
  3024	  3051 : 0
  3048	  3055 : 0
  3052	  3083 : 0
  3080	  3191 : 1
  3188	  3195 : 0
  3192	  3239 : 0
  3236	  3243 : 0
  3240	  3279 : 0
  3276	  3295 : 0
  3292	  3363 : 0
  3360	  3371 : 0
  3368	  3391 : 0
  3388	  3411 : 0
  3408	  3415 : 0
  3412	  3423 : 0
  3420	  3443 : 0
  3440	  3447 : 0
  3444	  3487 : 0
  3484	  3495 : 0
  3492	  3531 : 0
  3528	  3547 : 0
  3544	  3551 : 0
  3548	  3587 : 0
  3584	  3595 : 1
  3592	  3603 : 0
  3600	  3623 : 1
  3620	  3635 : 0
  3632	  3671 : 1
  3668	  3691 : 0
  3688	  3703 : 0
  3700	  3711 : 0
  3708	  3747 : 1
  3744	  3779 : 0
  3776	  3783 : 1
  3780	  3787 : 0
  3784	  3791 : 0
  3788	  3795 : 0
  3792	  3823 : 0
  3820	  3843 : 0
  3840	  3847 : 1
  3844	  3863 : 0
  3860	  3911 : 0
  3908	  3915 : 0
  3912	  3939 : 0
  3936	  3963 : 0
  3960	  3987 : 0
  3984	  4031 : 0
  4028	  4079 : 1
  4076	  4107 : 0
  4104	  4131 : 0
  4128	  4139 : 0
  4136	  4143 : 0
  4140	  4147 : 0
  4144	  4195 : 0
  4192	  4199 : 0
  4196	  4203 : 0
  4200	  4279 : 0
  4276	  4367 : 1
  4364	  4407 : 0
  4404	  4431 : 1
  4428	  4435 : 0
  4432	  4483 : 0
  4480	  4531 : 0
  4528	  4555 : 1
  4552	  4595 : 0
  4592	  4603 : 1
  4600	  4627 : 0
  4624	  4631 : 1
  4628	  4651 : 0
  4648	  4659 : 0
  4656	  4723 : 0
  4720	  4731 : 1
  4728	  4735 : 0
  4732	  4739 : 0
  4736	  4787 : 0
  4784	  4791 : 1
  4788	  4827 : 0
  4824	  4831 : 0
  4828	  4847 : 0
  4844	  4851 : 1
  4848	  4867 : 0
  4864	  4871 : 0
  4868	  4887 : 0
  4884	  4895 : 0
  4892	  4911 : 0
  4908	  4963 : 1
  4960	  4979 : 0
  4976	  5019 : 0
  5016	  5027 : 0
  5024	  5043 : 0
  5040	  5055 : 0
  5052	  5067 : 0
  5064	  5099 : 0
  5096	  5163 : 1
  5160	  5227 : 0
  5224	  5239 : 0
  5236	  5247 : 0
  5244	  5275 : 0
  5272	  5287 : 0
  5284	  5303 : 1
  5300	  5307 : 0
  5304	  5311 : 0
  5308	  5335 : 0
  5332	  5339 : 0
  5336	  5343 : 0
  5340	  5347 : 0
  5344	  5363 : 0
  5360	  5371 : 0
  5368	  5395 : 0
  5392	  5403 : 1
  5400	  5419 : 0
  5416	  5423 : 1
  5420	  5455 : 0
  5452	  5539 : 0
  5536	  5555 : 0
  5552	  5599 : 1
