     0	   111 : 1
   108	   115 : 0
   112	   243 : 0
   240	   247 : 0
   244	   251 : 0
   248	   267 : 0
   264	   271 : 0
   268	   275 : 0
   272	   295 : 0
   292	   327 : 0
   324	   355 : 0
   352	   359 : 0
   356	   371 : 0
   368	   379 : 0
   376	   431 : 0
   428	   435 : 0
   432	   459 : 0
   456	   463 : 0
   460	   583 : 0
   580	   587 : 0
   584	   591 : 0
   588	   607 : 0
   604	   867 : 0
   864	   871 : 0
   868	   939 : 0
   936	   943 : 0
   940	   963 : 0
   960	   971 : 0
   968	  1031 : 0
  1028	  1035 : 0
  1032	  1055 : 0
  1052	  1067 : 0
  1064	  1071 : 0
  1068	  1087 : 0
  1084	  1091 : 0
  1088	  1111 : 0
  1108	  1123 : 0
  1120	  1159 : 0
  1156	  1175 : 0
  1172	  1183 : 0
  1180	  1223 : 0
  1220	  1227 : 0
  1224	  1299 : 0
  1296	  1323 : 0
  1320	  1351 : 0
  1348	  1355 : 0
  1352	  1359 : 0
  1356	  1379 : 0
  1376	  1439 : 0
  1436	  1451 : 0
  1448	  1467 : 0
  1464	  1471 : 0
  1468	  1543 : 0
  1540	  1547 : 0
  1544	  1611 : 0
  1608	  1615 : 0
  1612	  1619 : 0
  1616	  1631 : 0
  1628	  1667 : 0
  1664	  1671 : 0
  1668	  1687 : 0
  1684	  1691 : 0
  1688	  1703 : 0
  1700	  1707 : 0
  1704	  1723 : 0
  1720	  1727 : 0
  1724	  1731 : 0
  1728	  1735 : 0
  1732	  1739 : 0
  1736	  1743 : 0
  1740	  1771 : 0
  1768	  1775 : 0
  1772	  1911 : 0
  1908	  1919 : 0
  1916	  1923 : 0
  1920	  1931 : 0
  1928	  1979 : 0
  1976	  1983 : 0
  1980	  2459 : 0
  2456	  2463 : 0
  2460	  2467 : 0
  2464	  2471 : 0
  2468	  2519 : 0
  2516	  2523 : 0
  2520	  3067 : 0
  3064	  3071 : 0
  3068	  3075 : 0
  3072	  3087 : 0
  3084	  3103 : 0
  3100	  3119 : 0
  3116	  3131 : 0
  3128	  3151 : 0
  3148	  3159 : 0
  3156	  3167 : 0
  3164	  3171 : 0
  3168	  3175 : 0
  3172	  3187 : 0
  3184	  3203 : 0
  3200	  3283 : 0
  3280	  3287 : 0
  3284	  3303 : 0
  3300	  3307 : 0
  3304	  3331 : 0
  3328	  3363 : 0
  3360	  3371 : 0
  3368	  3379 : 0
  3376	  3427 : 0
  3424	  3431 : 0
  3428	  3467 : 0
  3464	  3479 : 0
  3476	  3483 : 0
  3480	  3499 : 0
  3496	  3503 : 0
  3500	  3511 : 0
  3508	  3683 : 0
  3680	  3687 : 0
  3684	  3691 : 0
  3688	  3695 : 0
  3692	  3739 : 0
  3736	  3743 : 0
  3740	  3755 : 0
  3752	  3759 : 0
  3756	  3763 : 0
  3760	  3771 : 0
  3768	  3779 : 0
  3776	  3795 : 0
  3792	  3819 : 0
  3816	  3823 : 0
  3820	  3923 : 0
  3920	  3927 : 0
  3924	  3971 : 0
  3968	  3975 : 0
  3972	  4091 : 0
  4088	  4103 : 0
  4100	  4283 : 0
  4280	  4287 : 0
  4284	  4299 : 0
  4296	  4303 : 0
  4300	  4315 : 0
  4312	  4351 : 0
  4348	  4363 : 0
  4360	  4367 : 0
  4364	  4683 : 0
  4680	  4691 : 0
  4688	  4863 : 0
  4860	  4867 : 0
  4864	  5023 : 0
  5020	  5027 : 0
  5024	  5075 : 0
  5072	  5079 : 0
  5076	  5143 : 0
  5140	  5155 : 0
  5152	  5163 : 0
  5160	  5171 : 0
  5168	  5179 : 0
  5176	  5191 : 0
  5188	  5195 : 0
  5192	  5203 : 0
  5200	  5263 : 0
  5260	  5271 : 0
  5268	  5335 : 0
  5332	  5343 : 0
  5340	  5379 : 0
  5376	  5431 : 0
  5428	  5439 : 0
  5436	  5523 : 0
  5520	  5595 : 1
  5592	  5599 : 0
  5596	  5651 : 0
  5648	  5687 : 0
  5684	  5719 : 0
  5716	  5751 : 0
  5748	  5779 : 0
  5776	  5803 : 0
  5800	  5807 : 0
  5804	  5843 : 0
  5840	  5847 : 0
  5844	  5851 : 0
  5848	  5871 : 0
  5868	  5891 : 0
  5888	  5895 : 0
  5892	  5899 : 0
  5896	  5931 : 0
  5928	  5935 : 0
  5932	  5939 : 0
  5936	  5943 : 0
  5940	  5959 : 0
  5956	  5963 : 0
  5960	  6031 : 0
  6028	  6131 : 0
  6128	  6139 : 0
  6136	  6143 : 0
  6140	  6147 : 0
  6144	  6151 : 0
  6148	  6155 : 0
  6152	  6159 : 0
  6156	  6215 : 0
  6212	  6219 : 0
  6216	  6263 : 0
  6260	  6283 : 0
  6280	  6287 : 0
  6284	  6299 : 0
  6296	  6315 : 0
  6312	  6319 : 0
  6316	  6323 : 0
  6320	  6331 : 0
  6328	  6599 : 0
  6596	  6611 : 0
  6608	  6615 : 0
  6612	  6635 : 0
  6632	  6707 : 0
  6704	  6711 : 0
  6708	  6743 : 0
  6740	  6755 : 0
  6752	  6759 : 0
  6756	  6767 : 0
  6764	  6779 : 0
  6776	  6783 : 0
  6780	  6787 : 0
  6784	  6811 : 0
  6808	  6963 : 0
  6960	  6967 : 0
  6964	  6975 : 0
  6972	  6979 : 0
  6976	  7007 : 0
  7004	  7015 : 0
  7012	  7055 : 0
  7052	  7059 : 0
  7056	  7063 : 0
  7060	  7075 : 0
  7072	  7087 : 0
  7084	  7091 : 0
  7088	  7127 : 0
  7124	  7131 : 0
  7128	  7191 : 0
  7188	  7195 : 0
  7192	  7215 : 0
  7212	  7219 : 0
  7216	  7231 : 1
  7228	  7235 : 0
  7232	  7243 : 0
  7240	  7247 : 0
  7244	  7255 : 0
  7252	  7315 : 0
  7312	  7379 : 0
  7376	  7383 : 0
  7380	  7387 : 0
  7384	  7399 : 0
  7396	  7507 : 0
  7504	  7527 : 0
  7524	  7543 : 0
  7540	  7547 : 0
  7544	  7551 : 0
  7548	  7559 : 0
  7556	  7607 : 0
  7604	  7611 : 0
  7608	  7647 : 0
  7644	  7663 : 0
  7660	  7839 : 0
  7836	  7847 : 0
  7844	  7899 : 0
  7896	  7903 : 0
  7900	  7907 : 0
  7904	  7911 : 0
  7908	  7939 : 1
  7936	  7959 : 0
  7956	  7995 : 0
  7992	  7999 : 0
  7996	  8007 : 0
  8004	  8011 : 0
  8008	  8019 : 0
  8016	  8023 : 0
  8020	  8039 : 0
  8036	  8051 : 0
  8048	  8055 : 0
  8052	  8059 : 0
  8056	  8063 : 0
  8060	  8067 : 0
  8064	  8107 : 0
  8104	  8119 : 0
  8116	  8127 : 0
  8124	  8131 : 0
  8128	  8239 : 1
  8236	  8243 : 0
  8240	  8279 : 0
  8276	  8311 : 0
  8308	  8383 : 0
  8380	  8387 : 0
  8384	  8399 : 0
  8396	  8403 : 0
  8400	  8423 : 0
  8420	  8427 : 0
  8424	  8443 : 0
  8440	  8447 : 0
  8444	  8575 : 0
  8572	  8587 : 0
  8584	  8607 : 0
  8604	  8611 : 0
  8608	  8615 : 0
  8612	  8631 : 0
  8628	  8651 : 0
  8648	  8655 : 0
  8652	  8671 : 1
  8668	  8675 : 0
  8672	  8703 : 0
  8700	  8707 : 0
  8704	  8719 : 0
  8716	  8723 : 0
  8720	  8735 : 0
  8732	  8755 : 0
  8752	  8763 : 0
  8760	  8767 : 0
  8764	  8771 : 0
  8768	  8775 : 0
  8772	  8779 : 0
  8776	  8783 : 0
  8780	  8795 : 0
  8792	  8799 : 0
  8796	  8803 : 0
  8800	  8811 : 0
  8808	  8819 : 0
  8816	  8823 : 0
  8820	  8855 : 0
  8852	  8859 : 0
  8856	  8935 : 0
  8932	  8939 : 0
  8936	  9023 : 0
  9020	  9031 : 0
  9028	  9047 : 0
  9044	  9063 : 0
  9060	  9175 : 0
  9172	  9183 : 0
  9180	  9219 : 0
