     0	   295 : 0
   292	   299 : 0
   296	   347 : 0
   344	   351 : 0
   348	   359 : 0
   356	   363 : 0
   360	   415 : 0
   412	   427 : 0
   424	   683 : 0
   680	   695 : 0
   692	   939 : 0
   936	   943 : 0
   940	   987 : 0
   984	   991 : 0
   988	   995 : 0
   992	  1003 : 0
  1000	  1151 : 0
  1148	  1179 : 0
  1176	  1275 : 0
  1272	  1491 : 0
  1488	  1503 : 0
  1500	  1519 : 0
  1516	  1531 : 0
  1528	  1547 : 0
  1544	  1551 : 0
  1548	  1555 : 0
  1552	  1563 : 0
  1560	  1587 : 0
  1584	  1607 : 0
  1604	  1611 : 0
  1608	  1807 : 0
  1804	  1823 : 0
  1820	  3687 : 0
  3684	  3695 : 0
  3692	  4175 : 0
  4172	  4183 : 0
  4180	  4211 : 0
  4208	  4223 : 0
  4220	  4251 : 0
  4248	  4255 : 0
  4252	  4275 : 0
  4272	  4279 : 0
  4276	  4299 : 0
  4296	  4331 : 0
  4328	  4751 : 0
  4748	  4755 : 0
  4752	  4763 : 0
  4760	  4779 : 0
  4776	  5183 : 0
  5180	  5191 : 0
  5188	  5207 : 0
  5204	  5239 : 0
  5236	  5615 : 0
  5612	  5631 : 0
  5628	  5791 : 0
  5788	  5803 : 0
  5800	  5811 : 0
  5808	  5815 : 0
  5812	  6319 : 0
  6316	  6375 : 0
  6372	  7579 : 0
  7576	  7583 : 0
  7580	  7875 : 0
  7872	  7911 : 0
  7908	  7915 : 0
  7912	  7919 : 0
  7916	  7923 : 0
  7920	  7951 : 0
  7948	  7955 : 0
  7952	  7963 : 0
  7960	  8043 : 0
  8040	  8047 : 0
  8044	  8055 : 0
  8052	  8067 : 0
  8064	  8087 : 0
  8084	  8103 : 0
  8100	  8163 : 0
  8160	  8175 : 0
  8172	  8275 : 0
  8272	  8415 : 0
  8412	  8419 : 0
  8416	  8423 : 0
  8420	  8451 : 0
  8448	  8463 : 0
  8460	  8499 : 0
  8496	  8531 : 0
  8528	  8543 : 0
  8540	  8555 : 0
  8552	  9419 : 0
  9416	  9431 : 0
  9428	  9435 : 0
  9432	  9439 : 0
  9436	  9695 : 0
  9692	  9715 : 0
  9712	 10307 : 0
 10304	 10351 : 0
 10348	 11243 : 0
 11240	 11311 : 0
 11308	 11591 : 0
 11588	 11619 : 0
 11616	 11635 : 0
 11632	 11663 : 0
 11660	 11671 : 0
 11668	 11675 : 0
 11672	 11679 : 0
 11676	 11687 : 0
 11684	 11899 : 0
 11896	 12051 : 0
 12048	 12063 : 0
 12060	 12067 : 0
 12064	 12071 : 0
 12068	 12139 : 0
 12136	 12171 : 0
 12168	 12179 : 0
 12176	 12207 : 0
 12204	 12235 : 0
 12232	 13155 : 0
 13152	 13187 : 0
 13184	 13339 : 0
 13336	 13359 : 0
 13356	 13403 : 0
 13400	 13415 : 0
 13412	 13463 : 0
 13460	 13467 : 0
 13464	 13543 : 0
 13540	 13547 : 0
 13544	 13555 : 0
 13552	 13635 : 0
 13632	 13643 : 0
 13640	 13663 : 0
 13660	 13671 : 0
 13668	 13687 : 0
 13684	 13711 : 0
 13708	 13719 : 0
 13716	 13727 : 0
 13724	 13763 : 0
 13760	 13767 : 0
 13764	 13771 : 0
 13768	 13783 : 0
 13780	 13787 : 0
 13784	 13791 : 0
 13788	 13819 : 0
 13816	 13875 : 0
 13872	 13891 : 0
 13888	 14167 : 0
 14164	 14175 : 0
 14172	 14195 : 0
 14192	 14199 : 0
 14196	 14215 : 0
 14212	 14219 : 0
 14216	 14331 : 0
 14328	 14375 : 0
 14372	 14515 : 0
 14512	 14535 : 0
 14532	 14559 : 0
 14556	 14643 : 0
 14640	 14647 : 0
 14644	 14655 : 0
 14652	 14667 : 0
 14664	 14671 : 0
 14668	 14775 : 0
 14772	 14811 : 0
 14808	 15079 : 0
 15076	 15083 : 0
 15080	 15103 : 0
 15100	 15111 : 0
 15108	 16327 : 0
 16324	 16331 : 0
 16328	 16591 : 0
 16588	 16611 : 0
 16608	 16863 : 0
 16860	 16891 : 0
 16888	 16939 : 0
 16936	 16951 : 0
 16948	 16991 : 0
 16988	 17011 : 0
 17008	 17015 : 0
 17012	 17023 : 0
 17020	 17031 : 0
 17028	 17043 : 0
 17040	 17367 : 0
 17364	 17371 : 0
 17368	 17475 : 0
 17472	 17479 : 0
 17476	 17491 : 0
 17488	 17495 : 0
 17492	 18171 : 0
 18168	 18179 : 0
 18176	 18183 : 0
 18180	 18207 : 0
 18204	 18227 : 0
 18224	 18347 : 0
 18344	 18475 : 0
 18472	 18479 : 0
 18476	 18483 : 0
 18480	 18487 : 0
 18484	 18491 : 0
 18488	 18495 : 0
 18492	 18499 : 0
 18496	 18543 : 0
 18540	 18615 : 0
 18612	 18619 : 0
 18616	 18635 : 0
 18632	 18667 : 0
 18664	 19551 : 0
 19548	 19563 : 0
 19560	 19823 : 0
 19820	 19871 : 0
 19868	 19911 : 0
 19908	 19939 : 0
 19936	 20463 : 0
 20460	 20475 : 0
 20472	 20835 : 0
 20832	 21315 : 0
 21312	 21339 : 0
 21336	 23559 : 0
 23556	 23575 : 1
