     0	   215 : 0
   212	   235 : 0
   232	   255 : 0
   252	   263 : 0
   260	   271 : 1
   268	   279 : 0
   276	   343 : 1
   340	   379 : 0
   376	   383 : 0
   380	   387 : 0
   384	   395 : 1
   392	   463 : 0
   460	   487 : 1
   484	   491 : 0
   488	   495 : 0
   492	   499 : 0
   496	   511 : 1
   508	   515 : 0
   512	   519 : 0
   516	   531 : 0
   528	   579 : 1
   576	   599 : 0
   596	   855 : 1
   852	   871 : 0
   868	   883 : 0
   880	   927 : 0
   924	   939 : 1
   936	   947 : 0
   944	   995 : 0
   992	   999 : 0
   996	  1003 : 0
  1000	  1007 : 0
  1004	  1019 : 0
  1016	  1035 : 0
  1032	  1039 : 0
  1036	  1059 : 0
  1056	  1063 : 0
  1060	  1071 : 0
  1068	  1079 : 0
  1076	  1083 : 0
  1080	  1095 : 0
  1092	  1107 : 0
  1104	  1119 : 1
  1116	  1131 : 0
  1128	  1147 : 1
  1144	  1179 : 0
  1176	  1203 : 0
  1200	  1227 : 0
  1224	  1231 : 0
  1228	  1251 : 0
  1248	  1255 : 0
  1252	  1259 : 0
  1256	  1275 : 0
  1272	  1291 : 0
  1288	  1295 : 0
  1292	  1299 : 0
  1296	  1323 : 0
  1320	  1331 : 0
  1328	  1531 : 0
  1528	  1535 : 0
  1532	  1611 : 0
  1608	  1615 : 0
  1612	  1695 : 0
  1692	  1699 : 0
  1696	  1731 : 0
  1728	  1739 : 0
  1736	  1751 : 0
  1748	  1755 : 0
  1752	  1775 : 0
  1772	  1787 : 0
  1784	  1795 : 1
  1792	  1915 : 0
  1912	  1919 : 1
  1916	  1931 : 0
  1928	  1935 : 0
  1932	  1939 : 0
  1936	  1979 : 0
  1976	  2003 : 0
  2000	  2027 : 0
  2024	  2055 : 0
  2052	  2075 : 1
  2072	  2079 : 0
  2076	  2155 : 1
  2152	  2215 : 0
  2212	  2219 : 1
  2216	  2223 : 2
  2220	  2231 : 0
  2228	  2259 : 0
  2256	  2299 : 0
  2296	  2323 : 0
  2320	  2363 : 0
  2360	  2367 : 0
  2364	  2375 : 0
  2372	  2379 : 0
  2376	  2383 : 0
  2380	  2395 : 0
  2392	  2427 : 0
  2424	  2447 : 0
  2444	  2467 : 0
  2464	  2515 : 0
  2512	  2567 : 1
  2564	  2623 : 0
  2620	  2627 : 0
  2624	  2631 : 0
  2628	  2635 : 0
  2632	  2639 : 0
  2636	  2643 : 0
  2640	  2687 : 0
  2684	  2803 : 1
  2800	  2815 : 0
  2812	  2835 : 1
  2832	  2915 : 0
  2912	  2919 : 0
  2916	  2923 : 0
  2920	  2991 : 0
  2988	  2999 : 0
  2996	  3043 : 0
  3040	  3059 : 0
  3056	  3063 : 0
  3060	  3075 : 0
  3072	  3091 : 0
  3088	  3095 : 0
  3092	  3119 : 0
  3116	  3131 : 0
  3128	  3159 : 0
  3156	  3183 : 0
  3180	  3187 : 0
  3184	  3243 : 0
  3240	  3247 : 0
  3244	  3259 : 0
  3256	  3275 : 0
  3272	  3315 : 0
  3312	  3419 : 0
  3416	  3423 : 0
  3420	  3439 : 0
  3436	  3487 : 0
  3484	  3499 : 0
  3496	  3503 : 0
  3500	  3511 : 0
  3508	  3515 : 0
  3512	  3519 : 0
  3516	  3543 : 0
  3540	  3567 : 0
  3564	  3575 : 0
  3572	  3623 : 0
  3620	  3643 : 0
  3640	  3687 : 0
  3684	  3691 : 0
  3688	  3879 : 1
  3876	  3955 : 0
  3952	  3987 : 0
  3984	  4011 : 0
  4008	  4015 : 0
  4012	  4123 : 0
  4120	  4127 : 1
  4124	  4199 : 0
  4196	  4211 : 0
  4208	  4215 : 0
  4212	  4235 : 0
  4232	  4243 : 0
  4240	  4251 : 1
  4248	  4263 : 0
  4260	  4315 : 1
  4312	  4319 : 0
  4316	  4323 : 1
  4320	  4343 : 0
  4340	  4347 : 0
  4344	  4411 : 0
  4408	  4435 : 0
  4432	  4499 : 0
  4496	  4531 : 1
  4528	  4543 : 0
  4540	  4547 : 0
  4544	  4551 : 0
  4548	  4563 : 0
  4560	  4591 : 0
  4588	  4623 : 0
  4620	  4715 : 0
  4712	  4727 : 0
  4724	  4755 : 0
  4752	  4763 : 1
  4760	  4767 : 0
  4764	  4839 : 1
  4836	  4843 : 0
  4840	  4847 : 0
  4844	  4851 : 0
  4848	  4859 : 0
  4856	  4863 : 0
  4860	  4879 : 0
  4876	  4903 : 0
  4900	  5019 : 1
  5016	  5047 : 0
  5044	  5059 : 0
  5056	  5079 : 0
  5076	  5087 : 0
  5084	  5103 : 0
  5100	  5135 : 0
  5132	  5163 : 0
  5160	  5171 : 1
  5168	  5187 : 0
  5184	  5191 : 0
  5188	  5203 : 0
  5200	  5211 : 1
  5208	  5243 : 0
  5240	  5251 : 0
  5248	  5259 : 0
  5256	  5291 : 0
  5288	  5303 : 0
  5300	  5375 : 1
  5372	  5379 : 0
  5376	  5435 : 0
  5432	  5439 : 0
  5436	  5479 : 0
  5476	  5491 : 0
  5488	  5499 : 1
  5496	  5555 : 0
  5552	  5607 : 0
  5604	  5619 : 0
  5616	  5639 : 1
  5636	  5643 : 0
  5640	  5651 : 0
  5648	  5659 : 0
  5656	  5667 : 1
  5664	  5671 : 0
  5668	  5675 : 1
  5672	  5679 : 0
  5676	  5683 : 0
  5680	  5687 : 0
  5684	  5691 : 0
  5688	  5695 : 0
  5692	  5715 : 0
  5712	  5719 : 0
  5716	  5727 : 1
  5724	  5747 : 0
  5744	  5775 : 0
  5772	  5803 : 0
  5800	  5815 : 0
  5812	  5827 : 0
  5824	  5831 : 0
  5828	  5843 : 0
  5840	  5847 : 1
  5844	  5855 : 0
  5852	  5975 : 1
  5972	  6011 : 0
  6008	  6083 : 0
  6080	  6087 : 0
  6084	  6095 : 0
  6092	  6131 : 0
  6128	  6391 : 0
