     0	   223 : 0
   220	  1055 : 0
  1052	  1191 : 1
  1188	  1251 : 0
  1248	  1263 : 0
  1260	  1267 : 0
  1264	  1279 : 0
  1276	  1287 : 0
  1284	  1343 : 1
  1340	  1575 : 0
  1572	  1579 : 0
  1576	  1599 : 0
  1596	  1631 : 0
  1628	  1655 : 0
  1652	  1659 : 0
  1656	  1727 : 0
  1724	  1735 : 0
  1732	  1743 : 0
  1740	  1747 : 0
  1744	  1751 : 0
  1748	  1835 : 1
  1832	  1875 : 0
  1872	  1955 : 1
  1952	  1963 : 0
  1960	  1975 : 0
  1972	  1979 : 0
  1976	  1991 : 0
  1988	  1999 : 0
  1996	  2019 : 0
  2016	  2031 : 0
  2028	  2039 : 0
  2036	  2043 : 0
  2040	  2079 : 0
  2076	  2083 : 0
  2080	  2091 : 0
  2088	  2099 : 0
  2096	  2143 : 0
  2140	  2151 : 0
  2148	  2203 : 1
  2200	  2235 : 0
  2232	  2243 : 0
  2240	  2259 : 0
  2256	  2267 : 0
  2264	  2271 : 0
  2268	  2279 : 0
  2276	  2283 : 0
  2280	  2287 : 1
  2284	  2291 : 0
  2288	  2303 : 0
  2300	  2535 : 0
  2532	  2543 : 1
  2540	  2563 : 0
  2560	  2659 : 0
  2656	  2663 : 0
  2660	  2763 : 1
  2760	  2807 : 0
  2804	  2895 : 1
  2892	  2899 : 0
  2896	  2915 : 0
  2912	  2927 : 0
  2924	  3031 : 0
  3028	  3035 : 0
  3032	  3043 : 0
  3040	  3047 : 0
  3044	  3067 : 0
  3064	  3079 : 0
  3076	  3099 : 0
  3096	  3119 : 0
  3116	  3127 : 1
  3124	  3131 : 0
  3128	  3135 : 0
  3132	  3203 : 0
  3200	  3207 : 1
  3204	  3279 : 0
  3276	  3303 : 1
  3300	  3307 : 0
  3304	  3311 : 0
  3308	  3323 : 0
  3320	  3335 : 0
  3332	  3339 : 0
  3336	  3347 : 0
  3344	  3351 : 0
  3348	  3355 : 0
  3352	  3359 : 0
  3356	  3363 : 0
  3360	  3367 : 0
  3364	  3375 : 0
  3372	  3387 : 0
  3384	  3395 : 0
  3392	  3407 : 0
  3404	  3411 : 0
  3408	  3415 : 0
  3412	  3423 : 0
  3420	  3427 : 0
  3424	  3431 : 0
  3428	  3439 : 0
  3436	  3451 : 1
  3448	  3491 : 0
  3488	  3527 : 0
  3524	  3743 : 0
  3740	  3751 : 1
  3748	  3779 : 0
  3776	  3787 : 1
  3784	  3827 : 0
  3824	  3839 : 1
  3836	  3847 : 0
  3844	  3867 : 0
  3864	  3871 : 0
  3868	  3875 : 0
  3872	  3895 : 0
  3892	  3899 : 1
  3896	  3903 : 0
  3900	  3939 : 0
  3936	  3943 : 0
  3940	  3955 : 0
  3952	  3959 : 0
  3956	  4015 : 0
  4012	  4019 : 0
  4016	  4039 : 0
  4036	  4043 : 2
  4040	  4051 : 0
  4048	  4071 : 0
  4068	  4075 : 0
  4072	  4259 : 0
  4256	  4267 : 0
  4264	  4395 : 0
  4392	  4399 : 0
  4396	  4559 : 0
  4556	  4623 : 0
  4620	  4631 : 1
  4628	  4679 : 0
  4676	  4691 : 0
  4688	  4763 : 0
  4760	  4771 : 1
  4768	  4951 : 0
  4948	  5031 : 1
  5028	  5035 : 0
  5032	  5103 : 0
  5100	  5115 : 0
  5112	  5119 : 0
  5116	  5135 : 0
  5132	  5147 : 0
  5144	  5151 : 0
  5148	  5171 : 0
  5168	  5175 : 0
  5172	  5179 : 0
  5176	  5187 : 0
  5184	  5211 : 0
  5208	  5327 : 0
  5324	  5331 : 1
  5328	  5359 : 0
  5356	  5363 : 0
  5360	  5367 : 0
  5364	  5371 : 1
  5368	  5411 : 0
  5408	  5415 : 0
  5412	  5455 : 0
  5452	  5459 : 1
  5456	  5463 : 2
  5460	  5479 : 0
  5476	  5495 : 0
  5492	  5587 : 0
  5584	  5595 : 0
  5592	  5603 : 0
  5600	  5607 : 0
  5604	  5611 : 0
  5608	  5615 : 0
  5612	  5619 : 0
  5616	  5635 : 0
  5632	  5655 : 0
  5652	  5659 : 0
  5656	  5667 : 0
  5664	  5675 : 1
  5672	  5687 : 0
  5684	  5691 : 0
  5688	  5695 : 0
  5692	  5711 : 1
  5708	  5719 : 0
  5716	  5739 : 1
  5736	  5747 : 0
  5744	  5751 : 0
  5748	  5799 : 0
  5796	  5803 : 1
  5800	  5807 : 0
  5804	  5819 : 0
  5816	  5827 : 0
  5824	  5835 : 0
  5832	  5839 : 0
  5836	  5855 : 0
  5852	  5859 : 0
  5856	  5919 : 0
  5916	  5923 : 0
  5920	  5927 : 0
  5924	  5939 : 0
  5936	  5943 : 0
  5940	  5947 : 0
  5944	  5955 : 0
  5952	  5959 : 0
  5956	  5967 : 0
  5964	  5971 : 0
  5968	  5975 : 0
  5972	  5987 : 0
  5984	  5991 : 0
  5988	  6007 : 0
  6004	  6023 : 1
  6020	  6031 : 0
  6028	  6035 : 0
  6032	  6039 : 0
  6036	  6143 : 0
  6140	  6155 : 0
  6152	  6167 : 1
  6164	  6171 : 0
  6168	  6199 : 0
  6196	  6211 : 0
  6208	  6223 : 0
  6220	  6227 : 0
  6224	  6259 : 0
  6256	  6263 : 0
  6260	  6267 : 0
  6264	  6303 : 0
  6300	  6423 : 0
  6420	  6427 : 0
  6424	  6443 : 1
  6440	  6447 : 0
  6444	  6475 : 0
  6472	  6495 : 0
  6492	  6523 : 0
  6520	  6563 : 0
  6560	  6607 : 0
  6604	  6615 : 0
  6612	  6679 : 0
  6676	  6683 : 0
  6680	  6687 : 0
  6684	  6699 : 0
  6696	  6703 : 0
  6700	  6723 : 0
  6720	  6755 : 0
  6752	  6767 : 0
  6764	  7047 : 0
  7044	  7059 : 0
  7056	  7063 : 0
  7060	  7079 : 0
  7076	  7083 : 0
  7080	  7103 : 0
  7100	  7107 : 0
  7104	  7123 : 0
  7120	  7131 : 0
  7128	  7143 : 0
  7140	  7183 : 0
  7180	  7187 : 0
  7184	  7215 : 0
  7212	  7223 : 0
  7220	  7227 : 0
  7224	  7231 : 0
  7228	  7247 : 1
  7244	  7251 : 0
  7248	  7263 : 1
  7260	  7267 : 0
  7264	  7499 : 1
  7496	  7547 : 0
  7544	  7551 : 0
  7548	  7555 : 0
  7552	  7579 : 0
  7576	  7587 : 0
  7584	  7615 : 1
  7612	  7627 : 0
  7624	  7631 : 0
  7628	  7647 : 0
  7644	  7651 : 1
  7648	  7655 : 2
  7652	  7679 : 1
  7676	  7683 : 0
  7680	  7759 : 1
  7756	  7771 : 0
  7768	  7775 : 0
  7772	  7791 : 0
  7788	  7795 : 0
  7792	  7803 : 0
  7800	  7807 : 0
  7804	  7839 : 0
  7836	  7859 : 0
  7856	  7903 : 0
  7900	  7947 : 0
  7944	  7955 : 0
  7952	  7959 : 1
  7956	  7963 : 0
  7960	  7967 : 1
  7964	  7971 : 0
  7968	  7983 : 0
  7980	  7991 : 0
  7988	  8071 : 1
  8068	  8083 : 0
  8080	  8091 : 0
  8088	  8111 : 0
  8108	  8119 : 1
  8116	  8139 : 0
  8136	  8159 : 0
  8156	  8191 : 0
  8188	  8199 : 1
  8196	  8223 : 0
  8220	  8227 : 0
  8224	  8235 : 0
  8232	  8255 : 0
  8252	  8259 : 0
  8256	  8267 : 0
  8264	  8279 : 0
  8276	  8295 : 0
  8292	  8299 : 0
  8296	  8319 : 0
  8316	  8323 : 0
  8320	  8351 : 0
  8348	  8355 : 0
  8352	  8391 : 0
  8388	  8419 : 0
  8416	  8427 : 0
  8424	  8435 : 0
  8432	  8467 : 0
  8464	  8491 : 0
  8488	  8503 : 1
  8500	  8507 : 0
  8504	  8619 : 0
  8616	  8623 : 0
  8620	  8663 : 0
  8660	  8667 : 0
  8664	  8711 : 1
  8708	  8715 : 0
  8712	  8723 : 0
  8720	  8727 : 0
  8724	  8735 : 0
  8732	  8739 : 0
  8736	  8743 : 0
  8740	  8747 : 0
  8744	  8755 : 0
  8752	  8763 : 0
  8760	  8771 : 1
  8768	  8871 : 0
  8868	  8879 : 0
  8876	  8883 : 0
  8880	  8999 : 0
  8996	  9015 : 0
  9012	  9023 : 0
  9020	  9027 : 0
  9024	  9031 : 0
  9028	  9071 : 0
  9068	  9075 : 0
  9072	  9083 : 0
  9080	  9087 : 0
  9084	  9091 : 0
  9088	  9107 : 0
  9104	  9119 : 0
  9116	  9183 : 0
  9180	  9199 : 0
  9196	  9203 : 0
  9200	  9207 : 0
  9204	  9227 : 0
  9224	  9247 : 0
  9244	  9251 : 0
  9248	  9255 : 0
  9252	  9259 : 0
  9256	  9335 : 0
  9332	  9343 : 1
  9340	  9383 : 0
  9380	  9391 : 1
  9388	  9399 : 0
  9396	  9423 : 0
  9420	  9431 : 0
  9428	  9551 : 1
  9548	  9555 : 0
  9552	  9559 : 0
  9556	  9567 : 0
  9564	  9571 : 0
  9568	  9587 : 0
  9584	  9591 : 0
  9588	  9595 : 0
  9592	  9615 : 0
  9612	  9619 : 0
  9616	  9627 : 0
  9624	  9659 : 0
  9656	  9663 : 0
  9660	  9671 : 0
  9668	  9683 : 0
  9680	  9703 : 0
  9700	  9707 : 1
  9704	  9715 : 0
  9712	  9735 : 1
  9732	  9743 : 0
  9740	  9747 : 0
  9744	  9767 : 0
  9764	  9783 : 0
  9780	  9827 : 0
  9824	  9831 : 0
  9828	  9951 : 0
  9948	  9955 : 0
  9952	 10407 : 0
 10404	 10527 : 1
