     0	    11 : 0
     8	    15 : 0
    12	    31 : 0
    28	    39 : 0
    36	    43 : 0
    40	    51 : 0
    48	    59 : 0
    56	    87 : 0
    84	    91 : 1
    88	    99 : 0
    96	   107 : 0
   104	   111 : 0
   108	   115 : 0
   112	   131 : 0
   128	   139 : 1
   136	   151 : 0
   148	   159 : 0
   156	   171 : 0
   168	   207 : 0
   204	   223 : 0
   220	   235 : 0
   232	   259 : 0
   256	   275 : 0
   272	   291 : 0
   288	   303 : 0
   300	   315 : 0
   312	   327 : 0
   324	   347 : 0
   344	   351 : 0
   348	   363 : 0
   360	   379 : 0
   376	   391 : 0
   388	   399 : 0
   396	   431 : 0
   428	   463 : 0
   460	   471 : 0
   468	   475 : 0
   472	   523 : 0
   520	   535 : 0
   532	   547 : 0
   544	   555 : 0
   552	   571 : 0
   568	   575 : 1
   572	   703 : 0
   700	   743 : 0
   740	   747 : 0
   744	   791 : 0
   788	   815 : 0
   812	   819 : 0
   816	   831 : 0
   828	   835 : 1
   832	   923 : 0
   920	  1011 : 0
  1008	  1099 : 0
  1096	  1103 : 1
  1100	  1131 : 0
  1128	  1183 : 1
  1180	  1191 : 0
  1188	  1195 : 0
  1192	  1203 : 0
  1200	  1211 : 0
  1208	  1223 : 0
  1220	  1251 : 0
  1248	  1259 : 0
  1256	  1263 : 0
  1260	  1279 : 0
  1276	  1307 : 0
  1304	  1343 : 0
  1340	  1355 : 0
  1352	  1383 : 0
  1380	  1387 : 0
  1384	  1483 : 0
  1480	  1487 : 0
  1484	  1491 : 0
  1488	  1575 : 0
  1572	  1691 : 0
  1688	  1699 : 1
  1696	  1799 : 0
  1796	  1835 : 0
  1832	  1839 : 0
  1836	  1847 : 0
  1844	  1891 : 0
  1888	  1899 : 0
  1896	  1911 : 0
  1908	  1927 : 1
  1924	  1967 : 0
  1964	  1975 : 0
  1972	  1983 : 0
  1980	  1995 : 0
  1992	  2051 : 0
  2048	  2055 : 0
  2052	  2063 : 0
  2060	  2067 : 0
  2064	  2127 : 0
  2124	  2135 : 0
  2132	  2151 : 0
  2148	  2159 : 0
  2156	  2171 : 0
  2168	  2267 : 0
  2264	  2299 : 0
  2296	  2319 : 0
  2316	  2323 : 0
  2320	  2355 : 1
  2352	  2359 : 0
  2356	  2395 : 0
  2392	  2399 : 0
  2396	  2411 : 0
  2408	  2415 : 0
  2412	  2499 : 0
  2496	  2511 : 0
  2508	  2519 : 0
  2516	  2527 : 0
  2524	  2531 : 0
  2528	  2567 : 0
  2564	  2583 : 0
  2580	  2587 : 0
  2584	  2591 : 0
  2588	  2595 : 0
  2592	  2611 : 0
  2608	  2615 : 0
  2612	  2671 : 0
  2668	  2675 : 0
  2672	  2707 : 0
  2704	  2711 : 0
  2708	  2715 : 1
  2712	  2763 : 0
  2760	  2771 : 0
  2768	  2775 : 0
  2772	  2783 : 0
  2780	  2787 : 0
  2784	  2799 : 0
  2796	  2807 : 0
  2804	  2855 : 1
  2852	  2867 : 0
  2864	  2871 : 0
  2868	  3051 : 0
  3048	  3055 : 0
  3052	  3091 : 0
  3088	  3135 : 0
  3132	  3139 : 0
  3136	  3167 : 0
  3164	  3171 : 0
  3168	  3183 : 0
  3180	  3255 : 0
  3252	  3283 : 0
  3280	  3287 : 0
  3284	  3387 : 0
  3384	  3403 : 0
  3400	  3427 : 0
  3424	  3431 : 0
  3428	  3447 : 0
  3444	  3451 : 0
  3448	  3487 : 0
  3484	  3515 : 0
  3512	  3523 : 0
  3520	  3543 : 0
  3540	  3587 : 0
  3584	  3607 : 0
  3604	  3627 : 0
  3624	  3687 : 0
  3684	  3699 : 0
  3696	  3711 : 0
  3708	  3723 : 0
  3720	  3727 : 0
  3724	  3731 : 0
  3728	  3755 : 0
  3752	  3807 : 0
  3804	  3851 : 0
  3848	  3855 : 0
  3852	  3871 : 0
  3868	  3883 : 0
  3880	  3899 : 0
  3896	  3911 : 0
  3908	  3979 : 0
  3976	  3995 : 0
  3992	  4015 : 0
  4012	  4027 : 0
  4024	  4035 : 0
  4032	  4039 : 0
  4036	  4043 : 0
  4040	  4051 : 0
  4048	  4055 : 0
  4052	  4063 : 0
  4060	  4131 : 0
  4128	  4147 : 1
  4144	  4151 : 0
  4148	  4159 : 0
  4156	  4167 : 0
  4164	  4179 : 0
  4176	  4227 : 0
  4224	  4235 : 0
  4232	  4247 : 0
  4244	  4251 : 0
  4248	  4271 : 0
  4268	  4287 : 1
  4284	  4291 : 0
  4288	  4315 : 0
  4312	  4319 : 0
  4316	  4323 : 0
  4320	  4331 : 0
  4328	  4351 : 0
  4348	  4355 : 0
  4352	  4367 : 0
  4364	  4371 : 0
  4368	  4379 : 1
  4376	  4383 : 0
  4380	  4387 : 0
  4384	  4403 : 0
  4400	  4411 : 1
  4408	  4443 : 0
  4440	  4471 : 1
  4468	  4479 : 0
  4476	  4487 : 0
  4484	  4491 : 0
  4488	  4507 : 0
  4504	  4511 : 0
  4508	  4519 : 0
  4516	  4523 : 0
  4520	  4543 : 0
  4540	  4575 : 0
  4572	  4587 : 0
  4584	  4595 : 0
  4592	  4611 : 0
  4608	  4647 : 0
  4644	  4651 : 0
  4648	  4663 : 0
  4660	  4667 : 0
  4664	  4671 : 0
  4668	  4679 : 1
  4676	  4711 : 0
  4708	  4763 : 0
  4760	  4783 : 0
  4780	  4787 : 1
  4784	  4799 : 0
  4796	  4811 : 0
  4808	  4835 : 0
  4832	  4843 : 0
  4840	  4871 : 0
  4868	  4875 : 0
  4872	  4883 : 0
  4880	  4887 : 0
  4884	  4895 : 0
  4892	  4899 : 0
  4896	  4939 : 0
  4936	  4951 : 0
  4948	  4955 : 0
  4952	  4987 : 0
  4984	  5055 : 0
  5052	  5059 : 1
  5056	  5083 : 0
  5080	  5091 : 0
  5088	  5095 : 0
  5092	  5119 : 0
  5116	  5143 : 0
  5140	  5243 : 1
  5240	  5247 : 0
  5244	  5319 : 0
  5316	  5323 : 2
  5320	  5327 : 1
  5324	  5371 : 0
  5368	  5391 : 1
  5388	  5403 : 0
  5400	  5407 : 0
  5404	  5411 : 0
  5408	  5447 : 0
  5444	  5471 : 0
  5468	  5475 : 0
  5472	  5487 : 0
  5484	  5495 : 0
  5492	  5511 : 0
  5508	  5531 : 1
  5528	  5535 : 0
  5532	  5547 : 0
  5544	  5579 : 0
  5576	  5583 : 0
  5580	  5587 : 0
  5584	  5595 : 0
  5592	  5599 : 0
  5596	  5603 : 0
  5600	  5659 : 0
  5656	  5667 : 0
  5664	  5671 : 0
  5668	  5679 : 0
  5676	  5687 : 0
  5684	  5699 : 0
  5696	  5707 : 0
  5704	  5711 : 1
  5708	  5775 : 0
  5772	  5783 : 0
  5780	  5787 : 0
  5784	  5803 : 1
  5800	  5831 : 0
  5828	  5839 : 0
  5836	  5843 : 0
  5840	  5847 : 0
  5844	  5855 : 0
  5852	  5879 : 0
  5876	  5923 : 0
  5920	  5939 : 0
  5936	  5943 : 0
  5940	  5951 : 0
  5948	  5991 : 0
  5988	  6043 : 1
  6040	  6055 : 0
  6052	  6083 : 0
  6080	  6091 : 0
  6088	  6095 : 0
  6092	  6107 : 0
  6104	  6115 : 0
  6112	  6139 : 0
  6136	  6143 : 1
  6140	  6147 : 0
  6144	  6159 : 0
  6156	  6175 : 0
  6172	  6195 : 0
  6192	  6203 : 0
  6200	  6215 : 0
  6212	  6219 : 2
  6216	  6223 : 0
  6220	  6227 : 0
  6224	  6235 : 0
  6232	  6267 : 0
  6264	  6283 : 1
  6280	  6291 : 0
  6288	  6303 : 0
  6300	  6307 : 0
  6304	  6363 : 0
  6360	  6395 : 0
  6392	  6403 : 0
  6400	  6407 : 0
  6404	  6419 : 0
  6416	  6427 : 0
  6424	  6447 : 0
  6444	  6455 : 0
  6452	  6503 : 0
  6500	  6507 : 0
  6504	  6559 : 0
  6556	  6575 : 0
  6572	  6579 : 1
  6576	  6599 : 0
  6596	  6615 : 0
  6612	  6655 : 0
  6652	  6659 : 0
  6656	  6687 : 0
  6684	  6699 : 1
  6696	  6747 : 0
  6744	  6755 : 0
  6752	  6771 : 0
  6768	  6775 : 0
  6772	  6811 : 0
  6808	  6831 : 1
  6828	  6835 : 0
  6832	  6839 : 0
  6836	  6843 : 0
  6840	  6863 : 0
  6860	  6879 : 0
  6876	  6883 : 0
  6880	  6887 : 0
  6884	  6891 : 0
  6888	  6899 : 0
  6896	  6911 : 0
  6908	  6915 : 0
  6912	  6923 : 1
  6920	  6955 : 0
  6952	  6959 : 0
  6956	  6979 : 0
  6976	  6987 : 0
  6984	  7071 : 0
  7068	  7079 : 0
  7076	  7147 : 0
  7144	  7151 : 0
  7148	  7211 : 0
  7208	  7219 : 0
  7216	  7223 : 0
  7220	  7231 : 0
  7228	  7243 : 0
  7240	  7279 : 1
  7276	  7287 : 0
  7284	  7291 : 0
  7288	  7299 : 0
  7296	  7311 : 1
  7308	  7323 : 0
  7320	  7355 : 1
