     0	   187 : 0
   184	   323 : 0
   320	   331 : 0
   328	   343 : 0
   340	   351 : 0
   348	   531 : 0
   528	   563 : 0
   560	   815 : 0
   812	   843 : 0
   840	   863 : 0
   860	   935 : 0
   932	   943 : 0
   940	   947 : 0
   944	  1019 : 0
  1016	  1023 : 0
  1020	  1319 : 0
  1316	  1511 : 0
  1508	  1543 : 0
  1540	  1559 : 0
  1556	  1775 : 0
  1772	  2371 : 0
  2368	  2375 : 0
  2372	  2687 : 0
  2684	  2823 : 0
  2820	  3043 : 0
  3040	  3103 : 0
  3100	  3187 : 0
  3184	  3199 : 0
  3196	  3231 : 0
  3228	  4239 : 0
  4236	  4287 : 0
  4284	  5071 : 0
  5068	  5123 : 0
  5120	  6335 : 0
  6332	  6363 : 0
  6360	  6371 : 0
  6368	  6375 : 0
  6372	  6471 : 0
  6468	  6491 : 0
  6488	  6847 : 0
  6844	  6883 : 0
  6880	  7355 : 0
  7352	  7383 : 0
  7380	  7883 : 0
  7880	  7899 : 0
  7896	  7999 : 0
  7996	  8007 : 0
  8004	  9935 : 0
  9932	  9939 : 0
  9936	  9943 : 0
  9940	  9999 : 0
  9996	 10059 : 0
 10056	 10067 : 0
 10064	 10095 : 0
 10092	 10123 : 0
 10120	 10163 : 0
 10160	 10583 : 0
 10580	 10603 : 0
 10600	 10607 : 0
 10604	 10611 : 0
 10608	 10615 : 0
 10612	 10619 : 0
 10616	 10623 : 0
 10620	 10627 : 0
 10624	 10647 : 0
 10644	 10787 : 0
 10784	 10803 : 0
 10800	 10931 : 0
 10928	 11103 : 0
 11100	 11107 : 0
 11104	 11111 : 0
 11108	 11115 : 0
 11112	 11147 : 0
 11144	 11235 : 0
 11232	 11239 : 0
 11236	 12171 : 0
 12168	 12211 : 0
 12208	 12219 : 0
 12216	 12239 : 0
 12236	 16203 : 0
 16200	 16207 : 0
 16204	 20179 : 0
 20176	 20183 : 0
 20180	 20187 : 0
 20184	 20447 : 0
 20444	 20451 : 0
 20448	 20475 : 0
 20472	 20571 : 0
 20568	 20611 : 0
 20608	 20639 : 1
