     0	   123 : 0
   120	   135 : 0
   132	   163 : 0
   160	   171 : 0
   168	   175 : 0
   172	   183 : 1
   180	   195 : 0
   192	   203 : 0
   200	   207 : 0
   204	   219 : 0
   216	   227 : 0
   224	   235 : 1
   232	   239 : 0
   236	   243 : 0
   240	   251 : 0
   248	   259 : 0
   256	   271 : 0
   268	   283 : 0
   280	   343 : 0
   340	   351 : 1
   348	   355 : 0
   352	   363 : 0
   360	   391 : 0
   388	   395 : 0
   392	   399 : 0
   396	   407 : 1
   404	   435 : 0
   432	   439 : 1
   436	   443 : 0
   440	   455 : 0
   452	   487 : 0
   484	   491 : 1
   488	   531 : 0
   528	   535 : 0
   532	   555 : 0
   552	   559 : 1
   556	   575 : 0
   572	   591 : 0
   588	   599 : 0
   596	   603 : 0
   600	   675 : 0
   672	   683 : 1
   680	   695 : 0
   692	   711 : 0
   708	   715 : 0
   712	   731 : 0
   728	   743 : 0
   740	   759 : 0
   756	   779 : 0
   776	   787 : 0
   784	   791 : 0
   788	   851 : 1
   848	   855 : 0
   852	   871 : 0
   868	   891 : 0
   888	   947 : 0
   944	   955 : 0
   952	   959 : 1
   956	  1055 : 0
  1052	  1063 : 0
  1060	  1159 : 0
  1156	  1163 : 1
  1160	  1223 : 0
  1220	  1311 : 1
  1308	  1319 : 0
  1316	  1323 : 0
  1320	  1327 : 0
  1324	  1347 : 0
  1344	  1351 : 0
  1348	  1355 : 0
  1352	  1363 : 0
  1360	  1399 : 0
  1396	  1419 : 0
  1416	  1431 : 0
  1428	  1435 : 0
  1432	  1479 : 0
  1476	  1503 : 0
  1500	  1535 : 1
  1532	  1539 : 0
  1536	  1551 : 0
  1548	  1575 : 0
  1572	  1587 : 0
  1584	  1595 : 0
  1592	  1599 : 0
  1596	  1615 : 0
  1612	  1623 : 1
  1620	  1631 : 0
  1628	  1635 : 0
  1632	  1639 : 0
  1636	  1663 : 0
  1660	  1671 : 0
  1668	  1675 : 0
  1672	  1679 : 0
  1676	  1683 : 0
  1680	  1687 : 0
  1684	  1735 : 0
  1732	  1743 : 0
  1740	  1751 : 0
  1748	  1763 : 0
  1760	  1767 : 0
  1764	  1775 : 0
  1772	  1787 : 0
  1784	  1791 : 0
  1788	  1807 : 0
  1804	  1811 : 0
  1808	  1843 : 0
  1840	  1847 : 0
  1844	  1855 : 1
  1852	  1891 : 0
  1888	  1895 : 0
  1892	  1935 : 0
  1932	  1951 : 0
  1948	  1959 : 0
  1956	  1963 : 0
  1960	  1975 : 0
  1972	  2007 : 0
  2004	  2011 : 0
  2008	  2019 : 0
  2016	  2031 : 0
  2028	  2035 : 1
  2032	  2083 : 0
  2080	  2099 : 0
  2096	  2115 : 0
  2112	  2127 : 0
  2124	  2131 : 0
  2128	  2135 : 0
  2132	  2155 : 0
  2152	  2159 : 0
  2156	  2187 : 0
  2184	  2199 : 0
  2196	  2203 : 0
  2200	  2227 : 0
  2224	  2231 : 0
  2228	  2235 : 1
  2232	  2319 : 0
  2316	  2339 : 0
  2336	  2355 : 0
  2352	  2379 : 0
  2376	  2391 : 0
  2388	  2455 : 1
  2452	  2499 : 0
  2496	  2507 : 1
  2504	  2547 : 0
  2544	  2551 : 0
  2548	  2559 : 0
  2556	  2599 : 0
  2596	  2603 : 0
  2600	  2695 : 0
  2692	  2715 : 0
  2712	  2719 : 1
  2716	  2775 : 0
  2772	  2815 : 0
  2812	  2819 : 0
  2816	  2823 : 0
  2820	  2891 : 0
  2888	  3003 : 1
  3000	  3043 : 0
  3040	  3051 : 1
  3048	  3135 : 0
  3132	  3143 : 1
  3140	  3167 : 0
  3164	  3207 : 0
  3204	  3267 : 0
  3264	  3387 : 1
  3384	  3395 : 0
  3392	  3407 : 0
  3404	  3451 : 0
  3448	  3475 : 1
  3472	  3487 : 0
  3484	  3507 : 0
  3504	  3531 : 0
  3528	  3539 : 0
  3536	  3559 : 0
  3556	  3571 : 1
  3568	  3591 : 0
  3588	  3603 : 0
  3600	  3607 : 0
  3604	  3623 : 0
  3620	  3687 : 0
  3684	  3719 : 1
  3716	  3727 : 0
  3724	  3739 : 0
  3736	  3767 : 0
  3764	  3775 : 0
  3772	  3835 : 0
  3832	  3883 : 1
  3880	  3927 : 0
  3924	  3935 : 0
  3932	  3983 : 0
  3980	  3987 : 0
  3984	  3991 : 0
  3988	  3999 : 1
  3996	  4015 : 0
  4012	  4019 : 0
  4016	  4023 : 0
  4020	  4027 : 0
  4024	  4039 : 0
  4036	  4059 : 0
  4056	  4063 : 0
  4060	  4079 : 0
  4076	  4083 : 0
  4080	  4135 : 0
  4132	  4143 : 0
  4140	  4187 : 0
  4184	  4279 : 0
  4276	  4499 : 1
