     0	   103 : 0
   100	   263 : 0
   260	   559 : 0
   556	   771 : 0
   768	   855 : 1
   852	   903 : 0
   900	  1011 : 0
  1008	  1059 : 0
  1056	  1067 : 0
  1064	  1103 : 0
  1100	  1143 : 0
  1140	  1147 : 0
  1144	  1239 : 0
  1236	  1243 : 0
  1240	  1363 : 0
  1360	  1371 : 0
  1368	  1391 : 0
  1388	  1419 : 0
  1416	  1423 : 0
  1420	  1443 : 0
  1440	  1447 : 0
  1444	  1451 : 0
  1448	  1455 : 0
  1452	  1487 : 0
  1484	  1491 : 0
  1488	  1559 : 0
  1556	  1563 : 0
  1560	  1567 : 0
  1564	  1571 : 0
  1568	  1603 : 0
  1600	  1623 : 0
  1620	  1655 : 0
  1652	  1663 : 0
  1660	  1683 : 0
  1680	  1691 : 0
  1688	  1715 : 0
  1712	  1727 : 0
  1724	  1731 : 0
  1728	  1815 : 0
  1812	  1831 : 0
  1828	  1835 : 0
  1832	  1855 : 0
  1852	  1879 : 0
  1876	  1887 : 0
  1884	  1911 : 0
  1908	  1919 : 0
  1916	  1987 : 0
  1984	  1991 : 0
  1988	  2199 : 0
  2196	  2207 : 0
  2204	  2211 : 0
  2208	  2235 : 0
  2232	  2239 : 0
  2236	  2275 : 0
  2272	  2279 : 0
  2276	  2355 : 0
  2352	  2359 : 0
  2356	  2499 : 0
  2496	  2503 : 1
  2500	  2535 : 0
  2532	  2587 : 0
  2584	  2591 : 0
  2588	  2595 : 0
  2592	  2615 : 0
  2612	  2667 : 1
  2664	  2671 : 0
  2668	  2675 : 1
  2672	  2791 : 0
  2788	  3103 : 1
  3100	  3111 : 0
  3108	  3119 : 0
  3116	  3143 : 0
  3140	  3243 : 1
  3240	  3259 : 0
  3256	  3323 : 0
  3320	  3331 : 0
  3328	  3343 : 0
  3340	  3399 : 0
  3396	  3459 : 0
  3456	  3503 : 0
  3500	  3507 : 0
  3504	  3543 : 0
  3540	  3547 : 0
  3544	  3567 : 0
  3564	  3703 : 0
  3700	  3727 : 0
  3724	  3731 : 0
  3728	  3763 : 0
  3760	  4119 : 0
  4116	  4131 : 0
  4128	  4143 : 0
  4140	  4243 : 0
  4240	  4495 : 0
  4492	  4503 : 0
  4500	  4507 : 0
  4504	  4531 : 0
  4528	  4535 : 0
  4532	  4547 : 0
  4544	  4559 : 0
  4556	  4607 : 0
  4604	  4619 : 0
  4616	  4631 : 0
  4628	  4719 : 0
  4716	  4811 : 0
  4808	  4819 : 0
  4816	  5107 : 0
  5104	  5111 : 0
  5108	  5259 : 0
  5256	  5275 : 0
  5272	  5279 : 0
  5276	  5283 : 0
  5280	  5291 : 0
  5288	  5295 : 0
  5292	  5307 : 0
  5304	  5599 : 0
  5596	  5919 : 0
  5916	  5923 : 0
  5920	  8671 : 0
  8668	  8675 : 0
  8672	  8683 : 0
  8680	  8747 : 0
  8744	  8755 : 0
  8752	  8767 : 0
  8764	  8771 : 0
  8768	  8791 : 0
  8788	  8799 : 0
  8796	  8811 : 0
  8808	  8947 : 0
  8944	  8959 : 0
  8956	  8967 : 0
  8964	  8979 : 0
  8976	  8983 : 0
  8980	  9007 : 0
  9004	  9015 : 0
  9012	  9055 : 0
  9052	  9071 : 0
  9068	  9091 : 0
  9088	  9267 : 0
  9264	  9271 : 0
  9268	  9283 : 0
  9280	  9347 : 0
  9344	  9355 : 0
  9352	  9383 : 0
  9380	  9395 : 0
  9392	  9403 : 0
  9400	  9459 : 0
  9456	  9467 : 0
  9464	  9471 : 0
  9468	  9499 : 0
  9496	  9507 : 0
  9504	  9519 : 0
  9516	  9523 : 0
  9520	  9531 : 0
  9528	  9539 : 0
  9536	  9543 : 0
  9540	  9547 : 0
  9544	  9551 : 0
  9548	  9583 : 0
  9580	  9643 : 1
  9640	  9647 : 0
  9644	  9655 : 0
  9652	  9659 : 0
  9656	  9667 : 0
  9664	  9675 : 0
  9672	  9683 : 0
  9680	  9699 : 0
  9696	  9711 : 0
  9708	  9715 : 0
  9712	  9751 : 0
  9748	  9755 : 0
  9752	  9759 : 0
  9756	  9763 : 0
  9760	  9775 : 0
  9772	  9799 : 0
  9796	  9811 : 0
  9808	  9815 : 0
  9812	  9883 : 0
  9880	  9887 : 0
  9884	  9903 : 0
  9900	  9907 : 0
  9904	  9951 : 0
  9948	  9959 : 0
  9956	  9975 : 0
  9972	  9983 : 0
  9980	 10031 : 0
