     0	    99 : 0
    96	   103 : 0
   100	   399 : 0
   396	   431 : 0
   428	   435 : 0
   432	   443 : 0
   440	   451 : 0
   448	   455 : 0
   452	   467 : 0
   464	   511 : 0
   508	   595 : 1
   592	   599 : 0
   596	   607 : 0
   604	   611 : 0
   608	   639 : 0
   636	   647 : 0
   644	   659 : 0
   656	   687 : 0
   684	   695 : 1
   692	   699 : 0
   696	   703 : 0
   700	   707 : 0
   704	   711 : 0
   708	   735 : 0
   732	   739 : 1
   736	   755 : 0
   752	   783 : 0
   780	   787 : 0
   784	   795 : 1
   792	   835 : 0
   832	   883 : 0
   880	   903 : 0
   900	   911 : 1
   908	   939 : 0
   936	   947 : 0
   944	   951 : 0
   948	   999 : 0
   996	  1007 : 0
  1004	  1059 : 0
  1056	  1063 : 0
  1060	  1071 : 0
  1068	  1107 : 0
  1104	  1123 : 1
  1120	  1135 : 0
  1132	  1147 : 0
  1144	  1155 : 0
  1152	  1159 : 0
  1156	  1179 : 0
  1176	  1231 : 0
  1228	  1239 : 0
  1236	  1251 : 0
  1248	  1255 : 0
  1252	  1335 : 1
  1332	  1339 : 0
  1336	  1355 : 1
  1352	  1363 : 0
  1360	  1371 : 0
  1368	  1511 : 0
  1508	  1515 : 1
  1512	  1527 : 0
  1524	  1539 : 0
  1536	  1551 : 0
  1548	  1559 : 0
  1556	  1587 : 0
  1584	  1615 : 1
  1612	  1655 : 0
  1652	  1735 : 0
  1732	  1739 : 0
  1736	  1743 : 1
  1740	  1859 : 0
  1856	  1927 : 0
  1924	  1935 : 0
  1932	  1955 : 0
  1952	  1987 : 0
  1984	  1995 : 1
  1992	  2007 : 0
  2004	  2119 : 1
  2116	  2139 : 0
  2136	  2179 : 0
  2176	  2187 : 0
  2184	  2251 : 0
  2248	  2263 : 0
  2260	  2351 : 0
  2348	  2359 : 0
  2356	  2415 : 0
  2412	  2431 : 0
  2428	  2571 : 0
  2568	  2575 : 0
  2572	  2579 : 0
  2576	  2587 : 0
  2584	  2595 : 1
  2592	  2619 : 0
  2616	  2627 : 0
  2624	  2659 : 0
  2656	  2667 : 0
  2664	  2731 : 0
  2728	  2739 : 1
  2736	  2743 : 0
  2740	  2747 : 1
  2744	  2751 : 0
  2748	  2795 : 0
  2792	  2803 : 0
  2800	  2819 : 0
  2816	  2847 : 0
  2844	  2951 : 0
  2948	  2959 : 0
  2956	  2979 : 0
  2976	  2983 : 0
  2980	  3035 : 0
  3032	  3039 : 0
  3036	  3051 : 0
  3048	  3055 : 0
  3052	  3059 : 0
  3056	  3075 : 0
  3072	  3263 : 0
  3260	  3271 : 0
  3268	  3367 : 0
  3364	  3371 : 0
  3368	  3407 : 0
  3404	  3423 : 0
  3420	  3663 : 0
  3660	  3667 : 0
  3664	  3671 : 0
  3668	  3675 : 0
  3672	  3683 : 0
  3680	  3687 : 2
  3684	  3695 : 0
  3692	  3703 : 0
  3700	  3715 : 0
  3712	  3727 : 0
  3724	  3731 : 0
  3728	  3747 : 0
  3744	  3751 : 0
  3748	  3755 : 0
  3752	  3763 : 0
  3760	  3779 : 0
  3776	  3791 : 0
  3788	  3795 : 0
  3792	  3875 : 1
  3872	  3879 : 0
  3876	  3943 : 0
  3940	  3947 : 0
  3944	  3991 : 0
  3988	  3995 : 0
  3992	  4007 : 1
  4004	  4039 : 0
  4036	  4043 : 0
  4040	  4047 : 0
  4044	  4051 : 0
  4048	  4059 : 0
  4056	  4067 : 0
  4064	  4075 : 0
  4072	  4079 : 0
  4076	  4099 : 0
  4096	  4107 : 1
  4104	  4111 : 0
  4108	  4115 : 0
  4112	  4123 : 0
  4120	  4131 : 0
  4128	  4139 : 0
  4136	  4191 : 0
  4188	  4195 : 0
  4192	  4215 : 1
  4212	  4227 : 0
  4224	  4443 : 0
  4440	  4467 : 0
  4464	  4475 : 0
  4472	  4479 : 0
  4476	  4483 : 0
  4480	  4487 : 0
  4484	  4495 : 0
  4492	  4519 : 0
  4516	  4523 : 0
  4520	  4535 : 0
  4532	  4583 : 0
