     0	    83 : 0
    80	    99 : 0
    96	   103 : 0
   100	   167 : 0
   164	   175 : 0
   172	   219 : 0
   216	   247 : 0
   244	   259 : 0
   256	   267 : 0
   264	   303 : 0
   300	   323 : 0
   320	   327 : 0
   324	   383 : 0
   380	   415 : 0
   412	   475 : 0
   472	   491 : 0
   488	   503 : 0
   500	   515 : 0
   512	   547 : 0
   544	   563 : 0
   560	   571 : 0
   568	   579 : 0
   576	   595 : 0
   592	   647 : 0
   644	   651 : 0
   648	   655 : 0
   652	   759 : 0
   756	   763 : 0
   760	   767 : 0
   764	   771 : 0
   768	   787 : 0
   784	   791 : 0
   788	   795 : 0
   792	   847 : 0
   844	   887 : 0
   884	   891 : 0
   888	  1035 : 0
  1032	  1095 : 0
  1092	  1099 : 0
  1096	  1111 : 0
  1108	  1119 : 0
  1116	  1123 : 0
  1120	  2235 : 0
  2232	  2451 : 0
  2448	  2475 : 0
  2472	  2551 : 0
  2548	  2555 : 0
  2552	  2599 : 0
  2596	  2607 : 0
  2604	  2719 : 0
  2716	  3127 : 0
  3124	  3383 : 0
  3380	  3391 : 0
  3388	  3599 : 0
  3596	  3611 : 0
  3608	  3635 : 0
  3632	  3659 : 0
  3656	  3663 : 0
  3660	  3691 : 0
  3688	  3715 : 0
  3712	  3731 : 0
  3728	  3747 : 0
  3744	  3751 : 0
  3748	  3831 : 0
  3828	  3835 : 0
  3832	  4099 : 0
  4096	  4431 : 0
  4428	  4663 : 0
  4660	  4719 : 0
  4716	  4871 : 0
  4868	  4911 : 0
  4908	  4983 : 0
  4980	  5007 : 0
  5004	  5039 : 0
  5036	  5043 : 0
  5040	  5063 : 0
  5060	  5079 : 0
  5076	  5307 : 0
  5304	  5315 : 1
  5312	  5415 : 0
  5412	  5423 : 0
  5420	  5967 : 0
  5964	  5971 : 0
  5968	  5975 : 0
  5972	  6067 : 0
  6064	  6071 : 0
  6068	  6095 : 0
  6092	  6099 : 0
  6096	  6103 : 0
  6100	  6107 : 0
  6104	  6123 : 0
  6120	  6171 : 0
  6168	  6207 : 0
  6204	  6283 : 0
  6280	  6335 : 0
  6332	  6467 : 0
  6464	  6475 : 0
  6472	  6487 : 0
  6484	  6523 : 0
  6520	  6579 : 0
  6576	  6591 : 0
  6588	  6891 : 0
  6888	  6911 : 0
  6908	  6915 : 0
  6912	  6927 : 0
  6924	  6947 : 0
  6944	  6963 : 0
  6960	  7235 : 0
  7232	  7243 : 0
  7240	  7283 : 0
  7280	  7291 : 0
  7288	  7847 : 0
  7844	  7851 : 0
  7848	  7855 : 0
  7852	  7891 : 0
  7888	  8095 : 0
  8092	  8103 : 1
  8100	  8579 : 0
  8576	  8631 : 1
  8628	  8671 : 0
  8668	  8771 : 0
  8768	  8779 : 0
  8776	  8815 : 0
  8812	  8851 : 0
  8848	  8871 : 0
  8868	  8891 : 0
  8888	  8963 : 0
  8960	  9615 : 0
  9612	  9651 : 1
  9648	  9687 : 0
  9684	  9795 : 0
  9792	  9811 : 0
  9808	  9827 : 0
  9824	  9835 : 0
  9832	  9871 : 0
  9868	  9891 : 0
  9888	  9911 : 0
  9908	 10303 : 0
 10300	 10319 : 0
 10316	 10347 : 0
 10344	 10355 : 0
 10352	 10379 : 0
 10376	 10411 : 0
 10408	 10439 : 0
 10436	 10467 : 0
 10464	 10543 : 0
 10540	 10547 : 0
 10544	 10647 : 0
 10644	 10651 : 0
 10648	 10707 : 0
 10704	 10719 : 0
 10716	 10743 : 0
 10740	 10747 : 0
 10744	 10759 : 0
 10756	 10767 : 0
 10764	 10807 : 0
 10804	 10815 : 0
 10812	 10875 : 0
 10872	 10891 : 0
 10888	 10895 : 0
 10892	 10903 : 0
 10900	 10911 : 0
 10908	 10919 : 0
 10916	 10999 : 0
 10996	 11183 : 0
 11180	 11187 : 0
 11184	 11919 : 0
 11916	 12523 : 0
 12520	 12531 : 1
 12528	 12627 : 0
 12624	 12635 : 0
 12632	 12751 : 0
 12748	 12767 : 0
 12764	 12791 : 0
 12788	 13275 : 1
 13272	 13307 : 0
 13304	 13311 : 0
 13308	 13315 : 0
 13312	 13335 : 0
 13332	 13439 : 0
 13436	 13471 : 0
 13468	 13483 : 0
 13480	 13499 : 0
 13496	 13503 : 0
 13500	 13507 : 0
 13504	 13523 : 0
 13520	 13527 : 0
 13524	 13539 : 0
 13536	 13575 : 0
 13572	 13579 : 0
 13576	 13587 : 0
 13584	 13591 : 0
 13588	 13615 : 0
 13612	 13643 : 0
 13640	 13651 : 0
 13648	 13675 : 0
 13672	 13679 : 0
 13676	 13787 : 0
 13784	 13811 : 0
 13808	 14027 : 0
 14024	 14031 : 0
 14028	 14099 : 0
 14096	 14111 : 0
 14108	 14119 : 0
 14116	 14127 : 0
 14124	 14131 : 0
 14128	 14139 : 0
 14136	 14175 : 0
 14172	 14187 : 0
 14184	 14219 : 0
 14216	 14231 : 0
 14228	 14287 : 0
 14284	 14291 : 1
 14288	 14311 : 0
 14308	 14319 : 1
 14316	 14379 : 0
 14376	 14383 : 1
 14380	 14431 : 0
 14428	 14459 : 1
 14456	 14467 : 0
 14464	 14523 : 0
 14520	 14619 : 0
 14616	 14819 : 0
 14816	 15031 : 0
 15028	 15747 : 1
 15744	 15755 : 0
 15752	 16215 : 0
 16212	 16335 : 0
 16332	 16367 : 0
 16364	 16399 : 0
 16396	 16439 : 0
 16436	 16491 : 0
 16488	 16515 : 1
 16512	 16519 : 0
 16516	 16563 : 0
 16560	 16575 : 0
 16572	 16679 : 1
 16676	 16843 : 0
 16840	 16847 : 1
 16844	 16927 : 0
 16924	 17215 : 1
 17212	 17231 : 0
 17228	 17251 : 0
 17248	 17255 : 0
 17252	 17259 : 0
 17256	 17403 : 0
 17400	 17407 : 0
 17404	 17415 : 0
 17412	 17423 : 0
 17420	 17427 : 0
 17424	 17435 : 0
 17432	 17455 : 0
 17452	 17463 : 0
 17460	 17487 : 0
 17484	 17491 : 0
 17488	 17499 : 0
 17496	 17511 : 0
 17508	 17679 : 0
 17676	 17687 : 0
 17684	 17723 : 0
 17720	 17735 : 0
 17732	 17755 : 0
 17752	 17763 : 0
 17760	 17803 : 0
 17800	 17823 : 0
 17820	 17883 : 0
 17880	 17891 : 0
 17888	 17915 : 0
 17912	 17923 : 0
 17920	 17927 : 0
 17924	 17935 : 0
 17932	 18063 : 0
 18060	 18067 : 0
 18064	 18091 : 0
 18088	 18103 : 0
 18100	 18143 : 0
 18140	 18287 : 0
 18284	 18335 : 0
 18332	 18559 : 1
 18556	 18703 : 0
 18700	 18707 : 0
 18704	 18715 : 0
 18712	 18743 : 0
 18740	 18791 : 0
 18788	 18867 : 1
 18864	 18875 : 0
 18872	 18899 : 0
 18896	 18927 : 0
 18924	 19027 : 0
 19024	 19031 : 0
 19028	 19163 : 0
 19160	 19175 : 0
 19172	 19179 : 0
 19176	 19183 : 0
 19180	 19239 : 0
 19236	 19243 : 0
 19240	 19247 : 0
 19244	 19251 : 0
 19248	 19259 : 0
 19256	 19263 : 0
 19260	 19275 : 0
 19272	 19279 : 0
 19276	 19387 : 0
 19384	 19395 : 0
 19392	 19467 : 0
 19464	 19491 : 0
 19488	 19535 : 0
 19532	 19547 : 0
 19544	 19551 : 0
 19548	 19571 : 0
 19568	 19575 : 0
 19572	 19587 : 0
 19584	 19595 : 0
 19592	 19627 : 0
 19624	 19631 : 0
 19628	 19715 : 0
 19712	 19723 : 1
 19720	 19887 : 0
 19884	 19895 : 1
 19892	 19951 : 0
 19948	 19959 : 1
 19956	 20055 : 0
 20052	 20059 : 1
 20056	 20227 : 0
 20224	 20235 : 1
 20232	 20363 : 0
 20360	 20511 : 0
 20508	 20591 : 0
 20588	 20595 : 0
 20592	 20603 : 0
 20600	 20615 : 0
 20612	 20631 : 0
 20628	 20639 : 0
 20636	 20699 : 0
 20696	 20847 : 1
 20844	 20851 : 0
 20848	 20855 : 1
 20852	 20931 : 0
 20928	 20935 : 0
 20932	 20943 : 0
 20940	 20947 : 0
 20944	 20955 : 0
 20952	 20999 : 0
 20996	 21019 : 0
 21016	 21051 : 0
 21048	 21143 : 0
 21140	 21147 : 1
 21144	 21267 : 0
 21264	 21271 : 0
 21268	 21327 : 0
 21324	 21339 : 0
 21336	 21363 : 0
 21360	 21367 : 0
 21364	 21379 : 0
 21376	 21387 : 0
 21384	 21427 : 0
 21424	 21439 : 0
 21436	 21487 : 0
 21484	 21535 : 0
 21532	 21611 : 0
 21608	 21619 : 1
 21616	 21623 : 0
 21620	 21687 : 0
 21684	 21699 : 0
 21696	 21791 : 0
 21788	 21803 : 0
 21800	 21819 : 0
 21816	 21827 : 0
 21824	 21839 : 0
 21836	 21851 : 0
 21848	 21871 : 0
 21868	 21875 : 0
 21872	 21883 : 0
 21880	 21891 : 0
 21888	 21895 : 0
 21892	 21951 : 0
 21948	 22023 : 0
 22020	 22031 : 0
 22028	 22035 : 0
 22032	 22059 : 0
 22056	 22063 : 0
 22060	 22067 : 0
 22064	 22115 : 0
 22112	 22175 : 0
 22172	 22187 : 0
 22184	 22223 : 0
 22220	 22227 : 0
 22224	 22299 : 0
 22296	 22335 : 0
 22332	 22351 : 0
 22348	 22359 : 0
 22356	 22363 : 0
 22360	 22367 : 0
 22364	 22403 : 0
 22400	 22415 : 0
 22412	 22479 : 0
 22476	 22503 : 0
 22500	 22743 : 0
 22740	 22763 : 0
 22760	 22771 : 0
 22768	 22779 : 0
 22776	 22807 : 0
 22804	 22831 : 0
 22828	 23035 : 0
 23032	 23247 : 1
 23244	 23251 : 0
 23248	 23339 : 0
 23336	 23639 : 0
 23636	 23987 : 1
 23984	 24187 : 0
 24184	 24235 : 0
 24232	 24239 : 0
 24236	 24243 : 0
 24240	 24247 : 0
 24244	 24259 : 0
 24256	 24275 : 0
 24272	 24339 : 0
 24336	 24375 : 0
 24372	 24383 : 0
 24380	 24407 : 0
 24404	 24423 : 0
 24420	 24435 : 0
 24432	 24443 : 0
 24440	 24487 : 0
 24484	 24511 : 0
 24508	 24539 : 0
 24536	 24547 : 0
 24544	 24675 : 0
 24672	 24679 : 0
 24676	 24683 : 0
 24680	 25091 : 0
 25088	 25095 : 0
 25092	 26055 : 0
 26052	 26075 : 0
 26072	 26091 : 0
 26088	 26511 : 0
 26508	 26615 : 0
 26612	 26635 : 0
 26632	 26659 : 0
 26656	 26667 : 0
 26664	 26699 : 0
 26696	 26711 : 0
 26708	 26719 : 0
 26716	 26743 : 0
 26740	 26751 : 0
 26748	 26755 : 0
 26752	 26763 : 0
 26760	 26779 : 0
 26776	 26823 : 0
 26820	 26943 : 0
 26940	 26951 : 1
 26948	 27051 : 0
 27048	 27159 : 0
 27156	 27187 : 0
 27184	 27203 : 0
 27200	 27311 : 0
 27308	 27319 : 0
 27316	 27335 : 0
 27332	 27363 : 0
 27360	 27551 : 0
 27548	 27575 : 0
 27572	 27623 : 0
 27620	 27627 : 0
 27624	 27655 : 0
 27652	 27735 : 0
 27732	 27739 : 0
 27736	 27835 : 0
 27832	 27883 : 0
 27880	 28187 : 0
 28184	 28291 : 0
 28288	 28299 : 1
 28296	 28731 : 0
 28728	 28771 : 0
 28768	 28943 : 0
 28940	 28951 : 0
 28948	 29167 : 0
 29164	 29227 : 0
 29224	 29235 : 0
 29232	 29275 : 0
 29272	 29479 : 0
 29476	 29523 : 0
 29520	 29539 : 0
 29536	 29551 : 0
 29548	 29559 : 0
 29556	 29579 : 0
 29576	 29595 : 0
 29592	 29607 : 0
 29604	 29619 : 0
 29616	 29639 : 0
 29636	 29675 : 0
 29672	 29679 : 0
 29676	 29707 : 0
 29704	 29771 : 0
 29768	 29831 : 0
 29828	 29843 : 0
 29840	 29847 : 0
 29844	 29975 : 0
 29972	 30011 : 0
 30008	 30123 : 0
 30120	 30395 : 0
 30392	 30431 : 0
 30428	 30539 : 0
 30536	 30707 : 0
 30704	 30711 : 0
 30708	 30819 : 0
 30816	 30855 : 0
 30852	 30883 : 0
 30880	 30923 : 0
 30920	 30927 : 0
 30924	 31051 : 0
 31048	 31075 : 0
 31072	 31079 : 0
 31076	 31083 : 0
 31080	 31115 : 0
 31112	 31127 : 0
 31124	 31147 : 0
 31144	 31351 : 0
 31348	 31355 : 0
 31352	 31487 : 0
 31484	 31567 : 0
 31564	 31571 : 0
 31568	 31715 : 0
 31712	 31727 : 0
 31724	 31735 : 0
 31732	 31755 : 0
 31752	 31931 : 0
 31928	 31939 : 0
 31936	 32199 : 0
 32196	 32215 : 0
 32212	 32275 : 0
 32272	 32303 : 0
 32300	 32307 : 0
 32304	 32323 : 0
 32320	 32383 : 0
 32380	 32443 : 0
 32440	 32451 : 0
 32448	 32455 : 0
 32452	 32463 : 0
 32460	 32467 : 0
 32464	 32519 : 0
 32516	 32523 : 0
 32520	 32767 : 0
 32764	 32771 : 0
 32768	 32963 : 0
 32960	 32971 : 1
 32968	 32983 : 0
 32980	 33007 : 0
 33004	 33107 : 0
 33104	 33467 : 0
 33464	 33499 : 0
 33496	 33711 : 0
 33708	 33731 : 0
 33728	 33735 : 0
 33732	 33743 : 0
 33740	 34611 : 0
 34608	 34647 : 0
 34644	 34979 : 0
 34976	 34983 : 0
 34980	 35175 : 0
 35172	 35195 : 0
 35192	 35719 : 0
 35716	 35723 : 0
 35720	 35731 : 0
 35728	 35767 : 0
 35764	 35879 : 0
 35876	 35887 : 0
 35884	 35935 : 0
 35932	 35991 : 0
 35988	 36291 : 1
 36288	 36295 : 0
 36292	 36415 : 0
 36412	 36503 : 0
 36500	 36515 : 0
 36512	 36639 : 0
 36636	 36723 : 0
 36720	 37087 : 0
 37084	 37195 : 0
 37192	 37307 : 0
 37304	 37315 : 0
 37312	 37319 : 0
 37316	 37343 : 0
 37340	 37347 : 0
 37344	 37351 : 0
 37348	 37355 : 0
 37352	 37399 : 0
 37396	 37435 : 0
 37432	 37447 : 0
 37444	 37467 : 0
 37464	 38119 : 0
 38116	 38199 : 0
 38196	 38431 : 0
