     0	   155 : 0
   152	   163 : 0
   160	   175 : 0
   172	   183 : 0
   180	   187 : 0
   184	   191 : 0
   188	   315 : 0
   312	   327 : 0
   324	   339 : 0
   336	   343 : 0
   340	   363 : 0
   360	   395 : 0
   392	   415 : 0
   412	   423 : 0
   420	   447 : 0
   444	   451 : 0
   448	   503 : 0
   500	   515 : 0
   512	   523 : 0
   520	   555 : 0
   552	   559 : 0
   556	   607 : 0
   604	   611 : 0
   608	   639 : 0
   636	   663 : 0
   660	   667 : 0
   664	   751 : 0
   748	   755 : 0
   752	   795 : 0
   792	   807 : 0
   804	   827 : 0
   824	   831 : 0
   828	   867 : 0
   864	   943 : 0
   940	   947 : 0
   944	   951 : 0
   948	  1211 : 0
  1208	  1235 : 0
  1232	  1255 : 0
  1252	  1263 : 0
  1260	  1323 : 0
  1320	  1331 : 0
  1328	  1391 : 0
  1388	  1443 : 0
  1440	  1475 : 0
  1472	  1483 : 0
  1480	  1499 : 0
  1496	  1527 : 0
  1524	  1531 : 0
  1528	  1535 : 0
  1532	  1547 : 0
  1544	  1567 : 0
  1564	  1587 : 0
  1584	  1599 : 0
  1596	  1651 : 0
  1648	  1671 : 0
  1668	  1747 : 0
  1744	  1767 : 0
  1764	  1943 : 0
  1940	  1947 : 0
  1944	  1955 : 0
  1952	  1963 : 0
  1960	  1979 : 0
  1976	  2011 : 0
  2008	  2015 : 0
  2012	  2031 : 0
  2028	  2095 : 0
  2092	  2127 : 0
  2124	  2143 : 0
  2140	  2147 : 0
  2144	  2291 : 0
  2288	  2299 : 0
  2296	  2303 : 0
  2300	  2307 : 0
  2304	  2375 : 0
  2372	  2379 : 0
  2376	  2403 : 0
  2400	  2419 : 0
  2416	  2459 : 0
  2456	  2467 : 0
  2464	  2531 : 0
  2528	  2643 : 1
  2640	  2647 : 0
  2644	  2651 : 0
  2648	  2763 : 0
  2760	  2767 : 1
  2764	  2835 : 0
  2832	  2899 : 0
  2896	  2923 : 0
  2920	  2927 : 0
  2924	  2979 : 0
  2976	  3047 : 0
  3044	  3051 : 0
  3048	  3123 : 0
  3120	  3139 : 0
  3136	  3235 : 0
  3232	  3271 : 0
  3268	  3307 : 0
  3304	  3359 : 0
  3356	  3403 : 0
  3400	  3675 : 0
  3672	  3691 : 0
  3688	  3699 : 0
  3696	  3703 : 0
  3700	  3755 : 0
  3752	  3783 : 0
  3780	  3791 : 0
  3788	  3815 : 0
  3812	  3831 : 0
  3828	  3843 : 0
  3840	  3859 : 0
  3856	  3871 : 0
  3868	  3919 : 0
  3916	  3923 : 0
  3920	  4091 : 0
  4088	  4095 : 0
  4092	  4099 : 0
  4096	  4111 : 0
  4108	  4119 : 0
  4116	  4123 : 0
  4120	  4127 : 0
  4124	  4147 : 0
  4144	  4151 : 0
  4148	  4167 : 0
  4164	  4171 : 0
  4168	  4183 : 0
  4180	  4187 : 0
  4184	  4195 : 0
  4192	  4199 : 0
  4196	  4223 : 1
  4220	  4235 : 0
  4232	  4259 : 0
  4256	  4275 : 0
  4272	  4299 : 0
  4296	  4307 : 0
  4304	  4311 : 1
  4308	  4319 : 0
  4316	  4323 : 0
  4320	  4327 : 0
  4324	  4379 : 0
  4376	  4383 : 0
  4380	  4399 : 0
  4396	  4407 : 0
  4404	  4415 : 0
  4412	  4427 : 0
  4424	  4431 : 0
  4428	  4435 : 0
  4432	  4439 : 0
  4436	  4443 : 0
  4440	  4451 : 0
  4448	  4455 : 0
  4452	  4459 : 0
  4456	  4487 : 0
  4484	  4499 : 0
  4496	  4515 : 0
  4512	  4527 : 0
  4524	  4575 : 0
  4572	  4579 : 0
  4576	  4603 : 0
  4600	  4623 : 0
  4620	  4631 : 0
  4628	  4639 : 0
  4636	  4659 : 0
  4656	  4663 : 0
  4660	  4667 : 0
  4664	  4723 : 0
  4720	  4755 : 0
  4752	  4767 : 0
  4764	  4771 : 0
  4768	  4827 : 0
  4824	  4831 : 0
  4828	  4839 : 0
  4836	  4855 : 0
  4852	  4887 : 0
  4884	  4931 : 0
  4928	  4943 : 0
  4940	  4963 : 0
  4960	  4967 : 0
  4964	  4975 : 0
  4972	  4979 : 0
  4976	  4999 : 0
  4996	  5055 : 0
  5052	  5067 : 0
  5064	  5107 : 0
  5104	  5115 : 0
  5112	  5147 : 0
  5144	  5155 : 0
  5152	  5247 : 0
  5244	  5391 : 0
  5388	  5423 : 1
  5420	  5487 : 0
  5484	  5507 : 0
  5504	  5515 : 0
  5512	  5531 : 0
  5528	  5551 : 0
  5548	  5555 : 0
  5552	  5559 : 0
  5556	  5579 : 0
  5576	  5619 : 0
  5616	  5635 : 0
  5632	  5639 : 0
  5636	  5643 : 0
  5640	  5675 : 0
  5672	  5683 : 0
  5680	  5695 : 0
  5692	  5699 : 0
  5696	  5775 : 0
  5772	  5803 : 0
  5800	  5827 : 0
  5824	  5831 : 0
  5828	  5847 : 0
  5844	  5867 : 0
  5864	  5899 : 0
  5896	  5903 : 0
  5900	  5907 : 0
  5904	  5927 : 0
  5924	  5959 : 0
  5956	  5975 : 0
  5972	  6007 : 0
  6004	  6035 : 0
  6032	  6039 : 0
  6036	  6059 : 0
  6056	  6063 : 0
  6060	  6071 : 0
  6068	  6075 : 0
  6072	  6095 : 0
  6092	  6107 : 0
  6104	  6111 : 0
  6108	  6123 : 0
  6120	  6171 : 0
  6168	  6191 : 0
  6188	  6195 : 0
  6192	  6199 : 0
  6196	  6211 : 0
  6208	  6227 : 0
  6224	  6243 : 0
  6240	  6275 : 0
  6272	  6279 : 0
  6276	  6287 : 0
  6284	  6307 : 0
  6304	  6311 : 0
  6308	  6355 : 0
  6352	  6375 : 0
  6372	  6387 : 0
  6384	  6395 : 0
  6392	  6427 : 0
  6424	  6435 : 0
  6432	  6439 : 0
  6436	  6491 : 0
  6488	  6495 : 0
  6492	  6527 : 0
  6524	  6535 : 0
  6532	  6567 : 0
  6564	  6571 : 0
  6568	  6587 : 0
  6584	  6591 : 0
  6588	  6595 : 0
  6592	  6599 : 0
  6596	  6619 : 0
  6616	  6623 : 0
  6620	  6659 : 0
  6656	  6663 : 0
  6660	  6767 : 0
  6764	  6775 : 0
  6772	  6779 : 0
  6776	  6811 : 0
  6808	  6835 : 0
  6832	  6843 : 0
  6840	  6847 : 0
  6844	  6851 : 0
  6848	  6863 : 0
  6860	  6895 : 0
  6892	  6935 : 0
  6932	  6951 : 0
  6948	  7067 : 0
  7064	  7083 : 0
  7080	  7127 : 0
  7124	  7163 : 0
  7160	  7243 : 0
  7240	  7295 : 0
  7292	  7299 : 0
  7296	  7307 : 0
  7304	  7315 : 0
  7312	  7335 : 0
  7332	  7367 : 0
  7364	  7391 : 0
  7388	  7459 : 0
  7456	  7471 : 1
  7468	  7475 : 0
  7472	  7487 : 0
  7484	  7491 : 0
  7488	  7507 : 0
  7504	  7527 : 0
  7524	  7539 : 0
  7536	  7543 : 0
  7540	  7547 : 0
  7544	  7551 : 0
  7548	  7559 : 0
  7556	  7575 : 0
  7572	  7607 : 0
  7604	  7611 : 0
  7608	  7663 : 0
  7660	  7667 : 0
  7664	  7727 : 0
  7724	  7735 : 0
  7732	  7759 : 0
  7756	  7771 : 0
  7768	  7791 : 0
  7788	  7795 : 0
  7792	  7875 : 0
  7872	  7891 : 0
  7888	  7911 : 0
  7908	  7923 : 0
  7920	  7935 : 0
  7932	  7939 : 0
  7936	  7971 : 0
  7968	  7979 : 0
  7976	  7991 : 0
  7988	  7995 : 0
  7992	  7999 : 0
  7996	  8003 : 0
  8000	  8107 : 0
  8104	  8111 : 0
  8108	  8123 : 0
  8120	  8127 : 0
  8124	  8155 : 0
  8152	  8183 : 0
  8180	  8191 : 0
  8188	  8195 : 0
  8192	  8207 : 0
  8204	  8227 : 0
  8224	  8279 : 0
  8276	  8283 : 0
  8280	  8315 : 0
  8312	  8335 : 0
  8332	  8339 : 0
  8336	  8347 : 0
  8344	  8407 : 0
  8404	  8423 : 0
  8420	  8503 : 0
  8500	  8515 : 0
  8512	  8527 : 0
  8524	  8543 : 0
  8540	  8555 : 0
  8552	  8559 : 0
  8556	  8571 : 0
  8568	  8587 : 0
  8584	  8591 : 0
  8588	  8619 : 0
  8616	  8643 : 0
  8640	  8651 : 0
  8648	  8663 : 0
  8660	  8671 : 0
  8668	  8683 : 0
  8680	  8699 : 0
  8696	  8711 : 0
  8708	  8719 : 0
  8716	  8727 : 0
  8724	  8743 : 0
  8740	  8747 : 0
  8744	  8759 : 0
  8756	  8779 : 0
  8776	  8803 : 0
  8800	  8807 : 0
  8804	  8811 : 0
  8808	  8831 : 0
  8828	  8835 : 0
  8832	  8867 : 0
  8864	  8871 : 0
  8868	  8875 : 0
  8872	  8879 : 0
  8876	  8883 : 0
  8880	  8887 : 0
  8884	  8899 : 0
  8896	  8947 : 0
  8944	  8959 : 0
  8956	  8963 : 0
  8960	  9015 : 0
  9012	  9023 : 0
  9020	  9027 : 0
  9024	  9035 : 0
  9032	  9051 : 0
  9048	  9095 : 0
  9092	  9107 : 0
  9104	  9147 : 0
  9144	  9151 : 0
  9148	  9211 : 0
  9208	  9235 : 0
  9232	  9279 : 0
  9276	  9287 : 0
  9284	  9299 : 0
  9296	  9311 : 0
  9308	  9315 : 0
  9312	  9323 : 0
  9320	  9347 : 0
  9344	  9367 : 0
  9364	  9407 : 0
  9404	  9411 : 0
  9408	  9419 : 0
  9416	  9431 : 0
  9428	  9467 : 0
  9464	  9483 : 0
  9480	  9499 : 0
  9496	  9503 : 0
  9500	  9559 : 0
  9556	  9615 : 0
  9612	  9623 : 0
  9620	  9627 : 0
  9624	  9631 : 0
  9628	  9671 : 0
  9668	  9683 : 0
  9680	  9711 : 0
  9708	  9743 : 0
  9740	  9751 : 0
  9748	  9755 : 0
  9752	  9759 : 0
  9756	  9775 : 0
  9772	  9799 : 0
  9796	  9815 : 0
  9812	  9819 : 0
  9816	  9835 : 0
  9832	  9839 : 0
  9836	  9855 : 0
  9852	  9887 : 0
  9884	  9911 : 0
  9908	  9927 : 0
  9924	  9935 : 0
  9932	  9967 : 0
  9964	  9987 : 0
  9984	  9991 : 1
  9988	 10055 : 0
 10052	 10075 : 0
 10072	 10139 : 0
 10136	 10163 : 0
 10160	 10175 : 0
 10172	 10183 : 0
 10180	 10195 : 0
 10192	 10203 : 0
 10200	 10207 : 0
 10204	 10219 : 0
 10216	 10231 : 0
 10228	 10243 : 0
 10240	 10319 : 0
 10316	 10423 : 0
 10420	 10427 : 0
 10424	 10475 : 0
 10472	 10623 : 0
 10620	 10627 : 0
 10624	 10715 : 0
 10712	 10719 : 0
 10716	 10723 : 0
 10720	 10727 : 0
 10724	 10731 : 0
 10728	 10763 : 0
 10760	 10767 : 0
 10764	 10775 : 0
 10772	 10787 : 0
 10784	 10803 : 0
 10800	 10807 : 0
 10804	 10811 : 0
 10808	 10863 : 0
 10860	 10867 : 0
 10864	 10879 : 0
 10876	 10883 : 0
 10880	 10887 : 0
 10884	 10895 : 0
 10892	 10899 : 0
 10896	 10963 : 0
 10960	 10967 : 0
 10964	 10999 : 0
 10996	 11055 : 0
 11052	 11059 : 0
 11056	 11191 : 0
 11188	 11199 : 0
 11196	 11319 : 0
 11316	 11323 : 0
 11320	 11395 : 0
 11392	 11399 : 0
 11396	 11403 : 0
 11400	 11443 : 0
 11440	 11447 : 0
 11444	 11479 : 0
 11476	 11491 : 0
 11488	 11511 : 0
 11508	 11559 : 0
 11556	 11563 : 0
 11560	 11571 : 0
 11568	 11587 : 0
 11584	 11591 : 0
 11588	 11595 : 0
 11592	 11599 : 0
 11596	 11615 : 0
 11612	 11631 : 0
 11628	 11675 : 0
 11672	 11699 : 0
 11696	 11703 : 0
 11700	 11715 : 0
 11712	 11727 : 0
 11724	 11731 : 0
 11728	 11739 : 0
 11736	 11743 : 0
 11740	 11771 : 0
 11768	 11775 : 0
 11772	 11783 : 0
 11780	 11803 : 0
 11800	 11807 : 0
 11804	 11859 : 0
 11856	 11867 : 0
 11864	 11871 : 0
 11868	 11887 : 0
 11884	 11939 : 0
 11936	 11951 : 0
 11948	 11975 : 0
 11972	 11979 : 0
 11976	 11995 : 0
 11992	 12027 : 0
 12024	 12059 : 0
 12056	 12067 : 0
 12064	 12079 : 0
 12076	 12091 : 0
 12088	 12103 : 0
 12100	 12111 : 0
 12108	 12119 : 0
 12116	 12123 : 0
 12120	 12187 : 0
 12184	 12191 : 0
 12188	 12319 : 0
 12316	 12335 : 0
 12332	 12343 : 0
 12340	 12347 : 0
 12344	 12359 : 0
 12356	 12375 : 0
 12372	 12799 : 0
 12796	 12803 : 0
 12800	 12807 : 0
 12804	 12811 : 0
 12808	 12815 : 0
 12812	 12855 : 0
 12852	 12863 : 0
 12860	 12871 : 0
 12868	 12899 : 0
 12896	 12919 : 0
 12916	 13191 : 0
 13188	 13203 : 0
 13200	 13247 : 0
 13244	 13255 : 0
 13252	 13307 : 0
 13304	 13311 : 0
 13308	 13367 : 0
 13364	 13379 : 0
 13376	 13423 : 0
 13420	 13447 : 0
 13444	 13671 : 0
 13668	 13683 : 1
 13680	 13719 : 0
 13716	 13739 : 0
 13736	 13759 : 0
 13756	 13783 : 0
 13780	 13791 : 0
 13788	 13815 : 0
 13812	 13823 : 0
 13820	 13835 : 1
 13832	 13927 : 0
 13924	 13935 : 0
