     0	   147 : 0
   144	   155 : 0
   152	   175 : 0
   172	   187 : 0
   184	   191 : 0
   188	   403 : 0
   400	   411 : 0
   408	   415 : 0
   412	   439 : 0
   436	   539 : 0
   536	   551 : 0
   548	   567 : 0
   564	   579 : 0
   576	   591 : 0
   588	   595 : 0
   592	   603 : 0
   600	   635 : 1
   632	   643 : 0
   640	   663 : 0
   660	   675 : 0
   672	   691 : 0
   688	   695 : 0
   692	   739 : 1
   736	   747 : 0
   744	   775 : 0
   772	   783 : 0
   780	   787 : 0
   784	   855 : 0
   852	   895 : 0
   892	   931 : 0
   928	   935 : 0
   932	  1139 : 0
  1136	  1147 : 0
  1144	  1179 : 0
  1176	  1207 : 0
  1204	  1219 : 0
  1216	  1231 : 0
  1228	  1283 : 0
  1280	  1287 : 0
  1284	  1323 : 0
  1320	  1367 : 0
  1364	  1375 : 0
  1372	  1383 : 0
  1380	  1391 : 0
  1388	  1403 : 0
  1400	  1667 : 0
  1664	  1699 : 0
  1696	  1707 : 0
  1704	  1731 : 0
  1728	  1743 : 0
  1740	  1759 : 0
  1756	  1763 : 0
  1760	  1883 : 0
  1880	  1911 : 0
  1908	  1919 : 0
  1916	  1923 : 0
  1920	  1927 : 0
  1924	  1943 : 0
  1940	  1963 : 0
  1960	  1971 : 0
  1968	  1987 : 0
  1984	  1991 : 0
  1988	  2019 : 0
  2016	  2027 : 0
  2024	  2043 : 0
  2040	  2087 : 0
  2084	  2091 : 0
  2088	  2207 : 0
  2204	  2219 : 0
  2216	  2231 : 0
  2228	  2235 : 0
  2232	  2323 : 0
  2320	  2375 : 1
  2372	  2467 : 0
  2464	  2619 : 0
  2616	  2623 : 0
  2620	  2643 : 0
  2640	  2647 : 0
  2644	  2787 : 0
  2784	  2791 : 0
  2788	  2799 : 0
  2796	  2839 : 0
  2836	  2867 : 0
  2864	  2883 : 0
  2880	  2891 : 0
  2888	  2895 : 0
  2892	  2907 : 0
  2904	  2931 : 0
  2928	  2967 : 0
  2964	  2991 : 0
  2988	  3007 : 0
  3004	  3011 : 0
  3008	  3019 : 0
  3016	  3035 : 0
  3032	  3067 : 0
  3064	  3151 : 0
  3148	  3159 : 0
  3156	  3175 : 0
  3172	  3179 : 0
  3176	  3199 : 0
  3196	  3203 : 0
  3200	  3219 : 0
  3216	  3223 : 1
  3220	  3227 : 0
  3224	  3251 : 1
  3248	  3255 : 0
  3252	  3271 : 0
  3268	  3275 : 0
  3272	  3279 : 0
  3276	  3291 : 0
  3288	  3295 : 0
  3292	  3307 : 0
  3304	  3311 : 0
  3308	  3315 : 0
  3312	  3339 : 0
  3336	  3375 : 0
  3372	  3503 : 0
  3500	  3507 : 0
  3504	  3543 : 0
  3540	  3627 : 0
  3624	  3643 : 0
  3640	  3655 : 0
  3652	  3667 : 0
  3664	  3707 : 0
  3704	  3727 : 0
  3724	  3743 : 0
  3740	  3747 : 0
  3744	  3751 : 0
  3748	  3763 : 0
  3760	  3807 : 0
  3804	  3811 : 0
  3808	  3963 : 0
  3960	  3983 : 0
  3980	  4007 : 0
  4004	  4051 : 0
  4048	  4131 : 0
  4128	  4135 : 0
  4132	  4343 : 0
  4340	  4391 : 0
  4388	  4395 : 0
  4392	  4431 : 0
  4428	  4435 : 0
  4432	  4439 : 0
  4436	  4443 : 0
  4440	  4447 : 0
  4444	  4451 : 0
  4448	  4515 : 0
  4512	  4543 : 0
  4540	  4551 : 0
  4548	  4575 : 0
  4572	  4667 : 0
  4664	  4743 : 0
  4740	  4847 : 0
  4844	  4851 : 0
  4848	  4859 : 0
  4856	  4875 : 0
  4872	  4907 : 0
  4904	  4947 : 0
  4944	  5035 : 0
  5032	  5055 : 0
  5052	  5115 : 0
  5112	  5123 : 0
  5120	  5127 : 0
  5124	  5179 : 0
  5176	  5647 : 0
  5644	  5703 : 0
  5700	  5715 : 0
  5712	  5795 : 0
  5792	  5799 : 0
  5796	  5843 : 0
  5840	  5851 : 1
  5848	  5915 : 0
  5912	  5919 : 1
  5916	  5923 : 0
  5920	  5931 : 0
  5928	  5951 : 0
  5948	  6027 : 0
  6024	  6127 : 0
  6124	  6151 : 1
  6148	  6239 : 0
  6236	  6247 : 0
  6244	  6303 : 0
  6300	  6335 : 0
  6332	  6375 : 0
  6372	  6383 : 0
  6380	  6391 : 0
  6388	  6399 : 0
  6396	  6403 : 0
  6400	  6407 : 0
  6404	  6411 : 0
  6408	  6415 : 0
  6412	  6419 : 0
  6416	  6443 : 0
  6440	  6499 : 0
  6496	  6507 : 0
  6504	  6611 : 0
  6608	  6639 : 0
  6636	  6655 : 0
  6652	  6659 : 0
  6656	  6667 : 0
  6664	  6879 : 1
  6876	  6883 : 0
  6880	  6891 : 0
  6888	  6895 : 0
  6892	  6899 : 1
  6896	  6951 : 0
  6948	  6955 : 0
  6952	  6971 : 0
  6968	  6975 : 0
  6972	  6979 : 0
  6976	  7055 : 0
  7052	  7067 : 0
  7064	  7123 : 0
  7120	  7135 : 0
  7132	  7143 : 0
  7140	  7175 : 0
  7172	  7231 : 0
  7228	  7239 : 0
  7236	  7255 : 0
  7252	  7259 : 0
  7256	  7307 : 0
  7304	  7319 : 0
  7316	  7331 : 0
  7328	  7339 : 0
  7336	  7427 : 0
  7424	  7435 : 0
  7432	  7459 : 0
  7456	  7471 : 0
  7468	  7543 : 0
  7540	  7555 : 0
  7552	  7587 : 0
  7584	  7627 : 0
  7624	  7631 : 0
  7628	  7683 : 0
  7680	  7731 : 0
  7728	  7751 : 0
  7748	  7759 : 0
  7756	  7907 : 0
  7904	  7975 : 0
  7972	  7983 : 0
  7980	  8087 : 0
  8084	  8119 : 0
  8116	  8131 : 0
  8128	  8147 : 0
  8144	  8163 : 0
  8160	  8167 : 0
  8164	  8195 : 0
  8192	  8247 : 0
  8244	  8255 : 0
  8252	  8323 : 0
  8320	  8347 : 0
  8344	  8351 : 0
  8348	  8415 : 0
  8412	  8495 : 0
  8492	  8519 : 0
  8516	  8563 : 0
  8560	  8743 : 0
  8740	  8771 : 0
  8768	  8779 : 0
  8776	  8795 : 0
  8792	  8799 : 0
  8796	  8803 : 0
  8800	  8995 : 0
  8992	  9003 : 0
  9000	  9103 : 0
  9100	  9111 : 0
  9108	  9267 : 0
  9264	  9347 : 0
  9344	  9387 : 0
  9384	  9395 : 0
  9392	  9551 : 0
  9548	  9567 : 0
  9564	  9579 : 0
  9576	  9587 : 0
  9584	  9591 : 0
  9588	  9595 : 0
  9592	  9851 : 0
  9848	  9855 : 0
  9852	  9867 : 1
  9864	  9875 : 0
  9872	  9903 : 0
  9900	  9935 : 0
  9932	  9943 : 0
  9940	  9955 : 0
  9952	  9975 : 0
  9972	  9983 : 0
  9980	  9987 : 0
  9984	  9999 : 0
  9996	 10003 : 0
 10000	 10007 : 0
 10004	 10019 : 0
 10016	 10023 : 0
 10020	 10027 : 1
 10024	 10055 : 0
 10052	 10143 : 0
 10140	 10147 : 0
 10144	 10167 : 0
 10164	 10175 : 0
 10172	 10179 : 0
 10176	 10219 : 0
 10216	 10239 : 0
 10236	 10271 : 0
 10268	 10315 : 0
 10312	 10319 : 0
 10316	 10323 : 0
 10320	 10339 : 0
 10336	 10351 : 0
 10348	 10363 : 0
 10360	 10395 : 0
 10392	 10427 : 0
 10424	 10431 : 0
 10428	 10435 : 0
 10432	 10683 : 0
 10680	 10695 : 0
 10692	 10779 : 0
 10776	 10787 : 0
 10784	 10803 : 0
 10800	 10851 : 0
 10848	 10855 : 0
 10852	 10859 : 0
 10856	 10895 : 0
 10892	 10903 : 0
 10900	 10955 : 0
 10952	 10959 : 0
 10956	 11059 : 0
 11056	 11095 : 0
 11092	 11103 : 0
 11100	 11111 : 0
 11108	 11179 : 0
 11176	 11183 : 0
 11180	 11263 : 0
 11260	 11267 : 0
 11264	 11287 : 0
 11284	 11303 : 0
 11300	 11367 : 0
 11364	 11387 : 0
 11384	 11451 : 0
 11448	 11455 : 0
 11452	 11459 : 0
 11456	 11467 : 0
 11464	 11483 : 0
 11480	 11487 : 0
 11484	 11495 : 0
 11492	 11503 : 0
 11500	 11555 : 0
 11552	 11559 : 0
 11556	 11567 : 0
 11564	 11575 : 0
 11572	 11591 : 0
 11588	 11599 : 0
 11596	 11615 : 0
 11612	 11627 : 0
 11624	 11707 : 0
 11704	 11711 : 0
 11708	 11715 : 0
 11712	 11719 : 0
 11716	 11727 : 0
 11724	 11823 : 0
 11820	 11831 : 0
 11828	 11947 : 0
 11944	 12035 : 0
 12032	 12043 : 0
 12040	 12131 : 0
 12128	 12187 : 0
 12184	 12307 : 0
 12304	 12315 : 0
 12312	 12443 : 0
 12440	 12451 : 0
 12448	 12631 : 0
 12628	 12839 : 0
 12836	 12847 : 0
 12844	 12859 : 0
 12856	 12867 : 0
 12864	 12875 : 0
 12872	 12879 : 0
 12876	 12931 : 0
 12928	 12995 : 0
 12992	 12999 : 0
 12996	 13023 : 0
 13020	 13055 : 0
 13052	 13103 : 0
 13100	 13115 : 0
 13112	 13119 : 0
 13116	 13139 : 0
 13136	 13143 : 0
 13140	 13147 : 0
 13144	 13151 : 0
 13148	 13155 : 0
 13152	 13171 : 0
 13168	 13175 : 0
 13172	 13263 : 0
 13260	 13275 : 0
 13272	 13291 : 0
 13288	 13295 : 0
 13292	 13315 : 0
 13312	 13319 : 0
 13316	 13547 : 0
 13544	 13551 : 0
 13548	 13867 : 0
 13864	 13871 : 0
 13868	 13891 : 0
 13888	 13939 : 0
 13936	 13943 : 0
 13940	 13991 : 0
 13988	 14015 : 0
 14012	 14019 : 0
 14016	 14039 : 0
 14036	 14043 : 0
 14040	 14071 : 0
 14068	 14075 : 0
 14072	 14107 : 0
 14104	 14127 : 0
 14124	 14131 : 0
 14128	 14419 : 0
 14416	 14431 : 0
 14428	 14435 : 0
 14432	 14439 : 0
 14436	 14475 : 0
 14472	 14771 : 0
 14768	 14779 : 0
 14776	 14915 : 0
 14912	 14919 : 0
 14916	 14931 : 0
 14928	 14935 : 0
 14932	 14943 : 0
 14940	 14979 : 0
 14976	 15007 : 0
 15004	 15091 : 0
 15088	 15135 : 0
 15132	 15143 : 0
 15140	 15275 : 0
 15272	 15399 : 0
 15396	 15407 : 1
 15404	 15419 : 0
 15416	 15471 : 0
 15468	 15479 : 0
 15476	 15703 : 0
 15700	 15707 : 0
 15704	 15735 : 0
 15732	 15739 : 0
 15736	 15839 : 0
 15836	 15847 : 0
 15844	 15855 : 0
 15852	 15891 : 0
 15888	 15911 : 0
 15908	 15919 : 0
 15916	 15939 : 0
 15936	 15955 : 0
 15952	 17247 : 1
 17244	 17263 : 0
 17260	 17279 : 0
 17276	 17295 : 0
 17292	 17315 : 0
 17312	 17415 : 0
 17412	 17419 : 0
 17416	 17423 : 0
 17420	 17587 : 0
 17584	 17599 : 0
 17596	 17603 : 0
 17600	 17611 : 0
 17608	 17615 : 0
 17612	 17627 : 0
 17624	 17635 : 0
 17632	 17639 : 0
 17636	 17643 : 0
 17640	 17647 : 0
 17644	 17815 : 0
 17812	 17847 : 0
 17844	 17855 : 0
 17852	 17867 : 0
 17864	 18203 : 0
 18200	 18223 : 0
 18220	 18227 : 0
 18224	 18299 : 0
 18296	 18307 : 0
 18304	 18363 : 0
 18360	 18387 : 0
 18384	 18415 : 0
 18412	 18531 : 0
 18528	 18551 : 0
 18548	 18615 : 0
 18612	 18707 : 0
 18704	 18719 : 0
 18716	 18747 : 0
 18744	 19507 : 0
