     0	     7 : 1
     4	    11 : 0
     8	    23 : 1
    20	    47 : 0
    44	    67 : 1
    64	   215 : 0
   212	   235 : 0
   232	   287 : 0
   284	   371 : 0
   368	   407 : 0
   404	   435 : 0
   432	   451 : 0
   448	   475 : 0
   472	   527 : 0
   524	   531 : 0
   528	   627 : 0
   624	   639 : 0
   636	   663 : 0
   660	   683 : 1
   680	   703 : 0
   700	   711 : 1
   708	   787 : 0
   784	   795 : 1
   792	   843 : 0
   840	   867 : 0
   864	   915 : 0
   912	   923 : 0
   920	   951 : 0
   948	  1015 : 1
  1012	  1019 : 0
  1016	  1031 : 1
  1028	  1043 : 0
  1040	  1055 : 0
  1052	  1059 : 0
  1056	  1063 : 1
  1060	  1099 : 0
  1096	  1103 : 1
  1100	  1111 : 0
  1108	  1115 : 0
  1112	  1143 : 0
  1140	  1167 : 1
  1164	  1175 : 0
  1172	  1179 : 0
  1176	  1183 : 0
  1180	  1207 : 1
  1204	  1231 : 0
  1228	  1279 : 1
  1276	  1283 : 0
  1280	  1287 : 1
  1284	  1339 : 0
  1336	  1343 : 1
  1340	  1367 : 0
  1364	  1375 : 1
  1372	  1403 : 0
  1400	  1467 : 1
  1464	  1475 : 0
  1472	  1479 : 0
  1476	  1499 : 0
  1496	  1503 : 0
  1500	  1519 : 0
  1516	  1527 : 1
  1524	  1531 : 0
  1528	  1551 : 0
  1548	  1555 : 0
  1552	  1575 : 0
  1572	  1619 : 0
  1616	  1627 : 1
  1624	  1647 : 0
  1644	  1651 : 0
  1648	  1663 : 0
  1660	  1671 : 1
  1668	  1695 : 0
  1692	  1707 : 0
  1704	  1719 : 0
  1716	  1747 : 0
  1744	  1775 : 0
  1772	  1799 : 1
  1796	  1835 : 0
  1832	  1879 : 1
  1876	  1891 : 0
  1888	  1895 : 1
  1892	  1955 : 0
  1952	  1959 : 1
  1956	  1999 : 0
  1996	  2011 : 1
  2008	  2039 : 0
  2036	  2043 : 1
  2040	  2067 : 0
  2064	  2071 : 0
  2068	  2079 : 0
  2076	  2083 : 0
  2080	  2091 : 0
  2088	  2099 : 1
  2096	  2147 : 0
  2144	  2151 : 1
  2148	  2231 : 0
  2228	  2239 : 1
  2236	  2247 : 0
  2244	  2251 : 0
  2248	  2255 : 0
  2252	  2267 : 0
  2264	  2271 : 0
  2268	  2283 : 0
  2280	  2287 : 0
  2284	  2291 : 1
  2288	  2303 : 0
  2300	  2327 : 0
  2324	  2339 : 0
  2336	  2347 : 1
  2344	  2395 : 0
  2392	  2431 : 1
  2428	  2487 : 0
  2484	  2495 : 0
  2492	  2527 : 0
  2524	  2535 : 1
  2532	  2555 : 0
  2552	  2559 : 0
  2556	  2567 : 0
  2564	  2579 : 0
  2576	  2587 : 0
  2584	  2595 : 0
  2592	  2607 : 0
  2604	  2639 : 1
  2636	  2647 : 0
  2644	  2651 : 0
  2648	  2655 : 0
  2652	  2663 : 0
  2660	  2679 : 0
  2676	  2687 : 0
  2684	  2699 : 0
  2696	  2707 : 1
  2704	  2723 : 0
  2720	  2727 : 1
  2724	  2763 : 0
  2760	  2795 : 1
  2792	  2807 : 0
  2804	  2815 : 1
  2812	  2859 : 0
  2856	  2867 : 0
  2864	  2871 : 0
  2868	  2875 : 0
  2872	  2895 : 0
  2892	  2943 : 1
  2940	  2999 : 0
  2996	  3003 : 1
  3000	  3039 : 0
  3036	  3043 : 1
  3040	  3127 : 0
  3124	  3199 : 1
  3196	  3231 : 0
  3228	  3239 : 0
  3236	  3243 : 0
  3240	  3251 : 0
  3248	  3267 : 0
  3264	  3291 : 1
  3288	  3311 : 0
  3308	  3319 : 1
  3316	  3347 : 0
  3344	  3355 : 1
  3352	  3367 : 0
  3364	  3387 : 0
  3384	  3455 : 0
  3452	  3503 : 1
  3500	  3535 : 0
  3532	  3539 : 0
  3536	  3571 : 0
  3568	  3575 : 0
  3572	  3623 : 0
  3620	  3643 : 0
  3640	  3655 : 0
  3652	  3663 : 0
  3660	  3695 : 0
  3692	  3703 : 0
  3700	  3711 : 0
  3708	  3747 : 1
  3744	  3751 : 0
  3748	  3767 : 0
  3764	  3799 : 0
  3796	  3811 : 1
  3808	  3855 : 0
  3852	  3863 : 1
  3860	  3867 : 0
  3864	  3895 : 0
  3892	  3899 : 0
  3896	  3903 : 0
  3900	  3919 : 0
  3916	  3923 : 0
  3920	  3931 : 0
  3928	  3935 : 0
  3932	  3939 : 0
  3936	  3943 : 1
  3940	  3951 : 0
  3948	  3959 : 0
  3956	  3987 : 0
  3984	  3999 : 1
  3996	  4083 : 0
  4080	  4147 : 1
  4144	  4151 : 0
  4148	  4159 : 0
  4156	  4163 : 0
  4160	  4167 : 0
  4164	  4179 : 0
  4176	  4195 : 0
  4192	  4219 : 0
  4216	  4227 : 0
  4224	  4263 : 0
  4260	  4275 : 0
  4272	  4279 : 0
  4276	  4283 : 1
  4280	  4291 : 0
  4288	  4327 : 0
  4324	  4351 : 0
  4348	  4355 : 1
  4352	  4391 : 0
  4388	  4403 : 0
  4400	  4419 : 0
  4416	  4427 : 1
  4424	  4535 : 0
  4532	  4543 : 1
  4540	  4555 : 0
  4552	  4571 : 0
  4568	  4579 : 0
  4576	  4583 : 0
  4580	  4611 : 0
  4608	  4627 : 0
  4624	  4663 : 0
  4660	  4683 : 1
  4680	  4711 : 0
  4708	  4719 : 0
  4716	  4723 : 0
  4720	  4743 : 0
  4740	  4767 : 0
  4764	  4771 : 1
  4768	  4775 : 0
  4772	  4779 : 0
  4776	  4787 : 0
  4784	  4819 : 0
  4816	  4827 : 0
  4824	  4835 : 0
  4832	  4887 : 0
  4884	  4895 : 1
  4892	  4935 : 0
  4932	  4939 : 0
  4936	  4999 : 0
  4996	  5011 : 1
  5008	  5023 : 0
  5020	  5027 : 0
  5024	  5039 : 0
  5036	  5047 : 0
  5044	  5051 : 0
  5048	  5055 : 0
  5052	  5079 : 0
  5076	  5083 : 0
  5080	  5091 : 0
  5088	  5115 : 0
  5112	  5119 : 0
  5116	  5139 : 0
  5136	  5163 : 0
  5160	  5183 : 0
  5180	  5299 : 0
  5296	  5331 : 1
