     0	    23 : 0
    20	   123 : 0
   120	   135 : 0
   132	   151 : 0
   148	   179 : 1
   176	   247 : 0
   244	   263 : 0
   260	   267 : 0
   264	   271 : 0
   268	   275 : 0
   272	   295 : 0
   292	   319 : 0
   316	   323 : 0
   320	   351 : 0
   348	   355 : 0
   352	   371 : 0
   368	   435 : 0
   432	   451 : 0
   448	   479 : 0
   476	   527 : 0
   524	   531 : 0
   528	   675 : 0
   672	   703 : 0
   700	   707 : 0
   704	   743 : 1
   740	   747 : 0
   744	   775 : 0
   772	   803 : 0
   800	   807 : 0
   804	   839 : 0
   836	   871 : 1
   868	   883 : 0
   880	   887 : 0
   884	   891 : 0
   888	   967 : 0
   964	   975 : 0
   972	   999 : 0
   996	  1003 : 0
  1000	  1007 : 1
  1004	  1015 : 0
  1012	  1043 : 0
  1040	  1059 : 0
  1056	  1075 : 0
  1072	  1079 : 0
  1076	  1083 : 0
  1080	  1087 : 0
  1084	  1091 : 0
  1088	  1135 : 0
  1132	  1147 : 0
  1144	  1155 : 0
  1152	  1175 : 0
  1172	  1219 : 0
  1216	  1223 : 0
  1220	  1227 : 0
  1224	  1251 : 0
  1248	  1259 : 0
  1256	  1287 : 1
  1284	  1299 : 0
  1296	  1311 : 1
  1308	  1315 : 0
  1312	  1375 : 0
  1372	  1395 : 0
  1392	  1411 : 0
  1408	  1427 : 0
  1424	  1471 : 0
  1468	  1475 : 0
  1472	  1519 : 0
  1516	  1523 : 0
  1520	  1583 : 0
  1580	  1591 : 0
  1588	  1595 : 0
  1592	  1619 : 0
  1616	  1679 : 0
  1676	  1771 : 0
  1768	  1791 : 1
  1788	  1951 : 0
  1948	  1975 : 0
  1972	  1995 : 0
  1992	  2019 : 0
  2016	  2175 : 0
  2172	  2187 : 0
  2184	  2199 : 0
  2196	  2211 : 0
  2208	  2223 : 0
  2220	  2231 : 0
  2228	  2247 : 0
  2244	  2259 : 0
  2256	  2283 : 0
  2280	  2319 : 0
  2316	  2395 : 0
  2392	  2403 : 0
  2400	  2415 : 0
  2412	  2427 : 0
  2424	  2431 : 0
  2428	  2435 : 0
  2432	  2459 : 0
  2456	  2463 : 0
  2460	  2467 : 0
  2464	  2471 : 0
  2468	  2475 : 0
  2472	  2483 : 0
  2480	  2487 : 0
  2484	  2495 : 0
  2492	  2539 : 0
  2536	  2547 : 0
  2544	  2595 : 0
  2592	  2603 : 0
  2600	  2611 : 0
  2608	  2627 : 0
  2624	  2635 : 0
  2632	  2639 : 0
  2636	  2699 : 0
  2696	  2715 : 0
  2712	  2719 : 0
  2716	  2731 : 0
  2728	  2735 : 0
  2732	  2739 : 1
  2736	  2743 : 0
  2740	  2783 : 1
  2780	  2795 : 0
  2792	  2823 : 0
  2820	  2831 : 0
  2828	  2863 : 0
  2860	  2871 : 0
  2868	  2899 : 0
  2896	  2915 : 0
  2912	  2943 : 0
  2940	  2947 : 0
  2944	  2955 : 0
  2952	  2967 : 0
  2964	  3067 : 1
  3064	  3071 : 0
  3068	  3087 : 0
  3084	  3195 : 0
  3192	  3199 : 0
  3196	  3219 : 0
  3216	  3223 : 0
  3220	  3227 : 0
  3224	  3235 : 0
  3232	  3315 : 0
  3312	  3327 : 1
  3324	  3331 : 0
  3328	  3367 : 0
  3364	  3391 : 0
  3388	  3447 : 0
  3444	  3455 : 0
  3452	  3467 : 0
  3464	  3495 : 0
  3492	  3511 : 0
  3508	  3523 : 0
  3520	  3651 : 0
  3648	  3655 : 0
  3652	  3699 : 0
  3696	  3703 : 0
  3700	  3735 : 0
  3732	  3739 : 0
  3736	  3747 : 0
  3744	  3775 : 0
  3772	  3795 : 0
  3792	  3911 : 0
  3908	  3915 : 0
  3912	  3967 : 0
  3964	  3979 : 0
  3976	  4067 : 0
  4064	  4071 : 0
  4068	  4195 : 0
  4192	  4203 : 0
  4200	  4211 : 0
  4208	  4215 : 0
  4212	  4247 : 0
  4244	  4279 : 1
  4276	  4283 : 0
  4280	  4287 : 0
  4284	  4363 : 0
  4360	  4367 : 0
  4364	  4455 : 0
  4452	  4479 : 1
  4476	  4483 : 0
  4480	  4499 : 0
  4496	  4527 : 0
  4524	  4531 : 0
  4528	  4543 : 0
  4540	  4547 : 0
  4544	  4647 : 0
  4644	  4675 : 0
  4672	  4683 : 0
  4680	  4699 : 0
  4696	  4723 : 0
  4720	  4727 : 1
  4724	  4731 : 0
  4728	  4739 : 1
  4736	  4775 : 0
  4772	  4779 : 0
  4776	  4811 : 0
  4808	  4839 : 0
  4836	  4855 : 0
  4852	  4863 : 0
  4860	  4875 : 0
  4872	  4879 : 0
  4876	  4887 : 0
  4884	  4907 : 0
  4904	  4911 : 0
  4908	  4951 : 1
  4948	  4955 : 0
  4952	  5011 : 0
  5008	  5015 : 0
  5012	  5059 : 0
  5056	  5067 : 0
  5064	  5083 : 0
  5080	  5087 : 0
  5084	  5099 : 0
  5096	  5119 : 0
  5116	  5139 : 0
  5136	  5143 : 0
  5140	  5147 : 0
  5144	  5151 : 0
  5148	  5163 : 0
  5160	  5167 : 0
  5164	  5175 : 0
  5172	  5211 : 0
  5208	  5219 : 0
  5216	  5231 : 0
  5228	  5235 : 0
  5232	  5263 : 0
  5260	  5271 : 0
  5268	  5287 : 0
  5284	  5291 : 0
  5288	  5319 : 0
  5316	  5327 : 0
  5324	  5455 : 0
  5452	  5467 : 0
  5464	  5551 : 0
  5548	  5563 : 0
  5560	  5631 : 0
  5628	  5643 : 0
  5640	  5691 : 0
  5688	  5735 : 0
  5732	  5779 : 0
  5776	  5783 : 0
  5780	  5803 : 0
  5800	  5807 : 0
  5804	  5831 : 0
  5828	  5875 : 0
  5872	  5891 : 0
  5888	  5899 : 0
  5896	  5903 : 0
  5900	  5927 : 0
  5924	  5963 : 0
  5960	  5979 : 0
  5976	  6099 : 0
  6096	  6107 : 0
  6104	  6111 : 0
  6108	  6147 : 1
  6144	  6159 : 0
  6156	  6171 : 0
  6168	  6231 : 0
  6228	  6239 : 1
  6236	  6243 : 0
  6240	  6251 : 0
  6248	  6303 : 0
  6300	  6319 : 1
  6316	  6327 : 0
  6324	  6331 : 0
  6328	  6335 : 0
  6332	  6371 : 1
  6368	  6375 : 0
  6372	  6387 : 0
  6384	  6455 : 0
  6452	  6475 : 0
  6472	  6567 : 0
  6564	  6603 : 0
  6600	  6607 : 0
  6604	  6615 : 0
  6612	  6623 : 0
  6620	  6631 : 0
  6628	  6635 : 0
  6632	  6639 : 0
  6636	  6647 : 0
  6644	  6651 : 0
  6648	  6663 : 0
  6660	  6671 : 0
  6668	  6703 : 0
  6700	  6723 : 0
  6720	  6727 : 0
  6724	  6731 : 0
  6728	  6823 : 0
  6820	  6851 : 0
  6848	  6855 : 0
  6852	  6879 : 0
  6876	  6899 : 0
  6896	  6943 : 1
