     0	   243 : 0
   240	   307 : 0
   304	   331 : 1
   328	   355 : 0
   352	   359 : 1
   356	   383 : 0
   380	   391 : 1
   388	   399 : 0
   396	   407 : 1
   404	   439 : 0
   436	   455 : 0
   452	   475 : 0
   472	   487 : 0
   484	   491 : 0
   488	   499 : 1
   496	   503 : 0
   500	   523 : 1
   520	   667 : 0
   664	   671 : 0
   668	   767 : 0
   764	   771 : 1
   768	   907 : 0
   904	   915 : 1
   912	  1031 : 0
  1028	  1035 : 1
  1032	  1047 : 0
  1044	  1111 : 0
  1108	  1119 : 0
  1116	  1123 : 0
  1120	  1127 : 0
  1124	  1139 : 0
  1136	  1223 : 0
  1220	  1263 : 1
  1260	  1267 : 0
  1264	  1279 : 0
  1276	  1311 : 0
  1308	  1323 : 0
  1320	  1495 : 0
  1492	  1499 : 1
  1496	  1507 : 0
  1504	  1523 : 0
  1520	  1535 : 0
  1532	  1551 : 0
  1548	  1635 : 0
  1632	  1639 : 0
  1636	  1667 : 0
  1664	  1671 : 0
  1668	  1743 : 0
  1740	  1751 : 1
  1748	  1839 : 0
  1836	  1843 : 1
  1840	  1911 : 0
  1908	  1943 : 1
  1940	  1947 : 0
  1944	  1955 : 0
  1952	  1963 : 0
  1960	  1971 : 0
  1968	  1983 : 0
  1980	  1995 : 0
  1992	  2015 : 0
  2012	  2019 : 0
  2016	  2023 : 0
  2020	  2039 : 0
  2036	  2043 : 0
  2040	  2055 : 0
  2052	  2199 : 0
  2196	  2207 : 0
  2204	  2223 : 0
  2220	  2235 : 0
  2232	  2239 : 0
  2236	  2247 : 0
  2244	  2255 : 0
  2252	  2263 : 0
  2260	  2283 : 0
  2280	  2291 : 1
  2288	  2435 : 0
  2432	  2543 : 1
  2540	  2631 : 0
  2628	  2639 : 1
  2636	  2755 : 0
  2752	  2759 : 1
  2756	  2943 : 0
  2940	  2951 : 1
  2948	  3059 : 0
  3056	  3075 : 0
  3072	  3087 : 0
  3084	  3091 : 0
  3088	  3111 : 0
  3108	  3119 : 1
  3116	  3247 : 0
  3244	  3271 : 0
  3268	  3275 : 0
  3272	  3375 : 0
  3372	  3427 : 0
  3424	  3431 : 1
  3428	  3467 : 0
  3464	  3511 : 0
  3508	  3515 : 0
  3512	  3523 : 0
  3520	  3535 : 0
  3532	  3567 : 0
  3564	  3767 : 0
  3764	  3791 : 0
  3788	  3879 : 0
  3876	  3903 : 0
  3900	  3907 : 0
  3904	  3943 : 0
  3940	  3967 : 0
  3964	  4051 : 1
  4048	  4055 : 0
  4052	  4059 : 1
  4056	  4095 : 0
  4092	  4099 : 0
  4096	  4115 : 0
  4112	  4119 : 0
  4116	  4127 : 0
  4124	  4135 : 1
  4132	  4183 : 0
  4180	  4187 : 0
  4184	  4263 : 0
  4260	  4295 : 0
  4292	  4299 : 0
  4296	  4315 : 0
  4312	  4323 : 0
  4320	  4403 : 0
  4400	  4411 : 0
  4408	  4419 : 0
  4416	  4443 : 0
  4440	  4451 : 1
  4448	  4563 : 0
  4560	  4567 : 1
  4564	  4839 : 0
  4836	  4939 : 1
  4936	  4943 : 0
  4940	  4963 : 0
  4960	  4967 : 0
  4964	  4987 : 0
  4984	  5099 : 0
  5096	  5107 : 1
  5104	  5215 : 0
  5212	  5223 : 0
  5220	  5347 : 0
  5344	  5371 : 0
  5368	  5411 : 0
  5408	  5503 : 0
  5500	  5527 : 0
  5524	  5875 : 0
  5872	  5959 : 0
  5956	  6067 : 0
  6064	  6179 : 0
