     0	   359 : 0
   356	   423 : 0
   420	   455 : 0
   452	   471 : 0
   468	   567 : 0
   564	   591 : 0
   588	   635 : 0
   632	   803 : 0
   800	   883 : 0
   880	   967 : 0
   964	  1015 : 0
  1012	  1043 : 0
  1040	  1047 : 0
  1044	  1083 : 0
  1080	  1131 : 0
  1128	  1147 : 0
  1144	  1167 : 0
  1164	  1231 : 0
  1228	  1235 : 0
  1232	  1239 : 0
  1236	  1243 : 0
  1240	  1287 : 0
  1284	  1395 : 0
  1392	  1399 : 0
  1396	  1403 : 0
  1400	  1415 : 0
  1412	  1475 : 0
  1472	  1479 : 0
  1476	  1483 : 1
  1480	  1523 : 0
  1520	  1687 : 0
  1684	  1691 : 0
  1688	  1747 : 0
  1744	  1783 : 0
  1780	  1787 : 0
  1784	  1895 : 0
  1892	  1907 : 0
  1904	  1911 : 0
  1908	  1951 : 0
  1948	  1963 : 0
  1960	  1999 : 0
  1996	  2007 : 0
  2004	  2351 : 0
  2348	  2355 : 0
  2352	  2371 : 0
  2368	  2375 : 0
  2372	  2383 : 0
  2380	  2571 : 0
  2568	  2575 : 0
  2572	  2579 : 0
  2576	  2603 : 0
  2600	  2607 : 0
  2604	  2631 : 0
  2628	  2651 : 0
  2648	  2731 : 0
  2728	  2819 : 0
  2816	  2827 : 0
  2824	  2847 : 0
  2844	  3103 : 1
  3100	  3191 : 0
  3188	  3195 : 0
  3192	  3215 : 0
  3212	  3283 : 0
  3280	  3295 : 0
  3292	  3599 : 0
  3596	  3611 : 0
  3608	  3615 : 0
  3612	  3671 : 0
  3668	  3687 : 0
  3684	  3695 : 0
  3692	  3771 : 0
  3768	  3775 : 0
  3772	  3779 : 0
  3776	  3831 : 0
  3828	  3907 : 0
  3904	  3927 : 0
  3924	  3951 : 0
  3948	  3979 : 0
  3976	  3983 : 0
  3980	  3999 : 0
  3996	  4051 : 0
  4048	  4055 : 0
  4052	  4083 : 0
  4080	  4099 : 0
  4096	  4127 : 0
  4124	  4135 : 0
  4132	  4143 : 0
  4140	  4175 : 0
  4172	  4179 : 0
  4176	  4283 : 0
  4280	  4315 : 0
  4312	  4367 : 0
  4364	  4443 : 0
  4440	  4447 : 0
  4444	  4551 : 0
  4548	  4563 : 0
  4560	  4715 : 0
  4712	  4755 : 0
  4752	  4819 : 0
  4816	  4839 : 0
  4836	  4887 : 0
  4884	  5155 : 0
  5152	  5207 : 0
  5204	  5223 : 0
  5220	  5243 : 0
  5240	  5267 : 0
  5264	  5315 : 0
  5312	  5403 : 0
  5400	  5419 : 0
  5416	  5427 : 0
  5424	  5431 : 0
  5428	  5731 : 0
  5728	  5763 : 0
  5760	  5939 : 0
  5936	  5963 : 0
  5960	  5967 : 0
  5964	  6023 : 0
  6020	  6027 : 0
  6024	  6031 : 0
  6028	  6051 : 0
  6048	  6311 : 0
  6308	  6331 : 0
  6328	  6603 : 0
  6600	  6611 : 0
  6608	  7083 : 0
  7080	  7099 : 0
  7096	  7279 : 0
  7276	  7283 : 0
  7280	  8251 : 0
  8248	  8255 : 0
  8252	  8279 : 1
  8276	  8283 : 0
  8280	  8359 : 0
  8356	  8363 : 0
  8360	  8371 : 0
  8368	  8379 : 0
  8376	  8459 : 1
  8456	  8463 : 0
  8460	  8467 : 0
  8464	  8471 : 0
  8468	  8575 : 1
  8572	  8583 : 0
  8580	  8743 : 0
  8740	  8751 : 0
  8748	  8775 : 0
  8772	  8779 : 0
  8776	  8783 : 1
  8780	  8787 : 0
  8784	  8867 : 0
  8864	  8871 : 0
  8868	  8883 : 1
  8880	  8887 : 0
  8884	  8911 : 0
  8908	  8923 : 0
  8920	  8931 : 0
  8928	  8955 : 0
  8952	  8991 : 1
  8988	  9027 : 0
  9024	  9059 : 0
  9056	  9575 : 0
  9572	 10407 : 1
 10404	 10415 : 0
 10412	 10431 : 0
