     0	    35 : 0
    32	    43 : 0
    40	    51 : 1
    48	    79 : 0
    76	   127 : 0
   124	   139 : 0
   136	   143 : 0
   140	   155 : 0
   152	   159 : 0
   156	   167 : 0
   164	   175 : 0
   172	   179 : 0
   176	   187 : 0
   184	   191 : 0
   188	   199 : 0
   196	   203 : 0
   200	   219 : 0
   216	   223 : 0
   220	   235 : 0
   232	   247 : 0
   244	   267 : 0
   264	   275 : 0
   272	   331 : 0
   328	   335 : 0
   332	   547 : 0
   544	   551 : 0
   548	   655 : 1
   652	   659 : 0
   656	   703 : 0
   700	   723 : 0
   720	   847 : 0
   844	   883 : 0
   880	   923 : 0
   920	   935 : 0
   932	   951 : 1
   948	  1083 : 0
  1080	  1107 : 0
  1104	  1119 : 0
  1116	  1123 : 1
  1120	  1135 : 0
  1132	  1167 : 1
  1164	  1179 : 0
  1176	  1235 : 0
  1232	  1243 : 0
  1240	  1279 : 1
  1276	  1283 : 0
  1280	  1291 : 0
  1288	  1295 : 0
  1292	  1383 : 0
  1380	  1387 : 0
  1384	  1391 : 1
  1388	  1407 : 0
  1404	  1443 : 0
  1440	  1447 : 0
  1444	  1487 : 1
  1484	  1491 : 0
  1488	  1535 : 1
  1532	  1547 : 0
  1544	  1563 : 0
  1560	  1583 : 0
  1580	  1587 : 0
  1584	  1591 : 0
  1588	  1611 : 1
  1608	  1615 : 0
  1612	  1627 : 0
  1624	  1631 : 0
  1628	  1659 : 0
  1656	  1663 : 0
  1660	  1679 : 1
  1676	  1683 : 0
  1680	  1763 : 0
  1760	  1767 : 0
  1764	  1923 : 0
  1920	  1927 : 0
  1924	  1931 : 0
  1928	  1939 : 0
  1936	  1951 : 0
  1948	  1955 : 0
  1952	  2003 : 0
  2000	  2027 : 0
  2024	  2031 : 0
  2028	  2047 : 0
  2044	  2083 : 0
  2080	  2087 : 0
  2084	  2207 : 0
  2204	  2215 : 0
  2212	  2267 : 0
  2264	  2395 : 0
  2392	  2399 : 0
  2396	  2419 : 0
  2416	  2427 : 0
  2424	  2435 : 0
  2432	  2491 : 0
  2488	  2495 : 0
  2492	  2683 : 0
  2680	  2687 : 0
  2684	  2691 : 0
  2688	  2699 : 0
  2696	  2743 : 0
  2740	  2775 : 0
  2772	  2839 : 1
  2836	  2843 : 0
  2840	  2851 : 0
  2848	  2859 : 0
  2856	  2863 : 0
  2860	  2883 : 0
  2880	  2891 : 0
  2888	  2915 : 0
  2912	  2959 : 1
  2956	  2971 : 0
  2968	  2979 : 0
  2976	  2983 : 0
  2980	  3031 : 0
  3028	  3035 : 0
  3032	  3079 : 0
  3076	  3083 : 0
  3080	  3087 : 1
  3084	  3115 : 0
  3112	  3135 : 0
  3132	  3171 : 0
  3168	  3239 : 0
  3236	  3259 : 0
  3256	  3311 : 0
  3308	  3315 : 0
  3312	  3319 : 0
  3316	  3327 : 0
  3324	  3407 : 0
  3404	  3419 : 0
  3416	  3471 : 0
  3468	  3479 : 0
  3476	  3487 : 0
  3484	  3495 : 0
  3492	  3503 : 1
  3500	  3555 : 0
  3552	  3587 : 1
  3584	  3595 : 0
  3592	  3599 : 0
  3596	  3603 : 0
  3600	  3631 : 0
  3628	  3671 : 0
  3668	  3675 : 0
  3672	  3679 : 0
  3676	  3731 : 0
  3728	  3739 : 0
  3736	  3751 : 0
  3748	  3763 : 0
  3760	  3767 : 0
  3764	  3871 : 0
  3868	  3879 : 1
  3876	  3883 : 0
  3880	  3887 : 0
  3884	  3891 : 0
  3888	  3927 : 0
  3924	  3951 : 0
  3948	  3967 : 0
  3964	  3991 : 0
  3988	  3995 : 0
  3992	  4127 : 0
  4124	  4139 : 0
  4136	  4147 : 0
  4144	  4159 : 0
  4156	  4223 : 0
  4220	  4227 : 0
  4224	  4275 : 0
  4272	  4339 : 0
  4336	  4355 : 0
  4352	  4359 : 0
  4356	  4379 : 0
  4376	  4387 : 0
  4384	  4395 : 0
  4392	  4431 : 0
  4428	  4459 : 0
  4456	  4463 : 0
  4460	  4691 : 0
  4688	  4695 : 0
  4692	  4707 : 0
  4704	  5115 : 0
