     0	    47 : 0
    44	    51 : 0
    48	   223 : 0
   220	   255 : 0
   252	   259 : 0
   256	   283 : 0
   280	   291 : 1
   288	   307 : 0
   304	   311 : 0
   308	   327 : 0
   324	   379 : 0
   376	   395 : 0
   392	   403 : 0
   400	   423 : 0
   420	   427 : 0
   424	   431 : 0
   428	   443 : 0
   440	   483 : 0
   480	   503 : 1
   500	   507 : 0
   504	   527 : 0
   524	   531 : 0
   528	   535 : 0
   532	   583 : 0
   580	   675 : 0
   672	   683 : 0
   680	   691 : 1
   688	   727 : 0
   724	   763 : 0
   760	   767 : 0
   764	   779 : 0
   776	   839 : 0
   836	   843 : 1
   840	   847 : 0
   844	   863 : 0
   860	   907 : 0
   904	   931 : 0
   928	   971 : 0
   968	   979 : 1
   976	  1007 : 0
  1004	  1011 : 0
  1008	  1015 : 0
  1012	  1027 : 0
  1024	  1031 : 0
  1028	  1039 : 0
  1036	  1179 : 0
  1176	  1183 : 0
  1180	  1287 : 0
  1284	  1291 : 0
  1288	  1303 : 0
  1300	  1331 : 0
  1328	  1343 : 0
  1340	  1355 : 1
  1352	  1463 : 0
  1460	  1471 : 1
  1468	  1563 : 0
  1560	  1567 : 0
  1564	  1663 : 0
  1660	  1667 : 0
  1664	  1743 : 0
  1740	  1863 : 1
  1860	  1895 : 0
  1892	  1899 : 0
  1896	  1911 : 0
  1908	  1935 : 0
  1932	  1995 : 0
  1992	  2003 : 1
  2000	  2055 : 0
  2052	  2063 : 1
  2060	  2079 : 0
  2076	  2099 : 0
  2096	  2127 : 0
  2124	  2131 : 1
  2128	  2255 : 0
  2252	  2259 : 1
  2256	  2287 : 0
  2284	  2295 : 1
  2292	  2371 : 0
  2368	  2387 : 1
  2384	  2395 : 0
  2392	  2403 : 0
  2400	  2411 : 0
  2408	  2419 : 0
  2416	  2427 : 0
  2424	  2435 : 1
  2432	  2543 : 0
  2540	  2547 : 0
  2544	  2559 : 0
  2556	  2563 : 0
  2560	  2571 : 0
  2568	  2595 : 0
  2592	  2635 : 0
  2632	  2643 : 0
  2640	  2655 : 0
  2652	  2659 : 0
  2656	  2683 : 0
  2680	  2691 : 1
  2688	  2779 : 0
  2776	  2787 : 1
  2784	  2803 : 0
  2800	  2871 : 0
  2868	  2919 : 0
  2916	  3035 : 0
  3032	  3095 : 0
  3092	  3099 : 1
  3096	  3119 : 0
  3116	  3123 : 0
  3120	  3131 : 0
  3128	  3219 : 0
  3216	  3239 : 0
  3236	  3255 : 0
  3252	  3271 : 0
  3268	  3279 : 1
  3276	  3295 : 0
  3292	  3319 : 0
  3316	  3327 : 0
  3324	  3335 : 0
  3332	  3343 : 0
  3340	  3355 : 0
  3352	  3367 : 0
  3364	  3503 : 0
  3500	  3515 : 0
  3512	  3535 : 0
  3532	  3539 : 0
  3536	  3551 : 0
  3548	  3563 : 0
  3560	  3571 : 0
  3568	  3599 : 0
  3596	  3611 : 0
  3608	  3683 : 0
  3680	  3695 : 0
  3692	  3703 : 0
  3700	  3731 : 0
  3728	  3735 : 0
  3732	  3771 : 0
  3768	  3779 : 0
  3776	  3783 : 0
  3780	  3787 : 0
  3784	  3795 : 1
  3792	  3819 : 0
  3816	  3879 : 0
  3876	  3887 : 0
  3884	  3903 : 0
  3900	  3911 : 0
  3908	  3983 : 0
  3980	  4019 : 0
  4016	  4031 : 0
  4028	  4035 : 0
  4032	  4051 : 0
  4048	  4059 : 0
  4056	  4067 : 0
  4064	  4127 : 0
  4124	  4135 : 0
  4132	  4139 : 0
  4136	  4151 : 0
  4148	  4167 : 0
  4164	  4171 : 0
  4168	  4179 : 0
  4176	  4195 : 0
  4192	  4199 : 0
  4196	  4203 : 0
  4200	  4207 : 0
  4204	  4243 : 0
  4240	  4251 : 0
  4248	  4275 : 0
  4272	  4291 : 0
  4288	  4311 : 0
  4308	  4319 : 0
  4316	  4595 : 0
