     0	    15 : 0
    12	    95 : 0
    92	    99 : 0
    96	   151 : 0
   148	   431 : 0
   428	   435 : 0
   432	   511 : 0
   508	   623 : 0
   620	   627 : 0
   624	   631 : 0
   628	   639 : 0
   636	   675 : 0
   672	   719 : 0
   716	   735 : 0
   732	   739 : 0
   736	   767 : 0
   764	   771 : 0
   768	   787 : 0
   784	   795 : 0
   792	   887 : 0
   884	   891 : 0
   888	  1179 : 0
  1176	  1191 : 0
  1188	  1511 : 0
  1508	  1519 : 0
  1516	  1539 : 0
  1536	  1543 : 0
  1540	  1551 : 0
  1548	  1567 : 0
  1564	  1611 : 0
  1608	  1619 : 0
  1616	  1627 : 0
  1624	  1671 : 0
  1668	  1719 : 0
  1716	  1727 : 0
  1724	  1747 : 0
  1744	  1763 : 0
  1760	  1775 : 0
  1772	  1779 : 0
  1776	  1811 : 0
  1808	  1815 : 0
  1812	  1827 : 0
  1824	  1831 : 0
  1828	  1931 : 0
  1928	  1943 : 0
  1940	  1967 : 0
  1964	  1971 : 0
  1968	  1979 : 0
  1976	  1995 : 0
  1992	  1999 : 0
  1996	  2039 : 0
  2036	  2051 : 0
  2048	  2071 : 0
  2068	  2223 : 0
  2220	  2227 : 0
  2224	  2391 : 0
  2388	  2403 : 0
  2400	  2991 : 0
  2988	  3003 : 0
  3000	  3023 : 0
  3020	  3031 : 0
  3028	  3167 : 0
  3164	  3183 : 0
  3180	  3191 : 0
  3188	  3195 : 1
  3192	  3207 : 0
  3204	  3223 : 0
  3220	  3811 : 0
  3808	  3815 : 0
  3812	  3851 : 0
  3848	  3859 : 0
  3856	  3895 : 0
  3892	  3923 : 0
  3920	  3943 : 0
  3940	  3967 : 0
  3964	  3971 : 0
  3968	  3983 : 0
  3980	  4015 : 0
  4012	  4027 : 0
  4024	  4039 : 0
  4036	  4055 : 0
  4052	  4139 : 0
  4136	  4143 : 1
  4140	  4895 : 0
  4892	  4899 : 0
  4896	  4955 : 0
  4952	  4975 : 0
  4972	  5127 : 0
  5124	  5131 : 0
  5128	  5607 : 0
  5604	  5635 : 0
  5632	  5679 : 0
  5676	  5687 : 0
  5684	  5759 : 0
  5756	  5763 : 0
  5760	  5783 : 0
  5780	  5791 : 0
  5788	  5799 : 0
  5796	  5807 : 0
  5804	  5811 : 0
  5808	  5827 : 0
  5824	  5959 : 0
  5956	  5963 : 0
  5960	  6015 : 0
  6012	  6019 : 0
  6016	  6131 : 0
  6128	  6135 : 0
  6132	  6235 : 0
  6232	  6255 : 0
  6252	  6259 : 0
  6256	  6267 : 0
  6264	  7399 : 0
  7396	  7403 : 0
  7400	  7431 : 0
  7428	  7435 : 0
  7432	  7963 : 0
  7960	  7975 : 0
  7972	  8071 : 0
  8068	  8075 : 0
  8072	  8087 : 0
  8084	  8099 : 0
  8096	  8251 : 0
  8248	  8355 : 0
  8352	  8375 : 0
  8372	  8383 : 0
  8380	  8391 : 0
  8388	  8423 : 0
  8420	  8479 : 0
  8476	  8487 : 0
  8484	  8615 : 0
  8612	  8631 : 0
  8628	  8643 : 0
  8640	  8647 : 0
  8644	  8711 : 0
  8708	  8775 : 0
  8772	  8779 : 0
  8776	  8783 : 0
  8780	  8887 : 0
  8884	  8891 : 0
  8888	  8895 : 0
  8892	  8899 : 0
  8896	  8931 : 0
  8928	  9039 : 0
  9036	  9043 : 0
  9040	  9047 : 0
  9044	  9051 : 0
  9048	  9059 : 0
  9056	  9119 : 0
  9116	  9147 : 0
  9144	  9167 : 0
  9164	  9187 : 0
  9184	  9235 : 0
  9232	  9259 : 0
  9256	  9263 : 0
  9260	  9275 : 0
  9272	  9283 : 0
  9280	  9303 : 0
  9300	  9319 : 0
  9316	  9347 : 0
  9344	  9563 : 0
  9560	  9579 : 0
  9576	  9615 : 0
  9612	  9695 : 0
  9692	  9699 : 0
  9696	  9735 : 0
  9732	  9783 : 0
  9780	  9823 : 0
  9820	  9831 : 0
  9828	  9835 : 0
  9832	  9875 : 0
  9872	  9883 : 0
  9880	  9915 : 0
  9912	  9923 : 0
  9920	  9951 : 0
  9948	  9975 : 0
  9972	  9991 : 0
  9988	  9995 : 0
  9992	 10015 : 0
 10012	 10031 : 0
 10028	 10079 : 0
 10076	 10087 : 0
 10084	 10139 : 0
 10136	 10171 : 0
 10168	 10179 : 0
 10176	 10203 : 0
 10200	 10211 : 0
 10208	 10227 : 0
 10224	 10231 : 0
 10228	 10235 : 0
 10232	 10243 : 0
 10240	 10255 : 0
 10252	 10259 : 0
 10256	 10367 : 0
 10364	 10443 : 0
 10440	 10463 : 0
 10460	 10483 : 0
 10480	 11059 : 0
 11056	 11075 : 0
 11072	 11079 : 0
 11076	 11087 : 0
 11084	 11091 : 0
 11088	 11107 : 0
 11104	 11123 : 0
 11120	 11143 : 0
 11140	 11147 : 0
 11144	 11155 : 0
 11152	 11159 : 0
 11156	 11171 : 0
 11168	 11195 : 0
 11192	 11227 : 0
 11224	 11235 : 0
 11232	 11243 : 0
 11240	 11327 : 0
 11324	 11351 : 0
 11348	 11375 : 0
 11372	 11379 : 0
 11376	 11391 : 0
 11388	 11411 : 0
 11408	 11427 : 0
 11424	 11431 : 0
 11428	 11735 : 0
 11732	 11779 : 0
 11776	 11783 : 0
 11780	 11791 : 0
 11788	 11795 : 0
 11792	 11807 : 0
 11804	 11811 : 0
 11808	 11815 : 0
 11812	 11831 : 0
 11828	 11899 : 0
 11896	 11911 : 0
 11908	 11935 : 0
 11932	 11939 : 1
 11936	 11963 : 0
 11960	 11975 : 0
 11972	 12071 : 0
 12068	 12087 : 0
 12084	 12187 : 0
 12184	 12195 : 0
 12192	 12247 : 0
 12244	 12259 : 0
 12256	 12267 : 0
 12264	 12271 : 0
 12268	 12279 : 0
 12276	 12283 : 0
 12280	 12295 : 0
 12292	 12303 : 0
 12300	 12335 : 0
 12332	 12367 : 0
 12364	 12387 : 0
 12384	 12403 : 0
 12400	 12407 : 0
 12404	 12419 : 0
 12416	 12455 : 0
 12452	 12467 : 0
 12464	 12515 : 0
 12512	 12547 : 0
 12544	 12555 : 0
 12552	 12587 : 0
 12584	 12607 : 0
 12604	 12775 : 0
 12772	 12783 : 0
 12780	 12791 : 0
 12788	 12795 : 0
 12792	 12799 : 0
 12796	 12855 : 0
 12852	 12859 : 0
 12856	 12875 : 0
 12872	 12923 : 0
 12920	 12927 : 0
 12924	 12979 : 0
 12976	 12987 : 0
 12984	 12999 : 0
 12996	 13003 : 0
 13000	 13123 : 0
 13120	 13131 : 0
 13128	 13143 : 0
 13140	 13147 : 0
 13144	 13215 : 0
 13212	 13223 : 0
 13220	 13343 : 0
 13340	 13351 : 0
 13348	 13571 : 0
 13568	 13575 : 0
 13572	 13799 : 0
 13796	 13855 : 0
 13852	 13859 : 0
 13856	 13919 : 0
 13916	 13939 : 0
 13936	 13959 : 0
 13956	 13983 : 0
 13980	 13987 : 0
 13984	 14323 : 0
 14320	 14327 : 0
 14324	 14387 : 0
 14384	 14407 : 0
 14404	 14435 : 0
 14432	 14447 : 0
 14444	 14495 : 0
 14492	 14511 : 0
 14508	 14559 : 1
 14556	 14787 : 0
 14784	 14815 : 0
 14812	 14819 : 0
 14816	 14827 : 0
 14824	 14831 : 0
 14828	 14851 : 0
 14848	 14879 : 0
 14876	 14887 : 0
 14884	 14891 : 0
 14888	 14895 : 0
 14892	 14919 : 0
 14916	 14943 : 0
 14940	 14951 : 0
 14948	 14971 : 0
 14968	 14979 : 0
 14976	 14983 : 0
 14980	 14999 : 0
 14996	 15003 : 0
 15000	 15007 : 0
 15004	 15091 : 0
 15088	 15135 : 0
 15132	 15147 : 0
 15144	 15159 : 0
 15156	 15175 : 0
 15172	 15243 : 0
 15240	 15263 : 0
 15260	 15347 : 0
 15344	 15391 : 0
 15388	 15395 : 0
 15392	 15399 : 0
 15396	 15403 : 0
 15400	 15407 : 0
 15404	 15411 : 0
 15408	 15415 : 0
 15412	 15419 : 0
 15416	 15491 : 0
 15488	 15495 : 0
 15492	 15499 : 0
 15496	 15531 : 0
 15528	 15563 : 0
 15560	 15571 : 0
 15568	 15575 : 0
 15572	 15579 : 0
 15576	 15687 : 0
 15684	 15699 : 0
 15696	 15967 : 0
 15964	 15971 : 0
 15968	 16115 : 0
 16112	 16147 : 0
 16144	 16151 : 0
 16148	 16183 : 0
 16180	 16187 : 0
 16184	 16191 : 0
 16188	 16195 : 0
 16192	 16199 : 0
 16196	 16303 : 0
 16300	 16307 : 0
 16304	 16319 : 0
 16316	 16367 : 0
 16364	 16371 : 0
 16368	 16387 : 0
 16384	 16415 : 0
 16412	 16427 : 0
 16424	 16475 : 0
 16472	 16483 : 0
 16480	 16635 : 0
 16632	 16643 : 0
 16640	 16663 : 0
 16660	 16675 : 0
 16672	 16703 : 0
 16700	 16759 : 0
 16756	 16779 : 0
 16776	 16783 : 0
 16780	 16999 : 0
 16996	 17003 : 0
 17000	 17023 : 0
 17020	 17027 : 0
 17024	 17051 : 0
 17048	 17059 : 0
 17056	 17067 : 0
 17064	 17071 : 0
 17068	 17131 : 0
 17128	 18023 : 0
 18020	 18027 : 0
 18024	 18067 : 0
 18064	 18151 : 0
 18148	 18179 : 0
 18176	 18227 : 0
 18224	 18243 : 0
 18240	 18283 : 0
 18280	 18351 : 0
 18348	 18415 : 0
 18412	 18579 : 0
 18576	 18583 : 0
 18580	 18587 : 0
 18584	 18591 : 0
 18588	 18607 : 0
 18604	 18611 : 0
 18608	 18619 : 0
 18616	 18643 : 0
 18640	 18647 : 0
 18644	 18659 : 0
 18656	 18667 : 0
 18664	 18687 : 0
 18684	 18927 : 0
 18924	 18955 : 0
 18952	 18979 : 0
 18976	 18983 : 0
 18980	 19091 : 0
 19088	 19115 : 0
 19112	 19135 : 0
 19132	 19223 : 0
 19220	 19227 : 0
 19224	 19371 : 0
 19368	 19619 : 0
 19616	 19643 : 0
 19640	 19667 : 0
 19664	 19683 : 0
 19680	 19687 : 0
 19684	 19867 : 0
 19864	 19935 : 0
 19932	 19947 : 0
 19944	 19967 : 0
 19964	 20007 : 0
 20004	 20235 : 0
 20232	 20251 : 0
 20248	 20283 : 0
 20280	 20327 : 0
 20324	 20355 : 0
 20352	 20575 : 0
 20572	 20667 : 0
 20664	 20671 : 0
 20668	 20679 : 0
 20676	 20687 : 0
 20684	 20691 : 0
 20688	 20711 : 0
 20708	 20747 : 0
 20744	 20759 : 0
 20756	 20767 : 0
 20764	 20791 : 0
 20788	 20815 : 0
 20812	 20823 : 0
 20820	 20899 : 0
 20896	 20971 : 0
 20968	 21087 : 0
 21084	 21223 : 0
 21220	 21283 : 0
 21280	 21299 : 0
 21296	 21311 : 0
 21308	 21327 : 0
 21324	 21443 : 0
 21440	 21451 : 0
 21448	 21507 : 0
 21504	 21523 : 0
 21520	 21607 : 0
 21604	 21611 : 0
 21608	 21699 : 0
 21696	 21703 : 0
 21700	 21779 : 0
 21776	 21791 : 0
 21788	 21807 : 0
 21804	 21815 : 0
 21812	 21827 : 0
 21824	 21859 : 0
 21856	 21899 : 0
 21896	 21911 : 0
 21908	 21919 : 0
 21916	 21931 : 0
 21928	 21943 : 0
 21940	 21963 : 0
 21960	 22051 : 0
 22048	 22063 : 0
 22060	 22151 : 0
 22148	 22159 : 0
 22156	 22267 : 0
 22264	 22283 : 0
 22280	 22295 : 0
 22292	 22315 : 0
 22312	 22327 : 0
 22324	 22343 : 0
 22340	 22355 : 0
 22352	 22395 : 0
 22392	 22431 : 0
 22428	 22439 : 1
 22436	 22443 : 0
 22440	 22447 : 0
 22444	 22451 : 0
 22448	 22463 : 0
 22460	 22467 : 0
 22464	 22479 : 0
 22476	 22487 : 0
 22484	 22539 : 0
 22536	 22587 : 0
 22584	 22591 : 0
 22588	 22671 : 0
 22668	 22699 : 0
 22696	 22787 : 0
 22784	 22811 : 1
 22808	 22835 : 0
 22832	 22847 : 0
 22844	 22887 : 0
 22884	 22903 : 0
 22900	 23139 : 0
 23136	 23151 : 0
 23148	 23179 : 0
 23176	 23183 : 0
 23180	 23239 : 0
 23236	 23511 : 0
 23508	 23559 : 0
 23556	 23603 : 0
 23600	 23615 : 0
 23612	 23727 : 0
 23724	 23743 : 0
 23740	 23815 : 0
 23812	 23831 : 0
 23828	 23871 : 0
 23868	 23875 : 0
 23872	 23887 : 0
 23884	 23947 : 0
 23944	 23951 : 0
 23948	 23959 : 0
 23956	 23963 : 0
 23960	 23967 : 0
 23964	 23995 : 0
 23992	 23999 : 0
 23996	 24003 : 0
 24000	 24051 : 0
 24048	 24071 : 0
 24068	 24107 : 0
 24104	 24115 : 0
 24112	 24143 : 0
 24140	 24167 : 0
 24164	 24175 : 0
 24172	 24319 : 0
 24316	 24327 : 0
 24324	 24335 : 0
 24332	 24355 : 0
 24352	 24399 : 0
 24396	 24435 : 0
 24432	 24643 : 0
 24640	 24691 : 0
 24688	 24739 : 0
 24736	 24747 : 0
 24744	 24803 : 0
 24800	 24811 : 0
 24808	 24819 : 0
 24816	 24823 : 0
 24820	 24859 : 0
 24856	 24883 : 0
 24880	 24891 : 0
 24888	 24895 : 0
 24892	 24903 : 0
 24900	 24991 : 0
 24988	 24999 : 0
 24996	 25043 : 0
 25040	 25047 : 0
 25044	 25071 : 0
 25068	 25083 : 0
 25080	 25087 : 0
 25084	 25091 : 0
 25088	 25119 : 0
 25116	 25147 : 0
 25144	 25215 : 0
 25212	 25223 : 0
 25220	 25227 : 0
 25224	 25303 : 0
 25300	 25319 : 0
 25316	 25399 : 0
 25396	 25403 : 0
 25400	 25551 : 0
 25548	 25559 : 0
 25556	 25563 : 0
 25560	 25671 : 0
 25668	 25675 : 0
 25672	 25687 : 0
 25684	 25719 : 0
 25716	 25723 : 0
 25720	 25751 : 0
 25748	 25775 : 0
 25772	 25779 : 0
 25776	 25807 : 0
 25804	 25815 : 0
 25812	 25911 : 0
 25908	 25923 : 0
 25920	 26143 : 0
 26140	 26151 : 0
 26148	 26415 : 0
 26412	 26419 : 0
 26416	 26467 : 0
 26464	 26495 : 0
 26492	 26555 : 0
 26552	 26563 : 0
 26560	 26571 : 0
 26568	 26579 : 0
 26576	 26639 : 0
 26636	 26683 : 0
 26680	 26775 : 0
 26772	 26779 : 0
 26776	 26859 : 0
 26856	 27043 : 0
 27040	 27051 : 0
 27048	 27075 : 0
 27072	 27079 : 0
 27076	 27095 : 0
 27092	 27103 : 0
 27100	 27127 : 0
 27124	 27155 : 0
 27152	 27167 : 0
 27164	 27259 : 0
 27256	 27267 : 0
 27264	 27299 : 0
 27296	 27343 : 0
 27340	 27347 : 0
 27344	 27351 : 0
 27348	 27359 : 0
 27356	 27363 : 0
 27360	 27383 : 0
 27380	 27387 : 0
 27384	 27399 : 0
 27396	 27435 : 0
 27432	 27535 : 0
 27532	 27543 : 0
