     0	     7 : 1
     4	    11 : 0
     8	    15 : 0
    12	    59 : 0
    56	    67 : 0
    64	    91 : 0
    88	    95 : 0
    92	    99 : 0
    96	   111 : 0
   108	   115 : 0
   112	   123 : 0
   120	   127 : 0
   124	   159 : 0
   156	   235 : 0
   232	   243 : 0
   240	   391 : 0
   388	   395 : 0
   392	   583 : 0
   580	   799 : 1
   796	   815 : 0
   812	   835 : 0
   832	   847 : 0
   844	   871 : 0
   868	   879 : 0
   876	   883 : 0
   880	   899 : 0
   896	   923 : 0
   920	  1015 : 0
  1012	  1019 : 0
  1016	  1023 : 0
  1020	  1031 : 0
  1028	  1111 : 0
  1108	  1139 : 1
  1136	  1143 : 0
  1140	  1195 : 0
  1192	  1203 : 0
  1200	  1219 : 0
  1216	  1223 : 0
  1220	  1251 : 0
  1248	  1279 : 0
  1276	  1291 : 0
  1288	  1295 : 0
  1292	  1303 : 0
  1300	  1335 : 0
  1332	  1355 : 0
  1352	  1359 : 0
  1356	  1407 : 0
  1404	  1419 : 0
  1416	  1427 : 1
  1424	  1431 : 0
  1428	  1435 : 0
  1432	  1443 : 0
  1440	  1511 : 0
  1508	  1519 : 0
  1516	  1539 : 0
  1536	  1559 : 0
  1556	  1595 : 0
  1592	  1599 : 0
  1596	  2099 : 1
  2096	  2195 : 0
  2192	  2203 : 1
  2200	  2231 : 0
  2228	  2247 : 0
  2244	  2295 : 0
  2292	  2303 : 1
  2300	  2335 : 0
  2332	  2359 : 0
  2356	  2363 : 0
  2360	  2367 : 0
  2364	  2383 : 0
  2380	  2395 : 0
  2392	  2407 : 0
  2404	  2423 : 0
  2420	  2427 : 0
  2424	  2927 : 0
  2924	  2931 : 0
  2928	  2947 : 0
  2944	  2959 : 0
  2956	  2967 : 0
  2964	  2975 : 0
  2972	  3143 : 0
  3140	  3147 : 0
  3144	  3155 : 0
  3152	  3171 : 0
  3168	  3175 : 0
  3172	  3323 : 0
  3320	  3331 : 0
  3328	  3351 : 0
  3348	  3355 : 0
  3352	  3399 : 0
  3396	  3403 : 0
  3400	  3587 : 0
  3584	  3595 : 0
  3592	  3631 : 0
  3628	  3639 : 0
  3636	  3667 : 0
  3664	  3675 : 0
  3672	  3679 : 0
  3676	  3695 : 0
  3692	  3759 : 0
  3756	  3767 : 0
  3764	  3787 : 0
  3784	  3791 : 0
  3788	  3811 : 0
  3808	  3823 : 1
  3820	  3883 : 0
  3880	  3903 : 0
  3900	  3907 : 0
  3904	  3963 : 1
  3960	  3983 : 0
  3980	  3987 : 0
  3984	  3991 : 0
  3988	  3995 : 0
  3992	  3999 : 0
  3996	  4003 : 0
  4000	  4011 : 0
  4008	  4023 : 0
  4020	  4035 : 0
  4032	  4043 : 0
  4040	  4051 : 0
  4048	  4343 : 1
  4340	  4363 : 0
  4360	  4407 : 0
  4404	  4483 : 0
  4480	  4503 : 1
  4500	  4507 : 0
  4504	  4519 : 0
  4516	  4583 : 0
  4580	  5395 : 0
  5392	  5407 : 0
  5404	  5455 : 0
  5452	  5459 : 0
  5456	  5463 : 0
  5460	  5471 : 0
  5468	  5479 : 0
  5476	  5491 : 0
  5488	  5539 : 0
  5536	  5543 : 0
  5540	  5603 : 0
  5600	  5631 : 0
  5628	  5639 : 0
  5636	  5651 : 0
  5648	  5683 : 1
  5680	  5687 : 0
  5684	  5723 : 0
  5720	  5731 : 0
  5728	  5739 : 0
  5736	  5763 : 0
  5760	  5771 : 0
  5768	  5787 : 0
  5784	  5791 : 1
  5788	  5883 : 0
  5880	  5903 : 1
  5900	  5907 : 0
  5904	  5915 : 0
  5912	  5951 : 0
  5948	  5955 : 0
  5952	  5995 : 0
  5992	  6011 : 0
  6008	  6015 : 2
  6012	  7071 : 0
  7068	  7079 : 0
  7076	 11063 : 0
 11060	 11067 : 0
 11064	 12015 : 0
 12012	 12019 : 0
 12016	 12123 : 0
 12120	 12135 : 0
 12132	 12171 : 1
 12168	 12179 : 0
 12176	 12183 : 1
 12180	 12187 : 0
 12184	 12203 : 0
 12200	 12271 : 0
 12268	 12279 : 0
 12276	 12367 : 0
 12364	 12375 : 0
 12372	 12411 : 0
 12408	 12427 : 0
 12424	 12539 : 0
 12536	 12559 : 0
 12556	 12563 : 0
 12560	 12575 : 0
 12572	 12595 : 0
 12592	 12603 : 1
 12600	 12607 : 0
 12604	 12623 : 1
 12620	 12631 : 0
 12628	 12667 : 0
 12664	 12675 : 0
