     0	    87 : 1
    84	    91 : 0
    88	   115 : 0
   112	   119 : 0
   116	   131 : 0
   128	   147 : 0
   144	   151 : 1
   148	   179 : 0
   176	   199 : 0
   196	   375 : 0
   372	   399 : 0
   396	   411 : 0
   408	   459 : 0
   456	   475 : 0
   472	   479 : 0
   476	   491 : 0
   488	   495 : 0
   492	   499 : 0
   496	   503 : 0
   500	   543 : 0
   540	   555 : 0
   552	   627 : 0
   624	   631 : 0
   628	   635 : 0
   632	   647 : 0
   644	   715 : 0
   712	   739 : 0
   736	   743 : 0
   740	   747 : 0
   744	   803 : 0
   800	   815 : 0
   812	   895 : 0
   892	   899 : 0
   896	   959 : 0
   956	   963 : 0
   960	  1087 : 0
  1084	  1107 : 0
  1104	  1143 : 0
  1140	  1155 : 0
  1152	  1267 : 0
  1264	  1275 : 1
  1272	  1335 : 0
  1332	  1343 : 0
  1340	  1347 : 0
  1344	  1355 : 0
  1352	  1375 : 0
  1372	  1379 : 0
  1376	  1391 : 0
  1388	  1403 : 0
  1400	  1475 : 0
  1472	  1479 : 0
  1476	  1751 : 0
  1748	  1767 : 0
  1764	  1775 : 0
  1772	  1791 : 0
  1788	  1883 : 0
  1880	  1891 : 0
  1888	  1899 : 0
  1896	  1903 : 0
  1900	  2083 : 0
  2080	  2087 : 0
  2084	  2119 : 0
  2116	  2127 : 0
  2124	  2179 : 0
  2176	  2199 : 0
  2196	  2223 : 0
  2220	  2239 : 1
  2236	  2243 : 0
  2240	  2315 : 0
  2312	  2687 : 0
  2684	  2751 : 0
  2748	  2855 : 0
  2852	  2931 : 0
  2928	  2947 : 0
  2944	  2951 : 1
  2948	  2955 : 2
  2952	  2959 : 0
  2956	  2979 : 0
  2976	  3083 : 0
  3080	  3107 : 0
  3104	  3111 : 0
  3108	  3119 : 0
  3116	  3123 : 0
  3120	  3127 : 1
  3124	  3147 : 0
  3144	  3151 : 0
  3148	  3159 : 0
  3156	  3163 : 0
  3160	  3179 : 0
  3176	  3183 : 0
  3180	  3191 : 0
  3188	  3203 : 0
  3200	  3219 : 0
  3216	  3227 : 0
  3224	  3595 : 0
  3592	  3599 : 0
  3596	  3659 : 0
  3656	  3687 : 0
  3684	  3691 : 0
  3688	  3695 : 0
  3692	  3703 : 0
  3700	  3731 : 0
  3728	  3855 : 0
  3852	  3859 : 0
  3856	  3879 : 0
  3876	  3887 : 0
  3884	  3895 : 0
  3892	  3951 : 0
  3948	  4175 : 0
  4172	  4199 : 0
  4196	  4347 : 0
  4344	  4351 : 0
  4348	  4367 : 0
  4364	  4391 : 0
  4388	  4595 : 0
  4592	  4599 : 0
  4596	  4811 : 0
  4808	  4819 : 1
  4816	  4915 : 0
  4912	  4923 : 0
  4920	  4951 : 0
  4948	  5023 : 0
  5020	  5203 : 0
  5200	  5283 : 0
  5280	  5299 : 0
  5296	  5303 : 0
  5300	  5315 : 0
  5312	  5323 : 0
  5320	  5355 : 0
  5352	  5359 : 0
  5356	  5391 : 0
  5388	  5407 : 0
  5404	  5419 : 0
  5416	  5423 : 0
  5420	  5427 : 0
  5424	  5435 : 0
  5432	  5447 : 0
  5444	  5451 : 0
  5448	  5511 : 0
  5508	  5515 : 0
  5512	  5619 : 0
  5616	  5627 : 0
  5624	  5663 : 0
  5660	  5667 : 0
  5664	  5675 : 0
  5672	  5683 : 0
  5680	  5695 : 0
  5692	  5699 : 0
  5696	  5703 : 0
  5700	  5707 : 0
  5704	  5743 : 0
  5740	  5751 : 0
  5748	  5807 : 0
  5804	  5815 : 0
  5812	  5823 : 0
  5820	  5827 : 0
  5824	  6011 : 0
  6008	  6023 : 1
  6020	  6047 : 0
  6044	  6059 : 0
  6056	  6135 : 0
  6132	  6151 : 1
  6148	  6155 : 0
  6152	  6167 : 0
  6164	  6171 : 0
  6168	  6263 : 0
  6260	  6375 : 0
  6372	  6387 : 0
  6384	  6395 : 0
  6392	  6415 : 0
  6412	  6435 : 0
  6432	  6443 : 0
  6440	  6451 : 0
  6448	  6467 : 1
  6464	  6527 : 0
  6524	  6531 : 0
  6528	  6539 : 0
  6536	  6547 : 0
  6544	  6611 : 0
  6608	  6635 : 0
  6632	  6703 : 0
  6700	  6711 : 1
  6708	  6771 : 0
  6768	  6787 : 1
  6784	  6791 : 0
  6788	  6795 : 1
  6792	  6807 : 0
  6804	  6815 : 1
  6812	  6855 : 0
  6852	  6859 : 1
  6856	  6875 : 0
  6872	  6915 : 0
  6912	  6919 : 0
  6916	  6935 : 0
  6932	  6987 : 0
  6984	  7011 : 0
  7008	  7023 : 0
  7020	  7031 : 1
  7028	  7051 : 0
  7048	  7095 : 0
  7092	  7107 : 0
  7104	  7111 : 0
  7108	  7119 : 0
  7116	  7123 : 0
  7120	  7131 : 0
  7128	  7179 : 0
  7176	  7195 : 0
  7192	  7199 : 0
  7196	  7203 : 0
  7200	  7283 : 1
  7280	  7343 : 0
  7340	  7363 : 0
  7360	  7371 : 0
  7368	  7383 : 0
  7380	  7415 : 0
  7412	  7435 : 0
  7432	  7475 : 0
  7472	  7483 : 0
  7480	  7519 : 0
  7516	  7523 : 0
  7520	  7579 : 0
  7576	  7587 : 0
  7584	  7607 : 0
  7604	  7611 : 0
  7608	  7743 : 0
  7740	  7799 : 0
  7796	  7823 : 0
  7820	  7839 : 0
  7836	  7903 : 0
  7900	  7911 : 1
  7908	  7919 : 0
  7916	  7927 : 0
  7924	  7931 : 0
  7928	  7935 : 0
  7932	  7971 : 0
  7968	  7991 : 0
  7988	  8011 : 0
  8008	  8015 : 0
  8012	  8019 : 0
  8016	  8035 : 0
  8032	  8039 : 0
  8036	  8087 : 0
  8084	  8099 : 0
  8096	  8111 : 0
  8108	  8115 : 0
  8112	  8131 : 0
  8128	  8159 : 0
  8156	  8175 : 0
  8172	  8179 : 0
  8176	  8235 : 0
  8232	  8279 : 0
  8276	  8283 : 0
  8280	  8287 : 0
  8284	  8303 : 0
  8300	  8315 : 0
  8312	  8323 : 0
  8320	  8331 : 0
  8328	  8339 : 0
  8336	  8371 : 0
  8368	  8375 : 0
  8372	  8403 : 0
  8400	  8407 : 0
  8404	  8411 : 0
  8408	  8459 : 0
  8456	  8471 : 0
  8468	  8483 : 0
  8480	  8527 : 0
  8524	  8535 : 0
  8532	  8539 : 0
  8536	  8555 : 0
  8552	  8619 : 0
  8616	  8623 : 0
  8620	  8651 : 0
  8648	  8659 : 1
  8656	  8979 : 0
  8976	  9003 : 0
  9000	  9071 : 0
  9068	  9151 : 0
  9148	  9195 : 0
  9192	  9327 : 0
  9324	  9335 : 0
  9332	  9343 : 0
  9340	  9387 : 0
  9384	  9531 : 0
