     0	    91 : 0
    88	    95 : 0
    92	    99 : 0
    96	   167 : 0
   164	   235 : 1
   232	   383 : 0
   380	   387 : 1
   384	   399 : 0
   396	   435 : 0
   432	   467 : 0
   464	   475 : 0
   472	   479 : 0
   476	   499 : 0
   496	   511 : 0
   508	   531 : 0
   528	   567 : 0
   564	   607 : 1
   604	   619 : 0
   616	   631 : 0
   628	   687 : 0
   684	   695 : 0
   692	   711 : 0
   708	   715 : 0
   712	   719 : 2
   716	   755 : 1
   752	   811 : 0
   808	   879 : 0
   876	   887 : 0
   884	   947 : 0
   944	   979 : 0
   976	   987 : 0
   984	   999 : 0
   996	  1035 : 0
  1032	  1039 : 0
  1036	  1043 : 1
  1040	  1107 : 0
  1104	  1159 : 0
  1156	  1163 : 0
  1160	  1167 : 0
  1164	  1171 : 0
  1168	  1207 : 0
  1204	  1211 : 0
  1208	  1223 : 0
  1220	  1243 : 0
  1240	  1247 : 0
  1244	  1255 : 0
  1252	  1263 : 0
  1260	  1275 : 0
  1272	  1287 : 0
  1284	  1403 : 0
  1400	  1407 : 1
  1404	  1419 : 0
  1416	  1435 : 0
  1432	  1455 : 0
  1452	  1503 : 0
  1500	  1527 : 0
  1524	  1535 : 1
  1532	  1559 : 0
  1556	  1623 : 0
  1620	  1627 : 0
  1624	  1659 : 0
  1656	  1699 : 0
  1696	  1731 : 0
  1728	  1739 : 0
  1736	  1843 : 1
  1840	  1851 : 0
  1848	  2023 : 0
  2020	  2035 : 0
  2032	  2051 : 0
  2048	  2083 : 0
  2080	  2095 : 0
  2092	  2099 : 0
  2096	  2131 : 0
  2128	  2143 : 0
  2140	  2151 : 1
  2148	  2211 : 0
  2208	  2219 : 0
  2216	  2283 : 0
  2280	  2287 : 1
  2284	  2327 : 0
  2324	  2335 : 0
  2332	  2339 : 0
  2336	  2355 : 0
  2352	  2359 : 0
  2356	  2371 : 0
  2368	  2431 : 0
  2428	  2447 : 0
  2444	  2455 : 0
  2452	  2463 : 0
  2460	  2467 : 0
  2464	  2475 : 0
  2472	  2499 : 0
  2496	  2507 : 1
  2504	  2535 : 0
  2532	  2547 : 0
  2544	  2587 : 0
  2584	  2591 : 0
  2588	  2611 : 0
  2608	  2619 : 1
  2616	  2623 : 0
  2620	  2659 : 0
  2656	  2679 : 0
  2676	  2695 : 0
  2692	  2699 : 0
  2696	  2703 : 1
  2700	  2739 : 0
  2736	  2743 : 1
  2740	  2775 : 0
  2772	  2783 : 1
  2780	  2811 : 0
  2808	  2819 : 0
  2816	  2859 : 0
  2856	  2863 : 0
  2860	  2899 : 0
  2896	  2907 : 1
  2904	  2943 : 0
  2940	  2959 : 0
  2956	  2991 : 0
  2988	  3015 : 1
  3012	  3059 : 0
  3056	  3063 : 0
  3060	  3071 : 0
  3068	  3075 : 0
  3072	  3099 : 0
  3096	  3119 : 1
  3116	  3135 : 0
  3132	  3139 : 0
  3136	  3155 : 0
  3152	  3207 : 1
  3204	  3271 : 0
  3268	  3291 : 1
  3288	  3307 : 0
  3304	  3347 : 0
  3344	  3363 : 0
  3360	  3371 : 0
  3368	  3375 : 0
  3372	  3415 : 1
  3412	  3419 : 0
  3416	  3443 : 0
  3440	  3447 : 0
  3444	  3455 : 0
  3452	  3503 : 0
  3500	  3523 : 1
  3520	  3531 : 0
  3528	  3539 : 0
  3536	  3575 : 0
  3572	  3579 : 1
  3576	  3639 : 0
  3636	  3647 : 0
  3644	  3671 : 0
  3668	  3679 : 0
  3676	  3683 : 0
  3680	  3703 : 0
  3700	  3707 : 0
  3704	  3723 : 0
  3720	  3759 : 0
  3756	  3775 : 1
  3772	  3783 : 0
  3780	  3795 : 0
  3792	  3807 : 0
  3804	  3827 : 0
  3824	  3839 : 0
  3836	  3855 : 0
  3852	  3859 : 0
  3856	  3863 : 0
  3860	  3867 : 0
  3864	  3923 : 0
  3920	  3951 : 0
  3948	  3959 : 1
  3956	  4003 : 0
  4000	  4011 : 0
  4008	  4027 : 0
  4024	  4055 : 0
  4052	  4107 : 0
  4104	  4111 : 1
  4108	  4123 : 0
  4120	  4139 : 1
  4136	  4151 : 0
  4148	  4159 : 0
  4156	  4171 : 0
  4168	  4175 : 1
  4172	  4183 : 0
  4180	  4203 : 0
  4200	  4211 : 0
  4208	  4215 : 0
  4212	  4219 : 0
  4216	  4239 : 0
  4236	  4271 : 0
  4268	  4279 : 0
  4276	  4283 : 0
  4280	  4291 : 0
  4288	  4311 : 0
  4308	  4391 : 1
  4388	  4431 : 0
  4428	  4435 : 0
  4432	  4443 : 0
  4440	  4463 : 0
  4460	  4495 : 0
  4492	  4507 : 1
  4504	  4527 : 0
  4524	  4559 : 1
  4556	  4563 : 0
  4560	  4579 : 1
  4576	  4611 : 0
  4608	  4619 : 1
  4616	  4679 : 0
  4676	  4683 : 1
  4680	  4735 : 0
  4732	  4743 : 1
  4740	  4771 : 0
  4768	  4779 : 0
  4776	  4807 : 0
  4804	  4811 : 0
  4808	  4819 : 0
  4816	  4835 : 0
  4832	  4843 : 0
  4840	  4875 : 0
  4872	  4879 : 0
  4876	  4887 : 0
  4884	  4903 : 0
  4900	  4911 : 1
  4908	  4915 : 0
  4912	  4927 : 0
  4924	  4955 : 0
  4952	  4991 : 0
  4988	  5007 : 0
  5004	  5019 : 1
  5016	  5027 : 0
  5024	  5039 : 0
  5036	  5051 : 0
  5048	  5059 : 1
  5056	  5283 : 0
  5280	  5335 : 1
  5332	  5395 : 0
  5392	  5399 : 2
  5396	  5403 : 1
  5400	  5415 : 0
  5412	  5431 : 0
  5428	  5447 : 0
  5444	  5511 : 1
  5508	  5543 : 0
  5540	  5547 : 1
  5544	  5603 : 0
  5600	  5607 : 1
  5604	  5667 : 0
  5664	  5683 : 0
  5680	  5699 : 0
  5696	  5703 : 1
  5700	  5759 : 0
  5756	  5775 : 1
  5772	  5783 : 0
  5780	  5851 : 0
  5848	  5911 : 0
  5908	  5923 : 1
  5920	  5931 : 0
  5928	  5935 : 0
  5932	  5943 : 0
  5940	  5955 : 0
  5952	  5979 : 0
  5976	  5983 : 1
  5980	  6047 : 0
  6044	  6051 : 0
  6048	  6055 : 2
  6052	  6059 : 1
  6056	  6083 : 0
  6080	  6087 : 1
  6084	  6115 : 0
  6112	  6147 : 1
  6144	  6151 : 0
  6148	  6155 : 1
  6152	  6163 : 0
  6160	  6167 : 0
  6164	  6187 : 0
  6184	  6215 : 1
  6212	  6243 : 0
  6240	  6247 : 1
  6244	  6291 : 0
  6288	  6311 : 0
  6308	  6339 : 0
  6336	  6467 : 0
  6464	  6571 : 0
  6568	  6607 : 1
  6604	  6619 : 0
  6616	  6647 : 0
  6644	  6655 : 0
  6652	  6659 : 0
  6656	  6663 : 0
  6660	  6751 : 1
  6748	  6799 : 0
  6796	  6803 : 0
  6800	  6843 : 0
  6840	  6959 : 1
  6956	  6963 : 0
  6960	  6967 : 1
  6964	  6979 : 0
  6976	  6983 : 1
  6980	  6999 : 0
  6996	  7003 : 1
  7000	  7015 : 0
  7012	  7023 : 1
  7020	  7027 : 0
  7024	  7031 : 1
  7028	  7043 : 0
  7040	  7083 : 1
  7080	  7119 : 0
  7116	  7207 : 0
