     0	   175 : 0
   172	   183 : 0
   180	   215 : 0
   212	   255 : 0
   252	   311 : 0
   308	   339 : 0
   336	   395 : 0
   392	   439 : 0
   436	   499 : 0
   496	   527 : 0
   524	   535 : 0
   532	   543 : 0
   540	   551 : 0
   548	   579 : 0
   576	   771 : 0
   768	   787 : 0
   784	  1003 : 0
  1000	  1051 : 0
  1048	  1099 : 0
  1096	  1103 : 0
  1100	  1163 : 0
  1160	  1279 : 0
  1276	  1291 : 0
  1288	  1299 : 0
  1296	  1315 : 0
  1312	  1323 : 0
  1320	  1375 : 0
  1372	  1395 : 0
  1392	  1403 : 0
  1400	  1451 : 0
  1448	  1463 : 0
  1460	  1543 : 0
  1540	  1547 : 0
  1544	  1551 : 0
  1548	  1559 : 0
  1556	  1571 : 0
  1568	  1579 : 1
  1576	  1619 : 0
  1616	  1623 : 1
  1620	  1655 : 0
  1652	  1667 : 0
  1664	  1695 : 0
  1692	  1711 : 0
  1708	  1715 : 0
  1712	  1731 : 0
  1728	  1787 : 0
  1784	  1791 : 0
  1788	  1795 : 0
  1792	  1803 : 0
  1800	  1823 : 0
  1820	  1855 : 0
  1852	  1903 : 0
  1900	  1915 : 0
  1912	  1999 : 0
  1996	  2015 : 0
  2012	  2035 : 0
  2032	  2051 : 0
  2048	  2071 : 0
  2068	  2079 : 1
  2076	  2115 : 0
  2112	  2119 : 1
  2116	  2123 : 0
  2120	  2183 : 0
  2180	  2191 : 0
  2188	  2211 : 0
  2208	  2371 : 0
  2368	  2391 : 0
  2388	  2511 : 0
  2508	  2523 : 1
  2520	  2559 : 0
  2556	  2575 : 0
  2572	  2591 : 0
  2588	  2599 : 0
  2596	  2651 : 0
  2648	  2655 : 0
  2652	  2659 : 0
  2656	  2723 : 0
  2720	  2731 : 0
  2728	  2739 : 0
  2736	  2755 : 0
  2752	  2767 : 0
  2764	  2787 : 0
  2784	  2791 : 0
  2788	  2795 : 0
  2792	  2831 : 0
  2828	  2851 : 0
  2848	  2859 : 0
  2856	  2915 : 0
  2912	  2931 : 0
  2928	  3007 : 0
  3004	  3015 : 0
  3012	  3019 : 0
  3016	  3027 : 0
  3024	  3039 : 0
  3036	  3055 : 0
  3052	  3087 : 0
  3084	  3095 : 0
  3092	  3099 : 0
  3096	  3103 : 0
  3100	  3163 : 0
  3160	  3195 : 1
  3192	  3215 : 0
  3212	  3219 : 1
  3216	  3259 : 0
  3256	  3295 : 0
  3292	  3311 : 0
  3308	  3335 : 0
  3332	  3399 : 0
  3396	  3411 : 0
  3408	  3427 : 0
  3424	  3443 : 0
  3440	  3451 : 0
  3448	  3463 : 0
  3460	  3519 : 0
  3516	  3523 : 0
  3520	  3527 : 0
  3524	  3539 : 0
  3536	  3563 : 0
  3560	  3587 : 0
  3584	  3603 : 0
  3600	  3607 : 0
  3604	  3783 : 0
  3780	  3791 : 0
  3788	  3799 : 0
  3796	  3811 : 0
  3808	  3847 : 0
  3844	  3883 : 0
  3880	  4095 : 0
  4092	  4099 : 0
  4096	  4107 : 0
  4104	  4111 : 0
  4108	  4167 : 0
  4164	  4175 : 0
  4172	  4191 : 0
  4188	  4195 : 1
  4192	  4435 : 0
  4432	  4439 : 0
  4436	  4451 : 0
  4448	  4455 : 0
  4452	  4487 : 0
  4484	  4491 : 0
  4488	  4507 : 0
  4504	  4519 : 0
  4516	  4639 : 0
  4636	  4651 : 0
  4648	  4751 : 0
  4748	  4759 : 0
  4756	  4803 : 0
  4800	  4867 : 0
  4864	  4903 : 0
  4900	  4907 : 0
  4904	  4911 : 0
  4908	  4927 : 0
  4924	  4943 : 0
  4940	  4963 : 0
  4960	  5023 : 0
  5020	  5031 : 0
  5028	  5047 : 0
  5044	  5115 : 0
  5112	  5207 : 0
  5204	  5243 : 1
  5240	  5279 : 0
  5276	  5291 : 0
  5288	  5307 : 0
  5304	  5315 : 0
  5312	  5587 : 0
  5584	  5607 : 0
  5604	  5639 : 0
  5636	  5647 : 0
  5644	  5663 : 0
  5660	  5671 : 0
  5668	  5743 : 0
  5740	  5831 : 0
  5828	  5867 : 0
  5864	  5903 : 0
  5900	  5907 : 0
  5904	  5947 : 0
  5944	  5951 : 0
  5948	  5971 : 0
  5968	  5979 : 0
  5976	  6231 : 0
  6228	  6319 : 0
  6316	  6355 : 0
  6352	  6363 : 0
  6360	  6387 : 0
  6384	  6399 : 0
  6396	  6403 : 0
  6400	  6519 : 0
  6516	  6527 : 0
  6524	  6575 : 0
  6572	  6583 : 0
  6580	  6611 : 0
  6608	  6615 : 0
  6612	  6671 : 0
  6668	  6679 : 0
  6676	  6847 : 0
  6844	  6855 : 0
  6852	  7015 : 0
  7012	  7039 : 0
  7036	  7043 : 0
  7040	  7055 : 0
  7052	  7275 : 0
  7272	  7291 : 0
  7288	  7375 : 0
  7372	  7379 : 0
  7376	  7635 : 0
  7632	  7643 : 0
  7640	  7695 : 0
  7692	  7703 : 0
  7700	  7727 : 0
  7724	  7735 : 0
  7732	  8287 : 0
  8284	  8299 : 0
  8296	  8307 : 0
  8304	  8315 : 0
  8312	  8527 : 0
  8524	  8535 : 0
  8532	  8547 : 0
  8544	  8551 : 0
  8548	  8887 : 0
  8884	  8895 : 0
  8892	  8987 : 0
  8984	  9035 : 0
  9032	  9259 : 0
  9256	  9331 : 0
  9328	  9531 : 0
  9528	  9535 : 0
  9532	  9539 : 0
  9536	  9635 : 0
  9632	  9691 : 0
  9688	  9699 : 0
  9696	  9851 : 0
  9848	  9863 : 0
  9860	  9895 : 0
  9892	  9903 : 0
  9900	  9919 : 0
  9916	  9923 : 0
  9920	  9927 : 0
  9924	  9963 : 0
  9960	  9967 : 0
  9964	  9991 : 0
  9988	 10007 : 0
 10004	 10015 : 1
 10012	 10279 : 0
 10276	 10351 : 0
 10348	 10387 : 0
 10384	 10391 : 0
 10388	 10503 : 0
 10500	 10507 : 0
 10504	 10571 : 0
 10568	 10575 : 0
 10572	 10719 : 0
 10716	 10727 : 0
 10724	 11003 : 0
 11000	 11007 : 1
 11004	 11011 : 0
 11008	 11039 : 0
 11036	 11055 : 0
 11052	 11059 : 0
 11056	 11155 : 0
 11152	 11167 : 0
 11164	 11171 : 0
 11168	 11175 : 0
 11172	 11219 : 0
 11216	 11227 : 0
 11224	 11323 : 0
 11320	 11335 : 0
 11332	 11347 : 0
 11344	 11363 : 0
 11360	 11379 : 0
 11376	 11403 : 0
 11400	 11419 : 0
 11416	 11431 : 0
 11428	 11435 : 0
 11432	 11479 : 1
 11476	 11587 : 0
 11584	 11591 : 0
 11588	 11595 : 0
 11592	 11623 : 0
 11620	 11639 : 0
 11636	 11643 : 0
 11640	 11803 : 0
 11800	 11807 : 0
 11804	 11931 : 0
 11928	 12299 : 0
 12296	 12327 : 0
 12324	 12343 : 0
 12340	 12387 : 0
 12384	 12391 : 0
 12388	 12399 : 0
 12396	 12475 : 0
 12472	 12487 : 0
 12484	 12503 : 0
 12500	 12507 : 0
 12504	 12511 : 0
 12508	 12551 : 0
 12548	 12555 : 0
 12552	 12735 : 0
 12732	 12927 : 0
 12924	 12943 : 0
 12940	 12959 : 0
 12956	 13051 : 0
 13048	 13067 : 0
 13064	 13071 : 0
 13068	 13087 : 0
 13084	 13103 : 0
 13100	 13199 : 0
 13196	 13215 : 0
 13212	 13231 : 0
 13228	 13279 : 0
 13276	 13339 : 0
 13336	 13347 : 0
 13344	 13359 : 0
 13356	 13379 : 0
 13376	 13467 : 0
 13464	 13475 : 0
 13472	 13495 : 0
 13492	 13499 : 0
 13496	 13507 : 0
 13504	 13511 : 0
 13508	 13531 : 0
 13528	 13579 : 0
 13576	 13595 : 0
 13592	 13599 : 0
 13596	 13603 : 0
 13600	 13611 : 0
 13608	 13623 : 0
 13620	 13663 : 0
 13660	 13767 : 0
 13764	 14663 : 0
 14660	 14851 : 0
 14848	 14887 : 0
 14884	 14899 : 0
 14896	 14907 : 0
 14904	 14923 : 0
 14920	 15011 : 0
 15008	 15019 : 0
 15016	 15107 : 0
 15104	 15271 : 0
 15268	 15275 : 0
 15272	 15403 : 0
 15400	 15419 : 0
 15416	 15563 : 0
 15560	 15575 : 0
 15572	 15583 : 0
 15580	 15595 : 0
 15592	 15663 : 0
 15660	 15691 : 0
 15688	 15839 : 0
 15836	 15859 : 0
 15856	 15883 : 0
 15880	 15899 : 0
 15896	 15983 : 0
 15980	 16047 : 0
 16044	 16143 : 0
 16140	 16187 : 0
 16184	 16399 : 0
 16396	 16415 : 0
 16412	 16527 : 0
 16524	 16539 : 0
 16536	 16799 : 0
 16796	 16807 : 0
 16804	 16811 : 0
 16808	 16815 : 0
 16812	 16819 : 0
 16816	 16823 : 0
 16820	 16991 : 0
 16988	 16995 : 0
 16992	 17047 : 0
 17044	 17051 : 0
 17048	 17055 : 0
 17052	 17059 : 0
 17056	 17067 : 0
 17064	 17079 : 0
 17076	 17087 : 0
 17084	 17115 : 0
 17112	 17147 : 0
 17144	 17155 : 0
 17152	 17159 : 0
 17156	 17175 : 0
 17172	 17403 : 0
 17400	 17575 : 0
 17572	 17579 : 0
 17576	 17583 : 0
 17580	 18043 : 0
