     0	   155 : 0
   152	   179 : 0
   176	   183 : 0
   180	   219 : 0
   216	   259 : 1
   256	   347 : 0
   344	   355 : 0
   352	   359 : 0
   356	   367 : 0
   364	   379 : 0
   376	   387 : 0
   384	   411 : 0
   408	   427 : 0
   424	   463 : 0
   460	   487 : 0
   484	   499 : 0
   496	   511 : 0
   508	   515 : 0
   512	   531 : 0
   528	   535 : 0
   532	   539 : 0
   536	   623 : 0
   620	   655 : 0
   652	   659 : 0
   656	   667 : 0
   664	   671 : 0
   668	   711 : 0
   708	   719 : 0
   716	   755 : 0
   752	   787 : 0
   784	   795 : 0
   792	   843 : 0
   840	   847 : 0
   844	   883 : 0
   880	   935 : 0
   932	   947 : 0
   944	   983 : 0
   980	   991 : 0
   988	  1023 : 0
  1020	  1035 : 0
  1032	  1039 : 0
  1036	  1067 : 0
  1064	  1075 : 0
  1072	  1079 : 0
  1076	  1091 : 0
  1088	  1127 : 0
  1124	  1151 : 0
  1148	  1155 : 0
  1152	  1179 : 0
  1176	  1187 : 0
  1184	  1211 : 0
  1208	  1235 : 0
  1232	  1239 : 0
  1236	  1243 : 0
  1240	  1263 : 0
  1260	  1271 : 0
  1268	  1279 : 0
  1276	  1291 : 0
  1288	  1307 : 0
  1304	  1315 : 0
  1312	  1331 : 0
  1328	  1339 : 0
  1336	  1359 : 0
  1356	  1371 : 0
  1368	  1431 : 0
  1428	  1451 : 0
  1448	  1455 : 0
  1452	  1463 : 0
  1460	  1475 : 0
  1472	  1487 : 0
  1484	  1507 : 0
  1504	  1511 : 0
  1508	  1535 : 0
  1532	  1551 : 0
  1548	  1555 : 0
  1552	  1559 : 0
  1556	  1567 : 0
  1564	  1579 : 0
  1576	  1627 : 1
  1624	  1631 : 0
  1628	  1823 : 0
  1820	  1831 : 0
  1828	  1835 : 0
  1832	  1839 : 0
  1836	  1855 : 0
  1852	  1875 : 0
  1872	  1879 : 0
  1876	  1883 : 0
  1880	  1887 : 0
  1884	  1891 : 0
  1888	  1903 : 0
  1900	  1907 : 0
  1904	  1935 : 0
  1932	  1939 : 0
  1936	  1947 : 0
  1944	  1979 : 0
  1976	  1983 : 0
  1980	  1991 : 0
  1988	  1995 : 0
  1992	  2003 : 0
  2000	  2007 : 0
  2004	  2095 : 0
  2092	  2119 : 0
  2116	  2123 : 0
  2120	  2127 : 0
  2124	  2131 : 0
  2128	  2139 : 0
  2136	  2147 : 0
  2144	  2155 : 0
  2152	  2187 : 0
  2184	  2195 : 0
  2192	  2211 : 0
  2208	  2215 : 0
  2212	  2243 : 0
  2240	  2255 : 0
  2252	  2263 : 0
  2260	  2271 : 0
  2268	  2275 : 0
  2272	  2283 : 0
  2280	  2287 : 0
  2284	  2315 : 0
  2312	  2319 : 0
  2316	  2343 : 0
  2340	  2347 : 0
  2344	  2439 : 0
  2436	  2443 : 0
  2440	  2495 : 0
  2492	  2507 : 0
  2504	  2511 : 0
  2508	  2515 : 0
  2512	  2535 : 0
  2532	  2543 : 0
  2540	  2551 : 0
  2548	  2555 : 0
  2552	  2571 : 0
  2568	  2575 : 0
  2572	  2579 : 0
  2576	  2623 : 0
  2620	  2643 : 0
  2640	  2647 : 0
  2644	  2683 : 1
  2680	  2707 : 0
  2704	  2719 : 0
  2716	  2735 : 0
  2732	  2739 : 0
  2736	  2763 : 0
  2760	  2767 : 0
  2764	  2771 : 0
  2768	  2791 : 0
  2788	  2803 : 0
  2800	  2807 : 0
  2804	  2811 : 0
  2808	  2815 : 0
  2812	  2855 : 0
  2852	  2863 : 0
  2860	  2887 : 0
  2884	  2903 : 0
  2900	  2907 : 0
  2904	  2915 : 0
  2912	  2919 : 0
  2916	  2939 : 0
  2936	  2947 : 0
  2944	  2951 : 0
  2948	  2963 : 0
  2960	  2995 : 0
  2992	  2999 : 0
  2996	  3127 : 0
  3124	  3131 : 0
  3128	  3283 : 0
  3280	  3287 : 0
  3284	  3295 : 0
  3292	  3299 : 0
  3296	  3327 : 0
  3324	  3331 : 0
  3328	  3335 : 0
  3332	  3339 : 0
  3336	  3363 : 0
  3360	  3379 : 0
  3376	  3507 : 0
  3504	  3511 : 0
  3508	  3527 : 0
  3524	  3531 : 0
  3528	  3555 : 0
  3552	  3563 : 0
  3560	  3575 : 0
  3572	  3655 : 0
  3652	  3723 : 0
  3720	  3727 : 0
  3724	  3791 : 0
  3788	  3795 : 0
  3792	  3803 : 0
  3800	  3807 : 0
  3804	  3835 : 0
  3832	  3851 : 0
  3848	  3871 : 0
  3868	  3891 : 0
  3888	  3899 : 0
  3896	  3903 : 0
  3900	  3935 : 0
  3932	  3939 : 0
  3936	  3995 : 0
  3992	  4003 : 0
  4000	  4007 : 1
  4004	  4071 : 0
  4068	  4075 : 0
  4072	  4087 : 0
  4084	  4099 : 0
  4096	  4155 : 0
  4152	  4159 : 0
  4156	  4167 : 0
  4164	  4179 : 0
  4176	  4195 : 0
  4192	  4203 : 0
  4200	  4215 : 0
  4212	  4219 : 0
  4216	  4231 : 0
  4228	  4259 : 0
  4256	  4263 : 0
  4260	  4279 : 0
  4276	  4311 : 0
  4308	  4319 : 0
  4316	  4347 : 0
  4344	  4363 : 0
  4360	  4371 : 0
  4368	  4383 : 0
  4380	  4419 : 0
  4416	  4431 : 0
  4428	  4483 : 0
  4480	  4487 : 0
  4484	  4491 : 0
  4488	  4503 : 0
  4500	  4547 : 0
  4544	  4551 : 0
  4548	  4563 : 0
  4560	  4611 : 0
  4608	  4615 : 0
  4612	  4639 : 0
  4636	  4655 : 0
  4652	  4711 : 0
