     0	    27 : 0
    24	    31 : 0
    28	   119 : 0
   116	   127 : 0
   124	   183 : 0
   180	  1551 : 0
  1548	  1919 : 0
  1916	  1923 : 0
  1920	  1927 : 0
  1924	  2487 : 0
  2484	  3023 : 0
  3020	  3511 : 0
  3508	  3515 : 0
  3512	  4851 : 0
  4848	  5467 : 0
  5464	  5939 : 0
  5936	  6507 : 1
  6504	  7103 : 0
  7100	  7107 : 1
  7104	  8195 : 0
  8192	  8199 : 0
  8196	  8787 : 0
  8784	  8791 : 1
  8788	  9447 : 0
  9444	  9451 : 1
  9448	  9675 : 0
  9672	  9679 : 1
  9676	 10467 : 0
 10464	 10475 : 0
 10472	 10735 : 0
 10732	 11075 : 0
 11072	 11979 : 0
 11976	 11983 : 1
 11980	 12963 : 0
 12960	 12967 : 1
 12964	 14727 : 0
 14724	 14731 : 1
 14728	 15819 : 0
 15816	 15823 : 1
 15820	 16019 : 0
 16016	 16027 : 1
 16024	 17343 : 0
 17340	 17351 : 0
 17348	 17891 : 0
 17888	 17895 : 1
 17892	 18179 : 0
 18176	 18183 : 1
 18180	 18251 : 0
 18248	 18267 : 0
 18264	 18295 : 0
 18292	 18299 : 0
 18296	 18343 : 0
 18340	 18403 : 0
 18400	 18647 : 0
 18644	 18659 : 0
 18656	 18663 : 0
 18660	 18667 : 0
 18664	 20259 : 0
 20256	 20655 : 1
 20652	 22119 : 0
 22116	 22163 : 0
