     0	    51 : 0
    48	    55 : 0
    52	    59 : 1
    56	    71 : 0
    68	    99 : 0
    96	   135 : 0
   132	   139 : 0
   136	   155 : 0
   152	   159 : 0
   156	   183 : 0
   180	   223 : 0
   220	   343 : 0
   340	   351 : 0
   348	   359 : 0
   356	   367 : 0
   364	   379 : 0
   376	   383 : 0
   380	   387 : 0
   384	   399 : 0
   396	   427 : 0
   424	   463 : 0
   460	   479 : 0
   476	   491 : 0
   488	   511 : 0
   508	   515 : 0
   512	   539 : 0
   536	   563 : 0
   560	   567 : 0
   564	   599 : 0
   596	   623 : 0
   620	   635 : 0
   632	   739 : 0
   736	   751 : 1
   748	   755 : 0
   752	   811 : 0
   808	   819 : 0
   816	   823 : 0
   820	   827 : 0
   824	   843 : 0
   840	   859 : 0
   856	   863 : 0
   860	   887 : 0
   884	   891 : 0
   888	  1007 : 0
  1004	  1191 : 1
  1188	  1383 : 0
  1380	  1391 : 1
  1388	  2131 : 0
  2128	  2135 : 1
  2132	  2979 : 0
  2976	  2983 : 1
  2980	  3351 : 0
  3348	  3355 : 0
  3352	  3699 : 0
  3696	  3703 : 1
  3700	  3751 : 0
  3748	  3755 : 0
  3752	  3823 : 0
  3820	  3883 : 0
  3880	  3935 : 0
  3932	  3943 : 0
  3940	  3951 : 0
  3948	  3955 : 0
  3952	  4043 : 0
  4040	  4079 : 0
  4076	  4315 : 0
  4312	  4335 : 1
  4332	  4367 : 0
  4364	  4439 : 0
  4436	  4447 : 0
  4444	  4451 : 0
  4448	  4459 : 0
  4456	  4499 : 0
  4496	  4535 : 0
  4532	  4555 : 0
  4552	  4563 : 0
  4560	  4571 : 0
  4568	  4579 : 0
  4576	  4663 : 0
  4660	  4687 : 0
  4684	  4703 : 0
  4700	  4731 : 0
  4728	  4739 : 1
  4736	  4939 : 0
  4936	  4947 : 1
  4944	  5167 : 0
  5164	  5171 : 1
  5168	  5295 : 0
  5292	  5307 : 0
  5304	  5331 : 0
  5328	  5343 : 0
  5340	  5351 : 0
  5348	  5359 : 0
  5356	  5363 : 0
  5360	  5419 : 1
  5416	  5439 : 0
  5436	  5451 : 0
  5448	  5467 : 0
  5464	  5519 : 0
  5516	  5811 : 0
  5808	  5815 : 1
  5812	  5915 : 0
  5912	  5975 : 0
  5972	  5999 : 0
  5996	  6027 : 0
  6024	  6031 : 0
  6028	  6035 : 0
  6032	  6047 : 0
  6044	  6063 : 0
  6060	  6119 : 0
  6116	  6131 : 0
  6128	  6135 : 0
  6132	  6139 : 0
  6136	  6143 : 0
  6140	  6147 : 0
  6144	  6155 : 0
  6152	  6159 : 0
  6156	  6171 : 0
  6168	  6195 : 0
  6192	  6199 : 0
  6196	  6211 : 0
  6208	  6223 : 0
  6220	  6231 : 0
  6228	  6239 : 0
  6236	  6251 : 0
  6248	  6259 : 0
  6256	  6267 : 0
  6264	  6279 : 0
  6276	  6303 : 0
  6300	  6307 : 0
  6304	  6327 : 0
  6324	  6347 : 0
  6344	  6355 : 0
  6352	  6367 : 0
  6364	  6371 : 0
  6368	  6391 : 0
  6388	  6399 : 0
  6396	  6443 : 0
  6440	  6447 : 0
  6444	  6455 : 0
  6452	  6459 : 0
  6456	  6471 : 0
  6468	  6499 : 0
  6496	  6503 : 0
  6500	  6519 : 0
  6516	  6555 : 0
  6552	  6559 : 0
  6556	  6991 : 0
  6988	  6995 : 1
  6992	  7371 : 0
  7368	  7395 : 1
  7392	  7415 : 0
  7412	  7447 : 0
  7444	  7599 : 0
  7596	  7651 : 0
  7648	  7655 : 0
  7652	  7699 : 0
  7696	  7711 : 0
  7708	  7735 : 0
  7732	  7863 : 0
  7860	  7867 : 1
  7864	  7915 : 0
  7912	  7919 : 0
  7916	  7951 : 0
  7948	  7959 : 1
  7956	  8183 : 0
  8180	  8227 : 0
  8224	  9039 : 0
  9036	  9043 : 1
  9040	  9067 : 0
  9064	  9075 : 0
  9072	  9115 : 0
  9112	  9139 : 0
  9136	  9147 : 0
  9144	  9151 : 0
  9148	  9275 : 0
  9272	  9279 : 1
  9276	 10167 : 0
 10164	 10327 : 1
 10324	 10407 : 0
 10404	 10411 : 1
 10408	 10415 : 0
 10412	 10451 : 0
 10448	 10919 : 0
 10916	 10923 : 0
 10920	 10935 : 0
 10932	 10939 : 1
 10936	 11163 : 0
 11160	 11307 : 1
 11304	 11343 : 0
 11340	 11359 : 0
 11356	 12099 : 0
 12096	 12103 : 1
 12100	 12231 : 0
 12228	 12239 : 1
 12236	 12267 : 0
 12264	 12271 : 0
 12268	 12299 : 0
 12296	 12303 : 0
 12300	 12339 : 0
 12336	 12351 : 0
 12348	 12375 : 0
 12372	 12383 : 0
 12380	 12391 : 0
 12388	 12403 : 0
 12400	 12411 : 0
 12408	 12419 : 0
 12416	 12431 : 0
 12428	 12435 : 0
 12432	 12439 : 0
 12436	 12443 : 0
 12440	 12459 : 0
 12456	 12475 : 0
 12472	 12539 : 0
 12536	 12543 : 0
 12540	 12551 : 0
 12548	 12567 : 0
 12564	 12595 : 0
 12592	 12599 : 1
 12596	 12607 : 0
 12604	 12615 : 0
 12612	 12731 : 0
 12728	 12815 : 1
 12812	 12823 : 0
 12820	 12827 : 0
 12824	 12831 : 0
 12828	 12839 : 0
 12836	 12883 : 0
 12880	 12891 : 1
 12888	 13747 : 0
 13744	 13751 : 0
 13748	 13787 : 0
 13784	 13791 : 0
 13788	 13863 : 0
 13860	 13871 : 0
 13868	 13959 : 0
 13956	 13983 : 0
 13980	 13987 : 0
 13984	 13991 : 0
 13988	 14107 : 0
 14104	 14111 : 1
 14108	 14723 : 0
 14720	 14747 : 1
 14744	 14767 : 0
 14764	 14811 : 0
 14808	 14903 : 0
 14900	 14915 : 0
 14912	 15007 : 0
 15004	 15035 : 0
 15032	 15039 : 0
 15036	 15043 : 0
 15040	 15071 : 0
 15068	 15079 : 0
 15076	 15135 : 0
 15132	 15155 : 0
 15152	 15159 : 0
 15156	 15163 : 0
 15160	 15283 : 0
 15280	 15331 : 1
 15328	 15427 : 0
 15424	 15459 : 0
 15456	 15527 : 0
 15524	 15559 : 0
 15556	 15563 : 0
 15560	 15583 : 0
 15580	 15587 : 0
 15584	 15599 : 0
 15596	 15615 : 0
 15612	 15627 : 0
 15624	 15643 : 0
 15640	 15671 : 0
 15668	 15679 : 0
 15676	 15735 : 0
 15732	 15935 : 0
 15932	 15991 : 0
 15988	 15999 : 0
 15996	 16003 : 0
 16000	 16007 : 0
 16004	 16011 : 0
 16008	 16015 : 0
 16012	 16019 : 0
 16016	 16023 : 0
 16020	 16035 : 0
 16032	 16039 : 0
 16036	 16091 : 0
 16088	 16111 : 0
 16108	 16115 : 0
 16112	 16119 : 0
 16116	 16123 : 0
 16120	 16187 : 0
 16184	 16231 : 0
 16228	 16239 : 0
 16236	 16243 : 0
 16240	 16267 : 0
 16264	 16287 : 0
 16284	 16291 : 0
 16288	 16427 : 1
 16424	 17083 : 0
 17080	 17091 : 1
 17088	 17191 : 0
 17188	 17195 : 0
 17192	 17399 : 0
 17396	 17403 : 0
 17400	 17443 : 0
 17440	 17447 : 1
 17444	 17639 : 0
 17636	 17683 : 1
 17680	 17691 : 0
 17688	 17699 : 0
 17696	 17711 : 0
 17708	 17719 : 0
 17716	 17723 : 0
 17720	 17739 : 0
 17736	 17743 : 0
 17740	 17755 : 0
 17752	 17763 : 0
 17760	 17775 : 0
 17772	 17779 : 0
 17776	 17791 : 0
 17788	 17815 : 0
 17812	 17823 : 0
 17820	 17827 : 0
 17824	 17835 : 0
 17832	 17847 : 0
 17844	 17851 : 0
 17848	 17859 : 0
 17856	 17927 : 0
 17924	 17967 : 0
 17964	 17999 : 0
 17996	 18015 : 0
 18012	 18027 : 0
 18024	 18031 : 0
 18028	 18035 : 0
 18032	 18139 : 0
 18136	 18143 : 0
 18140	 18151 : 0
 18148	 18163 : 0
 18160	 18171 : 0
 18168	 18175 : 1
 18172	 18427 : 0
 18424	 18431 : 1
 18428	 18467 : 0
 18464	 18487 : 0
 18484	 19683 : 0
 19680	 19687 : 1
 19684	 19691 : 0
 19688	 19695 : 0
 19692	 19775 : 0
 19772	 19787 : 0
 19784	 19983 : 0
 19980	 19987 : 1
 19984	 20691 : 0
 20688	 20699 : 0
 20696	 20703 : 0
 20700	 20711 : 0
 20708	 20763 : 0
 20760	 20771 : 0
 20768	 20899 : 0
 20896	 20907 : 1
 20904	 21999 : 0
 21996	 22019 : 1
 22016	 22155 : 0
 22152	 22159 : 0
 22156	 22243 : 0
 22240	 22247 : 1
 22244	 22571 : 0
 22568	 22607 : 1
 22604	 22635 : 0
 22632	 22643 : 0
 22640	 22671 : 0
 22668	 22711 : 0
 22708	 22767 : 0
 22764	 22931 : 0
 22928	 22975 : 0
 22972	 23011 : 0
 23008	 23047 : 0
 23044	 23055 : 0
 23052	 23375 : 0
 23372	 23379 : 1
 23376	 23483 : 0
 23480	 23547 : 1
 23544	 23551 : 0
 23548	 23619 : 0
 23616	 23627 : 0
 23624	 23667 : 0
 23664	 23675 : 0
 23672	 23691 : 0
 23688	 23775 : 0
 23772	 23779 : 1
 23776	 23783 : 2
 23780	 23963 : 0
 23960	 23971 : 1
 23968	 24043 : 0
 24040	 24103 : 0
 24100	 24107 : 0
 24104	 24143 : 0
 24140	 24183 : 0
 24180	 24199 : 0
 24196	 24207 : 0
 24204	 24227 : 0
 24224	 24251 : 0
 24248	 24263 : 0
 24260	 24299 : 0
 24296	 24303 : 0
 24300	 24455 : 0
 24452	 24459 : 0
 24456	 24531 : 0
 24528	 24543 : 0
 24540	 24551 : 0
 24548	 24555 : 1
 24552	 24835 : 0
 24832	 24839 : 1
 24836	 24895 : 0
 24892	 24907 : 0
 24904	 25123 : 0
 25120	 25131 : 1
 25128	 25207 : 0
 25204	 25215 : 0
 25212	 25219 : 0
 25216	 25247 : 0
 25244	 25251 : 0
 25248	 25255 : 0
 25252	 25259 : 0
 25256	 25303 : 0
 25300	 25355 : 0
 25352	 25359 : 0
 25356	 25371 : 0
 25368	 25403 : 0
 25400	 25427 : 0
 25424	 25435 : 0
 25432	 25559 : 0
 25556	 25567 : 1
 25564	 25607 : 0
 25604	 25615 : 0
 25612	 25779 : 0
 25776	 25843 : 0
 25840	 25847 : 0
 25844	 25863 : 0
 25860	 25875 : 0
 25872	 25883 : 0
 25880	 25935 : 0
 25932	 25955 : 0
 25952	 26175 : 0
 26172	 26315 : 1
 26312	 26323 : 0
 26320	 26335 : 0
 26332	 26347 : 0
 26344	 26359 : 0
 26356	 26363 : 0
 26360	 26371 : 0
 26368	 26419 : 0
 26416	 26423 : 0
 26420	 27403 : 0
 27400	 27411 : 0
 27408	 27511 : 0
 27508	 27523 : 0
 27520	 27535 : 0
 27532	 27555 : 0
 27552	 27663 : 0
 27660	 27667 : 0
 27664	 27687 : 0
 27684	 27691 : 0
 27688	 27699 : 0
 27696	 27703 : 0
 27700	 27707 : 0
 27704	 27711 : 0
 27708	 27747 : 0
 27744	 27751 : 1
 27748	 28807 : 0
 28804	 28811 : 1
 28808	 29363 : 0
 29360	 29371 : 1
 29368	 29811 : 0
 29808	 29819 : 1
 29816	 29895 : 0
 29892	 29899 : 1
 29896	 30143 : 0
 30140	 30147 : 1
 30144	 30315 : 0
 30312	 30319 : 0
 30316	 30371 : 0
 30368	 30375 : 0
 30372	 30459 : 0
 30456	 30467 : 0
 30464	 30471 : 0
 30468	 30475 : 0
 30472	 30495 : 0
 30492	 30499 : 0
 30496	 30575 : 0
 30572	 30579 : 1
 30576	 31979 : 0
 31976	 31987 : 1
 31984	 32067 : 0
 32064	 32111 : 0
 32108	 32567 : 0
 32564	 32575 : 1
 32572	 32931 : 0
 32928	 32935 : 1
 32932	 33327 : 0
 33324	 33331 : 1
 33328	 33363 : 0
 33360	 33431 : 0
 33428	 33447 : 0
 33444	 33523 : 0
 33520	 33543 : 0
 33540	 33571 : 0
 33568	 33611 : 0
 33608	 33627 : 0
 33624	 33631 : 0
 33628	 33643 : 0
 33640	 33651 : 0
 33648	 33667 : 0
 33664	 33699 : 0
 33696	 33719 : 0
 33716	 33767 : 0
 33764	 33775 : 0
 33772	 33799 : 0
 33796	 33871 : 1
 33868	 33887 : 0
 33884	 33899 : 0
 33896	 33911 : 0
 33908	 34051 : 0
 34048	 34075 : 0
 34072	 34079 : 0
 34076	 34087 : 0
 34084	 34103 : 0
 34100	 34107 : 0
 34104	 34111 : 0
 34108	 34131 : 0
 34128	 34151 : 0
 34148	 34215 : 0
 34212	 34231 : 0
 34228	 34235 : 0
 34232	 34255 : 0
 34252	 34267 : 0
 34264	 34295 : 0
 34292	 34307 : 0
 34304	 34311 : 0
 34308	 34323 : 0
 34320	 34327 : 0
 34324	 34383 : 0
 34380	 34387 : 0
 34384	 34399 : 0
 34396	 34403 : 0
 34400	 34411 : 0
 34408	 34523 : 0
 34520	 34543 : 0
 34540	 34635 : 0
 34632	 34651 : 0
 34648	 34767 : 0
 34764	 34787 : 0
 34784	 34791 : 0
 34788	 34795 : 0
 34792	 34803 : 0
 34800	 34807 : 0
 34804	 34867 : 0
 34864	 34887 : 0
 34884	 34903 : 0
 34900	 34907 : 0
 34904	 34911 : 0
 34908	 34927 : 0
 34924	 34939 : 0
 34936	 34951 : 0
 34948	 34963 : 0
 34960	 34979 : 0
 34976	 34987 : 0
 34984	 34999 : 0
 34996	 35015 : 0
 35012	 35215 : 0
 35212	 35235 : 1
 35232	 35259 : 0
 35256	 35263 : 0
 35260	 35279 : 0
 35276	 35351 : 0
 35348	 35371 : 0
 35368	 35379 : 0
 35376	 35467 : 0
 35464	 35475 : 0
 35472	 35479 : 0
 35476	 35483 : 0
 35480	 35503 : 0
 35500	 35527 : 0
 35524	 35567 : 0
 35564	 35579 : 0
 35576	 35583 : 0
 35580	 35595 : 0
 35592	 35603 : 0
 35600	 35631 : 0
 35628	 35675 : 0
 35672	 35703 : 0
 35700	 35795 : 0
 35792	 35815 : 0
 35812	 35831 : 0
 35828	 35883 : 0
 35880	 35887 : 0
 35884	 35975 : 0
 35972	 35983 : 0
 35980	 36027 : 0
 36024	 36051 : 0
 36048	 36055 : 0
 36052	 36059 : 0
 36056	 36115 : 0
 36112	 36267 : 0
 36264	 36275 : 1
 36272	 36279 : 0
 36276	 36291 : 0
 36288	 36303 : 0
 36300	 36323 : 0
 36320	 36327 : 0
 36324	 36367 : 0
 36364	 36651 : 0
 36648	 36659 : 1
 36656	 36683 : 0
 36680	 36687 : 0
 36684	 36691 : 0
 36688	 36815 : 0
 36812	 38267 : 0
 38264	 38275 : 1
 38272	 38299 : 0
 38296	 38303 : 0
 38300	 38323 : 0
 38320	 38423 : 0
 38420	 38435 : 0
 38432	 38439 : 0
 38436	 38443 : 0
 38440	 38471 : 0
 38468	 38475 : 0
 38472	 38567 : 0
 38564	 39935 : 0
 39932	 39991 : 1
 39988	 40015 : 0
 40012	 40035 : 0
 40032	 40039 : 0
 40036	 40047 : 0
 40044	 40059 : 0
 40056	 40219 : 0
 40216	 40419 : 0
 40416	 40423 : 0
 40420	 41703 : 0
 41700	 41719 : 1
 41716	 41859 : 0
 41856	 41863 : 1
 41860	 41983 : 0
 41980	 41987 : 0
 41984	 43023 : 0
 43020	 43211 : 1
 43208	 44387 : 0
 44384	 44391 : 0
 44388	 44735 : 0
 44732	 44743 : 1
 44740	 44943 : 0
 44940	 44951 : 0
 44948	 45023 : 0
 45020	 45059 : 0
 45056	 45111 : 0
 45108	 45155 : 0
 45152	 45207 : 0
 45204	 45211 : 0
 45208	 45235 : 0
 45232	 45247 : 0
 45244	 45283 : 0
 45280	 45299 : 0
 45296	 45307 : 0
 45304	 45311 : 1
 45308	 45667 : 0
 45664	 45671 : 0
 45668	 45943 : 0
 45940	 45947 : 0
 45944	 46051 : 0
 46048	 46055 : 0
 46052	 46107 : 0
 46104	 46115 : 1
 46112	 46263 : 0
 46260	 46267 : 1
 46264	 46507 : 0
 46504	 46523 : 1
 46520	 46571 : 0
 46568	 46579 : 0
 46576	 46679 : 0
 46676	 46687 : 1
 46684	 47287 : 0
 47284	 47299 : 0
 47296	 47303 : 0
 47300	 47307 : 0
 47304	 47347 : 0
 47344	 47351 : 0
 47348	 47359 : 0
 47356	 47371 : 0
 47368	 47379 : 0
 47376	 47383 : 0
 47380	 47419 : 0
 47416	 47423 : 0
 47420	 47427 : 0
 47424	 47435 : 0
 47432	 47443 : 0
 47440	 47467 : 0
 47464	 47487 : 0
 47484	 47491 : 2
 47488	 47495 : 1
 47492	 47787 : 0
 47784	 47791 : 1
 47788	 47891 : 0
 47888	 47895 : 1
 47892	 48611 : 0
 48608	 48615 : 1
 48612	 48779 : 0
 48776	 48787 : 1
 48784	 49123 : 0
 49120	 49131 : 1
 49128	 49267 : 0
 49264	 49339 : 0
 49336	 49627 : 0
 49624	 49631 : 1
 49628	 49735 : 0
 49732	 49755 : 0
 49752	 49787 : 0
 49784	 49795 : 1
 49792	 52059 : 0
 52056	 52067 : 1
 52064	 52787 : 0
 52784	 52791 : 1
 52788	 54083 : 0
 54080	 54087 : 0
 54084	 55063 : 0
 55060	 55071 : 1
 55068	 55211 : 0
 55208	 55231 : 0
 55228	 55291 : 0
 55288	 55331 : 0
 55328	 55343 : 0
 55340	 55359 : 0
 55356	 55371 : 0
 55368	 55391 : 0
 55388	 55399 : 0
 55396	 55407 : 0
 55404	 55439 : 0
 55436	 55443 : 0
 55440	 55503 : 0
 55500	 55515 : 0
 55512	 55523 : 0
 55520	 55551 : 0
 55548	 55555 : 0
 55552	 55559 : 1
 55556	 55943 : 0
 55940	 55947 : 0
 55944	 55951 : 0
 55948	 55955 : 1
 55952	 56227 : 0
 56224	 56235 : 0
 56232	 56255 : 0
 56252	 56283 : 0
 56280	 56287 : 0
 56284	 56291 : 0
 56288	 56359 : 0
 56356	 56367 : 1
 56364	 56855 : 0
 56852	 56871 : 1
 56868	 56879 : 0
 56876	 56883 : 0
 56880	 56891 : 0
 56888	 56895 : 0
 56892	 56911 : 0
 56908	 56935 : 0
 56932	 56939 : 0
 56936	 57011 : 0
 57008	 57019 : 0
 57016	 57035 : 0
 57032	 57039 : 0
 57036	 57135 : 0
 57132	 57147 : 0
 57144	 57291 : 0
 57288	 57467 : 0
 57464	 57503 : 0
 57500	 57515 : 0
 57512	 57527 : 0
 57524	 57583 : 0
 57580	 57791 : 0
 57788	 58167 : 0
 58164	 58463 : 1
 58460	 58487 : 0
 58484	 58495 : 0
 58492	 58891 : 0
 58888	 58995 : 1
 58992	 59039 : 0
 59036	 59055 : 0
 59052	 59075 : 0
 59072	 59103 : 0
 59100	 59143 : 0
 59140	 59151 : 0
 59148	 59403 : 0
 59400	 59671 : 1
 59668	 59675 : 0
 59672	 59699 : 0
 59696	 59919 : 0
 59916	 59927 : 0
 59924	 62971 : 0
 62968	 62975 : 1
 62972	 63135 : 0
 63132	 63139 : 1
 63136	 63599 : 0
 63596	 63603 : 0
 63600	 66427 : 0
 66424	 66431 : 0
 66428	 66443 : 0
 66440	 66447 : 0
 66444	 66455 : 0
 66452	 66459 : 0
 66456	 67791 : 0
 67788	 67795 : 0
 67792	 68031 : 0
 68028	 68035 : 1
 68032	 69071 : 0
 69068	 69075 : 1
 69072	 69299 : 0
 69296	 69307 : 1
 69304	 69683 : 0
 69680	 69695 : 1
 69692	 69791 : 0
 69788	 69851 : 0
 69848	 69855 : 0
 69852	 69863 : 0
 69860	 69927 : 0
 69924	 69991 : 0
 69988	 70007 : 0
 70004	 70063 : 0
 70060	 70087 : 0
 70084	 70091 : 0
 70088	 70103 : 0
 70100	 70111 : 0
 70108	 70183 : 0
 70180	 70255 : 0
 70252	 70375 : 0
 70372	 70383 : 0
 70380	 70411 : 0
 70408	 70427 : 0
 70424	 70435 : 0
 70432	 70463 : 0
 70460	 70575 : 0
 70572	 70583 : 0
 70580	 70671 : 0
 70668	 70675 : 0
 70672	 70727 : 0
 70724	 70735 : 1
 70732	 70975 : 0
 70972	 70983 : 1
 70980	 70991 : 0
 70988	 70999 : 0
 70996	 71371 : 0
 71368	 71375 : 1
 71372	 71523 : 0
 71520	 71527 : 1
 71524	 71691 : 0
 71688	 71699 : 0
 71696	 71711 : 0
 71708	 71715 : 0
 71712	 71839 : 0
 71836	 71887 : 0
 71884	 71895 : 0
 71892	 71903 : 0
 71900	 71907 : 0
 71904	 71955 : 0
 71952	 71991 : 0
 71988	 72019 : 0
 72016	 72023 : 0
 72020	 72027 : 1
 72024	 74411 : 0
 74408	 74419 : 1
 74416	 74727 : 0
 74724	 74747 : 0
 74744	 74755 : 0
 74752	 74759 : 0
 74756	 74935 : 0
 74932	 74939 : 0
 74936	 74947 : 0
 74944	 74955 : 1
 74952	 77019 : 0
 77016	 77023 : 1
 77020	 77179 : 0
 77176	 77187 : 1
 77184	 77339 : 0
 77336	 77343 : 0
 77340	 80163 : 0
 80160	 80167 : 1
 80164	 80295 : 0
 80292	 80359 : 0
 80356	 80395 : 0
 80392	 80399 : 0
 80396	 80407 : 0
 80404	 80443 : 0
 80440	 80455 : 0
 80452	 80459 : 0
 80456	 80575 : 0
 80572	 80583 : 0
 80580	 80615 : 0
 80612	 80631 : 0
 80628	 80635 : 0
 80632	 80655 : 0
 80652	 80671 : 0
 80668	 80675 : 0
 80672	 80679 : 0
 80676	 80715 : 0
 80712	 80731 : 0
 80728	 80735 : 1
 80732	 81063 : 0
 81060	 81091 : 0
 81088	 81095 : 0
 81092	 81103 : 1
 81100	 81651 : 0
 81648	 81659 : 0
 81656	 81707 : 0
 81704	 81711 : 0
 81708	 81723 : 0
 81720	 81727 : 0
 81724	 81735 : 0
 81732	 81739 : 1
 81736	 81743 : 0
 81740	 81875 : 0
 81872	 81879 : 0
 81876	 81891 : 0
 81888	 81919 : 0
 81916	 81931 : 0
 81928	 81959 : 0
 81956	 81963 : 0
 81960	 81967 : 0
 81964	 81975 : 0
 81972	 82083 : 0
 82080	 82087 : 1
 82084	 82507 : 0
 82504	 82515 : 1
 82512	 82711 : 0
 82708	 82715 : 0
 82712	 82719 : 0
 82716	 82723 : 0
 82720	 82943 : 0
 82940	 82959 : 0
 82956	 82975 : 0
 82972	 82979 : 0
 82976	 83027 : 0
 83024	 83055 : 0
 83052	 83067 : 0
 83064	 83071 : 1
 83068	 83343 : 0
 83340	 83351 : 1
 83348	 83607 : 0
 83604	 83611 : 1
 83608	 83775 : 0
 83772	 83787 : 1
 83784	 84299 : 0
 84296	 84303 : 1
 84300	 84483 : 0
 84480	 84487 : 0
 84484	 84511 : 0
 84508	 84515 : 0
 84512	 84539 : 0
 84536	 84547 : 1
 84544	 84567 : 0
 84564	 84575 : 1
 84572	 84611 : 0
 84608	 84615 : 0
 84612	 84623 : 0
 84620	 84627 : 0
 84624	 85359 : 0
 85356	 85367 : 0
 85364	 85591 : 0
 85588	 85599 : 0
 85596	 85931 : 0
 85928	 85939 : 0
 85936	 87295 : 0
 87292	 87299 : 0
 87296	 88235 : 0
 88232	 88243 : 0
 88240	 89631 : 0
 89628	 89635 : 0
 89632	 90083 : 0
 90080	 90087 : 0
 90084	 90355 : 0
 90352	 90359 : 1
 90356	 90867 : 0
 90864	 90875 : 0
 90872	 91151 : 0
 91148	 91215 : 1
 91212	 91219 : 0
 91216	 91239 : 0
 91236	 91243 : 0
 91240	 91291 : 0
 91288	 91295 : 0
 91292	 91299 : 0
 91296	 91303 : 2
 91300	 91347 : 0
 91344	 91351 : 0
 91348	 91367 : 0
 91364	 91395 : 0
 91392	 91427 : 0
 91424	 91439 : 0
 91436	 91459 : 0
 91456	 91475 : 0
 91472	 91531 : 0
 91528	 91539 : 0
 91536	 91551 : 0
 91548	 91563 : 0
 91560	 91687 : 1
 91684	 91715 : 0
 91712	 91751 : 0
 91748	 91767 : 0
 91764	 91775 : 0
 91772	 91807 : 0
 91804	 91811 : 0
 91808	 91847 : 0
 91844	 91875 : 0
 91872	 92019 : 0
 92016	 92035 : 1
 92032	 92055 : 0
 92052	 92127 : 0
 92124	 92131 : 0
 92128	 92199 : 0
 92196	 92419 : 0
 92416	 92435 : 1
 92432	 92523 : 0
 92520	 92551 : 0
 92548	 92555 : 0
 92552	 92635 : 0
 92632	 92643 : 0
 92640	 92655 : 0
 92652	 92731 : 0
 92728	 92747 : 0
 92744	 92775 : 0
 92772	 92843 : 0
 92840	 92979 : 0
 92976	 92991 : 0
 92988	 93263 : 0
 93260	 93267 : 1
 93264	 93291 : 0
 93288	 93403 : 0
 93400	 93431 : 0
 93428	 93439 : 0
 93436	 93527 : 0
 93524	 93543 : 0
 93540	 93547 : 0
 93544	 93603 : 0
 93600	 93607 : 0
 93604	 93627 : 0
 93624	 93635 : 0
 93632	 93639 : 0
 93636	 93643 : 0
 93640	 93655 : 0
 93652	 93707 : 0
 93704	 93715 : 0
 93712	 93751 : 0
 93748	 93759 : 0
 93756	 93983 : 0
 93980	 93991 : 1
 93988	 94079 : 0
 94076	 94123 : 0
 94120	 94127 : 0
 94124	 94135 : 0
 94132	 94147 : 0
 94144	 94167 : 0
 94164	 94207 : 0
 94204	 94211 : 0
 94208	 94223 : 0
 94220	 94275 : 0
 94272	 94279 : 0
 94276	 94283 : 1
 94280	 94479 : 0
 94476	 94491 : 0
 94488	 94571 : 0
 94568	 94575 : 0
 94572	 94591 : 0
 94588	 94619 : 0
 94616	 94671 : 0
 94668	 94751 : 0
 94748	 94771 : 0
 94768	 94799 : 0
 94796	 94987 : 0
 94984	 94991 : 1
 94988	 95007 : 0
 95004	 95059 : 0
 95056	 95107 : 0
 95104	 95115 : 0
 95112	 95127 : 0
 95124	 95131 : 0
 95128	 95223 : 0
 95220	 95235 : 0
 95232	 95243 : 0
 95240	 95263 : 0
 95260	 95599 : 0
 95596	 95603 : 0
 95600	 96143 : 0
 96140	 96151 : 0
 96148	 96919 : 0
 96916	 96959 : 1
 96956	 96963 : 0
 96960	 96971 : 0
 96968	 97031 : 0
 97028	 97039 : 0
 97036	 97095 : 0
 97092	 97111 : 0
 97108	 97239 : 0
 97236	 97243 : 0
 97240	 97259 : 0
 97256	 97271 : 0
 97268	 97299 : 0
 97296	 97307 : 0
 97304	 97343 : 0
 97340	 97347 : 0
 97344	 97375 : 0
 97372	 97379 : 0
 97376	 97479 : 0
 97476	 97483 : 1
 97480	 97559 : 0
 97556	 97563 : 0
 97560	 98727 : 0
 98724	 98731 : 1
 98728	 98743 : 0
 98740	 98779 : 1
 98776	 98783 : 0
 98780	 99423 : 0
 99420	 99431 : 0
 99428	 99723 : 1
