137	138
234	235
309	310
378	379
459	460
507	508
554	555
596	597
645	646
707	708
748	749
778	779
828	829
880	881
910	911
957	958
1152	1153
1199	1200
1249	1250
1326	1327
1367	1368
1427	1428
1468	1469
1518	1519
1563	1564
1599	1600
1647	1648
1677	1678
1728	1729
1761	1762
1805	1806
1871	1872
1955	1956
2019	2020
2047	2048
2074	2075
2097	2098
2122	2123
2151	2152
2185	2186
2266	2267
2306	2307
2374	2375
2409	2410
2452	2453
2496	2497
2549	2550
2665	2666
2778	2779
2882	2883
2950	2951
3148	3149
3188	3189
3250	3251
3315	3316
3379	3380
3517	3518
3544	3545
3639	3640
3703	3704
3783	3784
3828	3829
3910	3911
3987	3988
4009	4010
4052	4053
4085	4086
4174	4175
4279	4280
4333	4334
4464	4465
4530	4531
4613	4614
4644	4645
4756	4757
4793	4794
4860	4861
4907	4908
4967	4968
5027	5028
5117	5118
5219	5220
5354	5355
5490	5491
5596	5597
5655	5656
5695	5696
5722	5723
5779	5780
5820	5821
5880	5881
5953	5954
6046	6047
6086	6087
6151	6152
6311	6312
6395	6396
6444	6445
6529	6530
6594	6595
6687	6688
6750	6751
6810	6811
6886	6887
6929	6930
6970	6971
7013	7014
7068	7069
7209	7210
7293	7294
7340	7341
7435	7436
7510	7511
7558	7559
7617	7618
7672	7673
7770	7771
7857	7858
7909	7910
7974	7975
8033	8034
8115	8116
8295	8296
8343	8344
8398	8399
8456	8457
8522	8523
8593	8594
