310	311
405	406
479	480
556	557
623	624
642	644
673	674
715	716
734	735
760	761
806	807
898	899
1021	1022
1120	1121
1193	1194
1271	1272
1440	1441
1834	1835
1887	1888
1898	1899
1979	1980
2044	2045
2068	2069
2149	2150
2264	2265
2333	2334
2488	2489
2563	2564
2791	2792
3520	3521
3665	3666
3862	3863
3998	3999
4109	4110
4144	4145
4185	4186
4276	4277
4334	4335
4470	4471
4554	4555
4621	4622
4760	4761
4781	4783
4848	4849
4931	4932
5014	5015
5069	5070
5135	5136
5245	5246
5361	5362
5413	5414
5494	5495
5517	5518
5559	5560
5651	5652
5760	5761
5786	5787
5955	5956
6085	6086
6330	6331
6411	6412
6471	6472
6525	6526
6574	6575
6622	6623
6640	6641
6747	6748
6853	6854
6980	6981
7023	7024
