39	40
164	167
282	284
1685	1686
1692	1695
1700	1701
2434	2435
2586	2587
3130	3131
3259	3260
3427	3428
3546	3547
3674	3675
3702	3703
3854	3855
4126	4127
4591	4592
4713	4714
4845	4846
4980	4981
5111	5112
5241	5242
5452	5453
5722	5723
5858	5859
5951	5952
6084	6085
6364	6365
6658	6659
6914	6915
7034	7035
7232	7233
7429	7430
7670	7671
7821	7822
7941	7942
8091	8092
8243	8244
8442	8443
8573	8574
8851	8852
9001	9002
9243	9244
9505	9506
9628	9629
9869	9870
10019	10020
10365	10366
10606	10607
10694	10695
10822	10823
11136	11137
11256	11257
11421	11422
11572	11573
11910	11911
12228	12229
12408	12409
13139	13141
13171	13172
13472	13474
15100	15101
