96	97
106	107
173	174
175	176
251	252
255	256
261	262
610	611
719	720
786	787
823	824
1061	1062
1140	1141
1204	1205
1249	1250
1298	1299
1327	1328
1375	1376
1669	1670
1701	1702
1739	1740
1784	1785
1942	1943
2003	2004
2060	2061
2207	2208
2338	2339
2429	2430
2466	2467
2524	2525
2550	2551
2576	2577
2603	2604
2613	2615
2633	2634
2700	2701
2802	2803
2831	2832
2875	2876
2962	2963
3151	3152
3422	3423
3496	3497
3524	3525
3531	3532
3541	3542
3548	3549
3749	3750
3874	3875
3998	3999
4123	4124
4953	4954
5267	5268
5613	5614
5687	5688
5743	5744
5816	5817
5872	5873
5963	5964
5994	5995
6038	6039
6079	6080
6099	6100
6360	6361
6571	6572
6621	6622
6700	6701
6768	6770
6966	6967
7045	7046
7047	7048
7083	7084
7102	7103
7115	7116
7152	7153
7164	7165
7171	7172
7195	7196
7220	7221
7270	7271
7294	7295
7329	7330
7365	7366
7395	7396
7422	7423
7465	7466
7521	7522
7573	7574
7589	7590
