123	124
223	224
489	490
872	873
892	893
999	1000
1054	1055
1062	1063
1119	1120
1389	1391
1427	1428
1841	1842
1843	1844
1940	1941
2003	2004
2102	2103
2189	2190
2411	2412
2527	2528
2702	2703
3332	3333
3467	3468
3581	3582
3706	3707
3791	3792
3864	3865
3943	3944
4044	4045
4049	4050
4055	4056
4061	4062
4066	4067
4072	4073
4083	4084
4089	4090
4094	4095
4096	4097
4146	4147
4216	4217
4281	4282
4408	4410
4534	4535
4642	4643
4737	4738
4938	4939
5016	5017
5068	5069
5210	5211
5733	5734
5840	5841
5926	5927
6017	6018
6188	6189
6285	6286
6353	6354
6418	6419
6675	6676
6806	6807
7073	7074
7303	7304
7349	7350
7418	7419
7518	7519
7612	7613
7723	7724
7794	7795
7923	7924
7931	7933
8017	8021
8239	8240
8324	8325
8409	8410
8494	8495
8579	8580
8664	8665
8986	8987
9142	9143
9262	9263
9389	9390
9470	9471
9561	9562
9777	9778
9934	9935
10032	10033
10118	10119
10203	10204
10295	10296
10774	10775
10868	10869
10964	10965
11787	11788
11937	11938
12085	12086
12174	12175
12299	12300
12402	12403
12405	12406
12408	12409
12411	12412
12418	12419
12422	12423
12428	12429
12436	12437
12441	12442
12584	12585
12717	12718
12831	12832
12836	12837
13056	13057
13209	13210
13312	13313
13399	13400
13533	13534
13599	13600
13725	13726
13843	13844
13963	13964
14095	14096
14195	14196
14268	14269
14417	14418
14520	14521
14614	14615
14822	14823
14894	14895
14994	14995
15042	15043
15084	15085
15266	15267
15334	15335
15505	15506
15583	15584
15833	15834
15866	15867
15935	15936
16015	16016
16332	16333
16723	16724
16802	16803
17041	17042
17055	17056
17119	17120
17304	17305
17369	17370
17439	17440
17471	17472
17720	17721
17722	17723
18071	18072
18716	18717
18816	18817
18966	18967
19354	19355
19509	19510
19609	19610
19709	19710
19794	19795
19889	19890
19974	19975
20059	20060
20144	20145
20229	20230
20314	20315
20391	20392
20407	20408
20476	20477
20480	20481
20492	20493
20503	20505
20561	20562
20565	20566
20677	20678
20768	20769
20860	20861
20952	20953
21044	21045
21136	21137
21228	21229
21320	21321
21412	21413
21504	21505
21596	21597
21688	21689
21780	21781
21872	21873
21964	21965
22056	22057
22148	22149
22240	22241
22332	22333
22424	22425
22516	22517
22608	22609
22700	22701
22792	22793
22884	22885
22976	22977
23068	23069
23160	23161
23252	23253
23344	23345
23436	23437
23528	23529
23620	23621
23712	23713
23804	23805
23896	23897
23988	23989
24080	24081
24172	24173
24264	24265
24356	24357
24448	24449
24573	24574
24838	24839
24934	24935
25042	25044
25248	25249
25436	25437
25632	25633
26151	26152
26338	26339
26560	26561
26785	26786
27010	27011
27190	27191
27416	27418
27542	27543
27654	27655
27766	27767
27878	27879
27990	27991
28102	28103
28214	28215
28326	28327
28438	28439
28550	28551
28662	28663
28774	28775
28886	28887
28998	28999
29110	29111
29222	29223
29334	29335
29446	29447
29558	29559
29668	29669
29778	29779
29888	29889
29998	29999
30108	30109
30218	30219
30328	30329
30438	30439
30548	30549
30658	30659
30768	30769
30878	30879
30988	30989
31098	31099
31224	31225
31229	31230
31338	31339
31474	31475
31696	31697
31796	31797
31857	31858
31912	31913
31918	31919
31923	31924
32089	32090
32154	32155
32364	32365
32563	32564
32795	32796
33064	33065
33264	33265
33464	33465
33602	33603
33721	33722
34000	34001
34171	34172
34281	34282
34399	34400
34512	34513
34675	34676
34847	34848
35079	35080
35280	35281
35552	35553
35704	35705
35908	35909
36144	36145
36358	36359
36581	36582
36811	36812
37069	37070
37306	37307
37557	37558
38013	38014
38231	38232
38235	38237
38257	38258
38329	38332
38435	38436
38442	38443
38447	38448
38462	38463
38467	38468
38483	38484
38487	38488
38503	38504
38508	38509
38522	38523
38528	38529
39087	39088
