193	195
230	231
235	236
271	272
313	314
365	366
400	401
440	441
481	482
514	515
554	555
597	598
654	655
761	762
831	832
904	905
1075	1076
1167	1168
1233	1234
1281	1282
1316	1317
1384	1385
1431	1432
1471	1472
1505	1507
1584	1585
1646	1647
1702	1703
1741	1742
1788	1789
1877	1878
2075	2076
2141	2142
2174	2175
2215	2216
2242	2243
2273	2274
2304	2305
2377	2378
2440	2441
2524	2525
2582	2583
2628	2629
2651	2652
2672	2673
2715	2718
2745	2746
2789	2790
2863	2864
2950	2951
2993	2994
3092	3093
3205	3206
3267	3268
3312	3313
3367	3368
3497	3499
3551	3552
3569	3570
3596	3597
3622	3623
3660	3661
3715	3716
3752	3753
3800	3801
3843	3844
4182	4183
4216	4217
4268	4269
4382	4383
4533	4534
4573	4574
4656	4657
4769	4770
4825	4826
4950	4951
5007	5008
5110	5111
5177	5178
5190	5191
5264	5265
5317	5318
5402	5403
5441	5442
5481	5482
5551	5552
5733	5734
5782	5783
5841	5843
6006	6007
6036	6037
6077	6078
6117	6118
6156	6157
6200	6201
6244	6245
6282	6283
6334	6335
6368	6369
6403	6404
6450	6451
6499	6500
6545	6546
6577	6578
6612	6613
6650	6651
6679	6680
6710	6711
6766	6767
6807	6808
6832	6833
7067	7068
7139	7140
7189	7190
7235	7236
7315	7316
7362	7363
7396	7397
7450	7451
7496	7497
7557	7558
7600	7601
7680	7681
7762	7763
7815	7816
7886	7887
7915	7916
7936	7937
7991	7992
8048	8049
8085	8086
8127	8128
8231	8232
8343	8344
8426	8427
8493	8494
8547	8548
