1205	1206
1252	1253
1839	1840
1891	1892
2503	2504
2558	2559
3534	3535
3636	3637
3708	3709
3776	3777
3862	3863
3971	3972
3998	3999
4068	4069
4193	4194
4339	4340
4418	4419
4444	4445
4565	4566
4627	4628
4844	4845
4857	4858
4965	4966
5097	5098
5183	5184
5248	5249
5312	5313
5332	5333
5440	5441
5458	5459
5586	5587
5652	5653
5712	5713
5844	5845
5929	5930
5971	5972
6017	6018
6070	6071
6122	6123
6160	6161
6256	6257
6311	6312
6386	6387
6552	6553
6612	6613
6665	6666
6870	6871
6893	6894
6988	6989
7083	7084
7294	7295
7421	7422
7571	7572
7714	7715
7727	7728
7836	7837
7948	7949
7992	7993
8076	8077
8192	8193
8359	8360
8401	8402
8631	8632
8680	8681
8826	8827
8879	8880
9014	9015
9115	9116
9181	9182
9248	9249
9438	9439
