115	117
139	141
255	256
555	556
685	686
805	806
875	876
926	927
1135	1136
1330	1331
1420	1421
1459	1460
1491	1492
1604	1605
1667	1668
1773	1774
1898	1899
2146	2147
2290	2291
2355	2356
2521	2522
2646	2647
2747	2748
2882	2883
2959	2960
3331	3332
3598	3599
3873	3874
4774	4775
4843	4844
5040	5041
5081	5082
5187	5188
5302	5303
5534	5535
5826	5827
5951	5952
6027	6028
6062	6063
6111	6112
6149	6150
6194	6195
6237	6238
6284	6285
6339	6340
6354	6355
6383	6384
6441	6442
6678	6679
6925	6926
7029	7030
7162	7163
