728	729
1158	1160
1548	1549
1637	1638
1834	1836
2088	2089
2285	2287
2397	2399
2555	2557
2635	2637
2758	2760
2845	2847
3322	3324
3565	3566
4048	4049
4167	4168
4540	4541
4774	4776
4894	4896
5159	5161
5328	5330
5543	5544
5629	5630
5712	5714
5793	5794
5879	5881
6006	6007
6526	6528
6773	6774
7234	7235
7393	7394
7855	7857
8173	8176
8274	8276
8337	8339
8378	8380
8501	8503
8625	8627
8836	8837
9003	9005
9092	9093
9208	9209
9249	9250
9302	9303
9825	9826
9942	9943
10083	10084
10285	10286
10346	10347
10447	10448
10518	10519
10638	10641
10750	10751
10791	10792
10852	10853
10918	10920
11028	11030
11119	11121
11322	11324
11526	11529
11816	11818
11945	11947
12039	12041
12850	12853
13194	13195
14167	14169
14567	14569
14721	14723
15216	15218
15322	15324
15893	15895
16225	16226
16323	16324
16347	16349
16408	16410
16496	16498
16667	16668
16941	16944
