9	11
384	386
428	429
452	453
506	507
615	616
656	657
740	741
784	785
816	817
829	830
849	850
925	926
969	971
1023	1024
1060	1061
1087	1088
1153	1154
1184	1185
1214	1215
1251	1252
1318	1319
1355	1356
1416	1417
1424	1425
1451	1452
1527	1529
1530	1531
1532	1533
1655	1656
1668	1669
1701	1702
1728	1729
1746	1747
1789	1790
1820	1821
1832	1833
1868	1869
1892	1893
1911	1912
1957	1958
1988	1989
2013	2014
2061	2062
2101	2102
2132	2133
2164	2165
2215	2216
2315	2316
2597	2598
2836	2838
2859	2861
2897	2898
2910	2911
2925	2926
2969	2971
2995	2996
3034	3035
3089	3090
3135	3136
3167	3168
3216	3217
3253	3254
3283	3284
3362	3363
3426	3427
3462	3463
3521	3522
3586	3587
3622	3623
3670	3671
3695	3696
3716	3718
3760	3762
3808	3809
3843	3844
3880	3881
3903	3904
3994	3996
