375	376
455	456
604	605
672	673
893	894
958	959
1025	1026
1083	1084
1222	1223
1415	1416
1445	1446
1683	1684
1824	1825
2219	2220
2373	2374
2578	2579
2593	2594
2630	2631
2838	2840
2868	2869
3135	3136
3207	3208
3255	3256
3313	3314
3368	3369
3402	3403
3424	3425
3481	3482
3508	3509
3560	3561
3606	3607
3626	3627
3764	3765
3824	3825
3941	3942
4009	4010
4027	4028
4107	4108
4155	4156
4217	4218
4267	4268
4284	4285
4326	4327
4413	4414
4446	4447
4490	4491
4754	4755
4788	4789
4825	4826
4873	4874
4887	4888
4943	4944
4987	4988
5025	5027
5077	5078
5104	5105
5118	5119
5162	5163
5209	5210
5339	5340
5389	5390
5415	5416
5464	5465
5495	5496
5497	5498
5514	5515
5551	5552
5555	5556
5608	5610
5663	5664
5719	5720
5722	5724
5774	5776
5781	5782
5796	5797
5846	5847
5903	5904
5926	5927
5999	6000
6021	6022
6060	6061
6076	6077
6113	6114
6126	6127
6186	6187
6200	6201
6234	6235
6257	6258
6300	6301
6340	6341
6362	6363
6464	6465
6484	6486
6507	6508
6568	6569
6689	6690
6710	6713
6741	6742
6762	6763
6802	6803
6863	6864
6885	6886
6918	6919
6978	6979
7017	7018
7086	7087
7167	7168
7199	7200
7266	7267
7280	7281
7294	7296
7307	7308
7321	7322
7336	7337
7350	7351
7356	7357
7365	7366
7380	7381
7394	7395
7407	7408
7421	7422
7435	7436
7450	7451
7464	7465
7478	7480
7492	7493
7505	7506
7513	7514
7520	7521
7527	7528
7533	7534
7542	7543
7548	7549
7562	7563
7569	7570
7575	7577
7583	7584
7590	7591
7605	7606
7619	7620
7625	7626
7632	7633
7639	7640
7647	7648
7661	7662
7674	7675
7681	7682
7688	7689
7696	7697
7716	7717
7739	7741
7759	7760
7775	7776
7801	7803
7826	7827
7843	7844
7867	7868
7898	7899
7921	7922
7945	7947
7958	7959
7979	7980
8001	8002
8023	8024
8034	8035
8063	8064
8099	8101
8117	8118
8145	8146
8161	8163
8180	8181
8198	8199
8208	8209
8236	8237
8258	8259
8278	8279
8304	8305
8345	8346
8375	8376
8393	8394
8410	8411
8430	8432
8468	8469
8486	8487
8513	8515
8530	8531
8577	8578
8595	8596
8610	8611
8622	8623
8651	8652
8666	8667
8693	8694
8712	8713
8728	8729
8755	8756
8778	8780
8801	8802
8816	8817
8836	8837
8865	8866
8898	8899
8915	8916
8930	8931
8951	8952
8983	8984
9025	9026
9049	9050
9069	9070
9086	9087
9100	9101
9152	9153
9174	9175
9201	9203
9243	9244
9256	9258
9268	9269
9294	9295
9319	9320
9356	9357
9375	9376
9421	9422
9433	9434
9445	9446
9478	9479
9497	9498
9512	9513
9540	9541
9592	9593
9626	9627
9661	9662
9687	9688
9714	9716
9740	9741
9770	9771
9818	9819
9830	9831
9851	9852
9880	9881
9942	9943
9980	9981
9999	10000
10052	10053
10081	10082
10125	10126
10165	10166
10182	10183
10276	10277
10319	10320
10335	10336
10377	10378
10395	10396
10398	10399
10405	10406
10412	10413
10426	10427
10440	10441
10449	10450
10454	10455
10461	10462
10469	10470
10480	10481
10484	10485
10498	10499
10512	10513
10516	10517
10526	10527
10533	10535
10541	10542
10554	10555
10562	10563
10568	10569
10571	10573
10575	10576
10582	10583
10589	10590
10596	10597
10602	10604
10610	10611
10618	10620
10625	10626
10630	10631
10652	10653
10668	10670
10681	10682
10691	10693
10708	10709
10735	10737
10763	10764
10779	10780
10792	10793
10811	10812
10839	10840
10884	10885
10918	10919
10955	10956
11023	11024
11082	11083
11123	11125
11183	11184
11237	11238
11288	11289
11349	11350
11405	11406
11462	11463
11491	11492
11518	11519
11567	11568
11625	11626
11682	11683
11740	11741
11794	11795
11847	11848
11908	11909
11965	11966
12072	12073
12124	12125
12181	12182
12245	12246
12321	12322
12414	12415
12520	12521
12571	12572
12637	12638
12678	12679
12869	12870
12916	12917
12975	12976
13031	13032
13083	13084
13141	13142
13205	13206
13259	13260
13318	13319
13366	13367
13414	13415
13472	13473
13474	13475
13528	13529
13579	13580
13613	13614
13643	13644
13750	13751
13861	13862
13978	13979
14044	14045
14128	14129
14178	14179
14212	14213
14438	14439
14548	14549
14610	14611
14658	14659
14713	14714
14777	14778
14831	14832
14883	14884
14940	14941
15000	15001
15056	15057
15091	15092
15119	15120
15164	15165
15223	15224
15279	15280
15331	15332
15389	15390
15453	15454
15507	15508
15565	15567
15573	15574
15582	15583
15596	15597
15601	15602
15610	15611
15616	15617
15625	15626
15639	15640
15648	15649
15654	15655
15668	15669
15682	15683
15696	15697
15709	15710
15724	15725
15737	15738
15751	15752
15765	15766
15770	15771
15780	15781
15794	15795
15807	15808
15810	15811
15822	15823
15836	15838
15850	15851
15863	15864
15876	15877
15889	15890
15892	15893
15905	15907
15919	15920
15933	15934
15948	15949
15958	15959
15960	15961
15967	15968
15974	15975
15982	15983
15989	15990
15996	15997
16004	16005
16011	16012
16017	16018
16039	16040
16053	16054
16070	16071
16170	16171
16184	16185
16201	16202
16235	16236
16301	16302
16353	16354
16382	16383
16403	16404
16458	16459
16502	16503
16605	16606
16634	16635
16700	16701
16828	16829
16867	16868
16877	16878
16906	16907
16931	16932
17018	17019
17078	17079
17113	17114
17172	17173
17224	17225
17278	17280
17324	17325
17395	17397
17413	17414
17460	17461
17495	17497
17583	17585
17629	17630
17677	17679
17717	17718
17748	17749
17784	17785
17821	17822
17873	17874
17909	17910
17939	17940
17972	17973
18006	18007
18039	18040
18115	18116
18127	18128
18143	18144
18190	18191
18215	18216
18232	18233
18332	18333
18357	18358
18381	18382
18444	18445
18473	18474
18523	18524
18596	18597
18639	18641
18720	18721
18726	18727
18738	18739
18757	18758
18793	18794
18834	18835
18862	18863
18882	18883
18911	18912
18946	18947
18971	18972
19016	19017
19058	19059
19080	19081
19127	19128
19185	19186
19243	19244
19293	19295
19317	19318
19332	19333
19358	19359
19451	19452
19457	19459
19492	19493
19556	19557
19665	19666
19698	19699
19729	19730
19777	19778
19810	19811
19868	19869
19870	19871
19957	19959
20015	20016
20100	20102
20134	20135
20183	20184
20206	20207
20247	20248
20257	20258
20266	20267
20280	20281
20295	20296
20310	20311
20323	20324
20338	20339
20351	20352
20359	20360
20366	20367
20379	20380
20393	20394
20407	20408
20420	20421
20423	20424
20434	20435
20449	20450
20460	20461
20463	20464
20478	20479
20486	20487
20491	20492
20503	20504
20519	20520
20533	20534
20547	20548
20560	20561
20575	20576
20577	20578
20589	20590
20602	20603
20611	20612
20616	20617
20630	20631
20639	20640
20644	20645
20657	20658
20670	20671
20684	20686
20698	20699
20904	20905
21014	21015
21137	21138
21179	21180
21232	21233
21400	21401
22342	22343
22368	22369
22403	22404
22467	22468
22506	22507
22623	22624
22682	22683
22703	22704
22795	22796
22847	22848
22878	22879
22911	22912
23356	23357
23380	23381
23406	23407
23409	23410
23436	23437
23457	23458
23463	23464
23491	23492
23514	23515
23520	23521
23534	23535
23548	23549
23562	23563
23573	23574
23576	23577
23590	23591
23600	23601
23604	23605
23618	23619
23625	23626
23631	23632
23659	23660
23686	23687
23700	23701
23714	23715
23727	23728
23735	23736
23742	23743
23768	23769
23770	23771
23777	23778
23797	23798
23811	23812
23825	23826
23836	23837
23838	23839
23853	23854
23864	23865
23867	23868
23881	23882
23893	23894
23908	23909
23914	23915
23921	23922
23928	23929
23935	23936
23942	23943
23949	23950
23956	23957
23960	23961
23963	23964
23970	23971
23977	23978
23983	23984
23991	23992
23998	23999
24005	24006
24012	24013
24014	24015
24019	24020
24045	24046
24073	24074
24100	24101
24112	24113
24130	24131
24137	24138
24143	24144
24149	24150
24156	24157
24163	24164
24170	24171
24177	24178
24184	24185
24191	24192
24198	24199
24204	24205
24212	24213
24219	24220
24226	24227
24233	24234
24240	24241
24298	24299
24322	24323
24354	24355
24407	24408
24521	24522
24562	24566
24670	24671
24707	24708
24755	24757
24764	24765
24777	24778
24840	24841
24912	24913
24915	24917
24976	24977
25007	25009
25042	25043
25076	25078
25094	25095
25100	25101
25113	25115
25144	25145
25251	25253
25318	25319
25340	25341
25346	25347
25365	25366
25397	25398
25449	25451
25486	25487
25503	25504
25550	25551
25636	25637
25713	25714
25755	25756
25790	25791
25867	25868
25880	25881
25933	25934
25960	25961
25974	25975
25998	26000
26059	26061
26112	26113
26119	26120
26121	26122
26141	26142
26186	26188
26190	26191
26196	26197
26220	26221
26231	26232
26233	26234
26238	26239
26265	26266
26270	26271
26274	26275
26285	26286
26288	26289
26293	26294
26298	26299
26328	26329
26341	26342
26347	26348
26352	26353
26365	26366
26384	26385
26496	26497
26504	26505
26514	26515
26545	26546
26556	26557
26569	26570
26604	26605
26671	26672
26683	26684
26726	26727
26780	26781
26822	26823
26895	26896
26923	26924
26946	26947
26950	26951
26978	26979
27004	27006
27023	27024
27032	27033
27054	27055
27060	27061
27087	27088
27112	27114
27116	27117
27129	27130
27143	27144
27157	27159
27170	27171
27185	27186
27198	27199
27212	27213
27220	27222
27224	27226
27238	27239
27243	27244
27248	27249
27253	27254
27266	27267
27269	27270
27272	27274
27280	27281
27290	27291
27295	27296
27301	27302
27308	27309
27316	27318
27323	27324
27331	27333
27336	27337
27456	27457
27545	27547
27759	27760
28059	28060
28206	28207
28812	28813
28922	28923
29291	29292
29390	29391
29522	29523
29782	29783
29839	29840
30032	30033
30191	30192
30206	30207
30219	30220
30233	30234
30247	30248
30260	30261
30275	30276
30288	30289
30302	30303
30316	30317
30329	30330
30343	30344
30356	30357
30369	30370
30384	30385
30397	30398
30411	30412
30424	30425
30438	30439
30453	30454
30465	30466
30478	30480
30493	30494
30506	30507
30519	30520
30534	30535
30547	30548
30561	30562
30574	30575
30588	30589
30602	30603
30616	30617
30626	30627
30629	30630
30635	30636
30643	30644
30656	30657
30669	30670
30682	30683
30689	30690
30697	30698
30711	30712
30722	30723
30724	30725
30737	30738
30742	30743
30751	30752
30763	30764
30777	30778
30783	30784
30790	30791
30797	30798
30804	30805
30818	30819
30831	30832
30844	30845
30850	30851
30859	30860
30871	30872
30885	30886
30898	30899
30905	30906
30913	30914
30926	30927
30940	30941
30952	30953
30983	30984
31038	31039
31091	31092
31213	31214
31219	31220
31233	31234
31239	31240
31253	31254
31312	31313
31461	31462
31521	31522
31573	31574
31641	31642
31650	31651
31654	31655
31684	31685
31739	31740
31772	31773
31802	31803
31844	31845
31880	31881
31926	31927
31954	31955
32059	32060
32086	32087
32225	32226
32234	32235
32287	32288
32336	32337
32362	32363
32395	32396
32429	32430
32442	32443
32451	32452
32491	32492
32541	32542
32556	32557
32660	32661
32695	32696
32771	32772
32797	32798
32830	32831
32907	32908
32941	32942
33003	33004
33027	33028
33089	33090
33220	33221
33247	33248
33273	33274
33340	33341
33408	33409
33446	33447
33475	33476
33502	33503
33543	33544
33588	33589
33650	33651
33709	33710
33757	33758
33812	33813
33831	33832
33885	33886
33938	33939
33972	33973
34007	34008
34034	34035
34069	34070
34105	34106
34136	34137
34189	34190
34217	34218
34242	34243
34321	34322
34348	34349
34431	34432
34450	34451
34522	34523
34550	34551
34576	34577
34603	34604
34659	34660
34686	34687
34768	34769
34882	34883
34925	34926
34931	34932
34942	34943
34944	34945
34958	34959
34965	34966
34970	34971
34985	34986
34999	35000
35013	35014
35025	35026
35033	35034
35038	35039
35052	35053
35054	35055
35066	35067
35078	35080
35092	35093
35104	35106
35112	35113
35119	35120
35132	35133
35146	35147
35160	35161
35164	35165
35173	35174
35178	35179
35187	35188
35199	35200
35203	35204
35213	35214
35216	35217
35226	35227
35233	35234
35239	35240
35252	35253
35266	35267
35279	35280
35294	35295
35297	35299
35306	35307
35318	35319
35333	35334
35346	35347
35359	35360
35378	35379
35402	35403
35418	35419
35447	35448
35475	35476
35512	35513
35531	35532
35549	35550
35610	35611
35657	35658
35720	35721
35726	35727
35779	35780
35791	35793
35893	35894
35935	35937
36010	36012
36038	36039
36075	36076
36092	36093
36142	36143
36202	36203
36206	36207
36253	36254
36297	36298
36324	36325
36352	36353
36428	36429
36517	36518
36574	36575
36590	36591
36613	36614
36630	36631
36659	36660
36675	36676
36786	36788
36854	36855
36870	36871
36894	36895
36910	36911
36967	36968
37004	37005
37023	37024
37041	37042
37102	37103
37149	37150
37210	37211
37277	37278
37291	37292
37303	37304
37318	37319
37331	37332
37345	37346
37358	37359
37364	37367
37372	37373
37385	37386
37399	37400
37411	37412
37425	37426
37439	37440
37452	37453
37464	37465
37469	37471
37477	37478
37479	37480
37484	37485
37491	37492
37504	37505
37518	37519
37532	37533
37544	37546
37558	37559
37570	37571
37584	37585
37597	37598
37611	37612
37622	37623
37624	37625
37633	37634
37636	37637
37639	37640
37651	37652
37664	37665
37667	37669
37677	37678
37689	37690
37702	37703
37755	37756
37920	37922
37947	37948
38035	38036
38109	38110
38148	38150
38174	38176
38236	38238
38347	38348
38375	38377
38454	38455
38544	38545
38587	38588
38667	38669
38780	38781
38849	38850
38954	38955
39048	39049
39182	39183
39222	39223
39245	39247
39323	39324
39396	39397
39458	39459
39484	39487
39550	39551
39596	39597
39633	39634
39758	39759
39778	39780
39845	39846
39890	39891
39960	39961
40015	40016
40063	40064
40170	40172
40194	40196
40275	40276
40369	40370
40448	40449
40503	40504
40527	40529
40606	40607
40704	40705
40837	40839
40860	40862
41015	41016
41135	41136
41226	41227
41297	41298
41311	41312
41324	41325
41337	41338
41351	41352
41365	41366
41378	41379
41390	41391
41405	41406
41418	41419
41431	41432
41445	41446
41458	41459
41471	41472
41484	41485
41491	41492
41498	41499
41504	41505
41511	41512
41523	41524
41536	41537
41550	41551
41563	41564
41576	41577
41591	41592
41603	41604
41617	41618
41629	41630
41643	41644
41655	41656
41669	41670
41676	41677
41683	41684
41689	41690
41695	41696
41707	41708
41720	41721
41731	41732
41799	41800
41858	41859
41888	41890
41960	41961
42000	42001
42119	42120
42145	42146
42258	42259
42318	42319
42483	42484
42507	42508
42549	42550
42593	42594
42610	42611
42655	42656
42694	42695
42717	42718
42735	42736
42766	42767
42821	42822
42848	42849
42874	42875
42909	42910
42966	42967
43031	43032
43052	43053
43109	43110
43194	43195
43254	43255
43295	43296
43368	43369
43436	43437
43474	43475
43531	43532
43569	43570
43598	43599
43653	43654
43697	43698
43795	43796
43839	43840
43890	43891
43953	43954
44001	44002
44046	44047
44120	44122
44178	44179
44201	44202
44237	44238
44313	44315
44323	44324
44339	44340
44352	44353
44367	44368
44379	44380
44393	44394
44403	44405
44406	44407
44419	44420
44432	44433
44437	44438
44446	44447
44458	44459
44467	44468
44472	44473
44478	44479
44485	44486
44492	44493
44498	44499
44505	44506
44512	44513
44518	44519
44525	44526
44537	44538
44551	44552
44565	44566
44577	44578
44579	44580
44584	44585
44591	44592
44598	44599
44605	44606
44610	44611
44617	44618
44623	44624
44630	44631
44642	44643
44656	44657
44671	44672
44683	44684
44690	44691
44697	44698
44704	44705
44711	44712
44718	44719
44723	44724
44730	44731
44733	44734
44737	44738
44744	44745
44749	44750
44762	44763
44776	44777
44790	44791
44802	44803
44816	44817
44822	44823
44828	44829
44835	44836
44842	44843
44854	44855
44868	44869
44882	44883
44895	44896
44908	44909
44922	44923
44928	44929
44935	44936
44942	44943
44948	44949
44961	44962
44972	44973
44975	44976
44988	44989
44999	45000
45002	45003
45013	45014
45015	45016
45027	45028
45041	45042
45050	45051
45054	45055
45068	45069
45081	45082
45095	45096
45160	45161
45186	45187
45243	45244
45277	45278
45336	45338
45422	45423
45462	45463
45515	45516
45571	45572
45647	45648
45674	45675
45753	45754
45858	45859
45949	45950
46002	46003
46056	46057
46146	46147
46212	46213
46312	46313
46375	46376
46427	46428
46543	46544
46598	46599
46652	46653
46698	46699
46758	46759
46810	46811
46890	46891
46930	46931
47028	47029
47062	47063
47128	47129
47247	47248
47271	47272
47273	47274
47313	47314
47376	47377
47428	47429
47472	47473
47476	47477
47585	47586
47688	47689
47856	47857
47927	47928
47978	47979
48027	48028
48087	48088
48188	48189
48240	48241
48292	48293
48347	48348
48398	48399
48422	48423
48501	48502
48561	48562
48609	48610
48662	48663
48755	48758
48770	48771
48782	48783
48797	48798
48810	48811
48823	48824
48835	48836
48848	48851
48863	48864
48875	48876
48889	48890
48901	48902
48912	48913
48915	48916
48921	48922
48929	48930
48935	48936
48942	48943
48949	48950
48955	48956
48957	48958
48961	48962
48968	48969
48981	48982
48994	48995
49007	49008
49016	49017
49021	49022
49035	49036
49048	49049
49061	49062
49074	49075
49087	49088
49101	49102
49114	49115
49126	49127
49133	49134
49140	49141
49147	49148
49153	49154
49159	49160
49166	49167
49172	49173
49178	49180
49192	49193
49205	49206
49218	49219
49232	49233
49245	49246
49258	49259
49270	49271
49272	49273
49277	49278
49284	49285
49297	49298
49310	49311
49323	49324
49337	49338
49349	49350
49363	49364
49369	49370
49376	49377
49383	49384
49386	49387
49389	49390
49402	49403
49415	49416
49429	49430
49441	49442
49455	49456
49468	49469
49481	49482
49494	49495
49507	49508
49520	49521
49534	49535
49545	49546
49572	49573
49657	49658
49692	49693
49741	49742
49786	49787
49874	49875
49901	49902
50052	50053
50109	50110
50166	50167
50195	50196
50282	50283
50314	50316
50371	50372
50403	50405
50421	50422
50472	50473
50512	50513
50564	50565
50599	50600
50632	50633
50684	50685
50724	50725
50753	50754
50798	50799
50850	50851
50966	50967
50987	50989
51014	51015
51049	51050
51086	51087
51146	51147
51174	51175
51214	51215
51259	51260
51286	51287
51299	51301
51350	51351
51370	51371
51462	51463
51481	51482
51520	51521
51576	51577
51611	51612
51629	51630
51719	51720
51784	51785
51815	51816
51885	51886
51925	51926
52050	52051
52101	52102
52126	52128
52161	52162
52205	52206
52298	52299
52326	52327
52353	52354
52406	52407
52487	52488
52534	52535
52576	52577
52686	52687
52739	52740
52769	52770
52814	52816
52845	52846
52871	52872
52903	52904
52939	52940
52989	52990
53046	53047
53080	53081
53117	53118
53148	53149
53211	53212
53234	53235
53265	53266
53300	53301
53353	53355
53385	53386
53411	53412
53445	53446
53472	53474
53507	53508
53536	53537
53563	53564
53591	53592
53628	53629
53700	53701
53778	53779
53830	53831
53873	53874
53905	53906
53929	53930
53995	53996
54019	54020
54044	54045
54084	54085
54189	54190
54234	54235
54318	54319
54356	54357
54420	54421
54495	54496
54547	54548
54609	54610
54656	54657
54677	54678
54730	54731
54769	54770
54793	54794
54831	54832
54869	54870
54964	54965
55214	55215
