173	174
294	295
407	408
516	517
634	635
758	759
873	874
969	970
1076	1077
1159	1160
1292	1293
1416	1417
1575	1576
1679	1680
1766	1767
1874	1875
2032	2033
2269	2270
2349	2350
2410	2411
2523	2524
2585	2586
2727	2728
2767	2768
2819	2820
2882	2883
2941	2942
2999	3000
3056	3057
3115	3116
3199	3200
3318	3319
3426	3427
3560	3561
3664	3665
3766	3767
3904	3905
3982	3983
4141	4142
4242	4243
4386	4387
4476	4477
4578	4579
4744	4745
4812	4813
4911	4912
5071	5072
5156	5157
5224	5225
5322	5323
5445	5446
5547	5548
5734	5735
5810	5811
5986	5987
6154	6155
6307	6308
6473	6474
6577	6578
6629	6630
6682	6683
6747	6748
6754	6755
6758	6759
6767	6768
6770	6771
6777	6778
6781	6782
6786	6787
6830	6831
6929	6930
6980	6981
7105	7106
7110	7111
7118	7119
7141	7142
7217	7218
7411	7412
7415	7416
7426	7427
7432	7433
7442	7443
7634	7635
7705	7706
7728	7729
7736	7737
7739	7740
7885	7886
8031	8032
8103	8104
8165	8166
8287	8288
8528	8529
8698	8699
8852	8853
8993	8994
9182	9183
9326	9327
9585	9586
9794	9795
9892	9893
10012	10013
10094	10095
10318	10319
10430	10431
10610	10611
10698	10699
10762	10763
10834	10835
10926	10927
11049	11050
11159	11160
11225	11226
11301	11302
11467	11468
11597	11598
11763	11764
11931	11932
11979	11980
12045	12046
12240	12241
12247	12248
12261	12262
12265	12266
12268	12269
12270	12271
12428	12429
12583	12584
12741	12742
12928	12929
13301	13303
