101	102
201	202
256	257
260	261
977	979
1268	1269
1270	1271
1412	1413
1435	1436
1458	1459
1460	1461
1531	1532
1534	1535
1537	1538
1569	1570
1573	1575
1582	1583
1595	1596
2182	2183
2186	2188
2602	2604
2637	2638
2685	2686
2699	2700
2704	2705
2723	2724
2751	2754
2787	2789
2836	2837
2838	2839
4116	4117
4290	4292
4915	4916
5547	5548
5551	5552
5875	5876
5884	5885
6136	6137
6230	6231
6263	6264
6265	6266
6402	6403
6434	6435
6466	6467
6479	6480
6550	6551
7324	7325
7335	7336
7337	7338
7361	7362
7374	7375
7378	7379
7381	7382
7393	7394
7401	7402
7403	7404
7414	7415
7416	7417
7429	7430
7457	7458
7472	7473
7474	7475
7478	7480
7611	7612
7638	7641
7723	7724
7780	7781
7785	7786
7950	7951
7953	7954
8554	8555
9154	9157
9288	9289
