10	11
70	71
130	131
160	161
187	188
215	216
248	249
300	301
372	373
430	431
544	545
662	663
729	730
968	969
1031	1032
1145	1146
1209	1210
1251	1252
1364	1365
1410	1411
1450	1451
1488	1489
1550	1551
1608	1609
1690	1691
1737	1738
1788	1789
1853	1854
1903	1904
1953	1954
2007	2008
2014	2015
2046	2047
2112	2113
2177	2178
2271	2272
2311	2312
2418	2419
2493	2494
2599	2600
2626	2627
2692	2693
2843	2844
2887	2888
2933	2934
3004	3005
3105	3106
3178	3179
3314	3315
3430	3431
3534	3535
3667	3668
4115	4116
4124	4125
4133	4134
4143	4144
4152	4153
4162	4163
4264	4265
4346	4348
4501	4502
4753	4754
5044	5045
5135	5136
5207	5208
5363	5364
5474	5475
5566	5567
5735	5736
5805	5807
5929	5930
5953	5954
6089	6090
6209	6210
6378	6381
6420	6421
6774	6775
7088	7089
7515	7516
7778	7779
7964	7965
8131	8132
