303	305
326	327
358	359
399	400
403	404
453	454
456	457
501	502
505	506
549	550
552	553
595	596
636	637
664	665
701	702
729	730
779	780
810	811
836	837
887	888
936	937
1000	1001
1051	1052
1103	1104
1147	1148
1232	1233
1300	1301
1362	1363
1413	1414
1458	1459
1504	1505
1604	1605
1657	1658
1713	1714
1786	1787
1882	1883
1970	1972
2008	2009
2078	2079
2229	2230
2283	2284
2406	2407
2459	2460
2490	2491
2560	2561
2607	2608
2645	2646
2705	2706
2748	2749
2861	2862
2933	2934
3044	3045
3203	3204
3268	3269
3345	3346
3386	3387
3693	3694
3775	3776
3833	3834
3961	3962
4212	4213
4278	4279
4320	4321
4635	4636
4687	4688
4732	4733
4781	4782
4962	4963
5157	5158
5189	5190
5222	5223
5367	5368
5419	5420
5482	5483
6208	6209
6288	6289
