139	140
159	160
179	180
199	200
219	220
239	240
259	260
279	280
299	300
324	325
339	340
353	354
368	369
388	389
499	500
544	545
589	590
701	702
756	757
786	787
860	861
945	946
1023	1024
1058	1059
1103	1104
1148	1149
1188	1189
1263	1264
1343	1344
1388	1389
1475	1476
1548	1549
1583	1584
1617	1618
1663	1664
1736	1737
1827	1828
1906	1907
1997	1998
2037	2038
2077	2078
2095	2096
2137	2138
2227	2228
2257	2258
2287	2288
2314	2315
2337	2338
2357	2358
2386	2387
2417	2418
2457	2458
2497	2498
2537	2538
2562	2563
2577	2578
2592	2593
2626	2627
2656	2657
2702	2703
2783	2784
2861	2862
2941	2942
2972	2973
3034	3035
3076	3077
3096	3097
3136	3137
3175	3176
3234	3235
3276	3277
3326	3327
3386	3387
3455	3456
3505	3506
3565	3566
3646	3647
3696	3697
3745	3746
3775	3776
3826	3827
3855	3856
3900	3901
3902	3903
3915	3916
3935	3936
3956	3957
3994	3995
4035	4036
4075	4076
4095	4096
4115	4116
4145	4146
4160	4161
4175	4176
4190	4191
4205	4206
4220	4221
4234	4235
4254	4255
4275	4276
4295	4296
4314	4315
4336	4337
4355	4356
4374	4375
4396	4397
4415	4416
4464	4465
4494	4495
4524	4525
4557	4558
4574	4575
4604	4605
4624	4625
4654	4655
4683	4684
4714	4715
4746	4747
4783	4784
4815	4816
4873	4874
4894	4895
4914	4915
4933	4934
4994	4995
5034	5035
5053	5054
5073	5074
5093	5094
5120	5121
5164	5165
5199	5200
5229	5230
5253	5254
5343	5344
5424	5425
5504	5505
5584	5585
5613	5614
5632	5633
5653	5654
5673	5674
5694	5695
5713	5714
5733	5734
5753	5754
5774	5775
5793	5794
5814	5815
5912	5913
5933	5934
5953	5954
5973	5974
5993	5994
6013	6014
6034	6035
6054	6055
6073	6074
6093	6094
6113	6114
6133	6134
6143	6144
6158	6159
6173	6174
