119	120
215	216
239	240
335	336
797	798
986	987
1150	1151
1739	1740
1897	1898
1952	1953
2032	2033
2252	2253
2350	2351
2524	2525
2755	2756
3350	3351
3490	3491
3986	3987
4306	4307
4444	4445
4606	4607
4772	4773
4845	4846
4944	4945
5412	5413
5617	5618
5698	5699
5752	5753
5791	5792
5863	5864
5967	5968
6005	6006
6086	6087
6294	6295
6628	6629
6808	6809
7190	7191
7713	7714
8140	8141
8539	8540
8854	8855
9020	9021
9845	9846
9861	9862
9888	9889
9914	9915
9930	9931
9990	9991
10299	10300
10377	10378
10879	10880
10995	10996
12029	12030
12233	12234
12593	12594
12667	12668
12767	12768
12897	12898
13166	13167
13246	13247
13398	13399
13464	13465
13507	13508
13588	13589
13698	13699
13763	13764
13812	13813
13909	13910
13981	13982
14077	14078
14133	14134
14211	14212
14290	14291
14420	14421
14531	14532
14547	14548
14579	14580
14595	14596
14771	14772
15022	15023
15213	15214
15390	15391
15639	15640
15661	15662
15691	15692
15714	15715
15762	15763
15790	15791
15860	15861
15878	15879
15901	15902
15914	15915
15929	15930
15942	15943
15954	15955
15968	15969
15981	15982
15995	15996
16326	16327
16408	16409
16620	16621
16771	16772
16899	16900
17241	17242
17289	17290
17371	17372
17630	17631
17768	17769
17857	17858
17879	17880
18006	18007
18074	18075
18258	18260
18302	18303
18578	18579
18619	18620
18928	18929
19233	19234
19297	19298
19367	19368
19508	19509
19733	19734
19903	19904
20178	20179
20414	20415
20460	20461
20634	20635
20686	20687
20772	20773
20947	20948
21155	21156
21169	21170
21219	21220
21232	21233
21244	21245
21296	21297
21356	21357
21404	21405
21458	21459
21579	21580
21689	21690
21746	21747
21903	21904
21984	21985
22040	22041
22175	22176
22206	22207
22268	22269
22306	22307
22366	22367
22528	22529
22576	22577
22632	22633
22866	22867
22908	22909
22939	22940
22953	22954
22965	22966
23016	23017
23030	23031
23073	23074
23120	23121
23161	23162
23168	23169
23175	23176
23185	23186
23277	23278
23378	23379
23537	23538
23615	23616
23963	23964
24149	24150
24218	24219
24364	24365
24655	24656
25195	25196
25204	25205
25213	25214
25221	25222
25312	25313
25365	25366
25490	25491
25559	25560
25637	25638
25789	25790
25813	25814
25822	25823
25831	25832
25843	25844
25893	25894
26047	26048
26123	26124
26283	26284
26459	26460
26587	26588
26849	26850
26965	26966
27037	27038
27061	27062
27133	27134
27157	27158
27229	27230
27253	27254
27325	27326
27349	27350
27421	27422
27445	27446
27517	27518
27541	27542
27613	27614
27637	27638
27709	27710
27733	27734
27805	27806
27829	27830
27901	27902
27997	27998
28021	28022
28093	28094
28117	28118
28189	28190
28213	28214
28285	28286
28309	28310
28381	28382
28405	28406
28477	28478
28501	28502
28573	28574
28597	28598
28669	28670
28693	28694
28765	28766
28789	28790
28861	28862
28885	28886
28957	28958
28981	28982
29053	29054
29077	29078
29149	29150
29173	29174
29245	29246
29269	29270
29341	29342
29365	29366
29437	29438
29461	29462
29533	29534
29557	29558
29629	29630
29653	29654
29773	29774
29893	29894
30013	30014
30037	30038
30157	30158
30181	30182
30301	30302
30325	30326
30397	30398
30637	30638
