15	16
191	192
323	324
473	474
677	678
725	726
773	774
893	894
929	930
1067	1068
1697	1698
2099	2100
2497	2498
2581	2582
2605	2606
2671	2672
2719	2720
2947	2948
3073	3074
3330	3331
3504	3505
3666	3667
3804	3805
3876	3877
3900	3901
4080	4081
4128	4129
4212	4213
4380	4381
4590	4591
4770	4771
4890	4891
4920	4921
4974	4975
5022	5023
5046	5047
5094	5095
5160	5161
5166	5167
5214	5215
5256	5257
5274	5275
5352	5353
5358	5359
5376	5377
5394	5395
5412	5413
5472	5473
5496	5497
5520	5521
5562	5563
5574	5575
5628	5629
5820	5821
5874	5875
5934	5935
5976	5977
5994	5995
6018	6019
6090	6091
6096	6097
6120	6121
6168	6169
6234	6235
6264	6265
6282	6283
6402	6403
6438	6439
6462	6463
6630	6631
6774	6775
6816	6817
6822	6823
6828	6829
6846	6847
6864	6865
6870	6871
6882	6883
6948	6949
6990	6991
7128	7129
7152	7153
7164	7165
7188	7189
7242	7243
7254	7255
7260	7261
7326	7327
7332	7333
7356	7357
7410	7411
7446	7447
7698	7699
7812	7813
7830	7831
8118	8119
8136	8137
8268	8269
8412	8413
8424	8425
8820	8821
8874	8875
8880	8881
8910	8911
9018	9019
9096	9097
9228	9229
9300	9301
9720	9721
10212	10213
10440	10441
10494	10495
10542	10543
10578	10579
10662	10663
10668	10669
10812	10813
11137	11138
11233	11234
11251	11252
11323	11324
11425	11426
11988	11989
13861	13862
13997	13998
13999	14000
14002	14003
14600	14601
14676	14677
