430	432
570	571
724	725
818	819
873	874
922	923
971	972
1110	1111
1224	1225
1338	1339
1483	1484
1577	1578
1664	1665
1855	1856
1974	1975
2065	2066
2157	2158
2209	2210
2280	2281
2462	2463
2528	2529
2611	2612
2705	2706
2812	2813
2908	2909
3339	3340
3423	3424
3767	3768
3910	3911
4462	4463
4552	4553
4826	4827
4942	4943
5012	5013
5271	5272
5331	5332
5660	5661
5743	5744
6726	6727
6874	6875
7004	7005
7120	7121
7318	7319
7803	7804
8149	8150
8357	8358
8525	8526
9227	9228
9364	9365
9638	9639
9918	9919
10279	10280
10827	10828
10922	10923
11125	11126
11183	11184
