0.000033 0.002420
0.000028 0.002573
0.000025 0.002913
0.000005 0.001500
0.000004 0.000969
0.000006 0.001015
0.000008 0.000961
0.000004 0.001060
0.000002 0.001020
0.000001 0.001340
0.000001 0.001575
0.000005 0.002087
0.000005 0.001095
0.000007 0.001735
0.000009 0.002934
0.000008 0.004933
0.000005 0.002867
0.000005 0.003086
0.000003 0.005917
0.000002 0.010371
0.000001 0.019772
0.000003 0.023325
0.000004 0.009612
0.000004 0.006215
0.000006 0.007303
0.000006 0.010510
0.000002 0.012991
0.000001 0.012579
0.000000 0.005443
0.000000 0.001984
0.000000 0.001220
0.000000 0.000766
0.000000 0.001759
0.000001 0.002168
0.000004 0.002101
0.000012 0.003667
0.000009 0.006931
0.000025 0.007979
0.000016 0.011475
0.000001 0.013707
0.000000 0.011788
0.000000 0.016231
0.000000 0.015871
0.000000 0.022482
0.000000 0.017908
0.000002 0.011235
0.000017 0.006513
0.000002 0.001782
0.000001 0.001539
0.000000 0.001349
0.000000 0.002333
0.000000 0.001240
0.000000 0.000905
0.000000 0.001012
0.000000 0.000589
0.000000 0.001385
0.000000 0.003269
0.000000 0.003513
0.000000 0.002294
0.000000 0.002330
0.000000 0.002614
0.000001 0.004581
0.000001 0.002113
0.000001 0.001139
0.000001 0.001388
0.000002 0.001179
0.000007 0.000671
0.000001 0.000510
0.000000 0.000378
0.000000 0.000335
0.000000 0.000367
0.000003 0.001315
0.000020 0.001789
0.000006 0.001540
0.000007 0.001140
0.000015 0.001938
0.000004 0.001274
0.000001 0.000550
0.000000 0.000344
0.000001 0.000453
0.000003 0.000494
0.000002 0.000820
0.000014 0.002123
0.000017 0.003825
0.000005 0.004356
0.000002 0.003166
0.000001 0.002923
0.000001 0.004933
0.000002 0.009477
0.000008 0.018518
0.000008 0.020810
0.000004 0.011423
0.000009 0.004626
0.000026 0.004850
0.000004 0.006494
0.000001 0.008821
0.000001 0.020462
0.000002 0.015695
0.000001 0.006793
0.000001 0.002200
0.000007 0.001569
0.000004 0.000791
0.000003 0.000767
0.000003 0.001100
0.000009 0.001511
0.000038 0.001972
0.000083 0.001771
0.000019 0.000940
0.000008 0.000643
0.000002 0.000503
0.000001 0.000433
0.000001 0.000415
0.000002 0.000408
0.000002 0.000645
0.000002 0.000697
0.000003 0.001074
0.000003 0.000843
0.000003 0.000743
0.000003 0.000718
0.000002 0.000831
0.000006 0.001651
0.000004 0.001734
0.000001 0.001100
0.000000 0.001490
0.000000 0.001672
0.000000 0.001141
0.000000 0.001001
0.000000 0.001832
0.000006 0.009343
0.000001 0.004775
0.000002 0.008172
0.000002 0.028254
0.000000 0.008000
0.000001 0.002653
0.000000 0.006272
0.000000 0.022034
0.000000 0.010903
0.000000 0.003373
0.000000 0.002614
0.000000 0.003522
0.000000 0.005566
0.000001 0.005499
0.000002 0.002011
0.000038 0.001190
0.000011 0.000946
0.000004 0.000973
0.000002 0.001041
0.000001 0.000638
0.000001 0.001305
0.000000 0.002300
0.000003 0.001188
0.000001 0.000988
0.000002 0.001040
0.000001 0.000870
0.000001 0.000916
0.000002 0.001524
0.000002 0.001659
0.000003 0.002614
0.000002 0.002685
0.000002 0.002630
0.000001 0.001741
0.000002 0.002160
0.000004 0.002026
0.000003 0.001629
0.000010 0.001289
0.000007 0.001336
0.000004 0.001419
0.000003 0.001232
0.000006 0.000904
0.000004 0.000885
0.000004 0.001092
0.000004 0.001541
0.000004 0.002417
0.000004 0.003671
0.000003 0.004490
0.000002 0.004414
0.000001 0.003075
0.000001 0.002236
0.000000 0.002091
0.000000 0.002172
0.000001 0.002590
0.000000 0.002028
0.000000 0.002370
0.000001 0.002465
0.000002 0.003011
0.000003 0.002693
0.000003 0.004138
0.000003 0.004325
0.000002 0.004204
0.000003 0.004791
0.000005 0.005251
0.000005 0.004614
0.000005 0.002282
0.000007 0.002420
0.000010 0.002616
0.000029 0.003796
0.000025 0.002877
0.000014 0.001823
0.000011 0.002329
0.000013 0.002395
0.000008 0.000720
0.000008 0.000756
0.000007 0.000771
0.000004 0.000694
0.000003 0.000621
0.000008 0.001110
0.000005 0.001093
0.000001 0.001069
0.000002 0.001316
0.000003 0.001701
0.000002 0.001435
0.000002 0.001626
0.000001 0.001045
0.000002 0.001054
0.000003 0.002022
0.000004 0.004864
0.000005 0.003835
0.000010 0.004636
0.000014 0.003933
0.000014 0.004359
0.000011 0.004625
0.000007 0.002670
0.000010 0.002205
0.000012 0.002682
0.000035 0.004278
0.000061 0.005274
0.000051 0.002664
0.000017 0.001534
0.000013 0.001295
0.000010 0.001239
0.000006 0.001111
0.000016 0.002334
0.000050 0.003455
0.000151 0.004586
0.000225 0.006343
0.000145 0.005636
0.000059 0.005935
0.000049 0.007313
0.000040 0.007773
0.000034 0.009886
0.000024 0.012406
0.000047 0.040447
0.000054 0.091439
0.000054 0.164473
0.000047 0.271748
0.000052 0.376921
0.000031 0.326538
0.000049 0.290762
0.000030 0.198901
0.000009 0.148752
0.000000 0.000201
0.000000 0.000128
0.000000 0.000144
0.000000 0.000105
0.000000 0.000126
0.000000 0.000176
0.000000 0.000092
0.000000 0.000036
0.000000 0.000017
0.000000 0.000021
0.000000 0.000024
0.000000 0.000051
0.000000 0.000037
0.000000 0.000038
0.000000 0.000073
0.000000 0.000053
0.000000 0.000032
0.000000 0.000034
0.000000 0.000026
0.000000 0.000012
0.000000 0.000008
0.000000 0.000010
0.000000 0.000010
0.000000 0.000006
0.000000 0.000011
0.000000 0.000010
0.000000 0.000010
0.000000 0.000013
0.000000 0.000088
0.000003 0.000172
0.000000 0.000031
0.000000 0.000106
0.000000 0.000236
0.000000 0.000447
0.000000 0.000346
0.000000 0.000402
0.000000 0.000235
0.000000 0.000209
0.000000 0.000047
0.000000 0.001168
0.000000 0.000160
0.000000 0.000207
0.000000 0.000121
0.000000 0.000298
0.000000 0.000038
0.000000 0.000011
0.000000 0.000008
0.998880 0.968250
0.000017 0.000897
0.000000 0.000751
0.000000 0.000032
0.000000 0.000032
0.000000 0.000157
0.000000 0.000053
0.000000 0.000086
0.000000 0.000358
0.000000 0.000075
0.000000 0.000191
0.000000 0.000012
0.000000 0.000012
0.000000 0.000006
0.000000 0.000010
0.000000 0.000014
0.000001 0.000020
0.000000 0.000010
0.000000 0.000021
0.000000 0.000039
0.000000 0.000027
0.000000 0.000035
0.000001 0.000074
0.000001 0.000052
0.000001 0.000049
0.000000 0.000009
0.000000 0.000010
0.000000 0.000012
0.000001 0.000022
0.000000 0.000011
0.000001 0.000013
0.000000 0.000011
0.000000 0.000007
0.000000 0.000002
0.000000 0.000003
0.000000 0.000003
0.000000 0.000003
0.000000 0.000004
0.000000 0.000004
0.000000 0.000003
0.000000 0.000004
0.000000 0.000030
0.000001 0.000024
0.000000 0.000035
0.000000 0.000047
0.000001 0.000100
0.000001 0.000059
0.000000 0.000062
0.000000 0.000060
0.000000 0.000096
0.000000 0.000082
0.000000 0.000138
0.000001 0.000170
0.000037 0.007331
0.000022 0.013268
0.000016 0.008684
0.000015 0.002511
0.000008 0.002823
0.000007 0.011394
0.000007 0.015672
0.000003 0.018003
0.000007 0.012858
0.000004 0.004077
0.000003 0.003071
0.000009 0.004448
0.000017 0.003080
0.000053 0.003199
0.000027 0.005638
0.000006 0.004503
0.000002 0.005640
0.000001 0.004679
0.000004 0.005528
0.000004 0.014318
0.000004 0.008973
0.000003 0.006491
0.000001 0.012398
0.000003 0.019105
0.000009 0.024928
0.000006 0.025738
0.000041 0.013397
0.000050 0.006775
0.000016 0.007735
0.000031 0.005833
0.000022 0.005359
0.000014 0.009228
0.000044 0.005493
0.000016 0.002236
0.000014 0.002586
0.000019 0.003155
0.000025 0.004087
0.000059 0.005844
0.000019 0.006119
0.000023 0.005316
0.000007 0.004917
0.000023 0.005126
0.000151 0.006897
0.000094 0.005754
0.000155 0.010323
0.000111 0.007344
0.000023 0.008670
0.000015 0.006165
0.000040 0.008625
0.000021 0.008277
0.000042 0.003237
0.000035 0.002901
0.000027 0.005132
0.000017 0.004934
0.000011 0.003672
0.000009 0.005056
0.000010 0.006067
0.000010 0.007118
0.000007 0.009722
0.000019 0.014142
0.000029 0.015083
0.000023 0.025600
0.000023 0.021531
0.000023 0.014638
0.000008 0.008400
0.000014 0.014117
0.000052 0.022473
0.000065 0.031338
0.000096 0.038263
0.000152 0.037798
0.000111 0.033201
0.000082 0.029175
0.000113 0.037766
0.000114 0.063509
0.000211 0.095908
0.000554 0.086430
0.000197 0.067835
0.000068 0.045790
0.000109 0.045761
0.000057 0.051295
0.000130 0.045566
0.000452 0.037439
0.000647 0.047457
0.000925 0.052243
0.001250 0.055222
0.000781 0.047717
0.000451 0.044528
0.000319 0.038852
0.000394 0.040964
0.000442 0.041899
0.000401 0.046695
0.000227 0.077881
0.000465 0.077709
0.000372 0.053142
0.000966 0.068821
0.002020 0.098041
0.000947 0.117418
0.000877 0.140825
0.000592 0.145872
0.000904 0.210842
0.000295 0.035351
0.000248 0.048450
0.000258 0.037939
0.000079 0.036607
0.000361 0.057128
0.000162 0.024406
0.000036 0.024438
0.000036 0.018613
0.000026 0.012741
0.000027 0.026211
0.000074 0.025033
0.000061 0.020167
0.000049 0.020769
0.000038 0.020239
0.000028 0.016875
0.000019 0.022957
0.000020 0.024273
0.000031 0.028457
0.000018 0.024344
0.000059 0.025476
0.000037 0.016316
0.000012 0.015589
0.000090 0.021124
0.000081 0.026453
0.000056 0.048170
0.000060 0.065198
0.000029 0.034467
0.000042 0.033399
0.000027 0.023533
0.000012 0.023210
0.000003 0.041645
0.000005 0.056121
0.000007 0.013867
0.000003 0.009861
0.000010 0.014063
0.000014 0.010143
0.000009 0.010577
0.000019 0.009916
0.000053 0.008863
0.000061 0.010183
0.000049 0.006485
0.000039 0.006596
0.000021 0.005691
0.000033 0.002997
0.000020 0.003389
0.000013 0.003442
0.000025 0.004476
0.000049 0.005479
0.000079 0.007831
0.000246 0.008423
0.000001 0.000055
0.000001 0.000057
0.000001 0.000097
0.000001 0.000071
0.000001 0.000074
0.000001 0.000095
0.000002 0.000097
0.000001 0.000081
0.000002 0.000140
0.000001 0.000165
0.000000 0.000081
0.000001 0.000136
0.000001 0.000128
0.000001 0.000205
0.000001 0.000498
0.000001 0.000209
0.000001 0.000193
0.000001 0.000097
0.000000 0.000086
0.000000 0.000170
0.000001 0.000396
0.000001 0.000147
0.000002 0.000437
0.000002 0.000215
0.000001 0.000159
0.000001 0.000231
0.000000 0.000413
0.000000 0.000303
0.000000 0.000866
0.000002 0.002898
0.000010 0.000971
0.000020 0.001514
0.000004 0.001512
0.000002 0.002940
0.000004 0.000337
0.000000 0.000115
0.000000 0.000253
0.000009 0.002690
0.000008 0.001107
0.000000 0.000844
0.000000 0.000212
0.000001 0.000365
0.000002 0.000221
0.000000 0.000016
0.000000 0.000017
0.999002 0.988445
0.000001 0.000052
0.000000 0.000009
0.000000 0.000005
0.000000 0.000014
0.000000 0.000019
0.000000 0.000010
0.000000 0.000010
0.000000 0.000037
0.000000 0.000013
0.000000 0.000086
0.000000 0.000001
0.000000 0.000006
0.000000 0.000002
0.000000 0.000004
0.000000 0.000004
0.000000 0.000005
0.000000 0.000002
0.000000 0.000004
0.000000 0.000004
0.000000 0.000005
0.000000 0.000005
0.000001 0.000012
0.000001 0.000011
0.000000 0.000008
0.000000 0.000002
0.000000 0.000003
0.000000 0.000003
0.000000 0.000002
0.000000 0.000003
0.000000 0.000007
0.000000 0.000010
0.000000 0.000010
0.000000 0.000010
0.000000 0.000016
0.000000 0.000028
0.000000 0.000038
0.000000 0.000046
0.000000 0.000019
0.000000 0.000153
0.000000 0.000125
0.000000 0.002902
0.000000 0.003126
0.000000 0.002944
0.000000 0.000250
0.000000 0.000318
0.000000 0.000134
0.000000 0.001440
0.000000 0.000205
0.000000 0.000455
0.000000 0.000097
0.000000 0.000091
0.000000 0.000012
0.000000 0.000008
0.000000 0.000004
0.998856 0.981598
0.000007 0.000114
0.000000 0.000135
0.000000 0.000012
0.000000 0.000044
0.000000 0.000057
0.000000 0.000035
0.000000 0.000036
0.000000 0.000134
0.000000 0.000017
0.000000 0.000219
0.000000 0.000009
0.000000 0.000013
0.000000 0.000002
0.000000 0.000003
0.000000 0.000005
0.000000 0.000008
0.000000 0.000004
0.000000 0.000014
0.000000 0.000037
0.000000 0.000026
0.000000 0.000023
0.000001 0.000029
0.000000 0.000018
0.000000 0.000035
0.000000 0.000007
0.000000 0.000008
0.000000 0.000011
0.000000 0.000012
0.000000 0.000030
0.000000 0.000107
0.000000 0.000049
0.000000 0.000016
0.000000 0.000005
0.000000 0.000005
0.000000 0.000005
0.000000 0.000006
0.000000 0.000004
0.000000 0.000003
0.000000 0.000003
0.000000 0.000003
0.000000 0.000015
0.000000 0.000014
0.000000 0.000021
0.000000 0.000018
0.000000 0.000020
0.000000 0.000020
0.000000 0.000028
0.000000 0.000039
0.000000 0.000042
0.000002 0.000107
0.000001 0.000127
0.000001 0.000144
0.000002 0.000192
0.000001 0.000116
0.000003 0.000314
0.000002 0.000308
0.000001 0.000277
0.000000 0.000214
0.000000 0.001001
0.000000 0.001087
0.000000 0.000875
0.000000 0.005301
0.000000 0.003468
0.000000 0.008219
0.000000 0.014090
0.000001 0.019153
0.000000 0.000755
0.000001 0.000603
0.000000 0.000285
0.000000 0.002443
0.000001 0.000343
0.000000 0.001025
0.000000 0.000221
0.000001 0.000244
0.000001 0.000091
0.000000 0.000053
0.000000 0.000022
0.999407 0.988659
0.000024 0.000309
0.000000 0.000140
0.000000 0.000037
0.000000 0.000102
0.000000 0.000066
0.000000 0.000065
0.000000 0.000050
0.000000 0.000338
0.000000 0.000017
0.000000 0.000236
0.000000 0.000026
0.000000 0.000042
0.000000 0.000003
0.000000 0.000010
0.000000 0.000016
0.000000 0.000022
0.000000 0.000009
0.000000 0.000012
0.000000 0.000038
0.000000 0.000035
0.000000 0.000014
0.000002 0.000134
0.000001 0.000087
0.000001 0.000062
0.000000 0.000018
0.000000 0.000031
0.000001 0.000127
0.000002 0.000283
0.000000 0.000063
0.000000 0.000152
0.000001 0.000427
0.000000 0.000218
0.000000 0.000035
0.000000 0.000024
0.000000 0.000044
0.000000 0.000040
0.000000 0.000026
0.000000 0.000031
0.000000 0.000019
0.000000 0.000025
0.000000 0.001700
0.000000 0.002332
0.000009 0.002533
0.000025 0.002023
0.000015 0.001682
0.000003 0.001002
0.000001 0.000754
0.000000 0.001231
0.000000 0.000971
0.000000 0.000566
0.000000 0.000173
0.000000 0.000123
0.000000 0.000151
0.000000 0.000108
0.000000 0.000044
0.000000 0.000044
0.000000 0.000060
0.000000 0.000061
0.000000 0.000077
0.000000 0.000103
0.000000 0.000108
0.000000 0.000197
0.000000 0.000254
0.000000 0.000230
0.000000 0.000115
0.000000 0.000160
0.000001 0.000162
0.000001 0.000134
0.000001 0.000109
0.000000 0.000161
0.000000 0.000127
0.000001 0.000525
0.000001 0.000696
0.000001 0.000712
0.000002 0.000537
0.000001 0.001201
0.000003 0.002817
0.000005 0.001377
0.000001 0.000591
0.000003 0.001006
0.000004 0.000880
0.000005 0.000691
0.000001 0.000463
0.000001 0.000994
0.000001 0.000595
0.000001 0.000801
0.000001 0.000746
0.000001 0.000922
0.000000 0.001231
0.000000 0.001882
0.000000 0.002472
0.000000 0.001648
0.000000 0.002698
0.000000 0.004230
0.000001 0.004638
0.000001 0.004200
0.000001 0.002264
0.000001 0.002139
0.000000 0.003433
0.000000 0.004888
0.000001 0.005952
0.000002 0.008460
0.000004 0.010713
0.000006 0.008807
0.000003 0.006466
0.000004 0.006935
0.000004 0.006022
0.000002 0.006290
0.000008 0.005803
0.000005 0.005466
0.000038 0.006221
0.000026 0.005146
0.000016 0.004797
0.000009 0.004547
0.000013 0.007100
0.000010 0.012158
0.000006 0.015161
0.000002 0.010859
0.000001 0.007611
0.000001 0.013428
0.000005 0.018352
0.000000 0.000076
0.000000 0.000081
0.000000 0.000033
0.000000 0.000018
0.000000 0.000010
0.000000 0.000007
0.000000 0.000004
0.000000 0.000002
0.000000 0.000002
0.000000 0.000003
0.000000 0.000006
0.000000 0.000007
0.000000 0.000008
0.000000 0.000005
0.000000 0.000006
0.000000 0.000011
0.000000 0.000009
0.000000 0.000005
0.000000 0.000016
0.000000 0.000025
0.000000 0.000008
0.000000 0.000005
0.000000 0.000007
0.000000 0.000012
0.000000 0.000020
0.000000 0.000021
0.000000 0.000012
0.000000 0.000010
0.000000 0.000007
0.000000 0.000061
0.000000 0.000116
0.000000 0.000205
0.000000 0.000558
0.000000 0.000308
0.000000 0.000150
0.000000 0.000134
0.000000 0.000728
0.000000 0.000734
0.000000 0.000499
0.000000 0.000265
0.000000 0.000290
0.000000 0.000031
0.000000 0.000040
0.000000 0.000043
0.000000 0.000493
0.000001 0.000372
0.000000 0.000484
0.000000 0.000104
0.000000 0.000183
0.000001 0.000047
0.000000 0.000012
0.000000 0.000019
0.999012 0.985402
0.000002 0.000027
0.000000 0.000019
0.000000 0.000015
0.000000 0.000014
0.000000 0.000022
0.000000 0.000052
0.000000 0.000047
0.000000 0.000328
0.000000 0.000055
0.000000 0.000231
0.000000 0.000005
0.000000 0.000005
0.000000 0.000003
0.000000 0.000008
0.000000 0.000006
0.000000 0.000007
0.000000 0.000002
0.000000 0.000002
0.000000 0.000006
0.000000 0.000004
0.000000 0.000009
0.000000 0.000030
0.000000 0.000011
0.000000 0.000002
0.000000 0.000000
0.000000 0.000001
0.000000 0.000001
0.000000 0.000001
0.000000 0.000002
0.000000 0.000004
0.000000 0.000005
0.000000 0.000004
0.000000 0.000003
0.000000 0.000004
0.000000 0.000006
0.000000 0.000007
0.000000 0.000018
0.000000 0.000034
0.000000 0.000063
0.000000 0.000068
0.000000 0.000345
0.000000 0.000366
0.000000 0.000444
0.000000 0.000204
0.000000 0.000220
0.000000 0.000242
0.000000 0.000280
0.000040 0.013487
0.000262 0.024170
0.000033 0.091451
0.000003 0.104649
0.000001 0.043568
0.000001 0.022344
0.000001 0.015003
0.000000 0.009898
0.000001 0.015719
0.000005 0.073565
0.000015 0.028715
0.000001 0.002775
0.000000 0.000501
0.000001 0.000376
0.000015 0.000476
0.000036 0.000833
0.000047 0.001015
0.000069 0.001529
0.000090 0.001712
0.000144 0.002762
0.000038 0.001832
0.000005 0.000846
0.000001 0.000670
0.000002 0.001064
0.000004 0.001867
0.000006 0.002377
0.000005 0.003244
0.000007 0.005684
0.000002 0.008014
0.000001 0.008669
0.000002 0.010210
0.000003 0.011798
0.000004 0.018698
0.000002 0.013489
0.000003 0.007853
0.000004 0.003831
0.000004 0.003146
0.000014 0.006339
0.000017 0.007381
0.000011 0.009639
0.000002 0.010869
0.000001 0.016073
0.000001 0.047908
0.000003 0.071183
0.000005 0.108520
0.000006 0.211925
0.000008 0.225742
0.000007 0.159049
0.000010 0.191808
0.000018 0.073857
0.000049 0.036551
0.000022 0.031857
0.000008 0.015117
0.000006 0.022009
0.000002 0.011769
0.000005 0.010178
0.000018 0.007847
0.000025 0.003181
0.000140 0.003035
0.000024 0.002905
0.000007 0.001564
0.000009 0.001225
0.000017 0.001684
0.000025 0.001833
0.000024 0.002453
0.000011 0.003323
0.000006 0.006151
0.000003 0.004309
0.000000 0.002318
0.000000 0.002122
0.000000 0.003794
0.000000 0.004281
0.000000 0.005425
0.000000 0.005677
0.000001 0.003644
0.000000 0.004436
0.000001 0.007251
0.000001 0.008933
0.000001 0.006339
0.000004 0.003520
0.000001 0.001845
0.000001 0.002406
0.000000 0.002330
0.000000 0.004684
0.000000 0.004075
0.000000 0.001182
0.000000 0.000612
0.000001 0.000544
0.000002 0.000516
0.000002 0.000597
0.000002 0.000686
0.000005 0.001273
0.000002 0.000732
0.000001 0.000460
0.000001 0.000467
0.000000 0.000362
0.000000 0.000467
0.000001 0.000538
0.000001 0.001069
0.000002 0.001099
0.000000 0.000026
0.000000 0.000015
0.000000 0.000022
0.000000 0.000024
0.000000 0.000051
0.000000 0.000039
0.000000 0.000067
0.000000 0.000028
0.000000 0.000018
0.000000 0.000013
0.000000 0.000016
0.000000 0.000013
0.000000 0.000020
0.000000 0.000140
0.000000 0.000867
0.000000 0.003125
0.000000 0.002004
0.000000 0.008130
0.000000 0.000811
0.000000 0.000776
0.000000 0.000177
0.000000 0.002814
0.000002 0.000585
0.000001 0.001231
0.000000 0.000185
0.000000 0.000341
0.000003 0.000152
0.000000 0.000063
0.000002 0.000076
0.997587 0.983070
0.000066 0.000731
0.000000 0.001070
0.000000 0.002152
0.000001 0.001855
0.000002 0.000505
0.000000 0.000384
0.000000 0.000384
0.000016 0.001649
0.000001 0.000335
0.000095 0.002855
0.000006 0.000170
0.000003 0.000200
0.000000 0.000026
0.000000 0.000042
0.000000 0.000055
0.000000 0.000098
0.000000 0.000038
0.000000 0.000068
0.000000 0.000818
0.000000 0.001523
0.000000 0.001335
0.000001 0.008394
0.000001 0.004222
0.000001 0.004745
0.000001 0.002412
0.000001 0.005047
0.000002 0.006737
0.000001 0.005468
0.000001 0.005263
0.000001 0.005492
0.000001 0.002570
0.000000 0.002243
0.000000 0.001476
0.000000 0.001133
0.000000 0.001669
0.000000 0.001234
0.000001 0.001033
0.000001 0.001117
0.000001 0.001032
0.000001 0.000847
0.000000 0.000728
0.000000 0.000570
0.000000 0.000392
0.000000 0.000275
0.000000 0.000422
0.000000 0.000370
0.000000 0.000377
0.000000 0.000539
0.000000 0.001061
0.000000 0.001793
0.000001 0.002536
0.000001 0.003002
0.000000 0.001959
0.000000 0.001302
0.000000 0.001535
0.000000 0.002970
0.000000 0.002583
0.000000 0.002370
0.000000 0.001263
0.000001 0.001137
0.000000 0.000507
0.000003 0.000415
0.000013 0.000319
0.000038 0.000632
0.000022 0.000582
0.000031 0.000827
0.000046 0.001178
0.000049 0.001350
0.000045 0.001452
0.000090 0.001272
0.000132 0.002031
0.000037 0.001887
0.000035 0.004062
0.000058 0.007654
0.000059 0.018008
0.000114 0.039650
0.000202 0.052033
0.000258 0.043422
0.000853 0.042257
0.001369 0.040907
0.005329 0.085704
0.001432 0.106179
0.000446 0.133692
0.000099 0.180650
0.000089 0.170274
0.000051 0.093950
0.000032 0.132135
0.000016 0.114841
0.000011 0.191135
0.000008 0.222553
0.000009 0.248177
0.000011 0.307856
0.000012 0.275304
0.000028 0.278458
0.000044 0.370725
0.000073 0.418115
0.000125 0.350069
0.000103 0.294641
0.000207 0.262833
0.000368 0.250083
0.000414 0.243322
0.000204 0.268077
0.000209 0.316925
0.000158 0.270080
0.000206 0.284341
0.000433 0.295246
0.000521 0.396730
0.000562 0.359816
0.000440 0.337035
0.000541 0.320246
0.000566 0.162204
0.000894 0.252852
0.000648 0.248717
0.000375 0.264242
0.000501 0.163972
0.000651 0.207186
0.000448 0.255739
0.000665 0.253804
0.000699 0.297367
0.000666 0.243682
0.000061 0.005453
0.000017 0.002267
0.000006 0.003973
0.000005 0.001830
0.000003 0.000455
0.000004 0.000833
0.000006 0.002376
0.000005 0.005826
0.000004 0.003923
0.000005 0.003065
0.000003 0.011069
0.000001 0.003170
0.000000 0.000543
0.000007 0.004672
0.000001 0.000294
0.000000 0.000597
0.000000 0.000634
0.000000 0.001397
0.000004 0.003017
0.000000 0.000836
0.000001 0.000396
0.999420 0.961436
0.000003 0.000952
0.000000 0.000246
0.000000 0.000022
