12	13
209	210
531	532
570	571
610	611
635	636
701	702
747	748
786	787
824	825
853	854
900	901
911	912
969	970
993	994
1018	1019
1055	1056
1121	1122
1160	1161
1300	1301
1469	1470
1569	1570
1643	1644
1741	1742
1769	1770
1816	1817
1943	1944
1972	1973
2018	2019
2043	2044
2094	2095
2153	2154
2273	2274
2306	2307
2335	2336
2377	2378
2414	2415
2445	2446
2501	2502
2610	2611
2660	2661
2687	2688
2749	2750
2845	2846
2882	2883
3009	3010
3027	3028
3162	3163
3183	3184
3285	3286
3311	3312
3366	3367
3401	3402
3423	3424
3443	3444
3477	3478
3514	3515
3574	3575
3614	3615
3665	3666
3758	3759
3825	3826
3879	3880
3928	3929
3966	3967
4038	4039
4142	4143
4173	4174
4349	4350
4608	4609
4667	4668
4704	4705
4749	4750
4773	4774
4795	4796
4805	4806
4817	4818
4888	4889
4995	4996
5096	5097
5210	5211
5285	5286
5374	5375
5518	5519
5552	5553
5584	5585
5613	5614
5657	5658
5682	5683
5702	5703
5731	5732
5754	5755
5800	5801
5822	5823
5851	5852
5879	5880
5931	5932
5938	5939
5972	5973
5989	5990
6037	6038
6062	6063
6199	6200
6403	6404
