191	192
193	194
290	291
759	760
810	811
858	859
937	938
1069	1070
1138	1139
1141	1142
1247	1248
1357	1358
1446	1447
1508	1509
1564	1565
1616	1617
1760	1761
1841	1842
1911	1912
1969	1970
2034	2035
2097	2098
2173	2174
2299	2300
2447	2448
2666	2667
2668	2669
2691	2692
2733	2734
2753	2754
2850	2851
2952	2953
3069	3070
3232	3233
3294	3295
3328	3329
3494	3495
3543	3544
3691	3692
3750	3751
3800	3801
3865	3866
3915	3916
3973	3974
4041	4042
4113	4114
4171	4172
4228	4229
4313	4314
4343	4344
4402	4403
4476	4477
4578	4579
4640	4641
4728	4729
4796	4797
4916	4917
4973	4974
5056	5057
5130	5131
5260	5261
5327	5328
5386	5387
5435	5436
5514	5515
5620	5621
5707	5709
5714	5715
5779	5780
5836	5837
5879	5880
5915	5916
6058	6059
6114	6115
6259	6260
6324	6325
6371	6372
6433	6434
6579	6580
6610	6611
6740	6741
6797	6798
6839	6840
6917	6919
7025	7026
7108	7109
7232	7233
7364	7365
7444	7445
7681	7682
7856	7857
8023	8024
8203	8204
8280	8281
8370	8371
8655	8656
8802	8803
8853	8854
9168	9169
9252	9253
9348	9349
9443	9444
9550	9551
9609	9610
9666	9667
9744	9745
9788	9789
9859	9860
9895	9896
9975	9976
10003	10004
10065	10066
10090	10091
10160	10161
10710	10711
10774	10775
10866	10867
10954	10955
11110	11111
11238	11239
11470	11471
11561	11562
11614	11615
11713	11714
11986	11987
12062	12063
12146	12147
12218	12219
12310	12311
12408	12409
12571	12572
12745	12746
13089	13090
13196	13197
13306	13307
13400	13401
13461	13462
13532	13533
13700	13701
13785	13786
13891	13892
14042	14043
14109	14110
14167	14168
14473	14474
14554	14555
14620	14621
14696	14697
14796	14797
15013	15014
15054	15055
15133	15134
15234	15235
15496	15497
15865	15866
16001	16002
16128	16129
16184	16185
16230	16231
16283	16284
16387	16388
16408	16409
16579	16580
16689	16690
16802	16803
17022	17023
17087	17088
17130	17131
17192	17193
17275	17276
17357	17358
17489	17490
17638	17639
17650	17651
17757	17758
17808	17809
17842	17843
17904	17905
17965	17966
17994	17995
18036	18037
18121	18122
18169	18170
18214	18215
18427	18428
18453	18454
18495	18496
18710	18711
18911	18912
19006	19007
19105	19106
19109	19110
19255	19256
19712	19713
