12	15
45	47
156	157
220	221
273	274
315	316
358	359
426	427
458	459
488	489
529	530
572	573
620	621
706	707
1112	1113
1152	1153
1192	1193
1255	1256
1331	1332
1382	1383
1429	1430
1530	1531
1654	1655
1797	1798
1882	1883
1983	1984
2130	2131
2245	2246
2319	2320
2416	2417
2488	2489
2575	2576
2622	2623
2670	2671
2801	2802
2889	2890
2980	2981
3082	3083
3441	3442
3585	3586
3697	3698
4061	4062
4179	4180
4257	4258
4336	4337
4497	4498
4679	4680
4824	4825
4903	4904
5030	5031
5135	5136
5258	5259
5469	5470
5663	5664
6016	6017
6131	6132
6230	6231
6271	6272
6358	6359
6542	6543
6715	6716
7161	7162
7366	7367
7469	7470
7476	7477
7563	7564
7746	7747
7914	7915
7920	7921
8186	8187
8320	8322
8591	8592
8723	8724
8840	8841
8857	8858
9064	9065
9309	9311
9495	9496
9692	9693
9789	9790
9944	9945
10053	10054
10186	10187
10295	10296
10467	10468
10555	10556
10567	10568
10584	10585
10592	10593
10608	10609
