24	25
38	39
52	53
65	66
79	80
96	97
111	112
120	121
125	127
132	133
146	147
154	155
166	167
175	176
191	192
194	195
196	197
210	211
225	226
237	238
253	254
265	266
270	271
280	281
286	287
299	300
339	340
346	347
524	525
565	566
603	604
644	645
693	694
720	721
742	743
785	786
823	824
871	872
895	896
934	935
970	971
994	995
1013	1014
1031	1032
1050	1051
1071	1072
1091	1093
1148	1149
1188	1189
1227	1228
1285	1286
1323	1324
1338	1339
1340	1341
1344	1345
1363	1364
1455	1456
1493	1494
1547	1548
1822	1823
1878	1879
1895	1896
1919	1920
2018	2019
2127	2128
2693	2694
2760	2761
2790	2791
2838	2839
2906	2907
2994	2995
3044	3045
3130	3132
3187	3188
4260	4261
4317	4318
4381	4382
4445	4446
4485	4486
4610	4611
4640	4641
4688	4689
4746	4747
4784	4785
4889	4890
5036	5037
5111	5112
5143	5144
5262	5263
5356	5357
5786	5787
5843	5844
5905	5906
5988	5989
6138	6139
6540	6541
6703	6705
6819	6821
6823	6824
7342	7343
7496	7497
7581	7582
7630	7631
7714	7715
7827	7828
7884	7886
7962	7963
8030	8031
8119	8120
8202	8203
8256	8257
8343	8344
8410	8411
8540	8541
8586	8587
8661	8662
8738	8739
8814	8815
8868	8869
8936	8937
8980	8981
9024	9025
9141	9142
9529	9530
9585	9586
9641	9642
9689	9690
9737	9738
9760	9761
9829	9830
9862	9863
9907	9908
9987	9988
10132	10133
10149	10150
10183	10184
10224	10225
10264	10265
10302	10303
10343	10344
10422	10423
10460	10462
10501	10502
10559	10560
10638	10639
10697	10698
10738	10739
10758	10759
10791	10792
10811	10812
10844	10845
10943	10944
11036	11037
11107	11108
11196	11197
11279	11280
11368	11369
11444	11445
11580	11581
11625	11626
11660	11661
11696	11697
11725	11726
11771	11772
11827	11828
11865	11866
11922	11923
12007	12008
12068	12069
12163	12164
12210	12211
12254	12255
12366	12367
12459	12460
13076	13077
13243	13244
13314	13315
13397	13398
13472	13473
13531	13532
13572	13573
13633	13634
13871	13872
13920	13921
13964	13965
14060	14061
14388	14389
14575	14576
14641	14642
14728	14729
14820	14821
14858	14859
14913	14914
14969	14970
15005	15006
15042	15043
15097	15098
15152	15153
15173	15174
15226	15227
15263	15264
15286	15287
15300	15301
15319	15320
15337	15338
15374	15375
15393	15394
15427	15428
15518	15519
15559	15560
15669	15670
15706	15707
15729	15730
15743	15744
15779	15780
15817	15818
15852	15853
15870	15871
15892	15893
15927	15928
15964	15965
16001	16002
16020	16021
16037	16038
16076	16077
16130	16131
16191	16192
16244	16245
16272	16273
16381	16382
16431	16432
16453	16454
16495	16496
16525	16526
16754	16755
16932	16933
17000	17001
17005	17006
17182	17183
17216	17217
17246	17247
17268	17269
17322	17323
17342	17343
17415	17416
17480	17481
17501	17502
17543	17544
17564	17565
17611	17612
17627	17628
17656	17657
17706	17707
17752	17753
17920	17921
17984	17985
18110	18111
18166	18167
18288	18289
18360	18361
18444	18445
18506	18507
18568	18569
18632	18633
18660	18661
18706	18707
18712	18713
18796	18797
18823	18824
18871	18872
18933	18934
18998	19000
19172	19173
19244	19245
19359	19360
19421	19422
19498	19499
19574	19575
19628	19629
19684	19685
19739	19740
19877	19878
19933	19934
20100	20101
20164	20165
20215	20216
20294	20295
20365	20366
20420	20421
20505	20506
20583	20584
20646	20647
20704	20705
20770	20771
20894	20895
21020	21021
21104	21105
21170	21171
21219	21220
21336	21337
21497	21498
21640	21641
21691	21692
22222	22223
22351	22352
22423	22424
22493	22494
22566	22567
22572	22573
22660	22661
22722	22723
22855	22856
22901	22902
22988	22989
23061	23062
23203	23204
23288	23289
23479	23480
23579	23580
23643	23644
23686	23687
23753	23754
23783	23784
23877	23878
23908	23910
23917	23919
24041	24042
24074	24075
24215	24216
24263	24264
24331	24332
24445	24446
24524	24525
24910	24911
25024	25025
25179	25180
25230	25231
25301	25302
25363	25364
25459	25460
25524	25525
25562	25563
25751	25752
25976	25977
26109	26110
26168	26169
26264	26265
26396	26397
26492	26493
26823	26824
26983	26984
27047	27048
27115	27116
27165	27166
27213	27214
27272	27273
27323	27326
27391	27392
27448	27450
27483	27484
27535	27536
27584	27585
27644	27645
27727	27728
27804	27805
27886	27887
27965	27966
28071	28072
28462	28463
28580	28581
28663	28664
28840	28841
29042	29043
29121	29122
29188	29189
29259	29260
29330	29331
29470	29471
29546	29547
29932	29933
29963	29964
30020	30021
30058	30059
30117	30118
30175	30176
30295	30296
30375	30376
30446	30447
30504	30505
30580	30581
30616	30617
30634	30635
30653	30654
30710	30711
30750	30751
30789	30790
30829	30830
30909	30910
30947	30948
31073	31074
31701	31702
31758	31759
31784	31785
31842	31843
31885	31886
31912	31913
31944	31945
31971	31972
32013	32014
32040	32042
32069	32070
32152	32153
32169	32170
32201	32202
32212	32213
32227	32228
32299	32300
32370	32371
32392	32393
32418	32419
32463	32464
32493	32495
32542	32543
32584	32585
32612	32613
32639	32640
32753	32754
32811	32812
32866	32867
32903	32904
32963	32964
33015	33016
33094	33096
33138	33139
33166	33167
33203	33204
33222	33223
33278	33279
33351	33352
33361	33362
33391	33392
33404	33405
33451	33452
33570	33571
33694	33695
33762	33763
33815	33816
33870	33871
33931	33932
33972	33973
34028	34029
34094	34095
34129	34130
34206	34209
34384	34385
34722	34723
34763	34764
34800	34801
34839	34840
34868	34869
34900	34901
34955	34956
35004	35005
35044	35045
35095	35096
35170	35171
35213	35214
35278	35279
35331	35332
35459	35460
35628	35629
35685	35686
35721	35722
35749	35750
35781	35782
35800	35801
35822	35823
35842	35843
35863	35864
35879	35880
35885	35886
35974	35975
36057	36058
36109	36110
36190	36191
36252	36253
36284	36285
36355	36356
36376	36377
36395	36396
36431	36432
36438	36439
36445	36446
36495	36496
36533	36534
36655	36656
36720	36721
36815	36816
36953	36954
37127	37128
37419	37420
37473	37474
37791	37792
37837	37838
37924	37925
37962	37963
38005	38006
38075	38076
38122	38123
38166	38167
38718	38719
38801	38802
38839	38840
38882	38883
38969	38970
39439	39440
39498	39499
39624	39625
39670	39671
39713	39714
39776	39777
39829	39830
39900	39901
39915	39916
39921	39922
39929	39930
39936	39937
39948	39949
39960	39961
39980	39981
40056	40057
40186	40187
40223	40224
40314	40315
40572	40573
40735	40736
40805	40807
40899	40900
41145	41146
41236	41238
41372	41373
41460	41461
41521	41522
41602	41603
41610	41611
41995	41996
42035	42036
42079	42080
42139	42140
42313	42314
42356	42357
42398	42399
42450	42451
42491	42492
42545	42546
42609	42610
42662	42663
42702	42703
42772	42773
42919	42920
43194	43195
43276	43277
43326	43327
43390	43391
43456	43457
43491	43492
43535	43536
43579	43582
43619	43620
43656	43657
43707	43708
43734	43735
43795	43796
43843	43844
43876	43877
43911	43912
43970	43971
44072	44073
44185	44186
44279	44280
44486	44487
44571	44572
44866	44868
44873	44874
44923	44924
45005	45006
45244	45245
45352	45353
45410	45411
45454	45455
45582	45583
45716	45717
45757	45758
45857	45858
46230	46231
46373	46374
46527	46528
46587	46588
46658	46659
46737	46738
46803	46804
47250	47251
47353	47354
47543	47544
47603	47604
47633	47634
47756	47757
47933	47934
48286	48287
48341	48342
48404	48405
48433	48434
48463	48464
48522	48523
48573	48574
48649	48650
48680	48681
48682	48683
48723	48724
48741	48742
48796	48797
48840	48841
48900	48901
49369	49370
49390	49391
49441	49442
49467	49468
49626	49627
49645	49646
49672	49673
49713	49714
49799	49800
50253	50254
50318	50319
50401	50402
50510	50511
50618	50619
50667	50668
50703	50704
50763	50764
50863	50864
50901	50902
50944	50945
50998	50999
51057	51058
51117	51118
51183	51184
51235	51236
51272	51273
51325	51326
51384	51385
51468	51469
51959	51960
51980	51981
51999	52000
52019	52020
52095	52096
52173	52174
52260	52261
52326	52327
52400	52401
52447	52448
52527	52528
52583	52584
52692	52693
52831	52832
52869	52870
52947	52948
52999	53000
53065	53066
53086	53087
53207	53208
53265	53266
53313	53314
53349	53350
53415	53416
53616	53617
53692	53693
53746	53747
53788	53789
53862	53863
53894	53895
53916	53917
54000	54001
54043	54044
54101	54102
54159	54160
54202	54203
54251	54252
54317	54318
54382	54383
54488	54489
54599	54600
54654	54655
54683	54684
54736	54737
54774	54775
54837	54838
54894	54895
55008	55009
55101	55102
55252	55253
55709	55710
55834	55835
56016	56017
56129	56130
56166	56167
56195	56196
56236	56237
56313	56314
56457	56458
56523	56524
56573	56574
56602	56603
56619	56620
56667	56668
56734	56735
56839	56840
57135	57136
57273	57274
57644	57645
57670	57671
57758	57759
57819	57820
57828	57829
57905	57906
57992	57993
58043	58044
58073	58074
58231	58232
58323	58324
58350	58351
58405	58406
58502	58503
58557	58558
58623	58624
58677	58678
58781	58782
58894	58895
58989	58990
59038	59039
59069	59070
59117	59118
59162	59163
59237	59238
59307	59308
59379	59380
59470	59471
59587	59588
59632	59633
59687	59688
59817	59818
59937	59938
60084	60085
60180	60181
60246	60247
60285	60286
60424	60425
60510	60511
60605	60606
60677	60678
60731	60732
60785	60786
60858	60859
60936	60937
60987	60988
61012	61013
61018	61019
61086	61087
61126	61127
61169	61170
61220	61221
61307	61308
61360	61361
61414	61415
61477	61478
61515	61516
61574	61575
61627	61628
61695	61696
61734	61735
61773	61774
61813	61814
61855	61856
61898	61899
61975	61976
62016	62017
62095	62096
62131	62132
