4	6
1299	1300
2077	2078
2190	2191
2867	2868
3350	3351
3525	3526
3873	3874
3923	3924
4102	4103
4104	4105
4252	4253
4308	4309
4597	4599
4712	4713
5035	5036
5175	5176
5431	5432
5437	5438
7457	7458
7865	7866
8219	8220
8576	8577
8778	8779
9200	9201
9337	9338
9725	9726
9867	9868
9900	9901
10303	10304
10814	10815
10974	10976
11311	11312
11772	11773
12237	12238
12693	12694
13249	13250
13456	13457
13785	13786
13904	13905
14309	14310
14702	14703
14913	14914
15515	15516
15812	15813
16250	16251
16252	16253
16364	16365
16366	16367
16686	16687
17017	17018
18025	18027
