374	375
701	702
1491	1492
1757	1758
2089	2090
2186	2187
2260	2261
2343	2344
2454	2455
2498	2499
2673	2674
2898	2899
3026	3027
3165	3166
3206	3207
3464	3465
3796	3797
3941	3942
4379	4380
4628	4629
5300	5301
5494	5495
5585	5586
5627	5628
5796	5797
6009	6010
6144	6145
6411	6412
6545	6546
6666	6667
7019	7020
7206	7207
7289	7290
7402	7403
7596	7597
7611	7613
7848	7849
7889	7890
7997	7998
8131	8132
8255	8256
8313	8314
8452	8453
8537	8538
8631	8632
8709	8710
8796	8797
8870	8871
8952	8953
9052	9053
9235	9236
9351	9352
9473	9474
9556	9557
9629	9630
9688	9689
9788	9789
9850	9851
9913	9914
9979	9980
10030	10031
10095	10096
10097	10098
10158	10159
10258	10259
10415	10416
10580	10581
11069	11070
11189	11190
11305	11306
11357	11358
11881	11882
12364	12365
12480	12481
12546	12547
12809	12810
12909	12910
13030	13031
13125	13126
13396	13397
13522	13523
13660	13661
14858	14860
15168	15169
15355	15356
16189	16190
16265	16266
16316	16317
16332	16333
16354	16355
16391	16392
16394	16395
16397	16398
16400	16401
16403	16404
16406	16407
16409	16410
16412	16413
16415	16416
16418	16419
16421	16422
16424	16425
16427	16428
16430	16431
16451	16452
16877	16878
17014	17015
17225	17226
18046	18047
18376	18377
18740	18741
19511	19512
20145	20146
20353	20355
20534	20535
20752	20753
20983	20984
21740	21741
21935	21936
22103	22104
22424	22425
22672	22673
22847	22848
22997	22998
23221	23222
23497	23498
23731	23732
23796	23797
23980	23981
24537	24538
25084	25085
25218	25219
25298	25299
25525	25526
25761	25762
26330	26331
26505	26506
26533	26534
26617	26618
26833	26834
26896	26897
26993	26994
27202	27203
27240	27241
27317	27319
27322	27324
27339	27341
27348	27350
27363	27365
27418	27419
27432	27433
27451	27452
27564	27565
27692	27693
28684	28685
29345	29346
29779	29780
30059	30060
30361	30362
30503	30504
30663	30664
31141	31142
31461	31462
31637	31638
31728	31729
31799	31801
32287	32288
32586	32587
32833	32834
32948	32951
32952	32953
32999	33000
33070	33072
33258	33261
33706	33707
33756	33757
33836	33837
33898	33899
34072	34073
34217	34218
34346	34347
34511	34512
34566	34567
34640	34641
34768	34769
34858	34859
34923	34924
35159	35160
35240	35241
35349	35350
35385	35386
35608	35609
35640	35641
35682	35683
35751	35753
35778	35779
35948	35949
35950	35951
35989	35990
36672	36673
37031	37032
37129	37130
37279	37280
37326	37327
37459	37460
37752	37753
37932	37933
38286	38287
38493	38494
39803	39804
39838	39839
39876	39877
39901	39902
39923	39924
39976	39977
40027	40028
40069	40070
40101	40102
40135	40136
40164	40165
40202	40203
40255	40256
41145	41146
41389	41390
41471	41472
41638	41639
41649	41650
41671	41672
41696	41697
41722	41723
41757	41758
41779	41780
41810	41811
42041	42042
42117	42118
42209	42210
42261	42262
42334	42335
42452	42453
42537	42538
42736	42737
42750	42751
42804	42805
42842	42843
42924	42925
42969	42970
43132	43133
43456	43459
43747	43749
43831	43832
43911	43912
43967	43968
44498	44499
44670	44671
44750	44751
44794	44795
44875	44876
45278	45279
45489	45490
45606	45607
45642	45643
45714	45716
45788	45789
45867	45868
45958	45959
46083	46084
46142	46143
46300	46301
46644	46645
47740	47741
48256	48257
48493	48494
48682	48683
48882	48883
49193	49194
49349	49350
49644	49645
50002	50003
50223	50224
50322	50323
50461	50462
50622	50623
50693	50694
50747	50748
50919	50920
51007	51008
51350	51351
51415	51416
51475	51476
51555	51556
51622	51623
51771	51772
52439	52440
52509	52510
52559	52560
52651	52652
52713	52714
52801	52802
52872	52873
52968	52969
53019	53020
53109	53110
53125	53126
53137	53138
53282	53283
53446	53447
53472	53473
53494	53495
53509	53510
53525	53526
53537	53538
53548	53549
53558	53559
53567	53568
53577	53578
53584	53585
53590	53591
53596	53597
53607	53608
53612	53613
53617	53618
53621	53622
53624	53625
53727	53728
53758	53759
53780	53781
53836	53837
53862	53863
53944	53945
54060	54061
54657	54658
55096	55097
55205	55206
55320	55321
55350	55351
55398	55399
55431	55432
55471	55472
55588	55589
55715	55716
55842	55843
55938	55939
56009	56010
56046	56047
56311	56312
56545	56549
56562	56563
56572	56573
56601	56602
56655	56656
56784	56785
56886	56887
57255	57256
57583	57584
57963	57964
58279	58280
58402	58403
58612	58613
58799	58800
59099	59100
59299	59300
59428	59429
60427	60429
60489	60490
60705	60706
60939	60940
60955	60956
60958	60959
60983	60984
60986	60987
60988	60989
61051	61052
61345	61346
61387	61388
61427	61428
61461	61462
61503	61504
