56	57
110	111
171	172
184	185
226	227
306	307
338	339
368	369
416	418
483	484
537	538
560	562
594	595
625	626
681	682
737	738
777	778
785	786
883	884
894	895
905	906
980	981
1081	1082
1121	1122
1148	1149
1188	1189
1208	1210
1213	1214
1236	1237
1245	1246
1265	1267
1270	1271
1293	1294
1301	1302
1321	1323
1326	1327
1357	1358
1414	1415
1475	1476
1552	1553
1584	1585
1635	1636
1716	1717
1722	1723
1785	1786
1839	1840
1894	1895
1980	1981
2005	2007
2065	2066
2123	2124
2203	2204
2288	2289
2318	2319
2372	2373
2378	2379
2428	2429
2490	2491
2553	2554
2610	2612
2667	2668
2724	2725
2783	2784
2847	2848
2902	2903
2957	2958
3013	3014
3123	3124
3233	3234
3346	3347
3388	3389
3400	3401
3427	3428
3455	3456
3476	3477
3497	3498
3504	3505
3511	3512
3534	3535
3569	3570
3680	3681
3736	3737
3790	3792
3873	3874
3905	3906
3945	3946
4003	4004
4070	4071
4133	4134
4333	4334
4398	4399
4413	4414
4427	4428
4456	4457
4482	4483
4616	4617
