50	51
293	294
376	377
454	455
533	534
572	573
626	627
671	672
745	746
786	787
890	891
964	965
1008	1009
1092	1093
1149	1150
1214	1215
1285	1286
1347	1348
1410	1411
1481	1482
1529	1530
1583	1584
1635	1636
1755	1756
1769	1770
1798	1800
1851	1852
1907	1908
1947	1948
2012	2013
2055	2056
2110	2111
2115	2116
2163	2164
2211	2212
2251	2253
2280	2281
2295	2297
2360	2361
2425	2426
2476	2477
2489	2491
2529	2530
2568	2569
2635	2637
2670	2671
2744	2745
2783	2785
2835	2836
2862	2863
2888	2889
2912	2913
2937	2938
2985	2986
3038	3039
3094	3095
3149	3150
3227	3228
3244	3245
3287	3288
3321	3322
3346	3347
3360	3361
3373	3374
3383	3384
3436	3437
3473	3475
3478	3479
3526	3527
3553	3556
3579	3580
3608	3609
3644	3645
3659	3660
3693	3694
3712	3713
3724	3725
3761	3763
3764	3765
3766	3767
3800	3801
3865	3866
3906	3907
3954	3955
3966	3967
4006	4007
4070	4072
4147	4148
4199	4200
4250	4251
4312	4313
4480	4482
4626	4629
4688	4689
4828	4829
4894	4895
5108	5109
5175	5176
5251	5252
5304	5305
5405	5406
5457	5458
5504	5505
5556	5557
5608	5609
5699	5700
5712	5713
5760	5761
5803	5804
5835	5836
5868	5869
5892	5893
5928	5929
5970	5971
5981	5982
6019	6020
6044	6045
6063	6064
6099	6100
