12	14
55	56
78	79
94	95
136	137
329	330
348	349
380	381
385	386
400	401
460	462
587	588
589	590
592	594
761	762
769	770
775	777
898	899
913	914
1065	1066
1214	1215
1328	1329
1330	1331
1336	1337
1351	1352
1360	1361
1438	1440
1582	1585
1922	1923
2124	2125
2197	2198
2286	2287
2508	2509
2649	2650
2767	2768
2907	2908
3196	3197
3284	3286
3365	3366
3433	3434
3523	3524
3569	3570
3728	3729
3869	3870
3997	3998
4348	4349
4517	4518
4673	4674
4793	4794
4952	4953
5023	5024
5342	5343
5432	5433
5440	5441
5443	5444
5664	5665
5965	5966
6105	6106
6193	6194
6242	6243
6396	6397
6402	6403
6404	6405
6520	6521
6554	6555
6587	6588
6643	6644
6688	6689
6875	6878
6979	6980
7102	7103
7309	7310
7556	7557
7732	7733
7863	7864
7901	7902
7942	7943
7971	7972
8025	8026
8085	8086
8110	8111
8294	8295
8832	8833
