0	450
451	498
499	1008
1009	1107
1108	1274
1275	1390
1391	1509
1510	1706
1707	1773
1774	1885
1886	2424
2425	2511
2512	2695
2696	2875
2876	3056
3057	3140
3141	3566
3567	3637
3638	3692
3693	3746
3747	3861
3862	4029
4030	4221
4222	4280
4281	4496
4497	4626
4627	4792
4793	4957
4958	5054
5055	5202
5203	5288
5289	5499
5500	5814
5815	6035
6036	6114
6115	6194
6195	6261
6262	6423
6424	6586
6587	6647
6648	6736
6737	6830
6831	6978
6979	7182
7183	7723
7724	7865
7866	8013
8014	8255
8256	8382
8383	8786
8787	8991
8992	9489
9490	9662
9663	9851
9852	9988
9989	10049
10050	10199
10200	10390
10391	10576
10577	10735
10736	10918
10919	11021
11022	11104
11105	11227
11228	11682
11683	11775
11776	11889
11890	12176
12177	12345
12346	12428
12429	12780
12781	12882
12883	13042
13043	13310
13311	13612
13613	13935
13936	14389
14390	14484
14485	14645
14646	14711
14712	14895
14896	15067
15068	15199
15200	15285
15286	15416
15417	16127
16128	16233
16234	16353
16354	16492
16493	17006
17007	17049
17050	17173
17174	17244
17245	17342
17343	17782
17783	17960
17961	18006
18007	18254
18255	18432
18433	18529
18530	18620
18621	18718
18719	18938
18939	19694
19695	19811
19812	19938
19939	20017
20018	20103
20104	20400
20401	20487
20488	22444
