0	170
171	401
402	497
498	624
625	720
721	822
823	878
879	966
967	1370
1371	1507
1508	1990
1991	2285
2286	2973
2974	3022
3023	3154
3155	3226
3227	3321
3322	3334
3335	3355
3356	3372
3373	3398
3399	3441
3442	3458
3459	3510
3511	3578
3579	3706
3707	3766
3767	4142
4143	4294
4295	4322
4323	4425
4426	4442
4443	4615
4616	4691
4692	4725
4726	5120
5121	5393
5394	5557
5558	5604
5605	5653
5654	5777
5778	6009
6010	6067
6068	6089
6090	6112
6113	6137
6138	6155
6156	6205
6206	6236
6237	6273
6274	6294
6295	6309
6310	6329
6330	6393
6394	6409
6410	6445
6446	6476
6477	6502
6503	6528
6529	6553
6554	6577
6578	6669
6670	6819
6820	6865
6866	6917
6918	6942
6943	7001
7002	7016
7017	7029
7030	7050
7051	7073
7074	7104
7105	7129
7130	7150
7151	7213
7214	7239
7240	7309
7310	7333
7334	7349
7350	7501
7502	7562
7563	7596
7597	7637
7638	7658
7659	7686
7687	7733
7734	7749
7750	7764
7765	7857
7858	7879
7880	7905
7906	7932
7933	7955
7956	7988
7989	8053
8054	8066
8067	8082
8083	8098
8099	8119
8120	8133
8134	8174
8175	8247
8248	8348
8349	8390
8391	8405
8406	8439
8440	8455
8456	8468
8469	8540
8541	8577
8578	8603
8604	8628
8629	8650
8651	8679
8680	8704
8705	8726
8727	8754
8755	8804
8805	8901
8902	8925
8926	8951
8952	8975
8976	9230
9231	9284
9285	9586
9587	12577
12578	12769
