186	187
277	278
364	365
368	369
440	441
494	495
570	571
640	642
663	665
766	768
791	793
908	909
976	977
1047	1048
1101	1102
1189	1190
1268	1269
1558	1559
1620	1621
1724	1725
1743	1744
1788	1789
1833	1834
1880	1881
1912	1913
1948	1949
1997	1998
2103	2104
2237	2238
2293	2294
2347	2348
2423	2424
2591	2592
2788	2789
2891	2892
3134	3135
3334	3335
3442	3443
3541	3542
3657	3658
3799	3800
3894	3895
3930	3932
4234	4235
4424	4425
4702	4703
4895	4896
5011	5012
5108	5109
5202	5203
5353	5354
5473	5474
5551	5552
5638	5639
5734	5735
5844	5845
5899	5900
6049	6050
6120	6121
6174	6175
6229	6230
6262	6264
6372	6373
6461	6462
6481	6482
6553	6554
6715	6716
