53	55
400	401
434	435
485	486
573	574
646	647
693	694
720	721
761	762
819	820
1079	1080
1126	1127
1169	1170
1216	1218
1269	1270
1375	1376
1377	1378
1385	1386
1387	1388
1430	1431
1463	1464
1521	1522
1564	1565
1625	1626
1691	1692
1781	1782
1800	1801
1839	1840
1874	1875
1900	1901
1934	1935
1947	1948
1976	1977
2010	2011
2040	2041
2074	2075
2230	2231
2280	2281
2283	2284
2361	2362
2419	2420
2487	2488
2535	2536
2581	2582
2686	2687
2737	2738
2825	2826
2898	2899
2945	2946
2967	2970
2972	2973
3013	3014
3090	3091
3140	3141
3165	3166
3281	3282
3391	3392
3464	3465
3595	3596
3694	3695
3711	3712
3721	3722
3736	3737
3747	3748
3757	3758
3767	3768
3777	3778
3791	3792
3805	3806
3816	3817
3828	3829
3846	3847
3858	3859
3872	3873
3881	3882
3894	3895
3908	3909
3925	3926
3942	3943
3970	3971
4234	4235
4414	4415
4659	4660
4752	4753
4787	4788
4812	4813
4833	4834
4847	4848
4862	4863
4892	4893
4924	4925
4960	4964
4972	4973
4996	4997
5215	5216
5285	5286
5350	5351
5389	5390
5424	5425
5465	5466
5515	5516
5519	5520
5528	5529
5539	5540
5547	5548
5556	5557
5573	5574
5590	5591
5614	5615
5681	5682
5734	5735
5757	5758
5776	5777
5855	5856
5926	5927
5973	5974
6007	6008
6141	6142
6185	6186
6231	6232
6281	6282
6300	6301
6343	6344
6373	6374
6401	6402
6440	6441
6570	6571
6659	6660
6751	6752
6826	6827
6864	6865
6892	6893
6939	6940
7016	7017
7110	7111
7157	7158
7200	7201
7250	7251
7308	7309
7368	7369
7469	7470
7574	7575
7647	7648
7697	7698
7807	7808
7907	7908
7988	7989
8102	8103
8227	8228
8374	8375
8512	8513
8592	8593
8711	8712
8769	8770
8864	8865
8991	8992
9077	9078
9188	9189
9279	9280
9636	9637
9728	9729
9814	9815
9925	9926
10033	10034
10132	10133
10234	10235
10259	10260
10320	10321
10363	10364
10400	10401
10475	10476
10555	10556
10620	10621
10708	10709
10800	10801
10878	10879
10953	10954
11011	11012
11103	11104
11195	11196
11263	11264
11336	11337
11479	11480
11562	11563
11660	11661
11741	11742
11920	11921
12014	12015
12093	12094
12161	12162
12202	12203
12254	12255
12313	12314
12332	12333
12342	12343
12357	12358
12368	12369
12378	12379
12388	12389
12398	12399
12412	12413
12426	12427
12437	12438
12449	12450
12467	12468
12479	12480
12493	12494
12502	12503
12515	12516
12529	12530
12546	12547
12563	12564
12590	12591
12592	12593
12624	12625
12685	12686
12713	12714
12748	12749
12763	12764
12779	12780
12809	12810
12847	12848
12873	12874
12907	12908
12949	12950
13027	13028
13068	13069
13108	13109
13147	13148
13159	13160
13179	13180
13224	13227
13230	13231
13246	13247
13266	13267
13286	13287
13306	13307
13350	13351
13378	13379
13424	13425
13457	13458
13476	13477
13493	13494
13536	13537
13561	13562
13576	13577
13617	13618
13655	13656
13700	13701
13710	13711
13720	13721
13728	13729
13730	13731
13738	13739
13740	13741
13763	13764
13816	13817
13863	13864
13906	13907
14154	14155
14382	14383
14873	14875
15399	15400
15446	15447
15489	15490
15528	15529
15605	15606
15673	15674
15733	15734
15791	15792
15941	15942
16134	16135
16175	16176
16241	16242
16363	16364
16408	16409
16546	16547
16614	16615
16653	16654
16735	16736
16815	16816
16880	16881
16966	16967
17032	17033
17315	17316
17424	17425
17613	17614
17729	17730
17857	17858
17931	17932
18275	18276
18347	18348
18463	18464
18566	18567
18769	18770
18943	18944
19027	19028
19084	19085
19216	19217
19242	19243
19552	19553
19718	19719
19967	19968
20194	20195
20544	20545
20769	20770
21019	21020
21224	21225
21519	21520
21554	21555
21695	21696
21808	21809
22003	22004
22148	22149
22349	22350
22536	22537
22594	22595
22733	22734
23083	23084
23456	23457
23616	23617
23707	23708
23884	23885
24069	24070
24394	24395
24623	24624
24670	24671
24713	24714
25218	25219
25407	25408
25587	25588
25792	25793
25883	25884
