61	63
74	75
163	165
247	248
307	308
579	580
790	793
980	981
1231	1233
1533	1534
1962	1963
1967	1969
2196	2198
2218	2219
2330	2332
2925	2927
3111	3113
3133	3135
3260	3261
3282	3284
3522	3525
3952	3954
4017	4019
4060	4061
4083	4085
4257	4259
4534	4535
4616	4617
4638	4641
4857	4858
5072	5075
5275	5277
5382	5385
5674	5676
6016	6018
6022	6024
6677	6678
6698	6701
6943	6945
7620	7623
7686	7688
7859	7861
8790	8791
9137	9138
9650	9652
10747	10748
10749	10751
10834	10837
10879	10882
10996	10998
11321	11323
11436	11438
11483	11485
11829	11831
12040	12041
13031	13033
13200	13201
13562	13568
14051	14053
14175	14177
14220	14222
15033	15035
15233	15234
15268	15269
16222	16223
16319	16320
17220	17221
18181	18183
19999	20000
20737	20738
22249	22250
22260	22261
24737	24740
25338	25339
26328	26330
26631	26632
28230	28234
29098	29100
29166	29167
29619	29622
