101	102
145	146
345	346
399	400
431	432
731	733
878	880
1070	1072
1196	1199
1486	1488
1521	1522
1556	1557
1724	1725
1852	1854
2032	2033
2111	2112
2371	2372
2484	2485
2524	2525
2647	2648
2707	2708
2836	2837
2898	2899
3076	3077
3111	3112
3172	3173
3330	3333
3696	3697
3772	3773
4038	4039
4078	4079
4106	4107
4230	4231
4385	4386
4525	4528
4901	4902
4965	4967
5088	5089
5186	5188
5408	5410
5464	5465
5556	5557
5718	5720
5794	5795
5860	5861
6022	6023
6067	6068
6214	6216
6364	6368
6527	6529
6589	6590
6644	6645
6787	6788
6889	6890
7112	7113
7237	7238
7275	7276
7309	7310
7354	7355
7404	7405
7438	7441
7444	7445
7701	7703
7829	7830
7879	7881
8008	8010
8127	8128
8267	8269
8391	8395
8543	8548
8877	8878
9015	9016
9191	9192
9313	9314
9372	9373
9554	9555
9676	9677
9737	9738
9846	9849
9905	9906
10054	10055
10144	10146
10275	10276
10381	10382
10395	10396
10410	10411
10439	10440
10573	10576
10799	10803
10900	10901
11248	11251
11469	11473
11546	11549
11931	11932
