44	45
368	369
561	562
643	644
738	739
822	823
976	977
1033	1034
1073	1074
1207	1208
1341	1342
1412	1413
1534	1535
1675	1676
1797	1799
2100	2102
2183	2184
2266	2267
2372	2373
2512	2513
2688	2690
2804	2805
2942	2943
3094	3095
3163	3164
3242	3244
3330	3332
3413	3414
3581	3582
3744	3745
3881	3882
3976	3977
4115	4116
4197	4198
4367	4368
4511	4512
4601	4602
4798	4799
4988	4989
5093	5095
5176	5177
5262	5263
5322	5323
5369	5370
5459	5460
5609	5610
5764	5765
5873	5874
6013	6014
6099	6100
6280	6281
6467	6468
6561	6562
6654	6655
6763	6764
6891	6892
6981	6982
7054	7055
7098	7099
7109	7110
7177	7178
7389	7391
