124	125
193	194
290	291
408	409
508	509
650	651
757	759
898	900
939	940
985	986
1076	1077
1209	1211
1300	1301
1413	1414
1538	1539
1686	1687
1972	1973
2004	2005
2085	2086
2159	2160
2299	2300
2373	2374
2443	2444
2459	2461
2516	2517
2672	2673
2756	2758
2909	2910
2940	2941
3045	3046
3191	3192
3213	3215
3315	3316
3438	3439
3501	3502
3775	3776
3790	3791
3899	3900
4007	4008
4114	4115
4138	4139
4207	4208
4300	4301
4383	4384
4489	4490
4615	4616
4730	4731
4819	4820
4959	4960
5040	5041
5141	5142
5191	5192
5342	5343
