225	226
336	337
400	401
457	458
532	533
595	596
700	701
758	759
827	828
892	893
941	942
983	984
1044	1045
1121	1122
1176	1177
1224	1225
1281	1282
1334	1335
1401	1402
1480	1481
1549	1550
1623	1624
1685	1686
1746	1747
1815	1816
1880	1881
1930	1931
1993	1994
2041	2042
2104	2105
2229	2230
2308	2309
2377	2378
2440	2441
2505	2506
2606	2607
2674	2675
2744	2745
2860	2861
2960	2961
3043	3044
3168	3169
3257	3258
3461	3462
3534	3535
3624	3625
3728	3729
3868	3869
3932	3933
3988	3989
4082	4083
4199	4200
4285	4286
4400	4401
4504	4505
4600	4601
4683	4684
4744	4745
4856	4857
4904	4905
4988	4989
5098	5099
5178	5179
5255	5256
5378	5379
5466	5467
