40	42
240	241
462	463
689	690
826	827
973	974
1233	1234
1452	1453
1596	1597
1825	1827
1944	1945
2120	2121
2224	2225
2286	2287
2357	2358
2444	2445
2604	2605
2671	2672
2767	2768
2894	2895
3198	3199
3259	3260
3326	3327
3414	3415
3470	3471
3540	3541
3680	3681
3748	3749
3888	3889
4125	4126
4255	4256
4547	4548
4585	4586
4648	4649
4747	4749
4896	4897
5028	5029
5082	5083
5181	5182
5254	5255
5304	5305
5387	5388
5493	5494
5572	5573
5731	5732
5952	5953
6189	6191
6323	6324
6375	6376
6427	6428
6477	6478
6529	6530
6614	6615
6779	6780
6844	6845
6991	6992
7052	7053
7106	7107
7137	7138
7267	7268
7339	7340
7396	7397
7432	7433
7500	7501
7541	7542
7615	7616
7668	7669
7829	7831
