140	141
237	238
302	303
360	361
564	565
615	616
667	668
692	693
735	736
775	776
838	839
885	886
924	925
1030	1031
1057	1058
1164	1165
1237	1238
1278	1279
1331	1332
1415	1416
1453	1454
1535	1536
1613	1614
1697	1698
1769	1770
1793	1794
1850	1851
1909	1910
1926	1927
1956	1957
1992	1993
2064	2065
2569	2570
2613	2614
2691	2692
2762	2763
2809	2810
2853	2854
2863	2864
2882	2883
2894	2895
2910	2911
2918	2919
3063	3064
3090	3091
3300	3301
3573	3574
3625	3626
3650	3651
3682	3683
3717	3718
3771	3772
3811	3812
3961	3962
