8	9
50	51
54	55
100	101
108	109
199	200
287	288
397	398
457	458
522	523
587	588
620	621
667	668
713	714
725	726
783	784
832	833
879	880
934	935
987	988
1037	1038
1097	1098
1206	1207
1351	1352
1413	1414
1481	1482
1501	1502
1563	1564
1618	1619
1707	1708
1820	1821
1878	1879
1977	1978
2056	2057
2133	2134
2191	2192
2271	2272
2362	2363
2394	2395
2450	2451
2503	2504
2604	2605
2656	2657
2724	2725
2787	2789
2812	2813
2872	2873
2922	2923
2970	2971
3028	3029
3073	3074
3176	3177
3229	3230
3280	3281
3333	3334
3389	3390
3455	3456
3484	3485
3551	3552
3589	3590
3646	3647
3692	3693
3732	3733
3758	3759
3784	3785
3810	3811
3849	3850
3889	3890
4067	4068
4116	4117
4150	4151
4202	4203
4273	4274
4344	4345
4372	4373
4430	4431
4481	4482
4586	4587
4650	4651
4688	4689
4794	4795
4832	4833
4899	4900
5004	5005
5081	5082
5159	5160
5238	5239
5355	5356
5524	5526
5600	5601
5603	5604
5662	5663
5665	5666
5698	5699
5701	5702
5860	5861
