0	1
195	196
206	207
216	217
226	227
236	237
275	276
314	315
333	334
353	354
392	393
412	413
432	433
449	450
469	470
489	497
506	507
523	524
545	546
567	568
598	599
620	621
666	668
678	679
720	722
742	743
796	797
854	855
910	911
961	962
1012	1013
1107	1108
1179	1180
1198	1199
1210	1228
1239	1241
1251	1261
1283	1303
1324	1325
1334	1346
1395	1401
1432	1434
1447	1448
1476	1479
1633	1634
1755	1756
1913	1914
1974	1975
2048	2049
2136	2137
2318	2319
2365	2366
2377	2379
2410	2417
2423	2424
2472	2473
2531	2532
2606	2607
2658	2659
2695	2696
2717	2718
2735	2736
2774	2775
2813	2814
2852	2853
2892	2893
2932	2933
3037	3038
3121	3122
3138	3139
3193	3194
3277	3278
3350	3351
3469	3470
3499	3504
3513	3539
3615	3616
3695	3696
3775	3776
3947	3948
4053	4054
4134	4135
4290	4291
4433	4434
4522	4524
4695	4696
4726	4727
4768	4769
4813	4814
4849	4850
4889	4890
4935	4936
4987	4988
5027	5028
5076	5078
5124	5125
5337	5338
5350	5360
5410	5430
5886	5887
6012	6032
