0	1
416	417
445	453
463	473
625	626
714	715
734	735
804	805
867	992
1000	1001
1050	1054
1082	1083
1132	1133
1269	1270
1383	1384
1520	1521
1610	1611
1848	1905
1992	1993
2045	2046
2057	2062
2069	2073
2195	2196
2242	2243
2421	2422
2644	2645
2722	2723
3131	3205
3239	3240
3329	3330
3354	3355
3390	3391
3478	3479
3500	3501
3552	3553
3619	3620
3755	3756
3781	3782
3810	3811
3851	3852
3900	3915
4030	4031
4238	4239
4473	4542
4699	4700
4718	4719
4802	4809
5266	5278
5285	5286
5345	5350
5362	5363
5369	5370
5376	5388
5395	5396
5507	5508
