0	30
557	563
580	581
701	702
721	727
733	738
746	763
800	806
823	833
1204	1206
1212	1213
1248	1250
1266	1269
1286	1289
1295	1298
1311	1314
1353	1360
1371	1380
1580	1586
1644	1650
1663	1677
1838	1843
1888	1890
2107	2123
2351	2352
2472	2473
2555	2561
2578	2584
2785	2787
2816	2817
2875	2876
2983	2985
3055	3062
3187	3193
3240	3250
3306	3307
3478	3480
3492	3495
3598	3604
3619	3631
3824	3832
3858	3859
3972	3976
4028	4034
4041	4042
4052	4058
4806	4812
4822	4823
4830	4836
5037	5043
5060	5066
5118	5119
5217	5225
5279	5280
5374	5375
5401	5409
6081	6087
6135	6141
6296	6302
6320	6326
6567	6568
6688	6689
6812	6818
6834	6843
6869	6877
6883	6892
