0	1
131	132
501	502
993	994
1154	1155
1212	1213
1634	1635
1737	1738
1855	1856
1926	1927
1956	1957
2106	2107
2292	2293
2467	2468
2691	2692
2773	2774
3233	3234
4671	4672
5350	5351
5615	5616
5747	5748
5866	5867
6181	6182
6340	6341
6419	6420
6532	6533
6558	6559
6693	6694
6773	6774
6815	6816
6856	6857
6974	6975
7113	7114
7269	7270
7546	7547
7786	7787
7976	7977
8060	8061
8139	8140
8342	8343
8440	8441
8601	8602
8902	8903
8952	8953
9136	9137
9366	9367
10015	10016
10136	10137
10301	10302
10402	10403
10515	10516
10593	10594
10963	10964
11064	11065
11168	11169
11227	11228
11632	11633
12048	12049
12340	12341
12466	12467
12529	12530
12603	12606
12629	12630
12721	12722
12808	12809
12983	12984
13156	13157
13338	13339
13516	13517
13608	13609
13790	13791
13930	13931
14000	14001
14106	14107
14337	14338
14407	14408
14501	14502
14763	14764
14959	14960
15049	15050
15197	15198
15989	15990
16215	16216
16460	16461
16949	16950
17072	17073
17322	17323
17421	17422
17482	17483
18091	18092
18160	18163
18221	18222
18338	18339
18780	18781
18979	18980
19775	19776
20331	20332
20613	20614
20951	20952
21446	21447
21749	21750
22404	22405
22888	22889
23150	23151
23759	23760
24210	24211
25365	25366
25377	25398
