0	1
187	188
225	228
234	274
285	354
405	406
438	439
467	468
496	497
544	545
591	592
652	653
715	716
809	810
952	953
1050	1051
1123	1124
1189	1190
1248	1249
1297	1298
1386	1387
1515	1516
1665	1666
1761	1762
1822	1823
1879	1880
1969	1970
2004	2005
2105	2106
2161	2162
2210	2211
2242	2243
2286	2287
2482	2483
2533	2534
2605	2606
2683	2684
2825	2826
3028	3029
3064	3065
3174	3175
3262	3263
3322	3323
3392	3393
3469	3470
3814	3815
3875	3876
3943	3944
4019	4020
4098	4099
4129	4130
4207	4208
4237	4238
4273	4274
4315	4316
4411	4412
4587	4588
4794	4795
4826	4827
4912	4913
5001	5003
5063	5064
5087	5088
5156	5157
5192	5193
5235	5236
5276	5277
5320	5321
5431	5432
5532	5533
5573	5590
5743	5744
5891	5892
5908	5909
5958	5976
6027	6051
