0	1
124	125
224	225
390	391
873	874
893	900
1000	1001
1428	1429
1838	1851
1879	1901
1914	1917
1923	1925
1935	1942
2004	2005
2014	2015
2070	2071
2103	2104
2190	2191
2213	2217
2248	2252
2412	2413
2528	2529
2703	2704
3053	3055
3072	3079
3101	3102
3333	3334
3455	3456
3503	3504
3582	3583
3707	3708
3792	3793
3865	3872
3944	3945
4097	4098
4147	4148
4217	4218
4282	4283
4408	4414
4535	4536
4643	4644
4738	4739
4939	4940
5017	5018
5069	5070
5175	5176
5189	5190
5211	5212
5734	5735
5841	5842
5927	5928
6018	6019
6189	6190
6286	6287
6354	6355
6419	6420
6676	6677
6807	6808
7074	7075
7304	7305
7350	7351
7419	7420
7519	7520
7613	7614
7724	7725
7795	7796
7922	7935
8128	8129
8136	8137
8240	8241
8325	8326
8410	8411
8495	8496
8580	8581
8665	8666
8836	8837
8987	8988
9143	9144
9263	9264
9390	9391
9471	9472
9499	9501
9562	9563
9778	9779
9850	9854
9935	9936
9964	9965
10033	10034
10119	10120
10173	10174
10204	10205
10296	10297
10775	10776
10869	10870
11487	11490
11726	11748
11761	11764
11770	11772
11782	11789
11938	11939
12086	12087
12175	12176
12300	12301
12429	12430
12437	12443
12585	12586
12718	12719
12837	12838
13057	13058
13185	13213
13313	13314
13400	13401
13534	13535
13577	13578
13600	13601
13726	13727
13844	13845
13964	13965
14049	14100
14196	14197
14269	14270
14418	14419
14436	14437
14521	14522
14615	14616
14823	14824
14895	14896
14995	14996
15043	15044
15085	15140
15154	15159
15165	15166
15174	15175
15187	15188
15213	15214
15247	15257
15263	15274
15311	15312
15330	15336
15345	15350
15363	15370
15404	15409
15415	15425
15437	15438
15463	15470
15503	15507
15516	15521
15580	15588
15598	15599
15614	15619
15630	15631
15653	15658
15673	15678
15686	15687
15700	15702
15712	15713
15755	15756
15765	15770
15829	15835
15848	15855
15864	15868
15907	15908
15936	15937
15962	15969
16002	16006
16015	16020
16079	16084
16103	16104
16111	16121
16129	16130
16142	16143
16156	16161
16172	16177
16193	16200
16217	16218
16226	16231
16251	16255
16264	16270
16328	16340
16353	16354
16363	16371
16392	16393
16404	16407
16416	16427
16435	16450
16467	16468
16476	16481
16504	16505
16514	16522
16578	16586
16610	16625
16639	16642
16652	16655
16690	16695
16704	16715
16723	16724
16755	16756
16789	16793
16802	16807
16866	16892
16902	16905
16930	16931
16944	16945
16973	16979
16998	16999
17005	17006
17025	17026
17039	17043
17052	17053
17097	17098
17114	17141
17148	17158
17166	17180
17193	17214
17222	17238
17248	17255
17263	17264
17274	17275
17291	17292
17301	17306
17365	17377
17384	17391
17398	17408
17428	17430
17443	17464
17472	17487
17496	17518
17541	17542
17560	17561
17615	17623
17633	17638
17647	17657
17665	17666
17692	17693
17702	17709
17721	17740
17747	17754
17781	17791
17797	17805
17868	17869
17875	17882
17895	17896
17902	17916
17924	17929
17937	17939
17947	17948
17956	17957
17993	17994
18003	18008
18067	18076
18102	18110
18145	18156
18165	18166
18174	18175
18206	18207
18226	18227
18243	18244
18253	18263
18317	18325
18341	18342
18349	18356
18379	18380
18394	18402
18414	18415
18423	18448
18455	18456
18475	18476
18483	18484
18492	18493
18502	18505
18543	18544
18608	18609
18624	18625
18706	18707
18716	18719
18780	18789
18815	18823
18858	18859
18874	18879
18887	18888
18953	18957
18966	18971
19030	19035
19054	19055
19064	19069
19107	19108
19136	19137
19219	19247
19256	19267
19275	19278
19289	19294
19301	19308
19341	19345
19354	19359
19390	19391
19403	19404
19448	19470
19483	19486
19492	19494
19504	19511
19610	19611
19710	19711
19795	19796
19890	19891
19975	19976
20060	20061
20145	20146
20230	20231
20315	20316
20392	20421
20477	20506
20562	20591
20678	20679
20769	20770
20861	20862
20953	20954
21045	21046
21137	21138
21229	21230
21321	21322
21413	21414
21505	21506
21597	21598
21689	21690
21781	21782
21873	21874
21965	21966
22057	22058
22149	22150
22241	22242
22425	22426
22517	22518
22609	22610
22701	22702
22793	22794
22885	22886
22977	22978
23069	23070
23161	23162
23253	23254
23345	23346
23437	23438
23529	23530
23621	23622
23713	23714
23805	23806
23897	23898
23989	23990
24081	24082
24173	24174
24265	24266
24357	24358
24449	24450
24574	24575
24777	24799
24812	24815
24821	24823
24833	24840
24935	24936
25249	25250
25437	25438
25633	25634
26152	26153
26339	26340
26561	26562
26786	26787
27011	27012
27191	27192
27430	27431
27543	27544
27655	27656
27767	27768
27879	27880
27991	27992
28103	28104
28215	28216
28327	28328
28439	28440
28551	28552
28663	28664
28775	28776
28887	28888
28999	29000
29111	29112
29223	29224
29335	29336
29447	29448
29559	29560
29669	29670
29779	29780
29889	29890
29999	30000
30109	30110
30219	30220
30329	30330
30439	30440
30549	30550
30659	30660
30769	30770
30879	30880
30989	30990
31099	31100
31224	31228
31277	31299
31312	31315
31321	31323
31333	31340
31475	31476
31797	31798
31858	31859
31891	31931
31940	31952
32090	32110
32117	32120
32132	32140
32155	32156
32365	32366
32564	32565
32796	32797
33065	33066
33265	33266
33465	33466
33603	33604
33722	33723
33925	33926
33951	33954
33960	33962
33991	33992
34001	34002
34172	34173
34282	34283
34400	34401
34513	34514
34676	34677
34848	34849
35080	35081
35281	35282
35463	35464
35477	35478
35484	35485
35503	35514
35553	35554
35705	35706
35909	35910
36145	36146
36359	36360
36582	36583
36812	36813
36980	36981
37009	37010
37016	37031
37064	37071
37307	37308
37558	37559
37859	37860
37870	37880
37889	37899
37908	37918
37927	37937
37945	37955
37964	37974
37983	37992
38002	38048
38056	38068
38075	38087
38094	38106
38112	38124
38131	38143
38150	38162
38169	38181
38187	38199
38206	38218
38225	38263
38319	38352
38360	38371
38379	38390
38398	38409
38416	38451
38463	38469
38484	38543
39088	39089
