204	205
402	403
588	589
672	673
721	722
781	782
830	831
869	870
944	945
994	995
1045	1046
1061	1062
1115	1116
1158	1159
1501	1502
1752	1753
1876	1877
1942	1943
2051	2052
2235	2236
2252	2253
2288	2289
2313	2314
2366	2367
2399	2400
2445	2446
2485	2486
2570	2571
2604	2605
2653	2654
2833	2834
2874	2875
2916	2917
2954	2955
2982	2983
3008	3009
3045	3046
3078	3079
3114	3115
3154	3155
3229	3230
3261	3262
3286	3287
3362	3363
3411	3412
3455	3456
3476	3477
3509	3510
3563	3564
3622	3623
3639	3640
3693	3694
3730	3731
3762	3763
3802	3803
3861	3862
3888	3889
3943	3944
3994	3995
4052	4053
4079	4080
4106	4107
4132	4133
4155	4156
4199	4200
4225	4226
4279	4280
4350	4351
4432	4433
4506	4507
4542	4543
4575	4576
4612	4613
4642	4643
4671	4672
4700	4701
4728	4729
4794	4795
4913	4914
4941	4942
4988	4989
5014	5015
5042	5043
5077	5078
5105	5106
5124	5125
5152	5153
5179	5180
5224	5225
5279	5280
5308	5309
5369	5370
5400	5401
5447	5448
5489	5490
5627	5628
5743	5744
5762	5763
5877	5878
5919	5920
5950	5951
5985	5986
6041	6042
6057	6058
6128	6129
6150	6151
6229	6230
6255	6256
6296	6297
6375	6376
6433	6434
6474	6475
6502	6503
6585	6586
6670	6671
6728	6729
6771	6772
6786	6787
6896	6897
7013	7014
7035	7036
7063	7064
7111	7112
7197	7198
7267	7268
7302	7303
7358	7359
7413	7414
7448	7449
7474	7475
7553	7554
7571	7572
7654	7655
7672	7673
7700	7701
7739	7740
7765	7766
7859	7860
7893	7894
7922	7923
8005	8006
8041	8042
8117	8118
8144	8145
8254	8255
8306	8307
8338	8339
8388	8389
8417	8418
8497	8498
8538	8539
8587	8588
8628	8629
8650	8651
8673	8674
8754	8755
8777	8778
8817	8818
8905	8906
8951	8952
9010	9011
9162	9163
9211	9212
9274	9275
9303	9304
9325	9326
9358	9359
9382	9383
9412	9413
9453	9454
9477	9478
9536	9537
9605	9606
9649	9650
9674	9675
9711	9712
9733	9734
9789	9790
9810	9811
9905	9906
10152	10153
10167	10168
10198	10199
10227	10228
10245	10246
10284	10285
10310	10311
10335	10336
10451	10452
10639	10640
10780	10781
10837	10838
10856	10857
10953	10954
10978	10979
11208	11209
11277	11278
11374	11375
11528	11529
11609	11610
11721	11722
11833	11834
11907	11908
12030	12031
12227	12228
12417	12418
12711	12713
12879	12880
12991	12992
