347	348
442	443
487	488
670	671
739	740
811	814
822	824
831	833
926	927
980	981
1045	1046
1100	1101
1168	1169
1202	1203
1239	1240
1276	1277
1319	1320
1353	1354
1406	1407
1480	1481
1522	1523
1546	1547
1698	1699
1746	1747
1792	1793
1956	1957
1999	2000
2041	2043
2216	2217
2264	2265
2312	2313
2489	2490
2546	2547
2723	2724
2785	2786
2879	2880
2921	2922
2977	2978
3033	3034
3071	3072
3103	3104
3281	3282
3362	3363
3473	3474
3515	3516
3570	3571
3618	3619
3722	3723
3762	3763
3807	3808
3857	3858
3901	3902
3966	3967
4036	4037
4094	4095
4129	4130
4203	4204
4260	4262
4296	4297
4323	4324
4385	4386
4414	4415
4466	4467
4520	4521
4568	4569
4633	4634
4680	4681
4713	4714
4748	4749
4813	4814
4865	4866
4928	4929
4973	4974
5004	5005
5030	5031
5043	5044
5049	5050
5059	5060
5072	5073
5085	5086
5099	5100
5152	5153
5214	5215
5290	5291
5332	5333
5375	5376
5446	5447
5656	5657
5699	5700
5736	5737
5771	5772
5806	5807
5861	5862
5924	5925
5941	5942
5960	5961
6141	6142
6190	6191
6228	6229
6267	6268
6320	6322
6392	6393
6587	6588
6691	6693
6788	6789
6935	6936
7082	7083
7142	7146
7339	7340
