9	10
11	12
13	14
24	25
28	29
34	35
65	66
146	147
190	191
392	393
398	399
422	423
564	566
631	632
647	648
737	738
774	775
803	804
850	851
901	903
910	911
913	914
937	938
971	973
975	977
984	985
1026	1027
1044	1046
1055	1056
1061	1062
1162	1163
1241	1242
1354	1355
1437	1438
1487	1488
1526	1527
1596	1597
1663	1664
1696	1697
1761	1762
1830	1831
1837	1838
1872	1873
1908	1909
1929	1930
1961	1962
2009	2010
2066	2067
2113	2114
2170	2171
2249	2250
2281	2282
2289	2290
2376	2377
2389	2390
2462	2463
2472	2473
2509	2510
2592	2593
2691	2692
2775	2776
2846	2847
2887	2888
3010	3011
3068	3069
3135	3136
3204	3205
3262	3263
3305	3306
3340	3341
3367	3368
3376	3377
3397	3398
3427	3428
3507	3508
3514	3515
3636	3637
3659	3660
3720	3721
3743	3744
3771	3772
3829	3830
3917	3918
3971	3972
4017	4018
4055	4056
4104	4105
4119	4120
4140	4141
4199	4200
4231	4232
4257	4258
4322	4323
4359	4360
4440	4441
4609	4610
4685	4688
4736	4738
4743	4745
