18	20
145	147
263	265
387	389
495	497
603	605
722	723
814	816
886	887
1947	1949
2109	2112
2284	2286
2495	2496
2642	2643
2884	2885
3028	3029
3362	3364
3596	3598
3767	3769
3962	3964
4115	4117
4317	4319
4516	4518
4667	4669
4736	4737
4978	4979
5189	5190
5352	5354
5582	5584
5758	5760
5880	5882
6097	6099
6344	6345
6522	6524
6787	6789
7008	7009
7172	7173
7323	7325
7548	7549
7586	7587
7787	7789
8002	8004
8177	8179
8421	8423
8563	8565
8801	8803
8964	8966
9100	9101
9281	9283
9507	9509
9660	9661
9832	9833
10000	10003
10156	10157
10307	10308
10494	10496
10655	10657
10723	10724
10790	10791
10931	10932
11061	11063
11226	11227
11523	11524
11909	11912
