9	10
144	145
214	215
247	248
274	275
431	432
475	476
515	516
573	574
619	620
685	686
755	756
814	815
925	926
958	959
1150	1151
1211	1212
1221	1222
1228	1229
1296	1297
1340	1341
1387	1388
1422	1423
1493	1494
1564	1565
1613	1614
2059	2060
2340	2341
2395	2396
2423	2424
2479	2480
2504	2505
2683	2684
2711	2712
2742	2743
3676	3677
3724	3725
3781	3782
3857	3858
3906	3907
4061	4062
4096	4097
4160	4161
4193	4194
4239	4240
4299	4301
4314	4315
4374	4375
4432	4433
4465	4466
4651	4652
4889	4890
5011	5012
5081	5082
5130	5131
5171	5172
5203	5204
5263	5264
5312	5313
5409	5410
5447	5448
5491	5492
5584	5585
5626	5627
5659	5660
5694	5695
5767	5769
5802	5803
5826	5827
5851	5852
5894	5895
5922	5923
5944	5945
5993	5994
6055	6056
6087	6088
6111	6112
6152	6153
6211	6212
6352	6353
6377	6378
6399	6400
6424	6425
6461	6462
6497	6498
6521	6522
6568	6569
6755	6756
6844	6845
6856	6857
7162	7163
7193	7194
7235	7236
7289	7290
7334	7335
7384	7385
7483	7484
7581	7582
7666	7667
7801	7802
7830	7831
7866	7867
7907	7908
7939	7940
7954	7955
7986	7987
8022	8023
8057	8058
8078	8079
8101	8102
8124	8125
8172	8173
8204	8205
8275	8276
8309	8310
8345	8346
8392	8393
8422	8423
8492	8493
8539	8540
8627	8628
8719	8720
8790	8791
8816	8817
8940	8945
9105	9107
