95	96
152	153
208	209
263	264
323	324
374	375
424	425
478	479
547	548
873	874
987	988
1049	1050
1148	1149
1220	1221
1277	1278
1341	1342
1409	1410
1493	1494
1602	1603
1683	1684
1934	1935
1990	1991
2027	2028
2080	2081
2184	2185
2235	2236
2316	2317
2368	2369
2409	2410
2453	2454
2509	2510
2593	2594
2638	2639
2675	2676
2708	2709
2783	2784
2837	2838
2960	2961
3034	3035
3100	3101
3156	3157
3227	3228
3289	3290
3368	3369
3450	3451
3522	3523
3560	3561
3609	3610
3653	3654
3697	3698
3756	3757
3802	3803
3845	3846
3913	3914
3983	3984
4045	4046
4146	4147
4211	4212
4280	4281
4379	4380
4440	4441
4537	4538
4605	4606
4721	4722
4775	4776
4828	4829
4885	4886
5031	5032
5120	5121
5190	5191
5265	5266
5342	5343
5376	5377
5451	5452
5565	5566
5629	5630
5752	5753
5831	5832
5962	5963
6033	6034
6112	6113
6160	6161
6210	6211
6345	6346
6450	6451
6500	6501
6543	6544
6593	6594
6679	6680
6708	6709
6818	6819
6911	6912
7015	7016
7199	7200
7330	7331
7543	7544
7610	7611
7655	7656
7723	7724
7786	7787
7881	7882
8332	8333
8399	8400
8471	8472
8622	8623
8703	8704
8904	8905
8984	8985
9032	9033
9089	9090
9148	9149
9224	9225
9261	9262
9286	9287
9324	9325
9367	9368
9405	9406
9432	9433
9471	9472
9507	9508
9545	9546
9602	9603
9652	9653
9724	9725
9785	9786
9867	9868
9921	9922
9976	9977
10030	10031
10086	10087
10132	10133
10198	10199
10316	10317
10372	10373
10443	10444
10560	10561
10648	10649
10704	10705
10754	10755
10822	10823
10928	10929
10981	10982
11061	11062
11106	11107
11239	11240
11266	11267
11312	11313
11357	11358
11388	11389
11445	11446
11505	11506
11833	11834
11876	11877
12081	12082
12191	12192
12243	12244
12327	12328
12402	12403
12441	12442
12510	12511
12552	12553
12827	12828
12864	12865
12921	12922
12965	12966
13005	13006
13112	13113
13189	13190
13243	13244
13334	13335
13368	13369
13416	13417
13442	13443
13490	13491
13569	13570
13598	13599
13636	13637
13661	13662
13779	13780
13844	13845
13922	13923
14008	14009
14081	14082
14130	14131
14182	14183
14245	14246
14294	14295
14386	14387
14438	14439
14507	14508
14576	14577
14627	14628
14719	14720
14803	14804
14903	14904
14989	14990
15067	15068
