400	401
475	476
650	651
1043	1044
1173	1174
1271	1272
1373	1374
1473	1474
1567	1568
1678	1679
1775	1776
1950	1951
2040	2041
2091	2092
2607	2608
2724	2725
2877	2878
3028	3029
3151	3152
3248	3249
3551	3552
3656	3657
3689	3690
3767	3768
3810	3811
3835	3836
3860	3861
4095	4096
4133	4134
4343	4344
4448	4449
4544	4545
4625	4626
4719	4720
4833	4834
4940	4941
5145	5146
5219	5220
5708	5709
5800	5801
5839	5840
5963	5964
6220	6221
6345	6346
6445	6446
6511	6512
6554	6555
6663	6664
6714	6715
6873	6874
7005	7006
7056	7057
7122	7123
7330	7331
7406	7407
7833	7834
7986	7987
8042	8043
8087	8088
8166	8167
8301	8302
8509	8510
8587	8588
8673	8674
8724	8725
8781	8782
8946	8947
9173	9174
9338	9339
9471	9472
9517	9518
9600	9601
9719	9720
9796	9797
9882	9883
10890	10891
11512	11513
11584	11585
11784	11785
11854	11855
12143	12144
12231	12232
12389	12390
12471	12472
12532	12533
12607	12608
12998	12999
13091	13092
13431	13432
13484	13485
13702	13703
13845	13846
14199	14200
14290	14291
14392	14393
14596	14597
14949	14950
14999	15000
15096	15097
15148	15149
15371	15372
15561	15562
15727	15728
15851	15852
16152	16153
16220	16221
16349	16350
16556	16557
16701	16702
16790	16791
16855	16856
17030	17031
17241	17242
17847	17848
17921	17922
18295	18296
19456	19457
19752	19753
19809	19810
19871	19872
19934	19935
19990	19991
20058	20059
20115	20116
20175	20176
20238	20239
20358	20359
20418	20419
20478	20479
20598	20599
20659	20660
20728	20729
20958	20959
21047	21048
