99	101
209	210
219	220
222	224
289	290
327	328
357	358
384	385
417	418
450	451
482	483
499	500
532	533
586	587
647	648
668	669
695	696
727	728
762	763
811	812
863	864
889	890
929	930
987	988
1012	1013
1027	1028
1060	1061
1110	1111
1153	1154
1216	1217
1242	1243
1298	1299
1321	1322
1351	1352
1429	1430
1484	1485
1501	1502
1524	1525
1547	1548
1572	1573
1590	1591
1619	1620
1652	1653
1685	1686
1699	1700
1721	1722
1750	1751
1783	1784
1812	1813
1851	1852
1883	1884
1908	1909
1931	1932
1958	1959
1998	1999
2035	2036
2077	2078
2118	2119
2157	2158
2215	2216
2239	2240
2245	2247
2282	2283
2284	2285
2314	2315
2338	2342
2380	2381
2397	2398
2420	2421
2450	2451
2472	2473
2483	2484
2502	2503
2608	2609
2627	2628
2639	2640
2675	2676
2698	2699
2734	2735
2742	2743
2764	2765
2788	2789
2807	2808
2835	2836
2866	2867
2928	2929
2980	2981
3027	3028
3073	3074
3099	3100
3113	3114
3150	3151
3186	3187
3192	3194
3268	3269
3307	3308
3372	3373
3412	3413
3428	3429
3465	3466
3493	3494
3546	3547
3613	3614
3643	3645
3758	3759
3815	3816
3844	3845
3881	3882
3907	3908
3939	3940
3973	3974
4003	4004
4044	4045
4068	4069
4094	4095
4117	4118
4149	4150
4176	4177
4229	4230
4240	4241
4279	4280
4291	4292
4294	4296
4314	4315
4325	4326
4334	4335
4367	4368
4406	4407
4451	4452
4497	4498
4533	4534
4567	4568
