51	53
291	292
328	329
394	395
473	474
544	545
624	625
701	702
780	781
863	864
1059	1060
1143	1144
1257	1258
1401	1402
1506	1507
1615	1616
1697	1698
1766	1768
1849	1850
1924	1925
1999	2000
2123	2124
2213	2214
2328	2329
2450	2451
2556	2557
2723	2724
2827	2828
2982	2983
3095	3098
3225	3226
3318	3319
3373	3374
3425	3426
3552	3553
3614	3615
3699	3700
3783	3784
3872	3873
3947	3948
3950	3951
4164	4165
4292	4293
4420	4421
4554	4555
4694	4695
4874	4875
5025	5027
5155	5156
5718	5720
6023	6026
6224	6226
6494	6495
6581	6582
6724	6725
6864	6865
6939	6940
7007	7008
7181	7182
7304	7305
7531	7532
7656	7657
7744	7745
7859	7860
7952	7953
8043	8044
8120	8121
8203	8204
8376	8377
