0	94
95	141
142	176
177	276
277	336
337	393
394	411
412	433
434	465
466	514
515	591
592	641
642	818
819	857
858	910
911	969
970	998
999	1061
1062	1093
1094	1108
1109	1123
1124	1139
1140	1173
1174	1186
1187	1200
1201	1406
1407	1430
1431	1476
1477	1504
1505	1576
1577	1609
1610	1645
1646	1694
1695	1754
1755	1964
1965	2001
2002	2056
2057	2079
2080	2136
2137	2190
2191	2251
2252	2295
2296	2351
2352	2399
2400	2421
2422	2444
2445	2461
2462	2508
2509	2606
2607	2628
2629	2687
2688	2801
2802	2874
2875	3151
3152	3189
3190	3216
3217	3274
3275	3389
3390	3605
3606	3828
3829	4120
4121	4173
4174	4255
4256	4317
4318	4385
4386	4434
4435	4491
4492	4581
4582	4718
4719	4792
4793	4832
4833	4914
4915	5093
5094	5164
5165	5297
5298	5381
5382	5565
5566	5669
5670	5750
5751	5858
5859	5998
5999	6050
6051	6377
6378	6392
6393	6657
6658	6676
6677	6879
6880	6899
6900	7255
