0	134
135	180
181	223
224	269
270	313
314	358
359	401
402	444
445	488
489	531
532	577
578	621
622	667
668	710
711	754
755	957
958	995
996	1062
1063	1106
1107	1148
1149	1260
1261	1284
1285	1310
1311	1368
1369	1414
1415	1460
1461	1528
1529	1572
1573	1616
1617	1768
1769	1814
1815	1853
1854	1924
1925	1967
1968	2010
2011	2054
2055	2160
2161	2207
2208	2244
2245	2295
2296	2343
2344	2430
2431	2517
2518	2559
2560	2607
2608	2652
2653	2694
2695	2783
2784	2911
2912	2959
2960	3088
3089	3245
3246	3268
3269	3291
3292	3312
3313	3336
3337	3357
3358	3378
3379	3399
3400	3422
3423	3443
3444	3466
3467	3490
3491	3512
3513	3577
3578	3620
3621	3666
3667	3752
3753	3799
3800	3844
3845	3881
3882	3929
3930	3972
3973	4016
4017	4107
4108	4239
4240	4371
4372	4460
4461	4498
4499	4549
4550	4591
4592	4636
4637	4676
4677	4724
4725	4765
4766	4812
4813	4852
4853	4896
4897	4940
4941	5023
5024	5163
5164	5231
5232	5255
5256	5277
5278	5299
5300	5384
5385	5430
5431	5451
5452	5472
5473	5493
5494	5515
5516	5540
5541	5561
5562	5584
5585	5606
5607	5630
5631	5650
5651	5671
5672	5694
5695	5716
5717	5738
5739	5760
5761	5782
5783	5803
5804	5826
5827	5847
5848	5870
5871	5892
5893	5914
5915	5937
5938	5958
5959	5980
5981	6003
6004	6026
6027	6048
6049	6071
6072	6094
6095	6117
6118	6137
6138	6158
6159	6180
6181	6202
6203	6225
6226	6353
6354	6601
6602	6662
6663	7060
