0	116
117	147
148	198
199	230
231	243
244	746
747	796
797	826
827	861
862	891
892	922
923	957
958	995
996	1032
1033	1068
1069	1111
1112	1148
1149	1181
1182	1214
1215	1243
1244	1271
1272	1302
1303	1325
1326	1368
1369	1427
1428	1490
1491	1559
1560	1677
1678	1868
1869	1937
1938	1992
1993	2120
2121	2183
2184	2233
2234	2545
2546	2611
2612	2663
2664	2725
2726	2785
2786	2905
2906	3026
3027	3086
3087	3165
3166	3232
3233	3319
3320	3397
3398	3552
3553	3697
3698	3845
3846	3949
3950	4022
4023	4082
4083	4197
4198	4256
4257	4313
4314	4367
4368	4424
4425	4485
4486	4545
4546	4576
4577	4631
4632	4680
4681	4824
4825	4886
4887	4946
4947	5007
5008	5045
5046	5108
5109	5163
5164	5222
5223	5343
5344	5534
5535	5630
5631	5747
5748	5815
5816	5918
5919	6590
6591	6963
6964	7035
7036	7072
7073	7152
7153	7222
7223	7283
7284	7342
7343	7380
7381	7447
7448	7503
7504	7566
7567	7640
7641	7676
7677	7746
7747	7851
7852	7917
7918	7989
7990	8088
8089	8221
8222	8300
8301	8364
8365	8561
8562	8605
8606	8686
8687	8792
8793	8872
8873	8942
8943	9287
