0	66
67	176
177	219
220	267
268	281
282	308
309	345
346	377
378	400
401	483
484	499
500	513
514	528
529	549
550	580
581	596
597	654
655	669
670	696
697	718
719	739
740	755
756	781
782	802
803	985
986	1162
1163	1415
1416	1606
1607	1833
1834	2892
2893	3200
3201	3341
3342	3470
3471	3748
3749	3868
3869	4048
4049	4239
4240	4355
4356	4556
4557	4766
4767	5011
5012	5237
5238	5450
5451	5675
5676	5883
5884	5961
5962	6693
6694	6803
6804	6937
6938	7193
7194	7379
7380	7548
7549	7749
7750	7839
7840	8057
8058	8202
8203	8351
8352	8578
8579	8752
8753	8866
8867	9212
9213	9295
9296	9479
9480	9670
9671	9862
9863	10987
10988	11434
11435	12415
12416	12626
12627	13414
13415	13653
13654	14727
14728	14834
14835	16176
16177	16266
16267	16480
16481	16532
16533	16575
16576	16761
16762	16800
16801	16848
16849	16890
16891	16921
16922	16960
16961	17076
17077	17173
17174	17390
17391	17497
17498	17554
17555	17612
17613	17641
17642	17680
17681	17714
17715	17769
17770	17811
17812	17889
17890	17956
17957	18007
18008	18050
18051	18083
18084	18123
18124	18191
18192	18290
18291	18431
18432	18755
18756	18957
18958	19433
19434	19713
19714	20431
20432	20687
20688	22270
22271	22458
22459	22750
22751	23029
23030	23742
23743	24302
24303	24428
24429	24546
24547	24765
24766	24819
24820	25202
25203	25265
25266	25755
25756	26067
26068	26346
26347	27326
27327	27435
27436	27847
27848	28112
28113	29182
29183	29552
29553	30107
30108	30584
30585	30941
30942	31077
31078	31315
31316	32850
32851	33056
33057	33219
33220	33234
33235	33329
33330	33509
33510	33665
33666	33764
33765	33824
33825	33856
33857	33879
33880	33922
33923	33948
33949	33975
33976	34005
34006	34150
34151	34335
34336	34544
34545	34600
34601	34700
34701	34977
34978	35097
35098	35200
35201	35391
35392	36950
36951	37059
37060	37580
37581	37855
37856	38101
38102	38300
38301	38444
38445	38625
38626	38776
38777	38917
38918	39173
39174	39325
39326	39715
39716	40166
40167	40271
40272	40360
40361	40656
40657	41860
41861	42135
42136	42345
42346	42433
42434	42632
42633	42760
42761	42958
42959	43621
43622	43895
43896	44489
44490	44706
44707	45901
45902	46253
46254	47128
47129	47275
47276	47375
47376	47460
47461	47505
47506	48216
48217	48245
48246	48276
48277	48292
48293	48308
48309	48323
48324	48345
48346	48366
48367	48383
48384	48454
48455	48504
48505	48579
48580	48714
48715	48737
48738	48913
48914	48994
48995	49071
49072	49103
49104	49120
49121	49147
49148	49197
49198	49237
49238	49318
49319	49393
49394	49421
49422	49474
49475	49491
49492	49498
