0	47
48	143
144	736
737	804
805	854
855	1681
1682	1724
1725	1857
1858	1959
1960	2028
2029	2086
2087	2147
2148	2268
2269	2313
2314	2412
2413	2455
2456	2608
2609	2658
2659	2791
2792	2826
2827	2856
2857	2894
2895	2938
2939	2988
2989	3086
3087	3147
3148	3207
3208	3271
3272	3326
3327	3486
3487	3567
3568	3834
3835	3918
3919	4211
4212	4279
4280	4413
4414	4448
4449	4510
4511	4579
4580	4741
4742	4955
4956	5053
5054	5244
5245	5366
5367	5395
5396	5461
5462	5550
5551	5595
5596	5631
5632	5669
5670	5726
5727	5788
5789	5840
5841	5910
5911	5961
5962	6168
6169	6225
6226	6320
6321	6370
6371	6494
6495	6599
6600	6649
6650	6696
6697	6762
6763	6831
6832	6883
6884	6983
6984	7143
7144	7259
7260	7295
7296	7357
7358	7395
7396	7419
7420	7692
7693	7749
7750	7798
7799	7831
7832	7871
7872	7979
7980	8029
8030	8055
8056	8077
8078	8098
8099	8131
8132	8166
8167	8194
8195	8222
8223	8274
8275	8334
8335	8426
8427	8482
8483	8566
8567	8619
8620	8676
8677	8707
8708	8723
8724	8756
8757	8794
8795	8930
8931	8982
8983	9061
9062	9084
9085	9102
9103	9128
9129	9216
9217	9243
9244	9270
9271	9369
9370	9422
9423	9491
9492	9593
9594	9743
9744	9935
9936	10588
10589	10731
10732	10812
10813	10971
10972	11049
11050	11111
11112	11178
11179	11269
11270	11366
11367	11422
11423	11469
11470	11511
11512	11563
11564	11594
11595	11650
11651	11749
11750	11813
11814	11981
11982	12042
12043	12115
12116	12161
12162	12251
12252	12334
12335	12378
12379	12481
12482	12574
12575	12636
12637	12677
12678	12745
12746	12822
12823	12881
12882	12943
12944	13078
13079	13190
13191	13244
13245	13287
13288	13416
13417	13456
13457	13513
13514	13573
13574	13625
13626	13662
13663	13735
13736	13988
13989	14166
14167	14250
14251	14312
14313	14371
14372	14400
14401	14446
14447	14475
14476	14501
14502	15098
15099	15273
15274	15325
15326	15438
15439	15519
15520	15771
15772	15839
15840	15985
15986	16026
16027	16113
16114	16218
16219	16305
16306	16525
16526	16624
16625	16728
16729	16888
16889	17124
17125	17239
17240	17306
17307	17455
17456	17571
17572	17627
17628	17749
17750	17854
17855	17948
17949	18074
18075	18143
18144	18257
18258	18574
18575	18630
18631	18672
18673	18778
18779	18821
18822	18906
18907	19160
19161	19254
19255	19323
19324	19462
19463	19492
19493	19573
19574	19615
19616	19937
19938	20395
