     0	   167 : 0
   164	   179 : 0
   176	   183 : 0
   180	   195 : 0
   192	   199 : 0
   196	   207 : 0
   204	   211 : 0
   208	   247 : 0
   244	   255 : 1
   252	   259 : 0
   256	   367 : 1
   364	   403 : 0
   400	   407 : 0
   404	   435 : 0
   432	   475 : 0
   472	   495 : 0
   492	   507 : 0
   504	   539 : 0
   536	   547 : 0
   544	   551 : 0
   548	   563 : 0
   560	   607 : 0
   604	   655 : 0
   652	   763 : 0
   760	   767 : 0
   764	   771 : 0
   768	   787 : 0
   784	   799 : 0
   796	   811 : 0
   808	   823 : 0
   820	   851 : 0
   848	  1059 : 0
  1056	  1067 : 0
  1064	  1483 : 0
  1480	  1491 : 0
  1488	  1539 : 0
  1536	  1547 : 0
  1544	  1611 : 0
  1608	  1623 : 0
  1620	  1679 : 0
  1676	  1687 : 0
  1684	  1731 : 0
  1728	  1739 : 0
  1736	  1835 : 0
  1832	  1843 : 0
  1840	  1863 : 0
  1860	  1871 : 0
  1868	  1911 : 0
  1908	  1915 : 0
  1912	  2115 : 0
  2112	  2123 : 0
  2120	  2555 : 0
  2552	  2567 : 0
  2564	  2659 : 0
  2656	  2667 : 0
  2664	  3111 : 0
  3108	  3115 : 0
  3112	  3311 : 0
  3308	  3315 : 0
  3312	  3407 : 0
  3404	  3415 : 1
  3412	  3419 : 0
  3416	  3423 : 0
  3420	  3543 : 0
  3540	  3547 : 0
  3544	  3551 : 0
  3548	  3555 : 0
  3552	  3667 : 0
  3664	  3695 : 1
  3692	  3699 : 0
  3696	  3727 : 0
  3724	  3731 : 0
  3728	  3783 : 0
  3780	  3791 : 0
  3788	  3835 : 0
  3832	  3839 : 0
  3836	  3855 : 0
  3852	  4219 : 0
  4216	  4227 : 0
  4224	  4371 : 0
  4368	  4379 : 0
  4376	  4411 : 0
  4408	  4415 : 0
  4412	  4463 : 0
  4460	  4475 : 0
  4472	  4567 : 0
  4564	  4571 : 0
  4568	  4575 : 0
  4572	  4695 : 0
  4692	  4703 : 0
  4700	  4719 : 0
  4716	  4791 : 0
  4788	  4795 : 0
  4792	  4843 : 0
  4840	  4847 : 0
  4844	  4919 : 0
  4916	  4923 : 0
  4920	  4967 : 0
  4964	  5011 : 1
  5008	  5075 : 0
  5072	  5139 : 1
  5136	  5295 : 0
  5292	  5307 : 0
  5304	  5311 : 0
  5308	  5431 : 0
  5428	  5439 : 0
  5436	  5443 : 0
  5440	  5571 : 0
  5568	  5575 : 0
  5572	  5579 : 0
  5576	  5587 : 0
  5584	  5647 : 0
  5644	  5651 : 0
  5648	  6275 : 0
  6272	  6291 : 0
  6288	  6299 : 0
  6296	  6315 : 0
  6312	  6319 : 0
  6316	  6323 : 0
  6320	  6331 : 0
  6328	  6335 : 0
  6332	  6351 : 0
  6348	  6355 : 0
  6352	  6479 : 0
  6476	  6483 : 1
  6480	  6515 : 0
  6512	  6539 : 0
  6536	  6575 : 0
  6572	  6583 : 0
  6580	  6599 : 0
  6596	  6615 : 0
  6612	  6631 : 0
  6628	  6635 : 0
  6632	  6643 : 0
  6640	  6655 : 0
  6652	  6663 : 0
  6660	  6687 : 0
  6684	  6819 : 0
  6816	  6859 : 0
  6856	  6939 : 0
  6936	  6991 : 0
  6988	  7015 : 0
  7012	  7019 : 0
  7016	  7303 : 0
  7300	  7311 : 0
  7308	  7459 : 0
  7456	  7479 : 1
  7476	  7607 : 0
  7604	  7611 : 1
  7608	  7851 : 0
  7848	  7863 : 0
  7860	  7927 : 0
  7924	  7963 : 0
  7960	  8367 : 0
  8364	  8387 : 0
  8384	  8391 : 0
  8388	  8499 : 0
  8496	  8643 : 0
  8640	  8647 : 1
  8644	  8731 : 0
  8728	  8787 : 0
  8784	  8791 : 0
  8788	  8811 : 0
  8808	  8815 : 0
  8812	  8871 : 0
  8868	  8879 : 0
  8876	  8883 : 0
  8880	  8887 : 0
  8884	  8899 : 0
  8896	  8955 : 0
  8952	  8967 : 0
  8964	  9015 : 0
  9012	  9019 : 1
  9016	  9363 : 0
  9360	  9379 : 1
  9376	  9503 : 0
  9500	  9507 : 1
  9504	  9671 : 0
  9668	  9675 : 1
  9672	  9747 : 0
  9744	  9751 : 0
  9748	  9755 : 0
  9752	  9787 : 0
  9784	  9799 : 0
  9796	  9823 : 0
  9820	  9827 : 0
  9824	  9887 : 0
  9884	  9947 : 0
  9944	  9955 : 1
  9952	 10679 : 0
 10676	 10687 : 0
 10684	 10747 : 0
 10744	 10759 : 1
 10756	 10879 : 0
 10876	 10883 : 0
 10880	 10887 : 0
 10884	 10891 : 0
 10888	 11475 : 0
 11472	 11479 : 0
 11476	 11487 : 0
 11484	 11503 : 0
 11500	 11587 : 0
 11584	 11591 : 0
 11588	 11611 : 0
 11608	 11623 : 0
 11620	 11651 : 0
 11648	 11667 : 0
 11664	 11731 : 0
 11728	 11735 : 0
 11732	 11739 : 0
 11736	 11743 : 0
 11740	 11783 : 0
 11780	 11811 : 0
 11808	 11967 : 0
 11964	 11983 : 0
 11980	 11987 : 0
 11984	 11991 : 0
 11988	 11995 : 0
 11992	 11999 : 0
 11996	 12075 : 0
 12072	 12079 : 0
 12076	 12095 : 0
 12092	 12107 : 0
 12104	 12127 : 0
 12124	 12131 : 0
 12128	 12155 : 0
 12152	 12159 : 0
 12156	 12179 : 0
 12176	 12183 : 0
 12180	 12199 : 0
 12196	 12203 : 0
 12200	 12455 : 0
 12452	 12471 : 1
 12468	 12719 : 0
 12716	 12723 : 1
 12720	 12847 : 0
 12844	 12851 : 1
 12848	 12935 : 0
 12932	 12951 : 0
 12948	 12983 : 0
 12980	 12991 : 1
 12988	 13143 : 0
 13140	 13163 : 1
 13160	 13191 : 0
 13188	 13219 : 0
 13216	 13223 : 0
 13220	 13227 : 0
 13224	 13271 : 0
 13268	 13295 : 0
 13292	 13779 : 0
 13776	 13823 : 0
 13820	 13987 : 0
 13984	 13999 : 0
 13996	 14027 : 0
 14024	 14031 : 0
 14028	 14043 : 0
 14040	 14059 : 0
 14056	 14195 : 0
 14192	 14259 : 0
 14256	 14287 : 0
 14284	 14327 : 0
 14324	 14503 : 0
 14500	 14507 : 0
 14504	 14615 : 0
 14612	 14627 : 0
 14624	 14631 : 0
 14628	 14635 : 0
 14632	 14751 : 0
 14748	 14759 : 1
 14756	 15007 : 0
 15004	 15011 : 0
 15008	 15199 : 0
 15196	 15215 : 0
 15212	 15219 : 0
 15216	 15267 : 0
 15264	 15291 : 0
 15288	 15299 : 0
 15296	 15303 : 0
 15300	 15319 : 0
 15316	 15351 : 0
 15348	 15375 : 0
 15372	 15495 : 0
 15492	 15499 : 1
 15496	 15527 : 0
 15524	 15539 : 0
 15536	 15727 : 0
 15724	 15823 : 1
 15820	 15835 : 0
 15832	 15943 : 1
 15940	 16035 : 0
 16032	 16043 : 1
 16040	 16159 : 0
 16156	 16163 : 0
 16160	 16167 : 0
 16164	 16171 : 0
 16168	 16187 : 0
 16184	 16195 : 0
 16192	 16199 : 0
 16196	 16203 : 0
 16200	 16211 : 0
 16208	 16231 : 0
 16228	 16243 : 0
 16240	 16247 : 0
 16244	 16299 : 0
 16296	 16303 : 0
 16300	 16319 : 0
 16316	 16323 : 0
 16320	 16339 : 0
 16336	 16367 : 0
 16364	 16471 : 0
 16468	 16535 : 0
 16532	 16567 : 0
 16564	 16583 : 0
 16580	 16595 : 0
 16592	 16663 : 0
 16660	 16695 : 0
 16692	 16703 : 0
 16700	 16711 : 0
 16708	 16715 : 0
 16712	 16727 : 0
 16724	 16739 : 0
 16736	 16743 : 0
 16740	 16747 : 0
 16744	 16867 : 0
 16864	 16871 : 1
 16868	 17475 : 0
 17472	 17483 : 0
 17480	 17699 : 0
 17696	 17719 : 0
 17716	 17887 : 0
 17884	 17903 : 0
 17900	 17911 : 0
 17908	 17919 : 0
 17916	 17927 : 0
 17924	 17939 : 0
 17936	 17943 : 0
 17940	 17947 : 0
 17944	 17951 : 0
 17948	 17999 : 0
 17996	 18007 : 0
 18004	 18011 : 0
 18008	 18019 : 0
 18016	 18035 : 0
 18032	 18043 : 0
 18040	 18059 : 0
 18056	 18063 : 0
 18060	 18067 : 0
 18064	 18079 : 0
 18076	 18091 : 0
 18088	 18535 : 0
 18532	 18539 : 0
 18536	 18551 : 0
 18548	 18555 : 0
 18552	 18635 : 0
 18632	 18647 : 1
 18644	 18779 : 0
 18776	 18783 : 0
 18780	 18839 : 0
 18836	 18851 : 0
 18848	 18887 : 0
 18884	 18899 : 0
 18896	 19023 : 0
 19020	 19043 : 0
 19040	 19051 : 0
 19048	 19059 : 0
 19056	 19107 : 0
 19104	 19111 : 0
 19108	 19231 : 0
 19228	 19239 : 0
 19236	 19279 : 0
 19276	 19283 : 0
 19280	 19331 : 0
 19328	 19335 : 0
 19332	 19375 : 0
 19372	 19379 : 0
 19376	 19847 : 0
 19844	 19851 : 0
 19848	 19959 : 0
 19956	 19963 : 0
 19960	 20091 : 0
 20088	 20135 : 1
 20132	 20139 : 0
 20136	 20231 : 0
 20228	 20235 : 0
 20232	 20271 : 0
 20268	 20279 : 0
 20276	 20299 : 0
 20296	 20303 : 0
 20300	 20335 : 0
 20332	 20339 : 0
 20336	 20371 : 0
 20368	 20455 : 0
 20452	 20587 : 0
 20584	 20899 : 0
 20896	 20907 : 0
 20904	 21019 : 0
 21016	 21023 : 1
 21020	 21027 : 0
 21024	 21035 : 0
 21032	 21043 : 0
 21040	 21047 : 0
 21044	 21055 : 0
 21052	 21083 : 0
 21080	 21087 : 0
 21084	 21103 : 0
 21100	 21111 : 0
 21108	 21135 : 0
 21132	 21171 : 0
 21168	 21211 : 0
 21208	 21459 : 0
 21456	 21467 : 0
 21464	 21471 : 0
 21468	 21479 : 0
 21476	 21523 : 0
 21520	 21539 : 0
 21536	 21543 : 0
 21540	 21547 : 0
 21544	 21603 : 0
 21600	 21615 : 1
 21612	 21619 : 0
 21616	 21623 : 0
 21620	 21743 : 0
 21740	 21747 : 0
 21744	 21751 : 0
 21748	 21755 : 0
 21752	 22303 : 0
 22300	 22307 : 0
 22304	 22323 : 0
 22320	 22339 : 0
 22336	 22367 : 0
 22364	 22371 : 0
 22368	 22387 : 0
 22384	 22391 : 0
 22388	 22395 : 0
 22392	 22399 : 0
 22396	 22403 : 0
 22400	 22411 : 0
 22408	 22415 : 0
 22412	 22419 : 0
 22416	 22427 : 0
 22424	 22431 : 0
 22428	 22479 : 0
 22476	 22483 : 0
 22480	 22631 : 0
 22628	 22647 : 1
 22644	 22719 : 0
 22716	 22731 : 0
 22728	 22743 : 0
 22740	 22775 : 0
 22772	 22779 : 0
 22776	 22783 : 0
 22780	 22827 : 0
 22824	 22835 : 0
 22832	 22839 : 0
 22836	 22851 : 0
 22848	 22903 : 0
 22900	 22907 : 0
 22904	 22927 : 0
 22924	 22935 : 0
 22932	 22943 : 0
 22940	 22951 : 0
 22948	 22971 : 0
 22968	 22975 : 0
 22972	 23095 : 0
 23092	 23103 : 0
 23100	 23231 : 0
 23228	 23247 : 1
 23244	 23347 : 0
 23344	 23435 : 1
 23432	 23439 : 0
 23436	 23447 : 1
 23444	 23739 : 0
 23736	 23747 : 1
 23744	 24091 : 0
 24088	 24099 : 0
 24096	 24127 : 0
 24124	 24131 : 0
 24128	 24143 : 0
 24140	 24147 : 0
 24144	 24191 : 0
 24188	 24211 : 0
 24208	 24215 : 0
 24212	 24219 : 0
 24216	 24339 : 0
 24336	 24343 : 0
 24340	 24363 : 0
 24360	 24379 : 0
 24376	 24471 : 0
 24468	 24479 : 0
 24476	 24503 : 0
 24500	 24535 : 0
 24532	 24683 : 0
 24680	 24695 : 0
 24692	 24711 : 0
 24708	 24727 : 0
 24724	 24887 : 0
 24884	 24891 : 0
 24888	 24907 : 0
 24904	 24911 : 0
 24908	 24975 : 0
 24972	 24979 : 0
 24976	 24983 : 0
 24980	 24999 : 0
 24996	 25155 : 0
 25152	 25167 : 0
 25164	 25175 : 0
 25172	 25179 : 0
 25176	 25195 : 0
 25192	 25199 : 0
 25196	 25203 : 0
 25200	 25211 : 0
 25208	 25219 : 0
 25216	 25231 : 0
 25228	 25275 : 0
 25272	 25291 : 1
 25288	 25743 : 0
 25740	 25843 : 0
 25840	 26075 : 0
 26072	 26091 : 1
 26088	 26323 : 0
 26320	 26331 : 1
 26328	 26351 : 0
 26348	 26359 : 0
 26356	 26395 : 0
 26392	 26403 : 0
 26400	 26699 : 0
 26696	 26707 : 0
 26704	 26779 : 0
 26776	 26783 : 0
 26780	 26823 : 0
 26820	 26847 : 0
 26844	 26867 : 0
 26864	 26875 : 1
 26872	 27243 : 0
 27240	 27259 : 1
 27256	 27263 : 0
 27260	 27311 : 0
 27308	 27315 : 0
 27312	 27323 : 0
 27320	 27331 : 0
 27328	 27359 : 0
 27356	 27367 : 0
 27364	 27379 : 0
 27376	 27383 : 0
 27380	 27395 : 0
 27392	 27403 : 0
 27400	 27411 : 0
 27408	 27415 : 0
 27412	 27419 : 0
 27416	 27459 : 0
 27456	 27463 : 0
 27460	 27487 : 0
 27484	 27495 : 0
 27492	 27511 : 0
 27508	 27639 : 0
