     0	   111 : 0
   108	   115 : 0
   112	   123 : 0
   120	   131 : 0
   128	   135 : 0
   132	   143 : 0
   140	   235 : 1
   232	   239 : 0
   236	   243 : 0
   240	   279 : 0
   276	   327 : 1
   324	   351 : 0
   348	   483 : 0
   480	   487 : 0
   484	   547 : 0
   544	   551 : 0
   548	   555 : 1
   552	   571 : 0
   568	   575 : 0
   572	   579 : 0
   576	   583 : 0
   580	   587 : 0
   584	   595 : 1
   592	   603 : 0
   600	   611 : 1
   608	   631 : 0
   628	   635 : 0
   632	   639 : 0
   636	   659 : 0
   656	   675 : 0
   672	   723 : 0
   720	   735 : 0
   732	   763 : 1
   760	   831 : 0
   828	   839 : 1
   836	   843 : 0
   840	   851 : 0
   848	   855 : 0
   852	   863 : 0
   860	   867 : 0
   864	   875 : 1
   872	   895 : 0
   892	   899 : 0
   896	   903 : 0
   900	   931 : 0
   928	   971 : 0
   968	  1071 : 1
  1068	  1083 : 0
  1080	  1087 : 0
  1084	  1115 : 0
  1112	  1139 : 0
  1136	  1163 : 0
  1160	  1171 : 1
  1168	  1207 : 0
  1204	  1211 : 0
  1208	  1215 : 0
  1212	  1259 : 0
  1256	  1263 : 0
  1260	  1279 : 0
  1276	  1291 : 0
  1288	  1327 : 0
  1324	  1335 : 0
  1332	  1339 : 0
  1336	  1419 : 0
  1416	  1463 : 0
  1460	  1475 : 0
  1472	  1483 : 0
  1480	  1487 : 0
  1484	  1571 : 0
  1568	  1575 : 0
  1572	  1607 : 0
  1604	  1611 : 0
  1608	  1619 : 0
  1616	  1627 : 0
  1624	  1631 : 0
  1628	  1639 : 0
  1636	  1711 : 0
  1708	  1719 : 0
  1716	  1759 : 0
  1756	  1763 : 0
  1760	  1783 : 0
  1780	  1795 : 0
  1792	  1839 : 0
  1836	  1843 : 0
  1840	  1971 : 0
  1968	  2071 : 0
  2068	  2151 : 1
  2148	  2159 : 0
  2156	  2379 : 1
  2376	  2419 : 0
  2416	  2459 : 0
  2456	  2463 : 0
  2460	  2539 : 0
  2536	  2583 : 0
  2580	  2591 : 0
  2588	  2607 : 0
  2604	  2615 : 0
  2612	  2663 : 0
  2660	  2667 : 0
  2664	  2679 : 0
  2676	  2703 : 0
  2700	  2727 : 0
  2724	  2739 : 0
  2736	  2743 : 0
  2740	  2767 : 1
  2764	  2799 : 0
  2796	  2907 : 0
  2904	  2915 : 0
  2912	  3003 : 1
  3000	  3007 : 0
  3004	  3019 : 0
  3016	  3031 : 0
  3028	  3035 : 0
  3032	  3047 : 0
  3044	  3123 : 0
  3120	  3131 : 0
  3128	  3135 : 0
  3132	  3151 : 0
  3148	  3167 : 0
  3164	  3175 : 0
  3172	  3243 : 1
  3240	  3251 : 0
  3248	  3255 : 0
  3252	  3259 : 0
  3256	  3291 : 0
  3288	  3311 : 0
  3308	  3323 : 0
  3320	  3327 : 0
  3324	  3335 : 0
  3332	  3339 : 0
  3336	  3403 : 0
  3400	  3415 : 0
  3412	  3431 : 0
  3428	  3435 : 0
  3432	  3575 : 0
  3572	  3579 : 0
  3576	  3611 : 0
  3608	  3615 : 0
  3612	  3727 : 0
  3724	  3767 : 0
  3764	  3839 : 0
  3836	  3847 : 0
  3844	  3863 : 0
  3860	  3867 : 0
  3864	  4003 : 0
  4000	  4011 : 0
  4008	  4027 : 0
  4024	  4039 : 0
  4036	  4095 : 0
  4092	  4143 : 0
  4140	  4235 : 0
  4232	  4239 : 0
  4236	  4279 : 1
  4276	  4283 : 0
  4280	  4287 : 1
  4284	  4291 : 0
  4288	  4303 : 1
  4300	  4307 : 0
  4304	  4363 : 1
  4360	  4371 : 0
  4368	  4391 : 1
  4388	  4395 : 0
  4392	  4415 : 0
  4412	  4491 : 0
  4488	  4515 : 1
  4512	  4519 : 0
  4516	  4527 : 1
  4524	  4535 : 0
  4532	  4563 : 0
  4560	  4571 : 0
  4568	  4575 : 0
  4572	  4579 : 0
  4576	  4583 : 0
  4580	  4587 : 0
  4584	  4607 : 0
  4604	  4611 : 0
  4608	  4643 : 1
  4640	  4663 : 0
  4660	  4687 : 0
  4684	  4695 : 0
  4692	  4707 : 0
  4704	  4735 : 0
  4732	  4739 : 0
  4736	  4799 : 0
  4796	  4803 : 0
  4800	  4823 : 0
  4820	  4827 : 0
  4824	  4847 : 0
  4844	  4851 : 0
  4848	  4855 : 0
  4852	  4863 : 0
  4860	  4895 : 0
  4892	  4947 : 0
  4944	  4955 : 0
  4952	  4975 : 0
  4972	  4987 : 0
  4984	  5015 : 0
  5012	  5019 : 0
  5016	  5023 : 0
  5020	  5055 : 0
  5052	  5083 : 0
  5080	  5087 : 2
  5084	  5091 : 1
  5088	  5107 : 0
  5104	  5139 : 0
  5136	  5147 : 0
  5144	  5171 : 1
  5168	  5207 : 0
  5204	  5287 : 1
  5284	  5299 : 0
  5296	  5335 : 0
  5332	  5339 : 0
  5336	  5351 : 0
  5348	  5359 : 0
  5356	  5363 : 0
  5360	  5371 : 0
  5368	  5379 : 0
  5376	  5383 : 0
  5380	  5391 : 0
  5388	  5399 : 0
  5396	  5407 : 0
  5404	  5411 : 0
  5408	  5443 : 0
  5440	  5463 : 0
  5460	  5467 : 0
  5464	  5491 : 0
  5488	  5495 : 0
  5492	  5499 : 0
  5496	  5511 : 0
  5508	  5551 : 0
  5548	  5555 : 0
  5552	  5583 : 0
  5580	  5587 : 0
  5584	  5591 : 0
  5588	  5651 : 0
  5648	  5655 : 0
  5652	  5659 : 0
  5656	  5663 : 0
  5660	  5671 : 0
  5668	  5687 : 0
  5684	  5691 : 0
  5688	  5695 : 0
  5692	  5735 : 0
  5732	  5739 : 0
  5736	  5763 : 0
  5760	  5767 : 0
  5764	  5775 : 0
  5772	  5783 : 0
  5780	  5799 : 0
  5796	  5803 : 0
  5800	  5819 : 0
  5816	  5839 : 0
  5836	  5847 : 0
  5844	  5871 : 0
  5868	  5891 : 0
  5888	  5895 : 0
  5892	  5899 : 0
  5896	  5923 : 0
  5920	  5955 : 0
  5952	  5967 : 0
  5964	  5983 : 0
  5980	  5995 : 0
  5992	  6007 : 0
  6004	  6023 : 0
  6020	  6027 : 0
  6024	  6047 : 0
  6044	  6051 : 0
  6048	  6055 : 0
  6052	  6075 : 0
  6072	  6079 : 0
  6076	  6215 : 0
  6212	  6271 : 0
  6268	  6331 : 0
  6328	  6347 : 0
  6344	  6383 : 0
  6380	  6391 : 0
  6388	  6399 : 0
  6396	  6411 : 0
  6408	  6427 : 0
  6424	  6435 : 0
  6432	  6479 : 0
  6476	  6511 : 0
  6508	  6519 : 0
  6516	  6539 : 0
  6536	  6599 : 0
  6596	  6603 : 0
  6600	  6607 : 0
  6604	  6619 : 0
  6616	  6627 : 0
  6624	  6791 : 0
  6788	  6995 : 1
  6992	  6999 : 0
  6996	  7019 : 0
  7016	  7023 : 2
  7020	  7275 : 0
