     0	   115 : 0
   112	   123 : 0
   120	   835 : 0
   832	   839 : 0
   836	  1423 : 0
  1420	  1431 : 0
  1428	  1627 : 0
  1624	  1635 : 1
  1632	  1835 : 0
  1832	  1843 : 0
  1840	  1959 : 0
  1956	  1971 : 0
  1968	  2307 : 0
  2304	  2315 : 0
  2312	  2435 : 0
  2432	  2443 : 1
  2440	  2535 : 0
  2532	  2543 : 0
  2540	  2611 : 0
  2608	  2619 : 1
  2616	  2767 : 0
  2764	  2775 : 0
  2772	  2871 : 0
  2868	  2879 : 0
  2876	  3091 : 0
  3088	  3099 : 1
  3096	  4923 : 0
  4920	  4931 : 1
  4928	  6199 : 0
  6196	  6211 : 1
  6208	  6503 : 0
  6500	  6515 : 0
  6512	  9295 : 0
  9292	  9327 : 0
  9324	  9335 : 0
  9332	  9371 : 0
  9368	 10551 : 0
 10548	 10555 : 0
 10552	 11567 : 0
 11564	 11571 : 0
 11568	 11903 : 0
 11900	 11911 : 1
 11908	 11923 : 0
 11920	 11927 : 0
 11924	 11935 : 0
