     0	     7 : 1
     4	    55 : 0
    52	    91 : 1
    88	   115 : 0
   112	   119 : 1
   116	   175 : 0
   172	   211 : 1
   208	   215 : 0
   212	   271 : 1
   268	   275 : 0
   272	   351 : 0
   348	   359 : 0
   356	   363 : 0
   360	   395 : 0
   392	   399 : 1
   396	   435 : 0
   432	   443 : 1
   440	   467 : 0
   464	   475 : 1
   472	   503 : 0
   500	   591 : 0
   588	   599 : 0
   596	   615 : 0
   612	   619 : 0
   616	   623 : 0
   620	   655 : 0
   652	   687 : 1
   684	   751 : 0
   748	   787 : 1
   784	   799 : 0
   796	   803 : 0
   800	   811 : 0
   808	   823 : 0
   820	   863 : 0
   860	   867 : 0
   864	   883 : 0
   880	   963 : 0
   960	  1039 : 0
  1036	  1047 : 1
  1044	  1079 : 0
  1076	  1087 : 1
  1084	  1091 : 0
  1088	  1143 : 0
  1140	  1175 : 0
  1172	  1179 : 1
  1176	  1187 : 0
  1184	  1199 : 0
  1196	  1207 : 0
  1204	  1211 : 1
  1208	  1223 : 0
  1220	  1235 : 0
  1232	  1255 : 0
  1252	  1259 : 0
  1256	  1327 : 0
  1324	  1347 : 0
  1344	  1363 : 0
  1360	  1375 : 0
  1372	  1379 : 0
  1376	  1383 : 1
  1380	  1391 : 0
  1388	  1463 : 0
  1460	  1475 : 0
  1472	  1483 : 1
  1480	  1507 : 0
  1504	  1515 : 1
  1512	  1615 : 0
  1612	  1623 : 1
  1620	  1627 : 0
  1624	  1687 : 0
  1684	  1711 : 0
  1708	  1715 : 0
  1712	  1731 : 0
  1728	  1735 : 0
  1732	  1759 : 0
  1756	  1779 : 0
  1776	  1795 : 0
  1792	  1811 : 0
  1808	  1823 : 0
  1820	  1831 : 0
  1828	  1843 : 0
  1840	  1887 : 0
  1884	  1891 : 0
  1888	  1907 : 1
  1904	  1927 : 0
  1924	  1951 : 1
  1948	  1979 : 0
  1976	  1987 : 1
  1984	  2099 : 0
  2096	  2119 : 0
  2116	  2123 : 0
  2120	  2127 : 1
  2124	  2255 : 0
  2252	  2267 : 1
  2264	  2299 : 0
  2296	  2335 : 1
  2332	  2343 : 0
  2340	  2347 : 1
  2344	  2399 : 0
  2396	  2455 : 1
  2452	  2499 : 0
  2496	  2511 : 0
  2508	  2587 : 0
  2584	  2595 : 1
  2592	  2611 : 0
  2608	  2655 : 0
  2652	  2663 : 0
  2660	  2671 : 1
  2668	  2715 : 0
  2712	  2747 : 0
  2744	  2787 : 0
  2784	  2795 : 0
  2792	  2863 : 0
  2860	  2927 : 0
  2924	  3019 : 0
  3016	  3059 : 0
  3056	  3099 : 0
  3096	  3107 : 1
  3104	  3203 : 0
  3200	  3211 : 1
  3208	  3247 : 0
  3244	  3251 : 1
  3248	  3295 : 0
  3292	  3315 : 1
  3312	  3331 : 0
  3328	  3343 : 0
  3340	  3347 : 2
  3344	  3351 : 1
  3348	  3387 : 0
  3384	  3399 : 0
  3396	  3415 : 0
  3412	  3419 : 2
  3416	  3471 : 0
  3468	  3479 : 1
  3476	  3499 : 0
  3496	  3535 : 0
  3532	  3575 : 0
  3572	  3579 : 1
  3576	  3623 : 0
  3620	  3675 : 1
  3672	  3691 : 0
  3688	  3703 : 0
  3700	  3711 : 0
  3708	  3719 : 1
  3716	  3815 : 0
  3812	  3823 : 0
  3820	  3827 : 0
  3824	  3831 : 1
  3828	  3851 : 0
  3848	  3855 : 0
  3852	  3879 : 0
  3876	  3895 : 1
  3892	  3939 : 0
  3936	  3947 : 1
  3944	  4019 : 0
  4016	  4099 : 0
  4096	  4135 : 0
  4132	  4163 : 0
  4160	  4215 : 0
  4212	  4227 : 0
  4224	  4255 : 0
  4252	  4267 : 0
  4264	  4271 : 0
  4268	  4283 : 0
  4280	  4331 : 0
  4328	  4339 : 1
  4336	  4363 : 0
  4360	  4371 : 0
  4368	  4379 : 0
  4376	  4407 : 0
  4404	  4415 : 0
  4412	  4431 : 0
  4428	  4439 : 0
  4436	  4443 : 0
  4440	  4447 : 0
  4444	  4475 : 1
  4472	  4483 : 0
  4480	  4503 : 0
  4500	  4567 : 0
  4564	  4571 : 0
  4568	  4575 : 0
  4572	  4603 : 0
  4600	  4627 : 0
  4624	  4647 : 0
  4644	  4655 : 0
  4652	  4679 : 0
  4676	  4787 : 0
  4784	  4791 : 1
  4788	  4919 : 0
  4916	  4951 : 1
  4948	  4987 : 0
  4984	  4991 : 1
  4988	  4995 : 0
  4992	  4999 : 0
  4996	  5043 : 0
  5040	  5111 : 1
  5108	  5163 : 0
  5160	  5239 : 0
  5236	  5247 : 0
  5244	  5291 : 0
  5288	  5375 : 0
  5372	  5399 : 0
  5396	  5407 : 0
  5404	  5411 : 1
  5408	  5499 : 0
  5496	  5507 : 1
  5504	  5539 : 0
  5536	  5543 : 1
  5540	  5635 : 0
  5632	  5639 : 1
  5636	  5671 : 0
  5668	  5687 : 1
  5684	  5691 : 0
  5688	  5707 : 0
  5704	  5735 : 0
  5732	  5743 : 1
  5740	  5783 : 0
  5780	  5795 : 0
  5792	  5827 : 0
  5824	  5911 : 1
  5908	  5935 : 0
  5932	  5975 : 0
  5972	  6019 : 0
  6016	  6023 : 0
  6020	  6031 : 0
  6028	  6063 : 1
  6060	  6079 : 0
  6076	  6083 : 1
  6080	  6119 : 0
  6116	  6127 : 1
  6124	  6159 : 0
  6156	  6167 : 1
  6164	  6195 : 0
  6192	  6199 : 1
  6196	  6251 : 0
  6248	  6255 : 1
  6252	  6375 : 0
  6372	  6383 : 1
  6380	  6419 : 0
  6416	  6427 : 1
  6424	  6479 : 0
  6476	  6487 : 1
  6484	  6635 : 0
  6632	  6771 : 1
  6768	  6775 : 0
  6772	  6779 : 0
  6776	  6855 : 0
  6852	  6899 : 0
  6896	  6999 : 0
  6996	  7047 : 0
  7044	  7083 : 0
  7080	  7087 : 1
  7084	  7187 : 0
  7184	  7191 : 1
  7188	  7267 : 0
  7264	  7275 : 0
  7272	  7399 : 0
  7396	  7439 : 1
  7436	  7443 : 0
  7440	  7447 : 0
  7444	  7451 : 0
  7448	  7455 : 1
  7452	  7467 : 0
  7464	  7471 : 1
  7468	  7491 : 0
  7488	  7539 : 0
  7536	  7543 : 0
  7540	  7559 : 1
  7556	  7579 : 0
  7576	  7583 : 0
  7580	  7595 : 0
  7592	  7635 : 0
  7632	  7639 : 0
  7636	  7643 : 1
  7640	  7647 : 0
  7644	  7671 : 0
  7668	  7675 : 0
  7672	  7739 : 0
  7736	  7743 : 0
  7740	  7755 : 0
  7752	  7771 : 0
  7768	  7779 : 1
  7776	  7819 : 0
  7816	  7823 : 1
  7820	  7827 : 0
  7824	  7879 : 0
  7876	  7959 : 0
  7956	  7963 : 1
  7960	  8087 : 0
  8084	  8099 : 1
  8096	  8103 : 0
  8100	  8107 : 0
  8104	  8115 : 0
  8112	  8143 : 0
  8140	  8147 : 0
  8144	  8175 : 0
  8172	  8235 : 0
  8232	  8243 : 1
  8240	  8331 : 0
  8328	  8335 : 1
  8332	  8339 : 2
  8336	  8399 : 0
  8396	  8407 : 1
  8404	  8495 : 0
  8492	  8571 : 1
  8568	  8595 : 0
  8592	  8599 : 0
  8596	  8607 : 0
  8604	  8619 : 0
  8616	  8635 : 0
  8632	  8639 : 0
  8636	  8643 : 0
  8640	  8659 : 0
  8656	  8671 : 0
  8668	  8695 : 0
  8692	  8723 : 0
  8720	  8767 : 0
  8764	  8775 : 0
  8772	  8795 : 0
  8792	  8851 : 0
  8848	  8887 : 0
  8884	  8923 : 0
  8920	  8931 : 1
  8928	  8959 : 0
  8956	  8983 : 0
  8980	  9071 : 0
  9068	  9103 : 0
  9100	  9127 : 0
  9124	  9139 : 0
  9136	  9211 : 0
  9208	  9223 : 0
  9220	  9263 : 0
  9260	  9271 : 0
  9268	  9295 : 0
  9292	  9343 : 0
  9340	  9347 : 0
  9344	  9371 : 0
  9368	  9375 : 0
  9372	  9383 : 0
  9380	  9407 : 0
  9404	  9419 : 1
  9416	  9471 : 0
  9468	  9475 : 1
  9472	  9627 : 0
  9624	  9639 : 1
  9636	  9647 : 0
  9644	  9651 : 0
  9648	  9687 : 0
  9684	  9695 : 1
  9692	  9699 : 0
  9696	  9711 : 0
  9708	  9715 : 0
  9712	  9935 : 1
  9932	  9939 : 0
  9936	  9943 : 1
  9940	 10003 : 0
 10000	 10007 : 0
 10004	 10071 : 0
 10068	 10079 : 1
 10076	 10083 : 0
 10080	 10087 : 0
 10084	 10103 : 0
 10100	 10111 : 0
 10108	 10139 : 0
 10136	 10143 : 1
 10140	 10183 : 0
 10180	 10191 : 1
 10188	 10227 : 0
 10224	 10231 : 1
 10228	 10263 : 0
 10260	 10267 : 1
 10264	 10271 : 0
 10268	 10279 : 0
 10276	 10311 : 0
 10308	 10375 : 0
 10372	 10383 : 0
 10380	 10387 : 0
 10384	 10407 : 0
 10404	 10415 : 0
 10412	 10447 : 0
 10444	 10647 : 1
 10644	 10683 : 0
 10680	 10699 : 1
 10696	 10703 : 0
 10700	 10727 : 1
 10724	 10783 : 0
 10780	 10787 : 0
 10784	 10799 : 0
 10796	 10807 : 1
 10804	 10835 : 0
 10832	 10843 : 1
 10840	 10863 : 0
 10860	 10871 : 1
 10868	 10875 : 0
 10872	 10879 : 0
 10876	 10883 : 0
 10880	 10903 : 0
 10900	 11015 : 0
 11012	 11071 : 1
 11068	 11103 : 0
 11100	 11111 : 1
 11108	 11163 : 0
 11160	 11167 : 1
 11164	 11203 : 0
 11200	 11211 : 1
 11208	 11239 : 0
 11236	 11255 : 0
 11252	 11259 : 0
 11256	 11267 : 1
 11264	 11303 : 0
 11300	 11339 : 1
 11336	 11367 : 0
 11364	 11375 : 0
 11372	 11415 : 0
 11412	 11427 : 0
 11424	 11615 : 0
 11612	 11623 : 1
 11620	 11627 : 0
 11624	 11687 : 0
 11684	 11695 : 0
 11692	 11707 : 0
 11704	 11711 : 0
 11708	 12183 : 0
