     0	    19 : 0
    16	    23 : 0
    20	    39 : 0
    36	    75 : 0
    72	    79 : 1
    76	   119 : 0
   116	   191 : 0
   188	   243 : 0
   240	   247 : 0
   244	   255 : 0
   252	   259 : 1
   256	   291 : 0
   288	   327 : 1
   324	   363 : 0
   360	   367 : 1
   364	   379 : 0
   376	   423 : 0
   420	   499 : 0
   496	   531 : 0
   528	   539 : 0
   536	   571 : 0
   568	   583 : 0
   580	   587 : 0
   584	   607 : 0
   604	   635 : 0
   632	   639 : 0
   636	   683 : 0
   680	   687 : 0
   684	   691 : 0
   688	   735 : 0
   732	   747 : 0
   744	   803 : 0
   800	   823 : 0
   820	   835 : 0
   832	   863 : 0
   860	   927 : 0
   924	   931 : 0
   928	   947 : 0
   944	   963 : 0
   960	  1023 : 0
  1020	  1031 : 0
  1028	  1071 : 0
  1068	  1083 : 0
  1080	  1103 : 0
  1100	  1111 : 1
  1108	  1131 : 0
  1128	  1135 : 0
  1132	  1143 : 0
  1140	  1387 : 0
  1384	  1395 : 0
  1392	  1399 : 0
  1396	  1439 : 0
  1436	  1443 : 0
  1440	  1447 : 0
  1444	  1459 : 0
  1456	  1479 : 0
  1476	  1495 : 0
  1492	  1511 : 0
  1508	  1519 : 0
  1516	  1535 : 0
  1532	  1547 : 0
  1544	  1587 : 0
  1584	  1639 : 0
  1636	  1651 : 0
  1648	  1671 : 0
  1668	  1683 : 0
  1680	  1699 : 0
  1696	  1767 : 0
  1764	  1791 : 0
  1788	  1843 : 0
  1840	  1847 : 1
  1844	  1919 : 0
  1916	  1939 : 0
  1936	  1943 : 0
  1940	  1947 : 0
  1944	  1959 : 0
  1956	  2055 : 0
  2052	  2059 : 0
  2056	  2067 : 0
  2064	  2071 : 0
  2068	  2079 : 0
  2076	  2083 : 0
  2080	  2091 : 1
  2088	  2123 : 0
  2120	  2131 : 1
  2128	  2231 : 0
  2228	  2283 : 1
  2280	  2303 : 0
  2300	  2331 : 0
  2328	  2343 : 0
  2340	  2351 : 1
  2348	  2363 : 0
  2360	  2435 : 0
  2432	  2439 : 0
  2436	  2443 : 0
  2440	  2447 : 0
  2444	  2463 : 0
  2460	  2467 : 0
  2464	  2487 : 0
  2484	  2515 : 0
  2512	  2519 : 1
  2516	  2567 : 0
  2564	  2575 : 1
  2572	  2615 : 0
  2612	  2623 : 1
  2620	  2659 : 0
  2656	  2663 : 1
  2660	  2683 : 0
  2680	  2687 : 0
  2684	  2695 : 0
  2692	  2799 : 1
  2796	  2803 : 0
  2800	  2807 : 0
  2804	  2811 : 0
  2808	  2847 : 0
  2844	  2871 : 0
  2868	  2887 : 0
  2884	  2891 : 0
  2888	  2999 : 0
  2996	  3003 : 0
  3000	  3011 : 0
  3008	  3043 : 0
  3040	  3051 : 0
  3048	  3087 : 0
  3084	  3107 : 0
  3104	  3111 : 0
  3108	  3115 : 0
  3112	  3175 : 0
  3172	  3191 : 0
  3188	  3219 : 0
  3216	  3227 : 0
  3224	  3231 : 0
  3228	  3239 : 0
  3236	  3247 : 0
  3244	  3251 : 1
  3248	  3287 : 0
  3284	  3335 : 0
  3332	  3339 : 0
  3336	  3379 : 0
  3376	  3427 : 0
  3424	  3451 : 0
  3448	  3551 : 0
  3548	  3559 : 0
  3556	  3583 : 0
  3580	  3587 : 0
  3584	  3671 : 0
  3668	  3723 : 0
  3720	  3727 : 0
  3724	  3883 : 0
  3880	  3891 : 0
  3888	  3911 : 0
  3908	  3919 : 0
  3916	  3927 : 0
  3924	  3931 : 0
  3928	  3967 : 0
  3964	  4147 : 0
  4144	  4159 : 1
  4156	  4167 : 0
  4164	  4171 : 0
  4168	  4295 : 0
  4292	  4343 : 0
  4340	  4363 : 0
  4360	  4403 : 0
  4400	  4439 : 0
  4436	  4463 : 0
  4460	  4467 : 0
  4464	  4479 : 0
  4476	  4483 : 0
  4480	  4499 : 0
  4496	  4507 : 0
  4504	  4599 : 0
  4596	  4723 : 0
  4720	  4735 : 0
  4732	  4747 : 0
  4744	  4831 : 1
  4828	  4879 : 0
  4876	  4919 : 0
  4916	  4931 : 0
  4928	  4947 : 0
  4944	  4959 : 0
  4956	  4975 : 0
  4972	  4983 : 0
  4980	  5003 : 0
  5000	  5099 : 0
  5096	  5103 : 0
  5100	  5159 : 0
  5156	  5167 : 1
  5164	  5255 : 0
  5252	  5263 : 1
  5260	  5423 : 0
  5420	  5427 : 0
  5424	  5459 : 0
  5456	  5487 : 0
  5484	  5815 : 0
  5812	  5827 : 0
  5824	  5855 : 0
  5852	  5863 : 0
  5860	  5867 : 0
  5864	  5879 : 0
  5876	  6199 : 0
  6196	  6207 : 0
  6204	  6283 : 0
  6280	  6291 : 1
  6288	  6399 : 0
  6396	  6419 : 0
  6416	  6427 : 0
  6424	  6483 : 1
  6480	  6487 : 0
  6484	  6571 : 0
  6568	  6627 : 0
  6624	  6639 : 0
  6636	  6659 : 0
  6656	  6699 : 0
  6696	  6711 : 0
  6708	  6751 : 0
  6748	  6843 : 0
  6840	  6883 : 0
  6880	  6903 : 0
  6900	  6911 : 0
  6908	  6939 : 0
  6936	  6947 : 1
  6944	  6967 : 0
  6964	  6991 : 0
  6988	  7075 : 0
  7072	  7219 : 1
  7216	  7227 : 0
  7224	  7243 : 0
  7240	  7247 : 0
  7244	  7259 : 0
  7256	  7287 : 0
  7284	  7399 : 0
  7396	  7407 : 0
  7404	  7443 : 0
  7440	  7463 : 0
  7460	  7479 : 1
  7476	  7531 : 0
  7528	  7535 : 1
  7532	  7539 : 0
  7536	  7567 : 0
  7564	  7583 : 0
  7580	  7591 : 0
  7588	  7647 : 0
  7644	  7651 : 1
  7648	  7755 : 0
  7752	  7791 : 0
  7788	  7863 : 0
  7860	  7995 : 1
  7992	  7999 : 0
  7996	  8003 : 1
  8000	  8051 : 0
  8048	  8063 : 0
  8060	  8067 : 0
  8064	  8075 : 1
  8072	  8087 : 0
  8084	  8139 : 0
  8136	  8183 : 0
  8180	  8187 : 0
  8184	  8215 : 0
  8212	  8219 : 1
  8216	  8263 : 0
  8260	  8271 : 1
  8268	  8299 : 0
  8296	  8307 : 0
  8304	  8319 : 0
  8316	  8323 : 0
  8320	  8331 : 0
  8328	  8339 : 1
  8336	  8355 : 0
  8352	  8371 : 0
  8368	  8379 : 0
  8376	  8395 : 0
  8392	  8419 : 0
  8416	  8423 : 1
  8420	  8455 : 0
  8452	  8463 : 0
  8460	  8555 : 0
  8552	  8559 : 0
  8556	  8575 : 0
  8572	  8579 : 0
  8576	  8591 : 0
  8588	  8595 : 0
  8592	  8623 : 0
  8620	  8647 : 1
  8644	  8651 : 0
  8648	  8671 : 0
  8668	  8707 : 0
  8704	  8719 : 1
  8716	  8767 : 0
  8764	  8771 : 0
  8768	  8783 : 0
  8780	  8791 : 1
  8788	  8799 : 0
  8796	  8827 : 0
  8824	  8967 : 0
  8964	  8971 : 1
  8968	  9023 : 0
  9020	  9031 : 0
  9028	  9035 : 0
  9032	  9039 : 1
  9036	  9063 : 0
  9060	  9087 : 0
  9084	  9099 : 0
  9096	  9119 : 0
  9116	  9139 : 0
  9136	  9147 : 0
  9144	  9171 : 0
  9168	  9179 : 0
  9176	  9227 : 0
  9224	  9231 : 0
  9228	  9243 : 0
  9240	  9255 : 0
  9252	  9275 : 0
  9272	  9283 : 1
  9280	  9319 : 0
  9316	  9323 : 0
  9320	  9367 : 0
  9364	  9371 : 0
  9368	  9383 : 0
  9380	  9391 : 0
  9388	  9399 : 0
  9396	  9507 : 0
  9504	  9535 : 0
  9532	  9543 : 1
  9540	  9567 : 0
  9564	  9579 : 0
  9576	  9583 : 0
  9580	  9587 : 0
  9584	  9595 : 0
  9592	  9615 : 0
  9612	  9619 : 0
  9616	  9639 : 0
  9636	  9647 : 0
  9644	  9651 : 0
  9648	  9667 : 0
  9664	  9679 : 0
  9676	  9695 : 0
  9692	  9711 : 0
  9708	  9735 : 0
  9732	  9751 : 0
  9748	  9767 : 0
  9764	  9775 : 1
  9772	  9783 : 0
  9780	  9855 : 0
  9852	  9859 : 2
  9856	  9963 : 0
  9960	  9967 : 1
  9964	  9975 : 0
  9972	  9991 : 0
  9988	 10031 : 0
 10028	 10079 : 0
 10076	 10179 : 0
 10176	 10187 : 0
 10184	 10191 : 0
 10188	 10223 : 0
 10220	 10243 : 0
 10240	 10247 : 0
 10244	 10251 : 0
 10248	 10263 : 0
 10260	 10275 : 0
 10272	 10435 : 0
 10432	 10579 : 0
 10576	 10583 : 0
 10580	 10635 : 0
 10632	 10643 : 0
 10640	 10679 : 0
 10676	 10759 : 1
 10756	 10763 : 0
 10760	 10775 : 0
 10772	 10811 : 0
 10808	 10815 : 0
 10812	 10867 : 0
 10864	 10875 : 1
 10872	 10915 : 0
 10912	 10963 : 0
 10960	 10983 : 0
 10980	 10991 : 1
 10988	 11067 : 0
 11064	 11071 : 1
 11068	 11127 : 0
 11124	 11131 : 0
 11128	 11147 : 0
 11144	 11191 : 0
 11188	 11195 : 0
 11192	 11279 : 1
 11276	 11283 : 0
 11280	 11291 : 0
 11288	 11295 : 0
 11292	 11307 : 0
 11304	 11319 : 0
 11316	 11323 : 0
 11320	 11327 : 0
 11324	 11359 : 0
 11356	 11367 : 0
 11364	 11371 : 0
 11368	 11375 : 0
 11372	 11387 : 0
 11384	 11403 : 0
 11400	 11411 : 1
 11408	 11427 : 0
 11424	 11431 : 0
 11428	 11439 : 0
 11436	 11451 : 0
 11448	 11467 : 0
 11464	 11483 : 0
 11480	 11487 : 0
 11484	 11491 : 1
 11488	 11499 : 0
 11496	 11519 : 0
 11516	 11539 : 0
 11536	 11547 : 0
 11544	 11567 : 0
 11564	 11571 : 1
 11568	 11587 : 0
 11584	 11611 : 0
 11608	 11631 : 0
 11628	 11675 : 0
 11672	 11695 : 0
 11692	 11699 : 0
 11696	 11711 : 0
 11708	 11787 : 0
 11784	 11819 : 0
 11816	 11843 : 0
 11840	 11899 : 0
 11896	 11907 : 0
 11904	 11979 : 0
 11976	 11983 : 0
 11980	 11999 : 0
 11996	 12007 : 1
 12004	 12091 : 0
 12088	 12111 : 0
 12108	 12115 : 0
 12112	 12179 : 0
 12176	 12187 : 0
 12184	 12191 : 0
 12188	 12195 : 0
 12192	 12251 : 0
 12248	 12315 : 0
 12312	 12379 : 0
 12376	 12391 : 0
 12388	 12399 : 0
 12396	 12419 : 0
 12416	 12559 : 0
 12556	 12591 : 0
 12588	 12611 : 0
 12608	 12639 : 0
 12636	 12715 : 0
 12712	 12727 : 0
 12724	 12731 : 0
 12728	 12775 : 0
 12772	 12779 : 0
 12776	 12791 : 0
 12788	 12799 : 0
 12796	 12835 : 0
 12832	 12939 : 0
 12936	 12963 : 0
 12960	 12967 : 0
 12964	 12975 : 0
 12972	 12999 : 0
 12996	 13015 : 0
 13012	 13019 : 0
 13016	 13067 : 0
 13064	 13071 : 1
 13068	 13103 : 0
 13100	 13107 : 0
 13104	 13287 : 0
 13284	 13291 : 0
 13288	 13323 : 0
 13320	 13331 : 1
 13328	 13339 : 0
 13336	 13351 : 0
 13348	 13515 : 0
 13512	 13519 : 0
 13516	 13523 : 0
 13520	 13527 : 0
 13524	 13539 : 0
 13536	 13555 : 0
 13552	 13703 : 0
 13700	 13727 : 0
 13724	 13783 : 0
 13780	 13787 : 1
 13784	 13823 : 0
 13820	 13831 : 0
 13828	 13839 : 0
 13836	 13847 : 0
 13844	 13851 : 0
 13848	 13867 : 0
 13864	 13895 : 0
 13892	 13935 : 0
 13932	 13947 : 0
 13944	 13951 : 0
 13948	 13991 : 0
 13988	 13995 : 1
 13992	 14043 : 0
 14040	 14047 : 1
 14044	 14071 : 0
 14068	 14139 : 0
 14136	 14175 : 0
 14172	 14183 : 1
 14180	 14195 : 0
 14192	 14199 : 0
 14196	 14215 : 0
 14212	 14223 : 0
 14220	 14235 : 0
 14232	 14239 : 0
 14236	 14307 : 0
 14304	 14311 : 0
 14308	 14319 : 0
 14316	 14323 : 0
 14320	 14331 : 0
 14328	 14355 : 0
 14352	 14387 : 0
 14384	 14411 : 0
 14408	 14427 : 0
 14424	 14431 : 0
 14428	 14451 : 0
 14448	 14455 : 1
 14452	 14467 : 0
 14464	 14487 : 0
 14484	 14499 : 0
 14496	 14515 : 0
 14512	 14547 : 0
 14544	 14551 : 0
 14548	 14571 : 0
 14568	 14583 : 0
 14580	 14591 : 0
 14588	 14599 : 0
 14596	 14615 : 0
 14612	 14623 : 0
 14620	 14651 : 0
 14648	 14659 : 0
 14656	 14903 : 0
 14900	 14907 : 0
 14904	 14915 : 0
 14912	 14927 : 0
 14924	 14931 : 0
 14928	 14963 : 0
 14960	 14983 : 0
 14980	 14987 : 0
 14984	 15035 : 0
 15032	 15043 : 1
 15040	 15095 : 0
 15092	 15111 : 0
 15108	 15115 : 0
 15112	 15123 : 0
 15120	 15175 : 0
 15172	 15187 : 0
 15184	 15299 : 0
 15296	 15303 : 1
 15300	 15311 : 0
 15308	 15315 : 0
 15312	 15367 : 0
 15364	 15375 : 0
 15372	 15395 : 0
 15392	 15407 : 0
 15404	 15431 : 0
 15428	 15439 : 0
 15436	 15443 : 0
 15440	 15447 : 0
 15444	 15495 : 0
 15492	 15531 : 0
 15528	 15551 : 0
 15548	 15563 : 0
 15560	 15663 : 0
 15660	 15699 : 0
 15696	 15711 : 0
 15708	 15723 : 0
 15720	 15735 : 0
 15732	 15739 : 0
 15736	 15763 : 0
 15760	 15799 : 0
 15796	 15823 : 0
 15820	 15835 : 0
 15832	 15839 : 0
 15836	 15847 : 0
 15844	 15907 : 0
 15904	 15943 : 0
 15940	 15987 : 0
 15984	 16047 : 0
 16044	 16071 : 0
 16068	 16079 : 0
 16076	 16083 : 0
 16080	 16095 : 0
 16092	 16155 : 0
 16152	 16163 : 0
 16160	 16167 : 0
 16164	 16183 : 0
 16180	 16211 : 0
 16208	 16215 : 0
 16212	 16219 : 0
 16216	 16259 : 0
 16256	 16263 : 0
 16260	 16275 : 0
 16272	 16299 : 0
 16296	 16331 : 0
 16328	 16403 : 0
 16400	 16415 : 0
 16412	 16439 : 0
 16436	 16447 : 0
 16444	 16455 : 0
 16452	 16463 : 0
 16460	 16471 : 0
 16468	 16475 : 0
 16472	 16499 : 0
 16496	 16503 : 0
 16500	 16511 : 0
 16508	 16519 : 0
 16516	 16523 : 0
 16520	 16527 : 0
 16524	 16539 : 0
 16536	 16543 : 0
 16540	 16547 : 0
 16544	 16587 : 0
 16584	 16643 : 0
 16640	 16647 : 0
 16644	 16655 : 0
 16652	 16663 : 0
 16660	 16675 : 0
 16672	 16687 : 0
 16684	 16775 : 0
 16772	 16791 : 0
 16788	 16799 : 0
 16796	 16803 : 0
 16800	 16807 : 0
 16804	 16815 : 0
 16812	 16835 : 0
 16832	 16843 : 0
 16840	 16851 : 0
 16848	 16875 : 0
 16872	 16939 : 0
 16936	 16947 : 1
 16944	 16971 : 0
 16968	 16979 : 0
 16976	 17063 : 0
 17060	 17071 : 0
 17068	 17075 : 0
 17072	 17079 : 0
 17076	 17087 : 0
 17084	 17107 : 0
 17104	 17171 : 0
 17168	 17191 : 0
 17188	 17419 : 0
 17416	 17427 : 0
 17424	 17431 : 0
 17428	 17503 : 1
 17500	 17535 : 0
 17532	 17723 : 1
