     0	    31 : 1
    28	   155 : 0
   152	   171 : 1
   168	   179 : 0
   176	   183 : 0
   180	   243 : 0
   240	   263 : 0
   260	   311 : 0
   308	   363 : 0
   360	   403 : 0
   400	   411 : 0
   408	   459 : 0
   456	   479 : 1
   476	   567 : 0
   564	   591 : 1
   588	   671 : 0
   668	   887 : 1
   884	   899 : 0
   896	  1011 : 0
  1008	  1015 : 0
  1012	  1035 : 0
  1032	  1039 : 0
  1036	  1123 : 1
  1120	  1139 : 0
  1136	  1167 : 0
  1164	  1179 : 0
  1176	  1227 : 1
  1224	  1287 : 0
  1284	  1291 : 0
  1288	  1327 : 0
  1324	  1335 : 1
  1332	  1359 : 0
  1356	  1367 : 0
  1364	  1371 : 0
  1368	  1391 : 0
  1388	  1415 : 0
  1412	  1423 : 1
  1420	  1427 : 0
  1424	  1431 : 1
  1428	  1447 : 0
  1444	  1455 : 0
  1452	  1463 : 0
  1460	  1467 : 0
  1464	  1471 : 0
  1468	  1515 : 0
  1512	  1523 : 0
  1520	  1555 : 0
  1552	  1567 : 0
  1564	  1627 : 0
  1624	  1715 : 0
  1712	  1719 : 0
  1716	  1723 : 0
  1720	  1727 : 0
  1724	  1731 : 0
  1728	  1739 : 1
  1736	  1751 : 0
  1748	  1759 : 0
  1756	  1779 : 0
  1776	  1783 : 0
  1780	  1791 : 0
  1788	  1807 : 0
  1804	  1811 : 0
  1808	  1815 : 0
  1812	  1851 : 0
  1848	  1855 : 0
  1852	  1863 : 0
  1860	  1867 : 0
  1864	  1883 : 0
  1880	  1927 : 0
  1924	  1935 : 0
  1932	  1943 : 0
  1940	  1971 : 0
  1968	  1991 : 1
  1988	  1995 : 0
  1992	  2215 : 0
  2212	  2323 : 0
  2320	  2327 : 1
  2324	  2451 : 0
  2448	  2487 : 1
  2484	  2491 : 0
  2488	  2511 : 0
  2508	  2615 : 0
  2612	  2635 : 0
  2632	  2655 : 0
  2652	  2671 : 0
  2668	  2699 : 0
  2696	  3219 : 0
  3216	  3239 : 0
  3236	  3243 : 1
  3240	  3351 : 0
  3348	  3363 : 1
  3360	  3507 : 0
  3504	  3519 : 1
  3516	  3543 : 0
  3540	  3547 : 0
  3544	  3567 : 0
  3564	  3579 : 1
  3576	  3635 : 0
  3632	  3639 : 0
  3636	  3671 : 0
  3668	  3695 : 0
  3692	  3719 : 0
  3716	  3723 : 0
  3720	  3731 : 0
  3728	  3755 : 0
  3752	  3787 : 0
  3784	  3791 : 0
  3788	  3855 : 0
  3852	  3859 : 0
  3856	  3867 : 0
  3864	  3875 : 0
  3872	  3879 : 0
  3876	  3883 : 0
  3880	  3887 : 0
  3884	  3891 : 0
  3888	  3899 : 0
  3896	  3903 : 0
  3900	  3907 : 0
  3904	  3923 : 1
  3920	  4071 : 0
  4068	  4075 : 1
  4072	  4147 : 0
  4144	  4151 : 0
  4148	  4247 : 0
  4244	  4259 : 1
  4256	  4267 : 0
  4264	  4271 : 1
  4268	  4279 : 0
  4276	  4283 : 1
  4280	  4295 : 0
  4292	  4299 : 0
  4296	  4319 : 0
  4316	  4323 : 0
  4320	  4459 : 0
  4456	  4467 : 0
  4464	  4475 : 0
  4472	  4551 : 0
  4548	  4571 : 0
  4568	  4591 : 0
  4588	  4603 : 0
  4600	  4619 : 0
  4616	  4631 : 0
  4628	  4847 : 0
  4844	  4931 : 0
  4928	  5071 : 0
