     0	    23 : 1
    20	    27 : 0
    24	    31 : 0
    28	   179 : 0
   176	   183 : 1
   180	   187 : 0
   184	   231 : 0
   228	   251 : 0
   248	   335 : 1
   332	   347 : 0
   344	   351 : 0
   348	   359 : 0
   356	   419 : 0
   416	   427 : 0
   424	   463 : 0
   460	   479 : 0
   476	   499 : 0
   496	   535 : 0
   532	   547 : 0
   544	   587 : 0
   584	   591 : 1
   588	   619 : 0
   616	   623 : 0
   620	   627 : 0
   624	   631 : 0
   628	   667 : 0
   664	   671 : 1
   668	   683 : 0
   680	   695 : 0
   692	   767 : 0
   764	   847 : 0
   844	   855 : 0
   852	   975 : 0
   972	   983 : 0
   980	  1063 : 0
  1060	  1083 : 0
  1080	  1139 : 0
  1136	  1187 : 0
  1184	  1255 : 1
  1252	  1299 : 0
  1296	  1303 : 1
  1300	  1311 : 0
  1308	  1315 : 0
  1312	  1319 : 0
  1316	  1323 : 0
  1320	  1367 : 0
  1364	  1435 : 1
  1432	  1487 : 0
  1484	  1491 : 0
  1488	  1499 : 0
  1496	  1539 : 0
  1536	  1543 : 0
  1540	  1555 : 0
  1552	  1559 : 0
  1556	  1563 : 0
  1560	  1647 : 0
  1644	  1663 : 1
  1660	  1671 : 0
  1668	  1691 : 0
  1688	  1699 : 0
  1696	  1727 : 0
  1724	  1755 : 0
  1752	  1767 : 0
  1764	  1779 : 0
  1776	  1887 : 0
  1884	  1951 : 0
  1948	  2051 : 0
  2048	  2059 : 0
  2056	  2131 : 0
  2128	  2159 : 0
  2156	  2183 : 0
  2180	  2255 : 0
  2252	  2267 : 0
  2264	  2271 : 0
  2268	  2279 : 0
  2276	  2299 : 0
  2296	  2335 : 0
  2332	  2339 : 0
  2336	  2347 : 0
  2344	  2351 : 0
  2348	  2375 : 0
  2372	  2379 : 0
  2376	  2399 : 0
  2396	  2427 : 0
  2424	  2475 : 0
  2472	  2479 : 0
  2476	  2487 : 1
  2484	  2539 : 0
  2536	  2543 : 1
  2540	  2583 : 0
  2580	  2587 : 1
  2584	  2639 : 0
  2636	  2687 : 0
  2684	  2695 : 0
  2692	  2703 : 1
  2700	  2771 : 0
  2768	  2911 : 1
  2908	  2915 : 0
  2912	  2919 : 0
  2916	  2927 : 0
  2924	  2939 : 0
  2936	  2951 : 0
  2948	  2963 : 0
  2960	  2967 : 0
  2964	  2995 : 0
  2992	  3003 : 0
  3000	  3007 : 0
  3004	  3011 : 0
  3008	  3015 : 0
  3012	  3027 : 0
  3024	  3031 : 0
  3028	  3035 : 0
  3032	  3111 : 1
  3108	  3115 : 0
  3112	  3131 : 0
  3128	  3139 : 0
  3136	  3243 : 0
  3240	  3255 : 0
  3252	  3355 : 0
  3352	  3359 : 0
  3356	  3383 : 0
  3380	  3391 : 0
  3388	  3407 : 0
  3404	  3415 : 0
  3412	  3423 : 0
  3420	  3431 : 0
  3428	  3439 : 0
  3436	  3451 : 0
  3448	  3463 : 0
  3460	  3471 : 0
  3468	  3591 : 0
  3588	  3607 : 0
  3604	  3615 : 0
  3612	  3631 : 0
  3628	  3643 : 1
  3640	  3663 : 0
  3660	  3747 : 0
  3744	  3811 : 0
  3808	  3867 : 1
  3864	  3875 : 0
  3872	  3887 : 0
  3884	  3891 : 0
  3888	  3995 : 0
  3992	  4011 : 0
  4008	  4019 : 0
  4016	  4027 : 0
  4024	  4031 : 1
  4028	  4035 : 0
  4032	  4039 : 1
  4036	  4047 : 0
  4044	  4063 : 1
  4060	  4099 : 0
  4096	  4107 : 0
  4104	  4115 : 0
  4112	  4119 : 0
  4116	  4131 : 0
  4128	  4191 : 0
  4188	  4195 : 0
  4192	  4339 : 0
  4336	  4355 : 0
  4352	  4435 : 0
  4432	  4439 : 0
  4436	  4443 : 0
  4440	  4455 : 0
  4452	  4459 : 0
  4456	  4487 : 0
  4484	  4535 : 0
  4532	  4539 : 0
