     0	    35 : 0
    32	   107 : 0
   104	   111 : 0
   108	   151 : 0
   148	   155 : 0
   152	   295 : 1
   292	   339 : 0
   336	   359 : 0
   356	   399 : 0
   396	   403 : 0
   400	   431 : 0
   428	   447 : 0
   444	   471 : 0
   468	   475 : 0
   472	   479 : 0
   476	   507 : 1
   504	   519 : 0
   516	   631 : 0
   628	   651 : 0
   648	   659 : 0
   656	   675 : 0
   672	   691 : 0
   688	   707 : 0
   704	   711 : 0
   708	   735 : 0
   732	   739 : 0
   736	   743 : 0
   740	   759 : 0
   756	   803 : 0
   800	   815 : 0
   812	   847 : 0
   844	   867 : 0
   864	   887 : 0
   884	   891 : 1
   888	   899 : 0
   896	   903 : 1
   900	   907 : 0
   904	   919 : 0
   916	   923 : 0
   920	   931 : 0
   928	   959 : 0
   956	   971 : 0
   968	  1011 : 0
  1008	  1079 : 1
  1076	  1095 : 0
  1092	  1099 : 0
  1096	  1103 : 0
  1100	  1131 : 0
  1128	  1139 : 0
  1136	  1159 : 0
  1156	  1163 : 0
  1160	  1175 : 0
  1172	  1183 : 0
  1180	  1191 : 1
  1188	  1199 : 0
  1196	  1207 : 1
  1204	  1211 : 0
  1208	  1235 : 0
  1232	  1239 : 0
  1236	  1243 : 1
  1240	  1263 : 0
  1260	  1283 : 0
  1280	  1287 : 0
  1284	  1299 : 0
  1296	  1387 : 0
  1384	  1391 : 0
  1388	  1395 : 0
  1392	  1399 : 0
  1396	  1403 : 0
  1400	  1411 : 0
  1408	  1511 : 0
  1508	  1515 : 0
  1512	  1531 : 0
  1528	  1539 : 0
  1536	  1679 : 0
  1676	  1703 : 0
  1700	  1723 : 0
  1720	  1731 : 0
  1728	  1743 : 0
  1740	  1747 : 0
  1744	  1803 : 0
  1800	  1831 : 0
  1828	  1843 : 0
  1840	  1863 : 0
  1860	  1867 : 0
  1864	  1879 : 0
  1876	  1895 : 0
  1892	  1967 : 0
  1964	  1987 : 0
  1984	  2023 : 0
  2020	  2027 : 0
  2024	  2035 : 1
  2032	  2067 : 0
  2064	  2075 : 0
  2072	  2119 : 0
  2116	  2131 : 1
  2128	  2135 : 0
  2132	  2143 : 0
  2140	  2147 : 0
  2144	  2151 : 0
  2148	  2179 : 0
  2176	  2191 : 0
  2188	  2223 : 0
  2220	  2259 : 0
  2256	  2267 : 0
  2264	  2271 : 0
  2268	  2327 : 0
  2324	  2359 : 0
  2356	  2375 : 0
  2372	  2387 : 0
  2384	  2435 : 0
  2432	  2439 : 0
  2436	  2487 : 0
  2484	  2519 : 1
  2516	  2539 : 0
  2536	  2547 : 0
  2544	  2639 : 0
  2636	  2663 : 1
  2660	  2683 : 0
  2680	  2691 : 1
  2688	  2695 : 0
  2692	  2699 : 0
  2696	  2707 : 0
  2704	  2731 : 0
  2728	  2735 : 0
  2732	  2739 : 0
  2736	  2787 : 0
  2784	  2799 : 0
  2796	  2815 : 0
  2812	  2819 : 0
  2816	  2843 : 0
  2840	  2859 : 1
  2856	  2863 : 0
  2860	  2983 : 0
  2980	  2987 : 0
  2984	  2999 : 0
  2996	  3043 : 0
  3040	  3075 : 0
  3072	  3083 : 0
  3080	  3095 : 0
  3092	  3099 : 0
  3096	  3103 : 1
  3100	  3107 : 0
  3104	  3127 : 0
  3124	  3187 : 0
  3184	  3211 : 1
  3208	  3231 : 0
  3228	  3243 : 0
  3240	  3275 : 0
  3272	  3283 : 0
  3280	  3287 : 0
  3284	  3299 : 0
  3296	  3303 : 0
  3300	  3327 : 0
  3324	  3351 : 0
  3348	  3355 : 0
  3352	  3367 : 0
  3364	  3371 : 1
  3368	  3379 : 0
  3376	  3395 : 0
  3392	  3407 : 0
  3404	  3411 : 0
  3408	  3415 : 0
  3412	  3423 : 0
  3420	  3463 : 0
  3460	  3519 : 0
  3516	  3523 : 0
  3520	  3555 : 0
  3552	  3787 : 0
  3784	  3807 : 0
  3804	  3815 : 0
  3812	  3823 : 0
  3820	  3851 : 0
  3848	  3855 : 0
  3852	  3891 : 0
  3888	  3899 : 0
  3896	  3935 : 0
  3932	  3943 : 0
  3940	  3967 : 0
  3964	  3975 : 0
  3972	  3987 : 0
  3984	  3999 : 0
  3996	  4099 : 0
  4096	  4107 : 0
  4104	  4195 : 0
  4192	  4219 : 0
  4216	  4243 : 0
  4240	  4255 : 0
  4252	  4295 : 0
  4292	  4303 : 0
  4300	  4343 : 0
  4340	  4355 : 0
  4352	  4363 : 0
  4360	  4387 : 0
  4384	  4391 : 0
  4388	  4395 : 0
  4392	  4415 : 0
  4412	  4419 : 0
  4416	  4431 : 0
  4428	  4439 : 0
  4436	  4443 : 0
  4440	  4451 : 0
  4448	  4483 : 0
  4480	  4507 : 0
  4504	  4511 : 0
  4508	  4515 : 0
  4512	  4519 : 0
  4516	  4543 : 0
  4540	  4547 : 0
  4544	  4551 : 0
  4548	  4571 : 0
  4568	  4579 : 0
  4576	  4583 : 0
  4580	  4603 : 0
  4600	  4607 : 0
  4604	  4619 : 0
  4616	  4719 : 0
  4716	  4731 : 0
  4728	  4779 : 0
  4776	  4787 : 0
  4784	  4831 : 0
  4828	  4839 : 0
  4836	  4935 : 0
  4932	  4947 : 0
  4944	  4959 : 0
  4956	  4967 : 0
  4964	  5019 : 0
  5016	  5023 : 0
  5020	  5115 : 0
  5112	  5123 : 0
  5120	  5139 : 0
  5136	  5151 : 1
  5148	  5163 : 0
  5160	  5199 : 0
  5196	  5235 : 0
  5232	  5247 : 0
  5244	  5251 : 0
  5248	  5267 : 0
  5264	  5279 : 0
  5276	  5287 : 0
  5284	  5303 : 0
  5300	  5311 : 0
  5308	  5319 : 0
  5316	  5347 : 0
  5344	  5355 : 0
  5352	  5359 : 0
  5356	  5367 : 0
  5364	  5371 : 0
  5368	  5375 : 0
  5372	  5383 : 0
  5380	  5387 : 0
  5384	  5395 : 0
  5392	  5423 : 0
  5420	  5431 : 0
  5428	  5447 : 0
  5444	  5483 : 0
  5480	  5491 : 0
  5488	  5499 : 0
  5496	  5719 : 0
  5716	  5747 : 0
  5744	  5751 : 0
  5748	  5767 : 0
  5764	  5807 : 0
  5804	  5815 : 0
  5812	  5819 : 0
  5816	  5839 : 0
  5836	  5859 : 0
  5856	  5911 : 0
  5908	  5983 : 0
  5980	  6027 : 0
  6024	  6035 : 0
  6032	  6039 : 0
  6036	  6055 : 0
  6052	  6167 : 0
  6164	  6219 : 0
  6216	  6247 : 0
  6244	  6251 : 0
  6248	  6263 : 0
  6260	  6267 : 0
  6264	  6279 : 0
  6276	  6283 : 0
  6280	  6291 : 0
  6288	  6295 : 0
  6292	  6303 : 0
  6300	  6307 : 0
  6304	  6311 : 0
  6308	  6319 : 0
  6316	  6327 : 1
  6324	  6387 : 0
  6384	  6395 : 1
  6392	  6411 : 0
  6408	  6423 : 0
  6420	  6431 : 0
  6428	  6447 : 0
  6444	  6523 : 0
  6520	  6527 : 0
  6524	  6559 : 0
  6556	  6615 : 0
  6612	  6619 : 0
  6616	  6659 : 0
  6656	  6711 : 0
  6708	  6723 : 0
  6720	  6731 : 0
  6728	  6763 : 0
  6760	  6779 : 0
  6776	  6791 : 0
  6788	  6875 : 0
  6872	  6883 : 1
  6880	  6891 : 0
  6888	  6907 : 0
  6904	  6911 : 0
  6908	  6923 : 0
  6920	  6927 : 0
  6924	  6931 : 1
  6928	  6943 : 0
  6940	  6951 : 0
  6948	  6959 : 0
  6956	  6967 : 0
  6964	  6971 : 0
  6968	  6983 : 0
  6980	  6987 : 0
  6984	  7027 : 0
  7024	  7047 : 0
  7044	  7107 : 0
  7104	  7111 : 0
  7108	  7115 : 0
  7112	  7139 : 0
  7136	  7187 : 0
  7184	  7191 : 0
  7188	  7203 : 1
  7200	  7303 : 0
  7300	  7307 : 0
  7304	  7315 : 0
  7312	  7319 : 1
  7316	  7383 : 0
  7380	  7387 : 0
  7384	  7423 : 0
  7420	  7431 : 0
  7428	  7443 : 0
  7440	  7475 : 0
  7472	  7483 : 0
  7480	  7487 : 0
  7484	  7495 : 0
  7492	  7523 : 0
  7520	  7527 : 0
  7524	  7539 : 0
  7536	  7543 : 0
  7540	  7555 : 1
  7552	  7559 : 0
  7556	  7603 : 0
  7600	  7611 : 0
  7608	  7683 : 0
  7680	  7691 : 0
  7688	  7711 : 1
  7708	  7727 : 0
  7724	  7735 : 0
  7732	  7739 : 0
  7736	  7743 : 0
  7740	  7759 : 0
  7756	  7811 : 0
  7808	  7815 : 0
  7812	  7855 : 0
  7852	  7871 : 0
  7868	  7875 : 1
  7872	  7879 : 0
  7876	  7895 : 0
  7892	  7903 : 0
  7900	  7919 : 0
  7916	  7927 : 0
  7924	  7931 : 1
  7928	  7935 : 0
  7932	  8039 : 0
  8036	  8043 : 0
  8040	  8107 : 0
  8104	  8127 : 0
  8124	  8231 : 1
  8228	  8239 : 0
  8236	  8243 : 0
  8240	  8263 : 0
  8260	  8443 : 1
  8440	  8447 : 0
  8444	  8479 : 1
  8476	  8543 : 0
