     0	   379 : 0
   376	   495 : 0
   492	   715 : 0
   712	   739 : 0
   736	   743 : 0
   740	   783 : 0
   780	   819 : 0
   816	   859 : 0
   856	  1063 : 0
  1060	  1083 : 0
  1080	  1111 : 0
  1108	  1135 : 0
  1132	  1147 : 0
  1144	  1151 : 0
  1148	  1191 : 0
  1188	  1215 : 0
  1212	  1295 : 0
  1292	  1307 : 0
  1304	  1311 : 0
  1308	  1343 : 0
  1340	  1391 : 0
  1388	  1395 : 0
  1392	  1431 : 0
  1428	  1435 : 0
  1432	  1511 : 0
  1508	  1531 : 0
  1528	  1547 : 0
  1544	  1591 : 0
  1588	  1599 : 1
  1596	  1607 : 0
  1604	  1615 : 0
  1612	  1671 : 0
  1668	  1675 : 1
  1672	  1883 : 0
  1880	  1887 : 1
  1884	  1915 : 0
  1912	  1919 : 0
  1916	  1939 : 0
  1936	  1967 : 0
  1964	  2007 : 0
  2004	  2067 : 1
  2064	  2071 : 0
  2068	  2099 : 0
  2096	  2103 : 0
  2100	  2127 : 0
  2124	  2135 : 0
  2132	  2139 : 0
  2136	  2183 : 0
  2180	  2207 : 0
  2204	  2211 : 0
  2208	  2255 : 0
  2252	  2267 : 0
  2264	  2279 : 0
  2276	  2335 : 0
  2332	  2347 : 0
  2344	  2351 : 0
  2348	  2395 : 1
  2392	  2423 : 0
  2420	  2431 : 1
  2428	  2499 : 0
  2496	  2511 : 0
  2508	  2527 : 0
  2524	  2531 : 0
  2528	  2539 : 0
  2536	  2543 : 0
  2540	  2547 : 0
  2544	  2575 : 0
  2572	  2623 : 0
  2620	  2655 : 1
  2652	  2675 : 0
  2672	  2683 : 0
  2680	  2691 : 0
  2688	  2707 : 0
  2704	  2747 : 0
  2744	  2751 : 0
  2748	  2775 : 0
  2772	  2779 : 1
  2776	  2791 : 0
  2788	  2827 : 0
  2824	  2831 : 0
  2828	  2891 : 0
  2888	  2895 : 0
  2892	  2903 : 1
  2900	  2947 : 0
  2944	  2951 : 1
  2948	  3043 : 0
  3040	  3047 : 0
  3044	  3051 : 0
  3048	  3055 : 1
  3052	  3123 : 0
  3120	  3131 : 1
  3128	  3187 : 0
  3184	  3195 : 1
  3192	  3251 : 0
  3248	  3259 : 1
  3256	  3315 : 0
  3312	  3343 : 0
  3340	  3407 : 0
  3404	  3411 : 1
  3408	  3515 : 0
  3512	  3535 : 1
  3532	  3539 : 0
  3536	  3555 : 0
  3552	  3567 : 0
  3564	  3571 : 1
  3568	  3591 : 0
  3588	  3695 : 0
  3692	  3731 : 0
  3728	  3739 : 0
  3736	  3759 : 0
  3756	  3779 : 0
  3776	  3859 : 0
  3856	  3915 : 0
  3912	  4123 : 0
  4120	  4135 : 0
  4132	  4147 : 0
  4144	  4151 : 1
  4148	  4167 : 0
  4164	  4171 : 0
  4168	  4267 : 0
  4264	  4283 : 1
  4280	  4287 : 0
  4284	  4307 : 0
  4304	  4387 : 0
  4384	  4391 : 1
  4388	  4471 : 0
  4468	  4487 : 0
  4484	  4571 : 0
  4568	  4599 : 1
  4596	  4691 : 0
  4688	  4755 : 1
  4752	  4759 : 0
  4756	  4763 : 1
  4760	  4799 : 0
  4796	  4807 : 1
  4804	  4883 : 0
  4880	  4887 : 1
  4884	  4923 : 0
  4920	  4927 : 1
  4924	  4959 : 0
  4956	  4963 : 0
  4960	  4967 : 0
  4964	  4975 : 1
  4972	  5031 : 0
  5028	  5035 : 1
  5032	  5047 : 0
  5044	  5059 : 0
  5056	  5071 : 0
  5068	  5079 : 1
  5076	  5087 : 0
  5084	  5091 : 0
  5088	  5095 : 0
  5092	  5119 : 0
  5116	  5151 : 0
  5148	  5155 : 1
  5152	  5191 : 0
  5188	  5195 : 0
  5192	  5223 : 0
  5220	  5247 : 1
  5244	  5275 : 0
  5272	  5295 : 0
  5292	  5299 : 0
  5296	  5315 : 0
  5312	  5319 : 0
  5316	  5351 : 1
  5348	  5367 : 0
  5364	  5371 : 1
  5368	  5379 : 0
  5376	  5395 : 0
  5392	  5403 : 0
  5400	  5407 : 0
  5404	  5411 : 0
  5408	  5419 : 0
  5416	  5423 : 0
  5420	  5447 : 0
  5444	  5503 : 0
  5500	  5515 : 0
  5512	  5535 : 0
  5532	  5543 : 1
  5540	  5547 : 0
  5544	  5559 : 0
  5556	  5567 : 0
  5564	  5599 : 0
  5596	  5603 : 0
  5600	  5627 : 1
  5624	  5647 : 0
  5644	  5659 : 0
  5656	  5663 : 0
  5660	  5667 : 0
  5664	  5675 : 0
  5672	  5691 : 0
  5688	  5699 : 0
  5696	  5711 : 1
  5708	  5719 : 0
  5716	  5831 : 0
  5828	  5843 : 0
  5840	  5863 : 0
  5860	  5883 : 0
  5880	  5887 : 1
  5884	  5987 : 0
  5984	  5999 : 1
  5996	  6003 : 0
  6000	  6015 : 0
  6012	  6027 : 0
  6024	  6055 : 0
  6052	  6059 : 0
  6056	  6063 : 1
  6060	  6079 : 0
  6076	  6083 : 1
  6080	  6091 : 0
  6088	  6095 : 1
  6092	  6123 : 0
  6120	  6127 : 1
  6124	  6155 : 0
  6152	  6159 : 0
  6156	  6167 : 0
  6164	  6179 : 0
  6176	  6195 : 0
  6192	  6207 : 0
  6204	  6211 : 2
  6208	  6247 : 1
  6244	  6251 : 0
  6248	  6259 : 0
  6256	  6267 : 0
  6264	  6287 : 1
  6284	  6303 : 0
  6300	  6359 : 1
  6356	  6363 : 0
  6360	  6427 : 1
  6424	  6431 : 0
  6428	  6487 : 1
  6484	  6503 : 0
  6500	  6511 : 0
  6508	  6523 : 0
  6520	  6531 : 0
  6528	  6555 : 0
  6552	  6559 : 0
  6556	  6563 : 0
  6560	  6579 : 1
  6576	  6587 : 0
  6584	  6595 : 0
  6592	  6603 : 0
  6600	  6639 : 0
  6636	  6643 : 0
  6640	  6647 : 0
  6644	  6659 : 0
  6656	  6663 : 0
  6660	  6667 : 0
  6664	  6695 : 0
  6692	  6703 : 0
  6700	  6711 : 0
  6708	  6723 : 0
  6720	  6731 : 1
  6728	  6747 : 0
  6744	  6763 : 0
  6760	  6795 : 0
  6792	  6815 : 0
  6812	  6831 : 0
  6828	  6851 : 1
  6848	  6855 : 0
  6852	  6863 : 0
  6860	  6907 : 0
  6904	  6911 : 0
  6908	  6947 : 0
  6944	  7007 : 0
  7004	  7015 : 0
  7012	  7055 : 0
  7052	  7059 : 0
  7056	  7063 : 0
  7060	  7123 : 0
  7120	  7139 : 0
  7136	  7183 : 0
  7180	  7203 : 0
  7200	  7207 : 0
  7204	  7251 : 0
  7248	  7299 : 0
  7296	  7311 : 0
  7308	  7319 : 0
  7316	  7331 : 0
  7328	  7355 : 0
  7352	  7383 : 1
  7380	  7387 : 0
  7384	  7407 : 1
  7404	  7411 : 0
  7408	  7419 : 0
  7416	  7431 : 0
  7428	  7439 : 0
  7436	  7451 : 0
  7448	  7455 : 0
  7452	  7471 : 0
  7468	  7475 : 0
  7472	  7487 : 0
  7484	  7491 : 0
  7488	  7495 : 0
  7492	  7535 : 0
  7532	  7571 : 0
  7568	  7579 : 0
  7576	  7599 : 0
  7596	  7639 : 0
  7636	  7651 : 0
  7648	  7663 : 0
  7660	  7679 : 0
  7676	  7683 : 0
  7680	  7691 : 0
  7688	  7731 : 0
  7728	  7739 : 0
  7736	  7783 : 0
  7780	  7803 : 0
  7800	  7807 : 0
  7804	  7811 : 0
  7808	  7831 : 0
  7828	  7839 : 0
  7836	  7847 : 0
  7844	  7863 : 0
  7860	  7871 : 1
  7868	  7875 : 0
  7872	  7887 : 0
  7884	  7907 : 0
  7904	  7951 : 0
  7948	  7991 : 0
  7988	  7995 : 0
  7992	  7999 : 0
  7996	  8011 : 0
  8008	  8019 : 0
  8016	  8023 : 0
  8020	  8031 : 0
  8028	  8039 : 0
  8036	  8047 : 0
  8044	  8063 : 0
  8060	  8071 : 0
  8068	  8075 : 1
  8072	  8183 : 0
  8180	  8187 : 1
  8184	  8219 : 0
  8216	  8227 : 1
  8224	  8371 : 0
  8368	  8375 : 1
  8372	  8407 : 0
  8404	  8431 : 0
  8428	  8555 : 0
  8552	  8559 : 1
  8556	  8663 : 0
  8660	  8751 : 1
  8748	  8755 : 0
  8752	  8767 : 0
  8764	  8823 : 0
  8820	  8827 : 1
  8824	  8971 : 0
  8968	  9399 : 0
