     0	   163 : 0
   160	   179 : 0
   176	   187 : 0
   184	   191 : 0
   188	   283 : 1
   280	   287 : 0
   284	   295 : 0
   292	   303 : 0
   300	   351 : 1
   348	   371 : 0
   368	   407 : 0
   404	   415 : 0
   412	   419 : 0
   416	   467 : 0
   464	   519 : 1
   516	   539 : 0
   536	   571 : 0
   568	   575 : 0
   572	   583 : 0
   580	   599 : 0
   596	   603 : 0
   600	   611 : 0
   608	   635 : 0
   632	   651 : 0
   648	   771 : 0
   768	   807 : 0
   804	  1079 : 1
  1076	  1087 : 0
  1084	  1091 : 0
  1088	  1095 : 0
  1092	  1135 : 0
  1132	  1139 : 0
  1136	  1299 : 1
  1296	  1303 : 0
  1300	  1395 : 1
  1392	  1407 : 0
  1404	  1479 : 0
  1476	  1483 : 0
  1480	  1503 : 1
  1500	  1695 : 0
  1692	  1815 : 0
  1812	  1823 : 0
  1820	  1875 : 0
  1872	  1891 : 0
  1888	  1895 : 1
  1892	  1975 : 0
  1972	  2071 : 1
  2068	  2083 : 0
  2080	  2279 : 0
  2276	  2287 : 0
  2284	  2295 : 0
  2292	  2355 : 0
  2352	  2403 : 1
  2400	  2419 : 0
  2416	  2435 : 0
  2432	  2443 : 0
  2440	  2599 : 1
  2596	  2671 : 0
  2668	  2679 : 0
  2676	  2815 : 0
  2812	  2835 : 0
  2832	  2839 : 0
  2836	  2847 : 0
  2844	  2855 : 0
  2852	  2899 : 0
  2896	  2935 : 0
  2932	  2943 : 1
  2940	  2987 : 0
  2984	  3003 : 0
  3000	  3011 : 0
  3008	  3019 : 0
  3016	  3103 : 0
  3100	  3187 : 1
  3184	  3263 : 0
  3260	  3267 : 1
  3264	  3347 : 0
  3344	  3355 : 1
  3352	  3427 : 0
  3424	  3443 : 0
  3440	  3467 : 0
  3464	  3471 : 0
  3468	  3507 : 0
  3504	  3519 : 1
  3516	  3603 : 0
  3600	  3611 : 1
  3608	  3683 : 0
  3680	  3695 : 1
  3692	  3767 : 0
  3764	  3791 : 1
  3788	  3843 : 0
  3840	  3855 : 1
  3852	  3927 : 0
  3924	  4091 : 0
  4088	  4175 : 0
  4172	  4183 : 1
  4180	  4187 : 0
  4184	  4191 : 0
  4188	  4351 : 0
  4348	  4355 : 0
  4352	  4435 : 0
  4432	  4443 : 1
  4440	  4447 : 0
  4444	  4467 : 0
  4464	  4511 : 0
  4508	  4515 : 0
  4512	  4763 : 0
  4760	  4767 : 1
  4764	  4775 : 0
  4772	  4779 : 0
  4776	  4843 : 0
  4840	  4859 : 1
  4856	  4903 : 0
  4900	  4911 : 0
  4908	  4923 : 0
  4920	  4987 : 1
  4984	  4991 : 0
  4988	  4995 : 0
  4992	  5007 : 0
  5004	  5023 : 1
  5020	  5191 : 0
  5188	  5271 : 0
  5268	  5283 : 0
  5280	  5303 : 1
  5300	  5315 : 0
  5312	  5319 : 0
  5316	  5323 : 0
  5320	  5379 : 0
  5376	  5383 : 0
  5380	  5523 : 0
  5520	  5527 : 0
  5524	  5531 : 0
  5528	  5535 : 0
  5532	  5631 : 0
  5628	  5687 : 0
  5684	  5695 : 1
  5692	  5747 : 0
  5744	  5755 : 1
  5752	  5811 : 0
  5808	  5819 : 1
  5816	  5867 : 0
  5864	  5995 : 0
  5992	  6015 : 0
  6012	  6051 : 0
  6048	  6111 : 0
  6108	  6119 : 1
  6116	  6127 : 0
  6124	  6143 : 0
  6140	  6171 : 0
  6168	  6191 : 1
  6188	  6195 : 0
  6192	  6255 : 0
  6252	  6283 : 0
  6280	  6299 : 0
  6296	  6591 : 0
  6588	  6635 : 0
  6632	  6711 : 0
  6708	  6719 : 1
  6716	  6727 : 0
  6724	  6899 : 0
  6896	  6903 : 0
  6900	  6911 : 0
  6908	  6919 : 0
  6916	  6931 : 0
  6928	  6939 : 0
  6936	  6955 : 0
  6952	  6963 : 0
  6960	  6975 : 1
  6972	  6979 : 0
  6976	  6991 : 0
  6988	  7003 : 0
  7000	  7015 : 0
  7012	  7067 : 0
  7064	  7075 : 0
  7072	  7087 : 0
  7084	  7103 : 0
  7100	  7119 : 0
  7116	  7123 : 0
  7120	  7127 : 0
  7124	  7135 : 1
  7132	  7187 : 0
  7184	  7255 : 1
  7252	  7307 : 0
  7304	  7439 : 1
  7436	  7447 : 0
  7444	  7459 : 0
  7456	  7487 : 0
  7484	  7519 : 0
  7516	  7559 : 0
  7556	  7583 : 0
  7580	  7587 : 0
  7584	  7603 : 0
  7600	  7611 : 0
  7608	  7615 : 0
  7612	  7671 : 0
  7668	  7679 : 1
  7676	  7687 : 0
  7684	  7695 : 0
  7692	  7703 : 0
  7700	  7751 : 0
  7748	  7791 : 0
  7788	  7799 : 1
  7796	  7851 : 0
  7848	  7859 : 0
  7856	  7903 : 0
  7900	  7919 : 0
  7916	  7995 : 0
  7992	  8015 : 0
  8012	  8027 : 0
  8024	  8035 : 0
  8032	  8215 : 0
  8212	  8219 : 0
  8216	  8223 : 0
  8220	  8275 : 0
  8272	  8391 : 0
  8388	  8491 : 1
  8488	  8511 : 0
  8508	  8519 : 0
  8516	  8627 : 0
  8624	  8631 : 1
  8628	  8723 : 0
  8720	  8835 : 1
  8832	  8955 : 0
  8952	  8971 : 0
  8968	  8999 : 0
  8996	  9003 : 0
  9000	  9023 : 0
  9020	  9131 : 0
  9128	  9231 : 0
  9228	  9327 : 1
  9324	  9331 : 0
  9328	  9359 : 0
  9356	  9363 : 0
  9360	  9419 : 0
  9416	  9431 : 0
  9428	  9455 : 0
  9452	  9459 : 0
  9456	  9467 : 0
  9464	  9471 : 0
  9468	  9583 : 0
  9580	  9599 : 0
  9596	  9635 : 0
  9632	  9647 : 0
  9644	  9751 : 0
  9748	  9755 : 0
  9752	  9771 : 0
  9768	  9775 : 0
  9772	  9883 : 1
  9880	  9895 : 0
  9892	  9903 : 0
  9900	  9923 : 0
  9920	  9983 : 0
  9980	 10071 : 0
 10068	 10087 : 0
 10084	 10095 : 0
 10092	 10131 : 0
 10128	 10175 : 0
 10172	 10183 : 1
 10180	 10227 : 0
 10224	 10279 : 1
 10276	 10307 : 0
 10304	 10351 : 0
 10348	 10411 : 0
 10408	 10423 : 0
 10420	 10427 : 0
 10424	 10483 : 0
 10480	 10507 : 0
 10504	 10519 : 0
 10516	 10523 : 0
 10520	 10631 : 0
 10628	 10671 : 0
 10668	 10687 : 0
 10684	 10723 : 0
 10720	 10731 : 1
 10728	 10827 : 0
 10824	 10855 : 1
 10852	 10899 : 0
 10896	 10911 : 0
 10908	 10923 : 0
 10920	 10955 : 1
 10952	 10959 : 0
 10956	 11031 : 0
 11028	 11035 : 0
 11032	 11047 : 0
 11044	 11059 : 0
 11056	 11067 : 0
 11064	 11079 : 0
 11076	 11083 : 0
 11080	 11095 : 0
 11092	 11115 : 0
 11112	 11127 : 0
 11124	 11135 : 1
 11132	 11139 : 0
 11136	 11151 : 0
 11148	 11159 : 0
 11156	 11163 : 0
 11160	 11195 : 0
 11192	 11235 : 0
 11232	 11239 : 0
 11236	 11283 : 0
 11280	 11291 : 0
 11288	 11295 : 0
 11292	 11299 : 0
 11296	 11307 : 0
 11304	 11327 : 0
 11324	 11335 : 0
 11332	 11347 : 0
 11344	 11383 : 0
 11380	 11403 : 0
 11400	 11451 : 0
 11448	 11507 : 0
 11504	 11511 : 0
 11508	 11515 : 0
 11512	 11559 : 0
 11556	 11567 : 0
 11564	 11619 : 0
 11616	 11623 : 0
 11620	 11683 : 0
 11680	 11775 : 0
 11772	 11783 : 1
 11780	 11827 : 0
 11824	 11943 : 1
 11940	 11967 : 0
 11964	 12083 : 0
 12080	 12139 : 0
 12136	 12147 : 0
 12144	 12155 : 0
 12152	 12171 : 0
 12168	 12175 : 0
 12172	 12183 : 1
 12180	 12271 : 0
 12268	 12275 : 1
 12272	 12479 : 0
 12476	 12483 : 0
 12480	 12567 : 0
 12564	 12623 : 1
 12620	 12627 : 0
 12624	 12639 : 0
 12636	 12663 : 0
 12660	 12671 : 1
 12668	 12695 : 0
 12692	 12699 : 0
 12696	 12703 : 0
 12700	 12759 : 0
 12756	 12827 : 0
 12824	 12835 : 0
 12832	 12843 : 0
 12840	 12883 : 0
 12880	 12891 : 0
 12888	 12895 : 0
 12892	 12899 : 0
 12896	 13039 : 0
 13036	 13123 : 0
 13120	 13163 : 0
 13160	 13167 : 0
 13164	 13223 : 0
 13220	 13311 : 0
 13308	 13315 : 1
 13312	 13367 : 0
 13364	 13371 : 0
 13368	 13379 : 0
 13376	 13383 : 0
 13380	 13447 : 0
 13444	 13459 : 0
 13456	 13463 : 0
 13460	 13479 : 0
 13476	 13551 : 0
 13548	 13555 : 0
 13552	 13563 : 0
 13560	 13567 : 0
 13564	 13583 : 0
 13580	 13651 : 0
 13648	 13663 : 0
 13660	 13703 : 0
 13700	 13759 : 0
 13756	 13779 : 0
 13776	 13851 : 0
 13848	 13867 : 0
 13864	 13951 : 0
 13948	 14051 : 1
 14048	 14139 : 0
 14136	 14143 : 1
 14140	 14231 : 0
 14228	 14235 : 0
 14232	 14275 : 0
 14272	 14331 : 0
 14328	 14339 : 0
 14336	 14343 : 0
 14340	 14387 : 0
 14384	 14403 : 0
 14400	 14411 : 0
 14408	 14419 : 1
 14416	 14455 : 0
 14452	 14475 : 0
 14472	 14487 : 0
 14484	 14511 : 0
 14508	 14515 : 0
 14512	 14535 : 0
 14532	 14543 : 0
 14540	 14603 : 0
 14600	 14639 : 0
 14636	 14643 : 0
 14640	 14647 : 0
 14644	 14675 : 0
 14672	 14691 : 0
 14688	 14695 : 1
 14692	 14783 : 0
 14780	 14787 : 1
 14784	 14875 : 0
 14872	 14931 : 1
 14928	 14967 : 0
 14964	 14995 : 1
 14992	 15003 : 0
 15000	 15023 : 0
 15020	 15059 : 0
 15056	 15067 : 1
 15064	 15095 : 0
 15092	 15119 : 1
 15116	 15151 : 0
 15148	 15155 : 1
 15152	 15199 : 0
 15196	 15267 : 1
 15264	 15323 : 0
 15320	 15331 : 1
 15328	 15335 : 0
 15332	 15343 : 1
 15340	 15383 : 0
 15380	 15395 : 1
 15392	 15399 : 0
 15396	 15403 : 0
 15400	 15407 : 0
 15404	 15411 : 0
 15408	 15427 : 0
 15424	 15431 : 0
 15428	 15435 : 0
 15432	 15443 : 0
 15440	 15451 : 0
 15448	 15459 : 0
 15456	 15467 : 0
 15464	 15487 : 0
 15484	 15491 : 0
 15488	 15503 : 0
 15500	 15511 : 0
 15508	 15571 : 0
 15568	 15575 : 0
 15572	 15591 : 0
 15588	 15595 : 0
 15592	 15615 : 0
 15612	 15619 : 0
 15616	 15627 : 0
 15624	 15631 : 0
 15628	 15719 : 0
 15716	 15723 : 0
 15720	 15743 : 0
 15740	 15747 : 0
 15744	 15799 : 0
 15796	 15803 : 0
 15800	 15927 : 0
