     0	    27 : 0
    24	    39 : 0
    36	    71 : 0
    68	   111 : 0
   108	   115 : 0
   112	   123 : 0
   120	   127 : 0
   124	   171 : 0
   168	   175 : 0
   172	   179 : 0
   176	   359 : 0
   356	   379 : 1
   376	   387 : 0
   384	   471 : 0
   468	   547 : 0
   544	   651 : 0
   648	   695 : 0
   692	   703 : 0
   700	   715 : 0
   712	   735 : 1
   732	   739 : 0
   736	   751 : 0
   748	   827 : 0
   824	   835 : 1
   832	   875 : 0
   872	   883 : 0
   880	   887 : 0
   884	   907 : 0
   904	   915 : 0
   912	   955 : 0
   952	   959 : 0
   956	   967 : 0
   964	  1079 : 0
  1076	  1099 : 0
  1096	  1103 : 0
  1100	  1111 : 1
  1108	  1139 : 0
  1136	  1143 : 0
  1140	  1163 : 0
  1160	  1175 : 0
  1172	  1199 : 0
  1196	  1223 : 0
  1220	  1251 : 0
  1248	  1271 : 0
  1268	  1275 : 0
  1272	  1323 : 1
  1320	  1327 : 0
  1324	  1343 : 1
  1340	  1359 : 0
  1356	  1367 : 1
  1364	  1371 : 0
  1368	  1403 : 1
  1400	  1423 : 0
  1420	  1427 : 1
  1424	  1451 : 0
  1448	  1455 : 0
  1452	  1487 : 0
  1484	  1503 : 0
  1500	  1519 : 0
  1516	  1527 : 1
  1524	  1563 : 0
  1560	  1587 : 0
  1584	  1631 : 0
  1628	  1639 : 1
  1636	  1843 : 0
  1840	  1851 : 1
  1848	  1887 : 0
  1884	  1907 : 0
  1904	  1911 : 0
  1908	  1975 : 0
  1972	  1979 : 0
  1976	  1987 : 0
  1984	  2007 : 0
  2004	  2011 : 0
  2008	  2047 : 0
  2044	  2051 : 0
  2048	  2067 : 0
  2064	  2159 : 1
  2156	  2175 : 0
  2172	  2183 : 0
  2180	  2343 : 0
  2340	  2347 : 0
  2344	  2391 : 0
  2388	  2483 : 0
  2480	  2595 : 0
  2592	  2599 : 1
  2596	  2623 : 0
  2620	  2631 : 0
  2628	  2655 : 0
  2652	  2683 : 0
  2680	  2759 : 0
  2756	  2767 : 1
  2764	  2831 : 0
  2828	  2839 : 1
  2836	  2907 : 0
  2904	  2959 : 0
  2956	  3227 : 0
  3224	  3271 : 0
  3268	  3459 : 0
  3456	  3463 : 0
  3460	  3467 : 0
  3464	  3491 : 0
  3488	  3503 : 0
  3500	  3507 : 1
  3504	  3603 : 0
  3600	  3611 : 1
  3608	  3687 : 0
  3684	  3691 : 0
  3688	  3783 : 0
  3780	  3791 : 0
  3788	  3899 : 0
  3896	  3903 : 0
  3900	  3911 : 0
  3908	  3919 : 0
  3916	  3971 : 0
  3968	  3979 : 0
  3976	  3987 : 0
  3984	  4003 : 0
  4000	  4007 : 0
  4004	  4035 : 0
  4032	  4039 : 0
  4036	  4055 : 0
  4052	  4159 : 0
  4156	  4167 : 0
  4164	  4211 : 0
  4208	  4227 : 0
  4224	  4231 : 0
  4228	  4235 : 1
  4232	  4363 : 0
  4360	  4475 : 1
  4472	  4479 : 0
  4476	  4483 : 0
  4480	  4495 : 0
  4492	  4523 : 0
  4520	  4535 : 0
  4532	  4539 : 0
  4536	  4667 : 0
  4664	  4675 : 1
  4672	  5131 : 0
  5128	  5135 : 1
  5132	  5195 : 0
  5192	  5207 : 0
  5204	  5239 : 0
  5236	  5243 : 0
  5240	  5271 : 0
  5268	  5295 : 0
  5292	  5351 : 0
  5348	  5379 : 0
  5376	  5415 : 0
  5412	  5423 : 0
  5420	  5431 : 0
  5428	  5459 : 0
  5456	  5851 : 0
  5848	  5859 : 0
  5856	  5863 : 0
  5860	  5867 : 0
  5864	  5871 : 0
  5868	  5875 : 1
  5872	  6163 : 0
  6160	  6187 : 0
  6184	  6255 : 0
  6252	  6275 : 0
  6272	  6483 : 0
  6480	  6491 : 1
  6488	  6511 : 0
  6508	  6539 : 0
  6536	  6611 : 0
  6608	  6623 : 0
  6620	  6651 : 0
  6648	  6655 : 0
  6652	  6679 : 0
  6676	  6703 : 0
  6700	  6731 : 0
  6728	  6739 : 1
  6736	  7039 : 0
  7036	  7043 : 1
  7040	  7123 : 0
  7120	  7131 : 1
  7128	  7151 : 0
  7148	  7159 : 0
  7156	  7239 : 0
  7236	  7247 : 1
  7244	  7251 : 0
  7248	  7259 : 0
  7256	  7271 : 0
  7268	  7279 : 0
  7276	  7303 : 0
  7300	  7307 : 1
  7304	  7311 : 0
  7308	  7343 : 0
  7340	  7351 : 0
  7348	  7359 : 0
  7356	  7367 : 0
  7364	  7387 : 0
  7384	  7435 : 0
  7432	  7439 : 0
  7436	  7527 : 0
  7524	  7543 : 0
  7540	  7767 : 0
  7764	  7787 : 0
  7784	  8235 : 0
  8232	  8243 : 1
  8240	  8299 : 0
  8296	  8303 : 0
  8300	  8311 : 0
  8308	  8315 : 0
  8312	  8319 : 0
  8316	  8391 : 0
  8388	  8399 : 0
  8396	  8411 : 0
  8408	  8583 : 0
  8580	  8599 : 0
  8596	  8627 : 0
  8624	  8635 : 1
  8632	  8643 : 0
  8640	  8647 : 0
  8644	  8651 : 0
  8648	  8663 : 0
  8660	  9175 : 0
  9172	  9515 : 1
  9512	  9523 : 0
  9520	  9591 : 0
  9588	  9599 : 0
  9596	  9611 : 0
  9608	  9615 : 0
  9612	  9647 : 0
  9644	  9651 : 0
  9648	  9703 : 0
  9700	  9719 : 0
  9716	  9727 : 0
  9724	  9743 : 0
  9740	  9783 : 0
  9780	  9795 : 0
  9792	  9835 : 0
  9832	  9847 : 0
  9844	  9887 : 0
  9884	  9907 : 0
  9904	  9911 : 0
  9908	  9915 : 0
  9912	  9967 : 0
  9964	 10023 : 0
 10020	 10099 : 1
 10096	 10211 : 0
 10208	 10219 : 1
 10216	 10431 : 0
 10428	 10547 : 0
 10544	 10551 : 0
 10548	 10787 : 0
 10784	 11143 : 0
 11140	 11147 : 0
 11144	 11159 : 0
 11156	 11171 : 0
 11168	 11179 : 0
 11176	 11187 : 0
 11184	 11191 : 0
 11188	 11195 : 0
 11192	 11203 : 0
 11200	 11375 : 0
 11372	 11383 : 0
 11380	 11387 : 0
 11384	 11391 : 0
 11388	 11407 : 1
 11404	 11415 : 0
 11412	 11423 : 0
 11420	 11455 : 0
 11452	 11515 : 0
 11512	 11519 : 0
 11516	 11571 : 0
 11568	 11579 : 0
 11576	 11719 : 1
 11716	 11727 : 0
 11724	 11827 : 0
 11824	 11843 : 0
 11840	 11851 : 0
 11848	 11867 : 0
 11864	 11875 : 0
 11872	 11879 : 0
 11876	 11883 : 0
 11880	 11931 : 0
 11928	 11935 : 0
 11932	 11967 : 0
 11964	 11971 : 0
 11968	 12299 : 0
 12296	 12303 : 0
 12300	 12359 : 0
 12356	 12363 : 1
 12360	 12419 : 0
 12416	 12431 : 1
 12428	 12443 : 0
 12440	 12463 : 1
 12460	 12487 : 0
 12484	 12495 : 1
 12492	 12511 : 0
 12508	 12519 : 1
 12516	 12551 : 0
 12548	 12559 : 0
 12556	 12567 : 2
 12564	 12607 : 0
 12604	 12631 : 1
 12628	 12639 : 0
 12636	 12675 : 0
 12672	 12679 : 0
 12676	 12687 : 1
 12684	 12771 : 0
 12768	 12779 : 1
 12776	 12819 : 0
 12816	 12827 : 1
 12824	 12867 : 0
 12864	 12871 : 1
 12868	 12891 : 0
 12888	 12991 : 1
 12988	 13011 : 0
 13008	 13023 : 0
 13020	 13039 : 0
 13036	 13055 : 0
 13052	 13127 : 0
 13124	 13323 : 1
 13320	 13407 : 0
 13404	 13415 : 1
 13412	 13471 : 0
 13468	 13479 : 0
 13476	 13531 : 0
 13528	 13535 : 1
 13532	 14471 : 0
 14468	 14479 : 0
 14476	 14491 : 0
 14488	 14495 : 0
 14492	 14591 : 0
 14588	 14603 : 0
 14600	 14775 : 0
 14772	 14783 : 0
 14780	 14823 : 0
 14820	 14831 : 0
 14828	 14855 : 0
 14852	 14859 : 0
 14856	 14971 : 0
 14968	 15015 : 0
 15012	 15071 : 0
 15068	 15087 : 0
 15084	 15183 : 0
 15180	 15195 : 0
 15192	 15199 : 0
 15196	 15235 : 0
 15232	 15327 : 0
 15324	 15331 : 0
 15328	 15335 : 0
 15332	 15455 : 0
 15452	 15691 : 0
 15688	 15703 : 1
 15700	 15707 : 0
 15704	 15715 : 0
 15712	 15727 : 0
 15724	 15755 : 0
 15752	 15759 : 0
 15756	 15771 : 0
 15768	 15807 : 0
 15804	 15863 : 0
 15860	 15875 : 0
 15872	 16123 : 1
 16120	 16135 : 0
 16132	 16243 : 0
 16240	 16311 : 0
 16308	 16403 : 0
 16400	 16491 : 0
 16488	 16511 : 0
 16508	 16527 : 0
 16524	 16531 : 0
 16528	 16535 : 0
 16532	 16539 : 0
 16536	 16543 : 0
 16540	 16567 : 0
 16564	 16571 : 0
 16568	 16583 : 0
 16580	 16603 : 0
 16600	 16623 : 0
 16620	 16707 : 0
 16704	 16715 : 1
 16712	 16847 : 0
 16844	 16851 : 0
 16848	 16991 : 0
 16988	 16995 : 0
 16992	 17251 : 0
 17248	 17255 : 0
 17252	 17275 : 0
 17272	 17279 : 0
 17276	 17547 : 0
 17544	 17555 : 1
 17552	 18083 : 0
 18080	 18099 : 0
 18096	 18103 : 0
 18100	 18107 : 0
 18104	 18955 : 0
 18952	 18983 : 0
 18980	 18995 : 0
 18992	 18999 : 1
 18996	 19011 : 0
 19008	 19019 : 1
 19016	 19171 : 0
 19168	 19179 : 0
 19176	 19207 : 0
 19204	 19211 : 0
 19208	 19331 : 0
 19328	 19771 : 1
