     0	   263 : 0
   260	   267 : 0
   264	   307 : 0
   304	   351 : 0
   348	   371 : 0
   368	   375 : 0
   372	   387 : 0
   384	   423 : 0
   420	   431 : 0
   428	   455 : 0
   452	   459 : 0
   456	   463 : 0
   460	   471 : 0
   468	   487 : 0
   484	   515 : 0
   512	   539 : 0
   536	   595 : 0
   592	   599 : 0
   596	   655 : 0
   652	   699 : 0
   696	   703 : 0
   700	   711 : 0
   708	   727 : 0
   724	   731 : 0
   728	   735 : 0
   732	   783 : 0
   780	   795 : 0
   792	   799 : 0
   796	   819 : 0
   816	   823 : 0
   820	   907 : 0
   904	   947 : 0
   944	   951 : 0
   948	   959 : 0
   956	   963 : 0
   960	  1019 : 0
  1016	  1027 : 0
  1024	  1031 : 0
  1028	  1043 : 0
  1040	  1071 : 0
  1068	  1107 : 0
  1104	  1163 : 0
  1160	  1167 : 0
  1164	  1179 : 0
  1176	  1187 : 0
  1184	  1199 : 0
  1196	  1215 : 0
  1212	  1239 : 0
  1236	  1459 : 0
  1456	  1619 : 0
  1616	  1731 : 0
  1728	  1751 : 0
  1748	  1759 : 0
  1756	  1931 : 0
  1928	  1979 : 0
  1976	  2091 : 0
  2088	  2115 : 0
  2112	  2131 : 0
  2128	  2211 : 0
  2208	  2287 : 0
  2284	  2471 : 0
  2468	  2491 : 0
  2488	  2579 : 0
  2576	  2679 : 0
  2676	  2683 : 1
  2680	  2859 : 0
  2856	  2939 : 0
  2936	  2947 : 0
  2944	  3003 : 0
  3000	  3011 : 0
  3008	  3123 : 0
  3120	  3127 : 0
  3124	  3163 : 0
  3160	  3167 : 0
  3164	  3223 : 0
  3220	  3231 : 0
  3228	  3251 : 0
  3248	  3331 : 0
  3328	  3339 : 0
  3336	  3351 : 0
  3348	  3355 : 0
  3352	  3391 : 0
  3388	  3419 : 0
  3416	  3471 : 0
  3468	  3523 : 0
  3520	  3547 : 0
  3544	  3551 : 0
  3548	  3563 : 0
  3560	  3611 : 0
  3608	  3635 : 0
  3632	  3659 : 0
  3656	  3663 : 0
  3660	  3667 : 0
  3664	  3679 : 0
  3676	  3687 : 0
  3684	  3735 : 0
  3732	  3783 : 0
  3780	  3815 : 0
  3812	  3819 : 0
  3816	  3839 : 0
  3836	  3851 : 0
  3848	  3859 : 0
  3856	  3887 : 0
  3884	  3923 : 0
  3920	  3927 : 0
  3924	  3943 : 0
  3940	  3955 : 0
  3952	  3963 : 0
  3960	  4167 : 0
  4164	  4211 : 0
  4208	  4219 : 0
  4216	  4331 : 0
  4328	  4335 : 0
  4332	  4351 : 0
  4348	  4355 : 0
  4352	  4363 : 0
  4360	  4367 : 0
  4364	  4459 : 0
  4456	  4483 : 0
  4480	  4659 : 0
  4656	  4663 : 0
  4660	  4667 : 0
  4664	  4671 : 0
  4668	  4675 : 0
  4672	  4743 : 0
  4740	  4747 : 0
  4744	  4751 : 0
  4748	  4763 : 0
  4760	  4939 : 0
  4936	  4971 : 0
  4968	  5031 : 0
  5028	  5063 : 0
  5060	  5067 : 0
  5064	  5087 : 0
  5084	  5319 : 0
  5316	  5503 : 0
