     0	    91 : 0
    88	   107 : 0
   104	   111 : 1
   108	   123 : 0
   120	   127 : 0
   124	   203 : 0
   200	   235 : 0
   232	   255 : 0
   252	   259 : 1
   256	   275 : 0
   272	   283 : 0
   280	   463 : 0
   460	   471 : 0
   468	   511 : 0
   508	   527 : 1
   524	   547 : 0
   544	   551 : 0
   548	   555 : 0
   552	   559 : 0
   556	   563 : 0
   560	   599 : 0
   596	   667 : 0
   664	   675 : 0
   672	   679 : 0
   676	   683 : 0
   680	   687 : 0
   684	   691 : 0
   688	   715 : 0
   712	   719 : 0
   716	   735 : 0
   732	   779 : 0
   776	   795 : 0
   792	   807 : 0
   804	   831 : 0
   828	   847 : 0
   844	   851 : 0
   848	   879 : 0
   876	   907 : 0
   904	  1123 : 0
  1120	  1267 : 0
  1264	  1271 : 0
  1268	  1299 : 0
  1296	  1307 : 0
  1304	  1807 : 0
  1804	  1815 : 0
  1812	  1883 : 0
  1880	  1887 : 0
  1884	  1891 : 0
  1888	  1899 : 0
  1896	  1907 : 0
  1904	  1911 : 0
  1908	  1919 : 0
  1916	  1923 : 0
  1920	  1979 : 0
  1976	  1999 : 0
  1996	  2003 : 0
  2000	  2011 : 0
  2008	  2023 : 0
  2020	  2027 : 0
  2024	  2035 : 0
  2032	  2071 : 0
  2068	  2079 : 0
  2076	  2087 : 0
  2084	  2103 : 0
  2100	  2111 : 0
  2108	  2147 : 0
  2144	  2151 : 0
  2148	  2163 : 0
  2160	  2167 : 0
  2164	  2187 : 0
  2184	  2191 : 0
  2188	  2239 : 0
  2236	  2243 : 0
  2240	  2279 : 0
  2276	  2283 : 0
  2280	  2303 : 0
  2300	  2307 : 0
  2304	  2315 : 0
  2312	  2323 : 0
  2320	  2351 : 0
  2348	  2359 : 0
  2356	  2391 : 0
  2388	  2399 : 0
  2396	  2487 : 0
  2484	  2491 : 0
  2488	  2543 : 0
  2540	  2551 : 0
  2548	  2555 : 0
  2552	  2575 : 0
  2572	  2579 : 0
  2576	  2595 : 0
  2592	  2607 : 0
  2604	  2611 : 0
  2608	  2619 : 0
  2616	  2643 : 0
  2640	  2835 : 0
  2832	  2839 : 0
  2836	  2843 : 0
  2840	  2855 : 0
  2852	  2859 : 0
  2856	  2935 : 0
  2932	  2947 : 0
  2944	  2959 : 0
  2956	  2967 : 0
  2964	  2987 : 0
  2984	  3091 : 0
  3088	  3095 : 0
  3092	  3103 : 0
  3100	  3107 : 0
  3104	  3135 : 0
  3132	  3147 : 0
  3144	  3155 : 0
  3152	  3175 : 0
  3172	  3203 : 0
  3200	  3207 : 0
  3204	  3287 : 0
  3284	  3299 : 0
  3296	  3323 : 0
  3320	  3331 : 0
  3328	  3347 : 0
  3344	  3375 : 0
  3372	  3503 : 0
  3500	  3519 : 0
  3516	  3547 : 0
  3544	  3591 : 0
  3588	  3683 : 0
  3680	  3687 : 0
  3684	  3691 : 0
  3688	  3707 : 0
  3704	  3727 : 0
  3724	  3731 : 0
  3728	  3735 : 0
  3732	  3751 : 0
  3748	  3755 : 0
  3752	  3775 : 0
  3772	  3779 : 0
  3776	  3787 : 0
  3784	  3815 : 0
  3812	  3819 : 0
  3816	  3835 : 0
  3832	  3843 : 0
  3840	  3915 : 0
  3912	  4039 : 0
  4036	  4071 : 0
  4068	  4075 : 0
  4072	  4135 : 0
  4132	  4151 : 0
  4148	  4159 : 0
  4156	  4203 : 0
  4200	  4339 : 0
  4336	  4379 : 0
  4376	  4383 : 0
  4380	  4407 : 0
  4404	  4415 : 0
  4412	  4659 : 0
  4656	  4783 : 0
  4780	  4803 : 0
  4800	  4811 : 0
  4808	  4819 : 0
  4816	  4827 : 0
  4824	  4851 : 0
  4848	  4879 : 0
  4876	  4895 : 0
  4892	  5203 : 0
  5200	  5207 : 0
  5204	  5231 : 0
  5228	  5247 : 0
  5244	  5255 : 0
  5252	  5259 : 0
  5256	  5519 : 0
  5516	  5523 : 0
  5520	  5531 : 0
  5528	  5539 : 0
  5536	  5659 : 0
  5656	  5815 : 0
  5812	  5843 : 0
  5840	  5851 : 0
  5848	  5867 : 0
  5864	  5871 : 0
  5868	  5879 : 0
  5876	  5891 : 0
  5888	  5899 : 0
  5896	  5919 : 0
  5916	  6095 : 0
  6092	  6103 : 0
  6100	  6111 : 0
  6108	  6115 : 0
  6112	  6127 : 0
  6124	  6131 : 0
  6128	  6139 : 0
  6136	  6143 : 0
  6140	  6151 : 0
  6148	  6167 : 0
  6164	  6315 : 0
  6312	  6323 : 0
  6320	  6495 : 0
  6492	  6503 : 0
  6500	  6511 : 0
  6508	  6519 : 0
  6516	  6527 : 0
  6524	  6547 : 0
  6544	  6555 : 0
  6552	  6559 : 0
  6556	  6563 : 0
  6560	  6587 : 0
  6584	  6595 : 0
  6592	  6603 : 0
  6600	  6667 : 0
  6664	  6671 : 0
  6668	  6691 : 0
  6688	  6695 : 0
  6692	  6771 : 0
  6768	  6775 : 0
  6772	  6779 : 0
  6776	  6783 : 0
  6780	  6791 : 0
  6788	  6799 : 0
  6796	  6807 : 0
  6804	  6827 : 0
  6824	  6851 : 0
  6848	  6855 : 0
  6852	  6883 : 0
  6880	  6895 : 0
  6892	  6915 : 0
  6912	  6931 : 0
  6928	  6975 : 0
  6972	  6991 : 0
  6988	  7019 : 0
  7016	  7023 : 0
  7020	  7047 : 0
  7044	  7083 : 0
  7080	  7095 : 0
  7092	  7099 : 0
  7096	  7103 : 0
  7100	  7111 : 0
  7108	  7115 : 0
  7112	  7135 : 0
  7132	  7139 : 0
  7136	  7147 : 0
  7144	  7167 : 0
  7164	  7191 : 0
  7188	  7203 : 0
  7200	  7215 : 0
  7212	  7259 : 0
  7256	  7263 : 0
  7260	  7271 : 0
  7268	  7279 : 0
  7276	  7391 : 0
  7388	  7399 : 0
  7396	  7419 : 0
  7416	  7431 : 0
  7428	  7435 : 0
  7432	  7467 : 0
  7464	  7539 : 0
  7536	  7547 : 0
  7544	  7559 : 0
  7556	  7571 : 0
  7568	  7575 : 0
  7572	  7587 : 0
  7584	  7923 : 0
  7920	  7943 : 0
  7940	  8095 : 0
  8092	  8099 : 0
  8096	  8115 : 0
  8112	  8131 : 0
  8128	  8195 : 0
  8192	  8199 : 0
  8196	  8239 : 0
  8236	  8291 : 0
  8288	  8307 : 0
  8304	  8347 : 0
  8344	  8355 : 0
  8352	  8403 : 0
  8400	  8415 : 0
  8412	  8419 : 0
  8416	  8699 : 0
  8696	  8723 : 0
  8720	  8743 : 0
  8740	  8759 : 0
  8756	  8823 : 0
  8820	  8839 : 0
  8836	  8867 : 0
  8864	  8871 : 0
  8868	  8923 : 0
  8920	  8955 : 0
  8952	  9091 : 0
  9088	  9099 : 0
  9096	  9119 : 0
  9116	  9179 : 0
  9176	  9183 : 0
  9180	  9187 : 0
  9184	  9227 : 0
  9224	  9235 : 0
  9232	  9315 : 0
  9312	  9323 : 0
  9320	  9351 : 0
  9348	  9371 : 0
  9368	  9463 : 0
  9460	  9467 : 0
  9464	  9483 : 0
  9480	  9487 : 0
  9484	  9579 : 0
  9576	  9595 : 0
  9592	 10007 : 0
 10004	 10035 : 0
 10032	 10079 : 0
 10076	 10087 : 0
 10084	 10227 : 0
 10224	 10239 : 0
 10236	 10243 : 0
 10240	 10247 : 0
 10244	 10303 : 0
 10300	 10319 : 0
 10316	 10323 : 0
 10320	 10331 : 0
 10328	 10367 : 0
 10364	 10383 : 0
 10380	 10435 : 0
 10432	 10443 : 0
 10440	 10603 : 0
 10600	 10615 : 0
 10612	 10619 : 0
 10616	 10635 : 0
 10632	 10639 : 0
 10636	 10643 : 0
 10640	 10667 : 0
 10664	 10675 : 0
 10672	 10679 : 0
 10676	 10687 : 0
 10684	 10691 : 0
 10688	 10699 : 0
 10696	 10703 : 0
 10700	 10723 : 0
 10720	 10767 : 0
 10764	 10779 : 0
 10776	 10815 : 0
 10812	 10851 : 0
 10848	 10871 : 0
 10868	 10875 : 0
 10872	 10887 : 0
 10884	 10891 : 0
 10888	 10959 : 0
 10956	 10963 : 0
 10960	 10967 : 0
 10964	 10979 : 0
 10976	 10987 : 0
 10984	 11003 : 0
 11000	 11103 : 0
 11100	 11115 : 0
 11112	 11143 : 0
 11140	 11155 : 0
 11152	 11219 : 0
 11216	 11231 : 0
 11228	 11235 : 0
 11232	 11251 : 0
 11248	 11259 : 0
 11256	 11263 : 0
 11260	 11279 : 0
 11276	 11283 : 0
 11280	 11295 : 0
 11292	 11299 : 0
 11296	 11303 : 0
 11300	 11307 : 0
 11304	 11319 : 0
 11316	 11335 : 0
 11332	 11359 : 0
 11356	 11375 : 0
 11372	 11387 : 0
 11384	 11411 : 0
 11408	 11419 : 0
 11416	 11443 : 0
 11440	 11447 : 0
 11444	 11507 : 0
 11504	 11511 : 0
 11508	 11555 : 0
 11552	 11583 : 0
 11580	 11599 : 0
 11596	 11635 : 0
 11632	 11647 : 0
 11644	 11651 : 0
 11648	 11655 : 0
 11652	 11687 : 0
 11684	 11691 : 0
 11688	 11707 : 0
 11704	 11727 : 0
 11724	 11735 : 0
 11732	 11815 : 0
 11812	 11823 : 0
 11820	 11839 : 0
 11836	 12111 : 0
 12108	 12199 : 0
 12196	 12227 : 0
 12224	 12235 : 0
 12232	 12243 : 0
 12240	 12251 : 0
 12248	 12255 : 0
 12252	 12263 : 0
 12260	 12291 : 0
 12288	 12391 : 0
 12388	 12563 : 0
 12560	 12607 : 0
 12604	 12623 : 0
 12620	 12651 : 0
 12648	 12655 : 0
 12652	 12667 : 0
 12664	 12691 : 0
 12688	 12695 : 0
 12692	 12703 : 0
 12700	 12715 : 0
 12712	 12723 : 0
 12720	 12751 : 0
 12748	 12763 : 0
 12760	 12775 : 0
 12772	 12871 : 0
 12868	 12915 : 0
 12912	 12947 : 0
 12944	 12975 : 0
 12972	 12979 : 0
 12976	 13011 : 0
 13008	 13023 : 0
 13020	 13031 : 0
 13028	 13051 : 0
 13048	 13055 : 0
 13052	 13147 : 0
 13144	 13155 : 0
 13152	 13215 : 0
 13212	 13227 : 0
 13224	 13271 : 0
 13268	 13275 : 0
 13272	 13291 : 0
 13288	 13295 : 0
 13292	 13303 : 0
 13300	 13319 : 0
 13316	 13387 : 0
 13384	 13403 : 0
 13400	 13451 : 0
 13448	 13471 : 0
 13468	 13539 : 0
 13536	 13547 : 0
 13544	 13579 : 0
 13576	 13583 : 0
 13580	 13587 : 0
 13584	 13599 : 0
 13596	 13755 : 0
 13752	 13795 : 0
 13792	 13799 : 0
 13796	 13843 : 0
 13840	 13847 : 0
 13844	 13851 : 0
 13848	 13863 : 0
 13860	 13867 : 0
 13864	 13875 : 0
 13872	 13903 : 0
 13900	 13907 : 0
 13904	 14007 : 0
 14004	 14019 : 0
 14016	 14023 : 0
 14020	 14391 : 0
 14388	 14403 : 0
 14400	 14455 : 0
 14452	 14459 : 0
 14456	 14487 : 0
 14484	 14495 : 0
 14492	 14503 : 0
 14500	 14547 : 0
 14544	 15059 : 0
 15056	 15079 : 0
 15076	 15103 : 0
 15100	 15111 : 0
 15108	 15119 : 0
 15116	 15123 : 0
 15120	 15415 : 0
 15412	 15431 : 0
 15428	 15443 : 0
 15440	 15455 : 0
 15452	 15467 : 0
 15464	 15471 : 0
 15468	 15487 : 0
 15484	 15503 : 0
 15500	 15511 : 0
 15508	 15575 : 0
 15572	 15579 : 0
 15576	 15583 : 0
 15580	 15587 : 0
 15584	 15595 : 0
 15592	 15739 : 0
 15736	 15747 : 0
 15744	 15771 : 0
 15768	 15787 : 0
 15784	 16803 : 0
 16800	 16811 : 0
 16808	 17375 : 0
 17372	 17379 : 0
 17376	 17407 : 0
 17404	 17419 : 0
 17416	 17483 : 0
 17480	 17503 : 0
 17500	 17751 : 0
 17748	 17763 : 0
 17760	 17791 : 0
 17788	 17815 : 0
 17812	 17843 : 0
 17840	 17855 : 0
 17852	 18319 : 0
 18316	 18323 : 0
 18320	 18335 : 0
 18332	 18559 : 0
 18556	 18571 : 0
 18568	 18763 : 0
 18760	 18771 : 0
 18768	 18779 : 0
 18776	 18783 : 0
 18780	 18791 : 0
 18788	 18795 : 0
 18792	 18803 : 0
 18800	 18847 : 0
 18844	 18851 : 0
 18848	 18863 : 0
 18860	 18907 : 0
 18904	 18911 : 0
 18908	 18919 : 0
 18916	 18939 : 0
 18936	 18943 : 0
 18940	 18951 : 0
 18948	 19003 : 0
 19000	 19027 : 0
 19024	 19031 : 0
 19028	 19035 : 0
 19032	 19255 : 0
 19252	 19267 : 0
 19264	 19303 : 0
 19300	 19387 : 0
 19384	 19391 : 0
 19388	 19415 : 0
 19412	 19427 : 0
 19424	 19455 : 0
 19452	 19471 : 0
 19468	 19475 : 0
 19472	 19551 : 0
 19548	 19563 : 0
 19560	 19571 : 0
 19568	 19587 : 0
 19584	 19611 : 0
 19608	 19687 : 0
 19684	 19691 : 0
 19688	 19851 : 0
 19848	 19867 : 0
 19864	 19919 : 0
 19916	 19947 : 0
 19944	 19967 : 0
 19964	 19971 : 0
 19968	 20059 : 0
 20056	 20075 : 0
 20072	 20083 : 0
 20080	 20103 : 0
 20100	 20263 : 0
 20260	 20267 : 0
 20264	 20275 : 0
 20272	 20279 : 0
 20276	 20287 : 0
 20284	 20379 : 0
 20376	 20391 : 0
 20388	 20395 : 0
 20392	 20399 : 0
 20396	 20407 : 0
 20404	 20487 : 0
 20484	 20491 : 0
 20488	 20499 : 0
 20496	 20527 : 0
 20524	 20535 : 0
 20532	 20539 : 0
 20536	 20587 : 0
 20584	 20611 : 0
 20608	 20615 : 0
 20612	 20623 : 0
 20620	 20627 : 0
 20624	 20631 : 0
 20628	 20639 : 0
 20636	 20651 : 0
 20648	 20731 : 0
 20728	 20735 : 0
 20732	 20859 : 0
 20856	 20867 : 0
 20864	 20931 : 0
 20928	 21011 : 0
 21008	 21019 : 0
 21016	 21023 : 0
 21020	 21031 : 0
 21028	 21043 : 0
 21040	 21147 : 0
 21144	 21191 : 0
 21188	 21195 : 0
 21192	 21243 : 0
 21240	 21255 : 0
 21252	 21267 : 0
 21264	 21271 : 0
 21268	 21275 : 0
 21272	 21411 : 0
 21408	 21463 : 0
 21460	 21471 : 0
 21468	 21559 : 0
 21556	 21567 : 0
 21564	 21643 : 0
 21640	 21647 : 0
 21644	 21691 : 0
 21688	 21711 : 0
 21708	 21903 : 0
 21900	 21935 : 0
 21932	 21947 : 0
 21944	 22275 : 0
 22272	 22283 : 0
 22280	 22351 : 0
 22348	 22391 : 0
 22388	 22395 : 0
 22392	 22403 : 0
 22400	 22415 : 0
 22412	 22435 : 0
 22432	 22439 : 0
 22436	 22443 : 0
 22440	 22451 : 0
 22448	 22491 : 0
 22488	 22523 : 0
 22520	 22527 : 0
 22524	 22531 : 0
 22528	 22571 : 0
 22568	 22583 : 0
 22580	 22611 : 0
 22608	 22615 : 0
 22612	 22627 : 0
 22624	 22631 : 0
 22628	 22651 : 0
 22648	 22687 : 0
 22684	 22723 : 0
 22720	 22727 : 0
 22724	 22747 : 0
 22744	 22787 : 0
 22784	 22795 : 0
 22792	 22875 : 0
 22872	 22907 : 0
 22904	 23019 : 0
 23016	 23031 : 0
 23028	 23075 : 0
 23072	 23231 : 0
 23228	 23235 : 0
 23232	 23263 : 0
 23260	 24319 : 0
 24316	 24343 : 0
 24340	 24467 : 0
 24464	 24479 : 0
 24476	 24487 : 0
 24484	 24527 : 0
 24524	 24531 : 0
 24528	 24571 : 0
 24568	 24591 : 0
 24588	 24595 : 0
 24592	 24599 : 0
 24596	 24755 : 0
 24752	 24767 : 0
 24764	 24799 : 0
 24796	 24851 : 0
 24848	 24863 : 0
 24860	 24871 : 0
 24868	 24879 : 0
 24876	 24915 : 0
 24912	 24923 : 0
 24920	 24955 : 0
 24952	 24963 : 0
 24960	 24967 : 0
 24964	 25047 : 0
 25044	 25051 : 0
 25048	 25055 : 0
 25052	 25059 : 0
 25056	 25095 : 0
 25092	 25155 : 0
 25152	 25223 : 0
 25220	 25235 : 0
 25232	 25243 : 0
 25240	 25275 : 0
 25272	 25283 : 0
 25280	 25423 : 0
 25420	 25427 : 0
 25424	 25443 : 0
 25440	 25451 : 0
 25448	 25507 : 0
 25504	 25511 : 0
 25508	 25515 : 0
 25512	 25527 : 0
 25524	 25543 : 0
 25540	 25547 : 0
 25544	 25555 : 0
 25552	 25571 : 0
 25568	 25671 : 0
 25668	 25675 : 0
 25672	 25735 : 0
 25732	 25987 : 0
 25984	 25991 : 0
 25988	 26019 : 0
 26016	 26031 : 0
 26028	 26219 : 0
 26216	 26223 : 0
 26220	 26251 : 0
 26248	 26259 : 0
 26256	 26363 : 0
 26360	 26379 : 0
 26376	 26407 : 0
 26404	 26411 : 0
 26408	 26415 : 0
 26412	 26423 : 0
 26420	 26431 : 0
 26428	 26435 : 0
 26432	 26499 : 0
 26496	 26507 : 0
 26504	 27019 : 0
 27016	 27035 : 0
 27032	 27039 : 0
 27036	 27043 : 0
 27040	 27047 : 0
 27044	 27075 : 0
 27072	 27079 : 0
 27076	 27087 : 0
 27084	 27367 : 0
 27364	 27371 : 0
 27368	 27403 : 0
 27400	 27435 : 0
 27432	 27523 : 0
 27520	 27543 : 0
 27540	 27555 : 0
 27552	 27563 : 0
 27560	 27567 : 0
 27564	 27583 : 0
 27580	 27591 : 0
 27588	 27603 : 0
 27600	 27631 : 0
 27628	 27639 : 0
 27636	 27691 : 0
 27688	 27695 : 0
 27692	 27987 : 0
 27984	 28147 : 0
 28144	 28155 : 0
 28152	 28171 : 0
 28168	 28175 : 0
 28172	 28199 : 0
 28196	 28219 : 0
 28216	 28223 : 0
 28220	 28239 : 0
 28236	 28243 : 0
 28240	 28331 : 0
 28328	 28359 : 0
 28356	 28411 : 0
 28408	 28771 : 0
 28768	 28775 : 0
 28772	 28891 : 0
 28888	 28907 : 0
 28904	 28911 : 0
 28908	 29003 : 0
 29000	 29007 : 0
 29004	 29035 : 0
 29032	 29043 : 0
 29040	 29051 : 0
 29048	 29055 : 0
 29052	 29195 : 0
 29192	 29199 : 0
 29196	 29211 : 0
 29208	 29231 : 0
 29228	 29243 : 0
 29240	 29247 : 0
 29244	 29251 : 0
 29248	 29255 : 0
 29252	 29291 : 0
 29288	 29307 : 0
 29304	 29339 : 1
 29336	 29351 : 0
 29348	 29367 : 0
 29364	 29419 : 0
 29416	 29435 : 0
 29432	 29439 : 0
 29436	 29443 : 0
 29440	 29451 : 0
 29448	 29455 : 0
 29452	 29459 : 0
 29456	 29543 : 0
 29540	 29583 : 0
 29580	 29631 : 0
 29628	 29751 : 0
 29748	 29763 : 0
 29760	 29795 : 0
 29792	 29871 : 0
 29868	 29875 : 0
 29872	 29879 : 0
 29876	 30043 : 0
 30040	 30067 : 0
 30064	 30119 : 0
 30116	 30239 : 0
 30236	 30251 : 0
 30248	 30259 : 0
 30256	 30291 : 0
 30288	 30299 : 0
 30296	 30331 : 0
 30328	 30343 : 0
 30340	 30347 : 0
 30344	 30379 : 0
 30376	 30383 : 0
 30380	 30531 : 0
 30528	 30647 : 0
 30644	 30651 : 0
 30648	 30695 : 0
 30692	 30711 : 0
 30708	 30715 : 0
 30712	 30719 : 0
 30716	 30767 : 0
 30764	 30771 : 0
 30768	 30891 : 0
 30888	 30911 : 0
 30908	 30923 : 0
 30920	 30931 : 0
 30928	 30939 : 0
 30936	 31011 : 0
 31008	 31067 : 0
 31064	 31131 : 0
 31128	 31183 : 0
 31180	 31199 : 0
 31196	 31303 : 0
 31300	 31315 : 0
 31312	 31435 : 0
 31432	 31511 : 0
 31508	 31619 : 0
 31616	 31623 : 0
 31620	 31663 : 0
 31660	 31687 : 0
 31684	 31935 : 0
 31932	 31939 : 0
 31936	 32015 : 0
 32012	 32019 : 0
 32016	 32207 : 0
 32204	 32287 : 0
 32284	 32315 : 0
 32312	 32363 : 0
 32360	 32399 : 0
 32396	 32403 : 0
 32400	 32435 : 0
 32432	 32491 : 0
 32488	 32539 : 0
 32536	 32559 : 0
 32556	 32899 : 0
 32896	 32903 : 0
 32900	 33155 : 0
 33152	 33163 : 0
 33160	 33179 : 0
 33176	 33183 : 0
 33180	 33199 : 0
 33196	 33203 : 0
 33200	 33215 : 0
 33212	 33263 : 0
 33260	 33943 : 0
 33940	 33975 : 0
 33972	 33987 : 0
 33984	 34063 : 0
 34060	 34071 : 0
 34068	 34151 : 0
 34148	 34231 : 0
 34228	 34239 : 0
 34236	 34243 : 0
 34240	 34263 : 0
 34260	 34451 : 0
 34448	 34579 : 0
