     0	    11 : 0
     8	    23 : 0
    20	   103 : 0
   100	   107 : 0
   104	   139 : 0
   136	   143 : 0
   140	   295 : 0
   292	   759 : 0
   756	   791 : 1
   788	   799 : 0
   796	   823 : 1
   820	   827 : 0
   824	   843 : 0
   840	   855 : 0
   852	   859 : 0
   856	   863 : 0
   860	   883 : 0
   880	   907 : 0
   904	   923 : 0
   920	   955 : 0
   952	   967 : 0
   964	  1003 : 0
  1000	  1039 : 0
  1036	  1047 : 0
  1044	  1067 : 0
  1064	  1075 : 0
  1072	  1111 : 0
  1108	  1123 : 0
  1120	  1135 : 0
  1132	  1159 : 0
  1156	  1171 : 0
  1168	  1183 : 0
  1180	  1207 : 0
  1204	  1219 : 0
  1216	  1407 : 1
  1404	  1419 : 0
  1416	  1427 : 0
  1424	  1435 : 0
  1432	  1583 : 0
  1580	  1591 : 0
  1588	  1639 : 0
  1636	  1683 : 0
  1680	  1715 : 0
  1712	  1723 : 0
  1720	  1727 : 0
  1724	  1731 : 0
  1728	  1739 : 0
  1736	  1759 : 0
  1756	  1779 : 0
  1776	  1815 : 0
  1812	  1827 : 0
  1824	  1835 : 0
  1832	  1839 : 0
  1836	  1895 : 0
  1892	  1903 : 0
  1900	  1919 : 0
  1916	  1927 : 0
  1924	  1959 : 0
  1956	  1979 : 0
  1976	  2035 : 0
  2032	  2043 : 0
  2040	  2099 : 0
  2096	  2135 : 0
  2132	  2167 : 0
  2164	  2179 : 0
  2176	  2183 : 0
  2180	  2203 : 0
  2200	  2235 : 0
  2232	  2255 : 0
  2252	  2271 : 0
  2268	  2291 : 0
  2288	  2315 : 0
  2312	  2319 : 0
  2316	  2339 : 0
  2336	  2347 : 0
  2344	  2363 : 0
  2360	  2391 : 0
  2388	  2419 : 0
  2416	  2423 : 0
  2420	  2447 : 0
  2444	  2455 : 0
  2452	  2491 : 0
  2488	  2591 : 0
  2588	  2775 : 0
  2772	  2779 : 0
  2776	  2791 : 0
  2788	  2807 : 0
  2804	  2811 : 0
  2808	  2855 : 0
  2852	  2859 : 0
  2856	  2875 : 0
  2872	  2915 : 0
  2912	  2927 : 0
  2924	  2939 : 0
  2936	  2963 : 0
  2960	  2991 : 0
  2988	  3019 : 0
  3016	  3027 : 0
  3024	  3051 : 0
  3048	  3055 : 0
  3052	  3087 : 0
  3084	  3091 : 0
  3088	  3235 : 0
  3232	  3239 : 0
  3236	  3295 : 0
  3292	  3303 : 0
  3300	  3315 : 0
  3312	  3323 : 0
  3320	  3327 : 0
  3324	  3339 : 0
  3336	  3343 : 0
  3340	  3363 : 0
  3360	  3379 : 0
  3376	  3427 : 0
  3424	  3435 : 0
  3432	  3447 : 0
  3444	  3499 : 0
  3496	  3559 : 0
  3556	  3571 : 0
  3568	  3639 : 0
  3636	  3651 : 0
  3648	  3679 : 0
  3676	  3683 : 0
  3680	  3695 : 0
  3692	  3707 : 0
  3704	  3715 : 0
  3712	  3719 : 0
  3716	  3723 : 0
  3720	  3747 : 0
  3744	  3899 : 0
  3896	  3923 : 0
  3920	  3927 : 0
  3924	  3935 : 0
  3932	  3939 : 0
  3936	  3943 : 0
  3940	  4019 : 0
  4016	  4051 : 0
  4048	  4059 : 0
  4056	  4083 : 0
  4080	  4087 : 0
  4084	  4139 : 0
  4136	  4143 : 0
  4140	  4147 : 0
  4144	  4155 : 0
  4152	  4219 : 0
  4216	  4223 : 0
  4220	  4243 : 0
  4240	  4247 : 0
  4244	  4263 : 0
  4260	  4267 : 0
  4264	  4275 : 0
  4272	  4307 : 0
  4304	  4407 : 0
  4404	  4411 : 0
  4408	  4599 : 0
  4596	  4615 : 0
  4612	  4631 : 0
  4628	  4635 : 0
  4632	  4643 : 0
  4640	  4655 : 0
  4652	  4663 : 0
  4660	  4703 : 0
  4700	  4711 : 0
  4708	  4723 : 0
  4720	  4727 : 0
  4724	  4799 : 0
  4796	  4811 : 0
  4808	  4839 : 0
  4836	  4879 : 0
  4876	  4883 : 0
  4880	  4915 : 0
  4912	  4923 : 0
  4920	  5079 : 0
  5076	  5119 : 0
  5116	  5127 : 0
  5124	  5155 : 0
  5152	  5159 : 0
  5156	  5163 : 0
  5160	  5215 : 0
  5212	  5287 : 0
  5284	  5295 : 0
  5292	  5303 : 0
  5300	  5311 : 0
  5308	  5323 : 0
  5320	  5327 : 0
  5324	  5331 : 0
  5328	  5411 : 0
  5408	  5427 : 0
  5424	  5435 : 0
  5432	  5515 : 0
  5512	  5519 : 0
  5516	  5547 : 0
  5544	  5559 : 0
  5556	  5599 : 0
  5596	  5607 : 0
  5604	  5615 : 0
  5612	  5619 : 0
  5616	  5627 : 0
  5624	  5631 : 0
  5628	  5635 : 0
  5632	  5647 : 0
  5644	  5655 : 0
  5652	  5663 : 0
  5660	  5695 : 0
  5692	  5735 : 0
  5732	  5739 : 0
  5736	  5747 : 0
  5744	  5751 : 0
  5748	  5771 : 0
  5768	  5803 : 0
  5800	  5807 : 0
  5804	  5827 : 0
  5824	  5859 : 0
  5856	  5903 : 0
  5900	  6027 : 0
  6024	  6031 : 0
  6028	  6039 : 0
  6036	  6047 : 0
  6044	  6071 : 0
  6068	  6079 : 0
  6076	  6179 : 0
  6176	  6183 : 0
  6180	  6359 : 0
  6356	  6363 : 0
  6360	  6439 : 0
  6436	  6447 : 0
  6444	  6459 : 0
  6456	  6487 : 0
  6484	  6507 : 0
  6504	  6531 : 0
  6528	  6575 : 0
  6572	  6579 : 0
  6576	  6603 : 0
  6600	  6647 : 0
  6644	  6651 : 0
  6648	  6719 : 0
  6716	  6731 : 0
  6728	  6743 : 0
  6740	  6779 : 0
  6776	  6803 : 0
  6800	  6807 : 0
  6804	  6883 : 0
  6880	  6887 : 0
  6884	  6899 : 0
  6896	  6923 : 0
  6920	  6939 : 0
  6936	  6991 : 0
  6988	  7003 : 0
  7000	  7023 : 0
  7020	  7035 : 0
  7032	  7135 : 0
  7132	  7143 : 0
  7140	  7259 : 0
  7256	  7327 : 0
  7324	  7343 : 0
  7340	  7351 : 0
  7348	  7359 : 0
  7356	  7371 : 0
  7368	  7379 : 1
  7376	  7415 : 0
  7412	  7427 : 0
  7424	  7435 : 0
  7432	  7471 : 0
  7468	  7475 : 0
  7472	  7523 : 0
  7520	  7527 : 0
  7524	  7559 : 1
  7556	  7579 : 0
  7576	  7819 : 0
  7816	  7831 : 0
  7828	  7839 : 0
  7836	  7851 : 0
  7848	  7867 : 0
  7864	  7871 : 0
  7868	  7879 : 0
  7876	  7975 : 0
  7972	  7983 : 0
  7980	  8111 : 0
  8108	  8135 : 0
  8132	  8139 : 0
  8136	  8151 : 0
  8148	  8291 : 0
  8288	  8319 : 0
  8316	  8327 : 0
  8324	  8411 : 0
  8408	  8443 : 0
  8440	  8467 : 0
  8464	  8627 : 0
  8624	  8647 : 0
  8644	  8675 : 0
  8672	  8679 : 0
  8676	  8723 : 0
  8720	  8727 : 0
  8724	  8739 : 0
  8736	  8743 : 0
  8740	  8747 : 0
  8744	  8755 : 0
  8752	  9047 : 0
  9044	  9079 : 0
  9076	  9119 : 0
  9116	  9143 : 0
  9140	  9159 : 0
  9156	  9191 : 0
  9188	  9443 : 0
  9440	  9451 : 0
  9448	  9467 : 0
  9464	  9547 : 0
  9544	  9559 : 0
  9556	  9563 : 0
  9560	  9583 : 0
  9580	  9599 : 0
  9596	  9607 : 0
  9604	  9659 : 0
  9656	  9675 : 0
  9672	  9679 : 0
  9676	  9691 : 0
  9688	  9719 : 0
  9716	  9727 : 0
  9724	  9735 : 0
  9732	  9747 : 0
  9744	  9751 : 0
  9748	  9815 : 0
  9812	  9875 : 0
  9872	  9935 : 0
  9932	  9983 : 0
  9980	 10151 : 0
 10148	 10159 : 0
 10156	 10187 : 0
 10184	 10191 : 0
 10188	 10379 : 0
 10376	 10391 : 0
 10388	 10423 : 0
 10420	 10439 : 0
 10436	 10475 : 0
 10472	 10619 : 0
 10616	 10643 : 0
 10640	 10655 : 0
 10652	 10699 : 0
 10696	 10707 : 0
 10704	 10715 : 0
 10712	 10723 : 0
 10720	 10743 : 0
 10740	 10775 : 0
 10772	 10779 : 0
 10776	 10783 : 0
 10780	 10795 : 0
 10792	 10823 : 0
 10820	 10843 : 0
 10840	 10871 : 0
 10868	 10887 : 0
 10884	 10903 : 0
 10900	 10919 : 0
 10916	 10939 : 0
 10936	 10951 : 0
 10948	 10975 : 0
 10972	 10987 : 0
 10984	 11011 : 0
 11008	 11027 : 0
 11024	 11039 : 0
 11036	 11063 : 0
 11060	 11067 : 0
 11064	 11075 : 0
 11072	 11083 : 0
 11080	 11087 : 0
 11084	 11103 : 0
 11100	 11107 : 0
 11104	 11119 : 0
 11116	 11123 : 0
 11120	 11175 : 0
 11172	 11183 : 0
 11180	 11207 : 0
 11204	 11211 : 0
 11208	 11231 : 0
 11228	 11247 : 0
 11244	 11255 : 0
 11252	 11259 : 0
 11256	 11263 : 0
 11260	 11279 : 0
 11276	 11291 : 0
 11288	 11331 : 0
 11328	 11359 : 0
 11356	 11363 : 0
 11360	 11391 : 0
 11388	 11407 : 0
 11404	 11487 : 0
 11484	 11495 : 0
 11492	 11527 : 0
 11524	 11559 : 0
 11556	 11563 : 0
 11560	 11575 : 0
 11572	 11627 : 0
 11624	 11651 : 0
 11648	 11703 : 0
 11700	 11707 : 0
 11704	 11731 : 0
 11728	 11807 : 0
 11804	 11811 : 0
 11808	 11827 : 0
 11824	 11831 : 0
 11828	 11867 : 0
 11864	 11875 : 0
 11872	 11879 : 0
 11876	 11883 : 0
 11880	 11887 : 0
 11884	 11915 : 0
 11912	 11931 : 0
 11928	 11943 : 0
 11940	 11951 : 0
 11948	 12031 : 0
 12028	 12051 : 0
 12048	 12059 : 0
 12056	 12067 : 0
 12064	 12071 : 0
 12068	 12107 : 0
 12104	 12115 : 0
 12112	 12123 : 0
 12120	 12139 : 0
 12136	 12147 : 0
 12144	 12151 : 0
 12148	 12155 : 0
 12152	 12159 : 0
 12156	 12171 : 0
 12168	 12179 : 0
 12176	 12187 : 0
 12184	 12203 : 0
 12200	 12215 : 0
 12212	 12235 : 0
 12232	 12243 : 0
 12240	 12271 : 0
 12268	 12275 : 0
 12272	 12291 : 0
 12288	 12295 : 0
 12292	 12303 : 0
 12300	 12307 : 0
 12304	 12343 : 0
 12340	 12351 : 0
 12348	 12359 : 0
 12356	 12371 : 0
 12368	 12395 : 0
 12392	 12403 : 0
 12400	 12415 : 0
 12412	 12431 : 0
 12428	 12435 : 0
 12432	 12467 : 0
 12464	 12495 : 0
 12492	 12503 : 0
 12500	 12511 : 0
 12508	 12515 : 0
 12512	 12559 : 0
 12556	 12587 : 0
 12584	 12591 : 0
 12588	 12595 : 0
 12592	 12603 : 0
 12600	 12615 : 0
 12612	 12631 : 0
 12628	 12683 : 0
 12680	 12719 : 0
 12716	 12723 : 0
 12720	 12731 : 0
 12728	 12851 : 0
 12848	 12867 : 0
 12864	 12871 : 0
 12868	 12879 : 0
 12876	 12887 : 0
 12884	 12891 : 0
 12888	 12903 : 0
 12900	 12927 : 0
 12924	 12931 : 0
 12928	 12947 : 0
 12944	 12967 : 0
 12964	 12975 : 0
 12972	 12979 : 0
 12976	 12987 : 0
 12984	 13035 : 0
 13032	 13051 : 0
 13048	 13175 : 0
 13172	 13179 : 0
 13176	 13199 : 0
 13196	 13203 : 0
 13200	 13207 : 0
 13204	 13215 : 0
 13212	 13363 : 0
 13360	 13375 : 0
 13372	 13379 : 0
 13376	 13387 : 0
 13384	 13419 : 0
 13416	 13555 : 0
 13552	 13563 : 0
 13560	 13587 : 0
 13584	 13619 : 0
 13616	 13627 : 0
 13624	 13635 : 0
 13632	 13643 : 0
 13640	 13651 : 0
 13648	 13663 : 0
 13660	 13675 : 0
 13672	 13687 : 0
 13684	 13715 : 0
 13712	 13727 : 0
 13724	 13731 : 0
 13728	 13739 : 0
 13736	 13743 : 0
 13740	 13747 : 0
 13744	 13759 : 0
 13756	 13763 : 0
 13760	 13775 : 0
 13772	 13787 : 0
 13784	 13795 : 0
 13792	 13811 : 0
 13808	 13827 : 0
 13824	 13831 : 0
 13828	 13931 : 0
 13928	 13939 : 0
 13936	 14071 : 0
 14068	 14079 : 0
 14076	 14211 : 0
 14208	 14223 : 0
 14220	 14247 : 0
 14244	 14255 : 0
 14252	 14271 : 0
 14268	 14295 : 0
 14292	 14299 : 0
 14296	 14307 : 0
 14304	 14311 : 0
 14308	 14351 : 0
 14348	 14363 : 0
 14360	 14415 : 0
 14412	 14419 : 0
 14416	 14499 : 0
 14496	 14527 : 0
 14524	 14591 : 0
 14588	 14595 : 0
 14592	 14615 : 0
 14612	 14623 : 0
 14620	 14631 : 0
 14628	 14651 : 0
 14648	 14675 : 0
 14672	 14679 : 0
 14676	 14711 : 0
 14708	 14747 : 0
 14744	 14755 : 0
 14752	 14767 : 0
 14764	 14775 : 0
 14772	 14787 : 0
 14784	 14799 : 0
 14796	 14847 : 0
 14844	 14855 : 0
 14852	 14875 : 0
 14872	 14879 : 0
 14876	 14883 : 0
 14880	 14891 : 0
 14888	 14935 : 0
 14932	 14939 : 0
 14936	 14955 : 0
 14952	 14995 : 1
 14992	 15031 : 0
 15028	 15079 : 0
 15076	 15083 : 0
 15080	 15111 : 0
 15108	 15119 : 0
 15116	 15123 : 0
 15120	 15151 : 0
 15148	 15207 : 0
 15204	 15211 : 0
 15208	 15227 : 0
 15224	 15279 : 0
 15276	 15323 : 0
 15320	 15335 : 0
 15332	 15343 : 0
 15340	 15347 : 0
 15344	 15351 : 0
 15348	 15387 : 0
 15384	 15391 : 0
 15388	 15395 : 0
 15392	 15483 : 0
 15480	 15663 : 0
 15660	 15675 : 0
 15672	 15683 : 0
 15680	 15695 : 0
 15692	 15759 : 0
 15756	 15771 : 0
 15768	 15787 : 0
 15784	 15799 : 0
 15796	 15839 : 0
 15836	 15883 : 0
 15880	 15907 : 0
 15904	 15955 : 0
 15952	 15979 : 0
 15976	 15991 : 0
 15988	 16023 : 0
 16020	 16103 : 0
 16100	 16107 : 0
 16104	 16223 : 0
 16220	 16239 : 0
 16236	 16299 : 0
 16296	 16303 : 0
 16300	 16331 : 0
 16328	 16335 : 0
 16332	 16351 : 0
 16348	 16359 : 0
 16356	 16387 : 0
 16384	 16403 : 0
 16400	 16479 : 0
 16476	 16491 : 0
 16488	 16495 : 0
 16492	 16499 : 0
 16496	 16635 : 0
 16632	 16647 : 0
 16644	 16715 : 0
 16712	 17027 : 0
 17024	 17127 : 1
 17124	 17131 : 0
 17128	 17319 : 0
