     0	   243 : 0
   240	   355 : 0
   352	   359 : 1
   356	   459 : 0
   456	   463 : 1
   460	   467 : 0
   464	   471 : 0
   468	   475 : 0
   472	   483 : 0
   480	   507 : 0
   504	   511 : 1
   508	   515 : 0
   512	   543 : 1
   540	   551 : 0
   548	   559 : 0
   556	   571 : 0
   568	   591 : 0
   588	   599 : 0
   596	   615 : 0
   612	   635 : 0
   632	   643 : 0
   640	   687 : 0
   684	   691 : 0
   688	   703 : 0
   700	   707 : 0
   704	   711 : 0
   708	   763 : 0
   760	   767 : 0
   764	   815 : 0
   812	   835 : 0
   832	   843 : 0
   840	   847 : 0
   844	   863 : 0
   860	   879 : 0
   876	   903 : 0
   900	   907 : 0
   904	   939 : 0
   936	   943 : 0
   940	   959 : 0
   956	  1055 : 0
  1052	  1063 : 0
  1060	  1139 : 0
  1136	  1151 : 1
  1148	  1299 : 0
  1296	  1471 : 1
  1468	  1475 : 0
  1472	  1483 : 1
  1480	  1487 : 0
  1484	  1507 : 0
  1504	  1835 : 0
  1832	  1899 : 0
  1896	  1987 : 0
  1984	  2003 : 1
  2000	  2023 : 0
  2020	  2031 : 0
  2028	  2035 : 0
  2032	  2191 : 0
  2188	  2195 : 0
  2192	  2215 : 1
  2212	  2223 : 0
  2220	  2303 : 1
  2300	  2307 : 0
  2304	  2319 : 0
  2316	  2327 : 0
  2324	  2335 : 0
  2332	  2399 : 0
  2396	  2403 : 0
  2400	  2431 : 0
  2428	  2495 : 1
  2492	  2503 : 0
  2500	  2555 : 0
  2552	  2559 : 0
  2556	  2563 : 0
  2560	  2575 : 0
  2572	  2583 : 1
  2580	  2627 : 0
  2624	  2639 : 0
  2636	  2675 : 0
  2672	  2679 : 0
  2676	  2683 : 0
  2680	  2687 : 0
  2684	  2703 : 0
  2700	  2711 : 0
  2708	  2723 : 0
  2720	  2835 : 1
  2832	  2959 : 0
  2956	  2967 : 1
  2964	  3063 : 0
  3060	  3067 : 0
  3064	  3251 : 0
  3248	  3255 : 0
  3252	  3527 : 0
  3524	  3535 : 1
  3532	  3579 : 0
  3576	  3591 : 0
  3588	  3623 : 0
  3620	  3643 : 0
  3640	  3655 : 0
  3652	  3663 : 0
  3660	  3687 : 0
  3684	  3983 : 0
  3980	  3987 : 0
  3984	  3991 : 0
  3988	  3999 : 0
  3996	  4003 : 0
  4000	  4015 : 0
  4012	  4031 : 0
  4028	  4067 : 0
  4064	  4071 : 0
  4068	  4075 : 0
  4072	  4079 : 0
  4076	  4083 : 0
  4080	  4087 : 0
  4084	  4127 : 0
  4124	  4311 : 0
