     0	     7 : 1
     4	    71 : 0
    68	    75 : 1
    72	    91 : 0
    88	   139 : 0
   136	   351 : 0
   348	   375 : 1
   372	   443 : 0
   440	   447 : 1
   444	   451 : 0
   448	   455 : 0
   452	   459 : 0
   456	   463 : 0
   460	   467 : 0
   464	   471 : 0
   468	   487 : 0
   484	   503 : 0
   500	   515 : 0
   512	   523 : 0
   520	   599 : 0
   596	   603 : 0
   600	   659 : 0
   656	   663 : 0
   660	   719 : 0
   716	   723 : 1
   720	   751 : 0
   748	   767 : 0
   764	   783 : 0
   780	   799 : 0
   796	   903 : 0
   900	   915 : 1
   912	   967 : 0
   964	   971 : 1
   968	  1019 : 0
  1016	  1023 : 0
  1020	  1071 : 0
  1068	  1075 : 0
  1072	  1135 : 0
  1132	  1151 : 0
  1148	  1167 : 0
  1164	  1171 : 0
  1168	  1351 : 0
  1348	  1391 : 0
  1388	  1487 : 0
  1484	  1559 : 1
  1556	  1611 : 0
  1608	  1627 : 0
  1624	  1635 : 0
  1632	  1643 : 0
  1640	  1655 : 0
  1652	  1659 : 1
  1656	  1667 : 0
  1664	  1671 : 0
  1668	  1679 : 0
  1676	  1695 : 0
  1692	  2075 : 0
  2072	  2083 : 0
  2080	  2103 : 0
  2100	  2143 : 1
  2140	  2159 : 0
  2156	  2167 : 0
  2164	  2187 : 0
  2184	  2199 : 0
  2196	  2215 : 0
  2212	  2227 : 0
  2224	  2387 : 0
  2384	  2403 : 0
  2400	  2459 : 0
  2456	  2463 : 0
  2460	  2527 : 0
  2524	  2531 : 0
  2528	  2643 : 0
  2640	  2647 : 0
  2644	  3215 : 0
  3212	  3219 : 1
  3216	  3239 : 0
  3236	  3247 : 0
  3244	  3255 : 0
  3252	  3263 : 0
  3260	  3283 : 0
  3280	  3287 : 1
  3284	  3351 : 0
  3348	  3355 : 1
  3352	  3619 : 0
  3616	  3623 : 1
  3620	  3687 : 0
  3684	  3691 : 1
  3688	  3811 : 0
  3808	  3831 : 1
  3828	  3847 : 0
  3844	  3871 : 0
  3868	  3879 : 0
  3876	  3911 : 0
  3908	  3931 : 0
  3928	  3935 : 0
  3932	  3979 : 0
  3976	  3991 : 1
  3988	  4003 : 0
  4000	  4027 : 0
  4024	  4039 : 0
  4036	  4051 : 0
  4048	  4055 : 0
  4052	  4075 : 0
  4072	  4083 : 0
  4080	  4099 : 0
  4096	  4287 : 0
  4284	  4415 : 1
  4412	  4543 : 0
  4540	  4547 : 0
  4544	  4559 : 0
  4556	  4563 : 0
  4560	  4571 : 0
  4568	  4575 : 0
  4572	  4603 : 0
  4600	  4695 : 1
