     0	    19 : 0
    16	    39 : 0
    36	    59 : 0
    56	    63 : 2
    60	    67 : 1
    64	   123 : 0
   120	   131 : 1
   128	   143 : 0
   140	   155 : 1
   152	   163 : 0
   160	   171 : 0
   168	   179 : 0
   176	   191 : 0
   188	   219 : 0
   216	   255 : 0
   252	   263 : 0
   260	   267 : 0
   264	   323 : 0
   320	   331 : 0
   328	   395 : 0
   392	   443 : 1
   440	   451 : 0
   448	   459 : 1
   456	   503 : 0
   500	   507 : 1
   504	   551 : 0
   548	   555 : 1
   552	   611 : 0
   608	   615 : 1
   612	   663 : 0
   660	   671 : 0
   668	   691 : 0
   688	   703 : 0
   700	   787 : 0
   784	   803 : 0
   800	   851 : 0
   848	   855 : 0
   852	   871 : 0
   868	   875 : 0
   872	   887 : 0
   884	   891 : 0
   888	   899 : 0
   896	   919 : 0
   916	   995 : 0
   992	  1035 : 0
  1032	  1047 : 0
  1044	  1063 : 0
  1060	  1079 : 0
  1076	  1087 : 0
  1084	  1095 : 0
  1092	  1099 : 0
  1096	  1123 : 0
  1120	  1207 : 0
  1204	  1215 : 0
  1212	  1223 : 0
  1220	  1231 : 0
  1228	  1267 : 1
  1264	  1283 : 0
  1280	  1291 : 1
  1288	  1323 : 0
  1320	  1331 : 0
  1328	  1363 : 0
  1360	  1391 : 1
  1388	  1415 : 0
  1412	  1435 : 0
  1432	  1439 : 0
  1436	  1447 : 0
  1444	  1451 : 0
  1448	  1463 : 0
  1460	  1467 : 0
  1464	  1479 : 0
  1476	  1547 : 0
  1544	  1551 : 0
  1548	  1567 : 0
  1564	  1579 : 0
  1576	  1599 : 0
  1596	  1627 : 0
  1624	  1667 : 0
  1664	  1675 : 1
  1672	  1711 : 0
  1708	  1727 : 0
  1724	  1735 : 0
  1732	  1747 : 0
  1744	  1763 : 0
  1760	  1767 : 1
  1764	  1771 : 0
  1768	  1795 : 0
  1792	  1815 : 0
  1812	  1819 : 0
  1816	  1823 : 0
  1820	  1827 : 0
  1824	  1843 : 0
  1840	  1855 : 0
  1852	  1859 : 0
  1856	  1867 : 0
  1864	  1879 : 0
  1876	  1883 : 0
  1880	  1891 : 0
  1888	  1903 : 0
  1900	  1931 : 0
  1928	  1955 : 1
  1952	  1971 : 0
  1968	  1975 : 0
  1972	  2007 : 0
  2004	  2011 : 0
  2008	  2035 : 0
  2032	  2039 : 0
  2036	  2071 : 0
  2068	  2091 : 0
  2088	  2143 : 0
  2140	  2203 : 0
  2200	  2211 : 0
  2208	  2215 : 0
  2212	  2219 : 0
  2216	  2235 : 0
  2232	  2239 : 0
  2236	  2295 : 0
  2292	  2303 : 0
  2300	  2307 : 1
  2304	  2359 : 0
  2356	  2367 : 1
  2364	  2423 : 0
  2420	  2431 : 1
  2428	  2459 : 0
  2456	  2463 : 0
  2460	  2503 : 0
  2500	  2507 : 1
  2504	  2519 : 0
  2516	  2523 : 0
  2520	  2539 : 0
  2536	  2551 : 0
  2548	  2555 : 0
  2552	  2567 : 1
  2564	  2579 : 0
  2576	  2603 : 1
  2600	  2607 : 0
  2604	  2623 : 0
  2620	  2631 : 0
  2628	  2635 : 1
  2632	  2655 : 0
  2652	  2679 : 0
  2676	  2703 : 0
  2700	  2715 : 1
  2712	  2719 : 0
  2716	  2739 : 0
  2736	  2759 : 0
  2756	  2787 : 0
  2784	  2831 : 0
  2828	  2915 : 1
  2912	  2963 : 0
  2960	  2983 : 1
  2980	  2999 : 0
  2996	  3003 : 0
  3000	  3043 : 0
  3040	  3063 : 0
  3060	  3067 : 0
  3064	  3131 : 1
  3128	  3211 : 0
  3208	  3219 : 1
  3216	  3247 : 0
  3244	  3251 : 1
  3248	  3255 : 0
  3252	  3327 : 0
  3324	  3355 : 0
  3352	  3359 : 1
  3356	  3363 : 0
  3360	  3379 : 0
  3376	  3399 : 0
  3396	  3407 : 1
  3404	  3411 : 0
  3408	  3415 : 0
  3412	  3431 : 0
  3428	  3439 : 0
  3436	  3459 : 0
  3456	  3479 : 0
  3476	  3483 : 2
  3480	  3535 : 0
  3532	  3579 : 0
  3576	  3643 : 1
  3640	  3647 : 0
  3644	  3663 : 0
  3660	  3707 : 0
  3704	  3711 : 1
  3708	  3719 : 0
  3716	  3731 : 0
  3728	  3735 : 0
  3732	  3747 : 0
  3744	  3787 : 0
  3784	  3795 : 1
  3792	  3843 : 0
  3840	  3851 : 1
  3848	  3855 : 0
  3852	  3859 : 0
  3856	  3867 : 0
  3864	  3871 : 0
  3868	  3875 : 0
  3872	  3879 : 0
  3876	  3883 : 0
  3880	  3903 : 0
  3900	  3947 : 0
  3944	  3967 : 1
  3964	  4011 : 0
  4008	  4015 : 1
  4012	  4071 : 0
  4068	  4079 : 1
  4076	  4087 : 0
  4084	  4111 : 0
  4108	  4139 : 0
  4136	  4159 : 0
  4156	  4231 : 0
  4228	  4239 : 1
  4236	  4275 : 0
  4272	  4283 : 1
  4280	  4303 : 0
  4300	  4311 : 0
  4308	  4339 : 0
  4336	  4363 : 0
  4360	  4379 : 0
  4376	  4403 : 0
  4400	  4411 : 0
  4408	  4423 : 0
  4420	  4427 : 0
  4424	  4447 : 1
  4444	  4467 : 0
  4464	  4523 : 1
  4520	  4527 : 0
  4524	  4531 : 1
  4528	  4591 : 0
  4588	  4675 : 1
  4672	  4679 : 0
  4676	  4687 : 1
  4684	  4731 : 0
  4728	  4763 : 1
  4760	  4771 : 0
  4768	  4795 : 0
  4792	  4835 : 0
  4832	  4843 : 1
  4840	  4863 : 0
  4860	  4871 : 0
  4868	  4895 : 0
  4892	  4903 : 0
  4900	  4911 : 0
  4908	  4919 : 1
  4916	  4955 : 0
  4952	  4963 : 0
  4960	  4975 : 0
  4972	  4983 : 0
  4980	  5011 : 0
  5008	  5015 : 0
  5012	  5039 : 0
  5036	  5043 : 1
  5040	  5107 : 0
  5104	  5139 : 0
  5136	  5151 : 0
  5148	  5155 : 1
  5152	  5199 : 0
  5196	  5223 : 0
  5220	  5227 : 0
  5224	  5231 : 1
  5228	  5299 : 0
  5296	  5307 : 0
  5304	  5343 : 0
  5340	  5347 : 1
  5344	  5399 : 0
  5396	  5459 : 1
  5456	  5527 : 0
  5524	  5531 : 1
  5528	  5539 : 0
  5536	  5543 : 0
  5540	  5587 : 0
  5584	  5591 : 1
  5588	  5639 : 0
  5636	  5643 : 1
  5640	  5667 : 0
  5664	  5683 : 0
  5680	  5691 : 0
  5688	  5715 : 0
  5712	  5719 : 0
  5716	  5723 : 0
  5720	  5727 : 0
  5724	  5739 : 0
  5736	  5743 : 0
  5740	  5779 : 0
  5776	  5787 : 0
  5784	  5803 : 1
