     0	   527 : 0
   524	   535 : 0
   532	   571 : 0
   568	   687 : 0
   684	   899 : 0
   896	  1047 : 0
  1044	  1195 : 0
  1192	  1363 : 0
  1360	  1403 : 1
  1400	  1455 : 0
  1452	  1563 : 0
  1560	  1819 : 0
  1816	  2099 : 0
  2096	  2255 : 0
  2252	  2519 : 0
  2516	  2815 : 0
  2812	  2819 : 1
  2816	  3031 : 0
  3028	  3055 : 1
  3052	  4107 : 0
  4104	  4131 : 0
  4128	  4583 : 0
  4580	  4587 : 0
  4584	  4619 : 0
  4616	  4643 : 0
  4640	  4651 : 0
  4648	  4679 : 0
  4676	  4691 : 0
  4688	  4723 : 0
  4720	  4727 : 0
  4724	  4735 : 0
  4732	  4767 : 0
  4764	  4811 : 0
  4808	  4819 : 0
  4816	  4823 : 0
  4820	  4883 : 0
  4880	  4951 : 0
  4948	  4975 : 0
  4972	  5007 : 0
  5004	  5067 : 0
  5064	  5071 : 0
  5068	  5087 : 0
  5084	  5103 : 0
  5100	  5107 : 0
  5104	  5115 : 1
  5112	  5319 : 0
  5316	  5323 : 2
  5320	  5339 : 1
  5336	  5343 : 0
  5340	  5347 : 0
  5344	  5383 : 0
  5380	  5411 : 0
  5408	  5523 : 0
  5520	  5527 : 0
  5524	  5535 : 0
  5532	  5551 : 0
  5548	  5595 : 0
  5592	  5607 : 0
  5604	  5611 : 0
  5608	  5663 : 0
  5660	  5735 : 0
  5732	  5739 : 0
  5736	  5751 : 0
  5748	  5759 : 1
  5756	  5779 : 0
  5776	  5791 : 1
  5788	  5795 : 0
  5792	  5811 : 0
  5808	  5815 : 0
  5812	  5931 : 0
  5928	  5935 : 0
  5932	  5939 : 0
  5936	  5943 : 0
  5940	  5947 : 0
  5944	  5955 : 0
  5952	  5963 : 0
  5960	  5979 : 0
  5976	  5987 : 0
  5984	  5995 : 0
  5992	  6019 : 0
  6016	  6063 : 0
  6060	  6067 : 0
  6064	  6119 : 0
  6116	  6135 : 0
  6132	  6139 : 0
  6136	  6167 : 0
  6164	  6179 : 0
  6176	  6183 : 0
  6180	  6187 : 0
  6184	  6203 : 0
  6200	  6231 : 0
  6228	  6251 : 0
  6248	  6259 : 0
  6256	  6279 : 0
  6276	  6287 : 0
  6284	  6295 : 0
  6292	  6311 : 0
  6308	  6319 : 0
  6316	  6327 : 0
  6324	  6359 : 1
  6356	  6363 : 0
  6360	  6375 : 0
  6372	  6383 : 0
  6380	  6395 : 0
  6392	  6399 : 0
  6396	  6415 : 0
  6412	  6419 : 0
  6416	  6431 : 0
  6428	  6463 : 0
  6460	  6475 : 0
  6472	  6479 : 0
  6476	  6483 : 0
  6480	  6519 : 0
  6516	  6543 : 0
  6540	  6555 : 0
  6552	  6567 : 0
  6564	  6579 : 0
  6576	  6603 : 0
  6600	  6611 : 0
  6608	  6619 : 0
  6616	  6639 : 0
  6636	  6659 : 0
  6656	  6667 : 0
  6664	  6683 : 0
  6680	  6691 : 0
  6688	  6695 : 0
  6692	  6699 : 0
  6696	  6715 : 0
  6712	  6751 : 0
  6748	  6755 : 0
  6752	  6787 : 0
  6784	  6799 : 0
  6796	  6811 : 0
  6808	  6815 : 0
  6812	  6823 : 0
  6820	  6827 : 0
  6824	  6831 : 0
  6828	  6835 : 0
  6832	  6851 : 0
  6848	  6859 : 1
  6856	  7075 : 0
  7072	  7079 : 0
  7076	  7231 : 0
  7228	  7235 : 0
  7232	  7319 : 0
  7316	  7327 : 0
  7324	  7387 : 0
  7384	  7391 : 1
  7388	  7395 : 0
  7392	  7555 : 0
  7552	  7559 : 0
  7556	  7563 : 0
  7560	  7735 : 0
  7732	  7743 : 1
  7740	  7943 : 0
  7940	  7947 : 1
  7944	  7995 : 0
  7992	  8011 : 0
  8008	  8151 : 0
  8148	  8167 : 0
  8164	  8171 : 0
  8168	  8179 : 0
  8176	  8195 : 0
  8192	  8207 : 0
  8204	  8259 : 0
  8256	  8263 : 1
  8260	  8531 : 0
  8528	  8543 : 1
  8540	  8551 : 0
  8548	  8559 : 0
  8556	  8583 : 0
  8580	  8595 : 0
  8592	  8651 : 0
  8648	  8655 : 0
  8652	  8687 : 0
  8684	  8695 : 0
  8692	  9227 : 0
  9224	  9235 : 1
  9232	  9859 : 0
  9856	  9863 : 0
  9860	 10191 : 0
 10188	 10199 : 0
 10196	 10255 : 0
 10252	 10291 : 0
 10288	 10343 : 0
 10340	 10355 : 0
 10352	 10367 : 0
 10364	 10391 : 0
 10388	 10411 : 0
 10408	 10427 : 0
 10424	 10439 : 0
 10436	 10511 : 0
 10508	 10587 : 0
 10584	 10595 : 0
 10592	 10615 : 0
 10612	 10739 : 0
 10736	 10811 : 0
 10808	 10815 : 0
 10812	 10819 : 0
 10816	 10831 : 0
 10828	 10875 : 0
 10872	 10879 : 0
 10876	 10891 : 0
 10888	 10895 : 0
 10892	 10903 : 0
 10900	 10943 : 0
 10940	 10951 : 0
 10948	 11059 : 0
 11056	 11079 : 0
 11076	 11091 : 0
 11088	 11103 : 0
 11100	 11111 : 0
 11108	 11115 : 0
 11112	 11131 : 0
 11128	 11195 : 0
 11192	 11199 : 1
 11196	 11235 : 0
 11232	 11255 : 0
 11252	 11263 : 0
 11260	 11287 : 0
 11284	 11295 : 0
 11292	 11307 : 0
 11304	 11311 : 0
 11308	 11355 : 0
 11352	 11371 : 0
 11368	 11379 : 0
 11376	 11391 : 0
 11388	 11395 : 0
 11392	 11431 : 0
 11428	 11439 : 0
 11436	 11443 : 0
 11440	 11451 : 0
 11448	 11455 : 0
 11452	 11475 : 0
 11472	 11499 : 0
 11496	 11515 : 0
 11512	 11519 : 0
 11516	 11523 : 0
 11520	 11587 : 0
 11584	 11591 : 0
 11588	 11595 : 0
 11592	 11607 : 0
 11604	 11639 : 0
 11636	 11643 : 0
 11640	 11651 : 0
 11648	 11687 : 0
 11684	 11703 : 0
 11700	 11711 : 1
 11708	 11739 : 0
 11736	 11743 : 0
 11740	 11751 : 0
 11748	 11763 : 0
 11760	 11859 : 0
 11856	 11871 : 0
 11868	 11943 : 0
 11940	 11947 : 1
 11944	 12299 : 0
 12296	 12315 : 0
 12312	 12327 : 0
 12324	 12343 : 0
 12340	 12407 : 0
 12404	 12467 : 0
 12464	 12475 : 0
 12472	 12479 : 0
 12476	 12499 : 0
 12496	 12519 : 0
 12516	 12543 : 0
 12540	 12551 : 0
 12548	 12587 : 0
 12584	 12599 : 0
 12596	 12603 : 0
 12600	 12635 : 0
 12632	 12639 : 0
 12636	 12647 : 0
 12644	 12799 : 0
 12796	 12803 : 1
 12800	 13007 : 0
 13004	 13083 : 1
 13080	 13151 : 0
 13148	 13155 : 0
 13152	 13159 : 0
 13156	 13183 : 0
 13180	 13187 : 0
 13184	 13231 : 0
 13228	 13255 : 0
 13252	 13263 : 1
 13260	 13287 : 0
 13284	 13323 : 0
 13320	 13331 : 0
 13328	 13347 : 0
 13344	 13351 : 0
 13348	 13367 : 0
 13364	 13375 : 0
 13372	 13387 : 0
 13384	 13391 : 0
 13388	 13395 : 0
 13392	 13487 : 0
 13484	 13491 : 1
 13488	 13519 : 0
 13516	 13555 : 0
 13552	 13571 : 0
 13568	 13575 : 0
 13572	 13603 : 0
 13600	 13607 : 0
 13604	 13799 : 0
 13796	 13803 : 0
 13800	 13827 : 0
 13824	 13835 : 1
 13832	 14103 : 0
 14100	 14147 : 0
 14144	 14567 : 0
 14564	 14571 : 0
 14568	 14583 : 0
 14580	 14635 : 0
 14632	 14639 : 0
 14636	 14647 : 0
 14644	 14659 : 0
 14656	 14671 : 0
 14668	 14707 : 0
 14704	 14715 : 1
 14712	 14759 : 0
 14756	 14903 : 0
 14900	 14943 : 0
 14940	 14951 : 0
 14948	 15127 : 0
 15124	 15131 : 1
 15128	 15235 : 0
 15232	 15267 : 0
 15264	 15279 : 0
 15276	 15295 : 0
 15292	 15303 : 0
 15300	 15311 : 0
 15308	 15347 : 0
 15344	 15447 : 0
 15444	 15731 : 0
 15728	 15735 : 2
 15732	 15739 : 0
 15736	 15771 : 0
 15768	 15779 : 0
 15776	 15783 : 0
 15780	 15803 : 0
 15800	 15811 : 0
 15808	 15831 : 0
 15828	 15835 : 0
 15832	 15927 : 0
 15924	 15935 : 1
 15932	 16059 : 0
 16056	 16067 : 1
 16064	 16723 : 0
 16720	 16727 : 1
 16724	 16779 : 0
 16776	 16783 : 0
 16780	 16787 : 0
 16784	 16859 : 0
 16856	 16991 : 0
 16988	 17003 : 0
 17000	 17039 : 0
 17036	 17051 : 0
 17048	 17071 : 0
 17068	 17099 : 0
 17096	 17123 : 0
 17120	 17159 : 0
 17156	 17311 : 0
 17308	 17435 : 0
 17432	 17511 : 0
 17508	 17747 : 0
 17744	 18475 : 0
 18472	 18479 : 1
 18476	 18491 : 0
 18488	 18503 : 0
 18500	 18703 : 0
 18700	 18715 : 0
 18712	 18727 : 0
 18724	 18731 : 0
 18728	 18739 : 0
 18736	 18747 : 0
 18744	 18787 : 0
 18784	 18791 : 0
 18788	 18875 : 0
 18872	 18879 : 0
 18876	 19035 : 0
 19032	 19039 : 1
 19036	 20599 : 0
 20596	 20603 : 1
 20600	 20615 : 0
 20612	 20659 : 0
 20656	 20703 : 0
 20700	 20707 : 0
 20704	 20711 : 0
 20708	 20723 : 0
 20720	 20923 : 0
 20920	 20951 : 0
 20948	 21011 : 0
 21008	 21023 : 0
 21020	 21131 : 0
 21128	 21155 : 0
 21152	 21191 : 0
 21188	 21243 : 0
 21240	 21247 : 0
 21244	 21479 : 1
 21476	 21483 : 0
 21480	 21487 : 0
 21484	 21535 : 0
 21532	 21583 : 0
 21580	 21643 : 0
 21640	 21691 : 0
 21688	 21719 : 0
 21716	 21843 : 0
 21840	 21891 : 0
 21888	 21895 : 0
 21892	 21963 : 0
 21960	 21979 : 1
 21976	 22023 : 0
 22020	 22051 : 0
 22048	 22103 : 0
 22100	 22187 : 0
 22184	 22299 : 0
 22296	 22311 : 0
 22308	 22327 : 0
 22324	 22411 : 0
 22408	 22443 : 0
 22440	 22503 : 0
 22500	 22511 : 0
 22508	 22527 : 0
 22524	 22531 : 0
 22528	 22595 : 0
 22592	 22599 : 0
 22596	 22651 : 1
 22648	 22715 : 0
 22712	 22787 : 0
 22784	 23235 : 0
 23232	 23239 : 1
 23236	 23807 : 0
 23804	 23811 : 1
 23808	 23815 : 0
 23812	 24103 : 0
 24100	 24275 : 0
 24272	 24531 : 1
 24528	 24599 : 0
 24596	 24611 : 0
 24608	 24707 : 0
 24704	 24751 : 0
 24748	 24827 : 0
 24824	 24851 : 0
 24848	 24927 : 0
 24924	 24979 : 0
 24976	 25119 : 0
 25116	 25159 : 0
 25156	 25231 : 0
 25228	 25235 : 1
 25232	 25559 : 0
 25556	 25563 : 1
 25560	 25827 : 0
 25824	 25835 : 1
 25832	 26099 : 0
 26096	 26103 : 1
 26100	 26107 : 0
 26104	 26639 : 0
 26636	 26667 : 0
 26664	 26675 : 0
 26672	 26703 : 0
 26700	 26715 : 0
 26712	 26771 : 0
 26768	 26787 : 0
 26784	 26791 : 0
 26788	 26795 : 0
 26792	 26799 : 0
 26796	 26803 : 0
 26800	 26963 : 0
 26960	 26971 : 0
 26968	 26975 : 0
 26972	 26983 : 0
 26980	 26999 : 0
 26996	 27007 : 0
 27004	 27047 : 0
 27044	 27059 : 0
 27056	 27371 : 0
 27368	 27375 : 0
 27372	 27379 : 0
 27376	 27383 : 0
 27380	 27755 : 0
 27752	 27763 : 1
 27760	 27927 : 0
 27924	 27975 : 0
 27972	 28023 : 0
 28020	 28027 : 0
 28024	 28059 : 0
 28056	 28063 : 0
 28060	 28163 : 0
 28160	 28243 : 0
 28240	 28259 : 0
 28256	 28275 : 0
 28272	 28303 : 0
 28300	 28327 : 0
 28324	 28387 : 0
 28384	 28391 : 0
 28388	 28647 : 0
 28644	 28655 : 1
 28652	 28843 : 0
 28840	 28847 : 1
 28844	 29027 : 0
 29024	 29035 : 1
 29032	 29047 : 0
 29044	 29239 : 0
 29236	 29511 : 0
 29508	 29515 : 0
 29512	 29531 : 0
 29528	 29543 : 0
 29540	 29571 : 0
 29568	 29579 : 0
 29576	 29611 : 0
 29608	 29619 : 0
 29616	 29647 : 0
 29644	 29695 : 0
 29692	 29863 : 0
 29860	 29907 : 0
 29904	 30027 : 0
 30024	 30099 : 1
 30096	 30315 : 0
 30312	 30623 : 0
 30620	 30755 : 0
 30752	 30919 : 0
 30916	 30931 : 0
 30928	 30935 : 0
 30932	 30951 : 0
 30948	 30959 : 0
 30956	 30971 : 0
 30968	 30987 : 0
 30984	 30995 : 0
 30992	 31011 : 0
 31008	 31035 : 0
 31032	 31067 : 0
 31064	 31087 : 0
 31084	 31099 : 0
 31096	 31111 : 0
 31108	 31119 : 0
 31116	 31135 : 0
 31132	 31159 : 0
 31156	 31163 : 0
 31160	 31167 : 0
 31164	 31171 : 0
 31168	 31179 : 0
 31176	 31191 : 0
 31188	 31203 : 0
 31200	 31207 : 0
 31204	 31251 : 0
 31248	 31259 : 0
 31256	 31423 : 0
 31420	 31431 : 0
 31428	 31491 : 0
 31488	 31495 : 0
 31492	 31531 : 0
 31528	 31539 : 0
 31536	 31543 : 0
 31540	 31559 : 0
 31556	 31583 : 0
 31580	 31587 : 0
 31584	 31615 : 0
 31612	 31619 : 0
 31616	 31631 : 0
 31628	 31635 : 0
 31632	 31647 : 0
 31644	 31811 : 0
 31808	 31979 : 1
 31976	 31983 : 2
 31980	 32047 : 0
 32044	 32307 : 0
 32304	 32451 : 0
 32448	 32479 : 0
 32476	 32647 : 0
 32644	 32655 : 1
 32652	 32823 : 0
 32820	 32895 : 1
 32892	 32915 : 0
 32912	 32967 : 0
 32964	 32975 : 0
 32972	 33003 : 0
 33000	 33103 : 0
 33100	 33167 : 0
 33164	 33171 : 0
 33168	 33179 : 1
 33176	 33291 : 0
 33288	 33311 : 0
 33308	 33319 : 0
 33316	 33363 : 0
 33360	 33387 : 0
 33384	 33407 : 0
 33404	 33467 : 0
 33464	 33515 : 0
 33512	 33535 : 0
 33532	 33547 : 0
 33544	 33555 : 0
 33552	 33567 : 0
 33564	 33579 : 0
 33576	 33583 : 0
 33580	 33627 : 0
 33624	 33655 : 0
 33652	 33723 : 0
 33720	 33739 : 0
 33736	 33839 : 0
 33836	 33855 : 0
 33852	 33967 : 0
 33964	 33979 : 0
 33976	 33983 : 0
 33980	 34015 : 0
 34012	 34019 : 0
 34016	 34035 : 0
 34032	 34211 : 0
 34208	 34219 : 1
 34216	 34263 : 0
 34260	 34279 : 1
 34276	 34287 : 0
 34284	 34327 : 0
 34324	 34331 : 0
 34328	 34359 : 0
 34356	 34363 : 0
 34360	 34379 : 0
 34376	 34387 : 0
 34384	 34395 : 0
 34392	 34399 : 0
 34396	 34419 : 0
 34416	 34659 : 0
 34656	 34719 : 0
 34716	 34751 : 0
 34748	 34755 : 0
 34752	 34935 : 0
 34932	 34959 : 0
 34956	 34991 : 0
 34988	 34999 : 0
 34996	 35119 : 0
 35116	 35135 : 0
 35132	 35215 : 0
 35212	 35227 : 0
 35224	 35231 : 0
 35228	 35235 : 0
 35232	 35239 : 0
 35236	 35247 : 0
 35244	 35335 : 0
 35332	 35363 : 0
 35360	 35687 : 0
 35684	 35691 : 0
 35688	 35775 : 0
 35772	 35803 : 0
 35800	 35887 : 0
 35884	 35895 : 0
 35892	 35927 : 0
 35924	 35935 : 0
 35932	 35983 : 0
 35980	 35995 : 0
 35992	 36023 : 0
 36020	 36027 : 0
 36024	 36063 : 0
 36060	 36079 : 0
 36076	 36095 : 0
 36092	 36103 : 0
 36100	 36495 : 0
 36492	 36503 : 0
 36500	 36523 : 0
 36520	 36555 : 0
 36552	 36563 : 0
 36560	 36567 : 1
 36564	 36619 : 0
 36616	 36627 : 0
 36624	 36631 : 0
 36628	 36639 : 0
 36636	 37191 : 0
 37188	 37215 : 0
 37212	 37219 : 0
 37216	 37231 : 0
 37228	 37303 : 0
 37300	 37311 : 1
 37308	 37323 : 0
 37320	 37443 : 0
 37440	 37507 : 0
 37504	 37523 : 0
 37520	 37723 : 0
 37720	 37727 : 0
 37724	 37779 : 0
 37776	 38027 : 1
 38024	 38031 : 0
 38028	 38035 : 1
 38032	 38339 : 0
 38336	 38347 : 1
 38344	 38567 : 0
 38564	 38575 : 0
 38572	 38579 : 0
 38576	 38671 : 0
 38668	 38899 : 0
 38896	 39183 : 0
 39180	 39215 : 0
 39212	 39247 : 0
 39244	 39335 : 0
 39332	 39339 : 0
 39336	 40003 : 0
 40000	 40871 : 0
 40868	 40895 : 0
 40892	 40899 : 0
 40896	 40975 : 0
 40972	 41119 : 0
 41116	 41123 : 0
 41120	 41267 : 0
 41264	 41275 : 0
 41272	 41283 : 0
 41280	 41295 : 0
 41292	 41311 : 0
 41308	 41331 : 0
 41328	 41359 : 0
 41356	 41371 : 0
 41368	 41387 : 0
 41384	 41455 : 0
 41452	 41463 : 0
 41460	 41539 : 0
 41536	 41547 : 1
 41544	 41675 : 0
 41672	 41687 : 0
 41684	 41699 : 0
 41696	 41707 : 0
 41704	 41747 : 0
 41744	 41771 : 0
 41768	 41859 : 0
 41856	 41875 : 0
 41872	 41907 : 0
 41904	 41911 : 0
 41908	 41943 : 0
 41940	 41967 : 0
 41964	 41975 : 0
 41972	 42019 : 0
 42016	 42035 : 0
 42032	 42047 : 0
 42044	 42091 : 0
 42088	 42095 : 0
 42092	 42207 : 0
 42204	 42211 : 0
 42208	 42279 : 0
 42276	 42287 : 1
 42284	 42295 : 0
 42292	 42299 : 0
 42296	 42459 : 0
 42456	 42487 : 0
 42484	 42519 : 0
 42516	 42523 : 1
 42520	 42731 : 0
 42728	 42739 : 1
 42736	 42859 : 0
 42856	 42867 : 1
 42864	 43075 : 0
 43072	 43131 : 1
 43128	 43263 : 0
 43260	 43299 : 0
 43296	 43347 : 0
 43344	 43403 : 0
 43400	 43415 : 0
 43412	 43443 : 0
 43440	 43523 : 0
 43520	 43531 : 0
 43528	 43535 : 0
 43532	 43959 : 0
 43956	 44143 : 0
 44140	 44155 : 0
 44152	 44159 : 0
 44156	 44163 : 0
 44160	 44167 : 0
 44164	 44211 : 0
 44208	 44219 : 0
 44216	 44243 : 0
 44240	 44283 : 0
 44280	 44287 : 0
 44284	 44291 : 0
 44288	 44343 : 0
 44340	 44411 : 0
 44408	 44435 : 0
 44432	 44455 : 0
 44452	 44815 : 0
 44812	 44915 : 0
 44912	 44935 : 0
 44932	 44939 : 0
 44936	 45107 : 0
 45104	 45119 : 0
 45116	 45123 : 0
 45120	 45127 : 0
 45124	 45135 : 0
 45132	 45139 : 0
 45136	 45227 : 0
 45224	 45231 : 0
 45228	 45355 : 0
 45352	 45359 : 0
 45356	 45447 : 0
 45444	 45487 : 0
 45484	 45491 : 0
 45488	 45503 : 0
 45500	 45511 : 0
 45508	 45879 : 0
 45876	 45883 : 0
 45880	 45887 : 0
 45884	 45899 : 0
 45896	 45903 : 0
 45900	 45915 : 0
 45912	 45967 : 0
 45964	 45975 : 0
 45972	 46035 : 0
 46032	 46123 : 1
 46120	 46131 : 0
 46128	 46143 : 0
 46140	 46163 : 0
 46160	 46179 : 0
 46176	 46203 : 0
 46200	 46239 : 0
 46236	 46255 : 0
 46252	 46263 : 0
 46260	 46275 : 0
 46272	 46283 : 1
 46280	 46307 : 0
 46304	 46315 : 0
 46312	 46379 : 0
 46376	 46391 : 0
 46388	 46447 : 0
 46444	 46495 : 0
 46492	 46507 : 0
 46504	 46539 : 0
 46536	 46567 : 0
 46564	 46607 : 0
 46604	 46667 : 0
 46664	 46671 : 1
 46668	 46847 : 0
 46844	 46883 : 0
 46880	 46987 : 0
 46984	 46991 : 0
 46988	 47123 : 0
 47120	 47127 : 1
 47124	 47175 : 0
 47172	 47187 : 0
 47184	 48011 : 0
 48008	 48015 : 0
 48012	 48259 : 0
 48256	 48263 : 1
 48260	 48615 : 0
 48612	 48619 : 1
 48616	 48623 : 0
 48620	 49107 : 0
 49104	 49375 : 0
 49372	 49399 : 0
 49396	 49759 : 0
 49756	 49887 : 0
 49884	 49979 : 0
 49976	 49983 : 0
 49980	 49991 : 0
 49988	 50023 : 0
 50020	 50539 : 0
 50536	 50543 : 0
 50540	 50547 : 0
 50544	 50559 : 0
 50556	 50679 : 0
 50676	 50687 : 0
 50684	 50723 : 0
 50720	 50735 : 0
 50732	 50743 : 0
 50740	 50755 : 0
 50752	 50763 : 0
 50760	 50767 : 0
 50764	 50779 : 0
 50776	 50783 : 0
 50780	 50923 : 0
 50920	 50927 : 1
 50924	 51055 : 0
 51052	 51059 : 0
 51056	 51063 : 0
 51060	 51167 : 0
 51164	 51299 : 0
 51296	 51319 : 0
 51316	 51327 : 0
 51324	 51335 : 0
 51332	 51543 : 0
 51540	 51571 : 0
 51568	 51779 : 0
 51776	 51783 : 1
 51780	 52011 : 0
 52008	 52019 : 1
 52016	 52067 : 0
 52064	 52079 : 0
 52076	 52155 : 0
 52152	 52171 : 0
 52168	 52179 : 0
 52176	 52223 : 0
 52220	 52227 : 0
 52224	 52375 : 0
 52372	 52939 : 0
 52936	 52943 : 1
 52940	 53027 : 0
 53024	 53031 : 0
 53028	 53167 : 0
 53164	 53215 : 0
 53212	 53219 : 0
 53216	 53235 : 1
 53232	 53495 : 0
 53492	 53503 : 1
 53500	 53535 : 0
 53532	 53603 : 0
 53600	 53615 : 0
 53612	 53631 : 0
 53628	 53659 : 0
 53656	 53719 : 0
 53716	 53763 : 0
 53760	 53767 : 0
 53764	 53775 : 0
 53772	 54067 : 0
 54064	 54219 : 0
 54216	 54223 : 0
 54220	 54923 : 0
 54920	 54927 : 1
 54924	 54931 : 2
 54928	 55123 : 0
 55120	 55127 : 0
 55124	 55175 : 0
 55172	 55183 : 0
 55180	 55583 : 0
 55580	 55587 : 0
 55584	 55811 : 0
 55808	 55823 : 0
 55820	 56319 : 0
 56316	 56363 : 0
 56360	 56535 : 0
 56532	 56539 : 1
 56536	 56559 : 0
 56556	 56575 : 0
 56572	 56795 : 0
 56792	 56803 : 1
 56800	 57131 : 0
 57128	 57327 : 1
 57324	 57339 : 0
 57336	 57347 : 1
 57344	 58211 : 0
 58208	 58215 : 1
 58212	 58327 : 0
 58324	 58339 : 0
 58336	 58375 : 0
 58372	 58383 : 0
 58380	 58455 : 0
 58452	 58563 : 0
 58560	 58687 : 0
 58684	 58699 : 1
 58696	 58703 : 0
 58700	 58707 : 0
 58704	 58711 : 0
 58708	 58715 : 0
 58712	 58719 : 0
 58716	 58867 : 0
 58864	 58875 : 0
 58872	 59039 : 0
 59036	 59067 : 0
 59064	 59083 : 0
 59080	 59183 : 0
 59180	 59187 : 0
 59184	 59207 : 0
 59204	 59211 : 1
 59208	 59223 : 0
 59220	 59431 : 0
 59428	 59439 : 0
 59436	 59455 : 0
 59452	 59459 : 0
 59456	 59463 : 0
 59460	 59491 : 0
 59488	 59531 : 0
 59528	 59535 : 0
 59532	 59543 : 0
 59540	 59551 : 0
 59548	 59555 : 0
 59552	 59579 : 0
 59576	 59591 : 0
 59588	 59599 : 0
 59596	 59607 : 0
 59604	 59611 : 0
 59608	 59623 : 0
 59620	 59647 : 0
 59644	 59659 : 0
 59656	 59803 : 0
 59800	 59831 : 0
 59828	 59839 : 0
 59836	 59863 : 0
 59860	 59899 : 0
 59896	 59903 : 0
 59900	 59943 : 0
 59940	 59967 : 0
 59964	 59975 : 0
 59972	 59987 : 0
 59984	 59995 : 0
 59992	 60067 : 0
 60064	 60079 : 0
 60076	 60083 : 0
 60080	 60155 : 0
 60152	 60163 : 0
 60160	 60195 : 0
 60192	 60235 : 0
 60232	 60255 : 0
 60252	 60259 : 0
 60256	 60263 : 0
 60260	 60267 : 0
 60264	 60275 : 0
 60272	 60363 : 0
 60360	 60371 : 0
 60368	 60375 : 0
 60372	 60399 : 0
 60396	 60427 : 0
 60424	 60439 : 0
 60436	 60447 : 0
 60444	 60451 : 0
 60448	 60463 : 0
 60460	 60467 : 0
 60464	 60475 : 0
 60472	 60479 : 0
 60476	 60483 : 0
 60480	 60507 : 0
 60504	 60519 : 0
 60516	 60535 : 0
 60532	 60555 : 0
 60552	 60559 : 0
 60556	 60743 : 1
 60740	 60747 : 0
 60744	 60779 : 0
 60776	 60791 : 0
 60788	 60807 : 0
 60804	 60811 : 0
 60808	 60927 : 0
 60924	 60935 : 0
 60932	 60987 : 0
 60984	 60991 : 0
 60988	 61055 : 0
 61052	 61083 : 0
 61080	 61091 : 0
 61088	 61147 : 0
 61144	 61151 : 1
 61148	 61223 : 0
 61220	 61227 : 0
 61224	 61243 : 0
 61240	 61247 : 0
 61244	 61271 : 0
 61268	 61275 : 0
 61272	 61279 : 0
 61276	 61283 : 1
 61280	 61327 : 0
 61324	 61335 : 0
 61332	 61791 : 0
 61788	 61815 : 0
 61812	 61887 : 0
 61884	 61891 : 0
 61888	 61991 : 0
 61988	 61995 : 1
 61992	 62023 : 0
 62020	 62027 : 1
 62024	 62031 : 0
 62028	 62035 : 0
 62032	 62043 : 0
 62040	 62047 : 0
 62044	 62063 : 0
 62060	 62083 : 0
 62080	 62099 : 0
 62096	 62107 : 0
 62104	 62111 : 0
 62108	 62123 : 0
 62120	 62131 : 0
 62128	 62163 : 0
 62160	 62167 : 0
 62164	 62215 : 0
 62212	 62219 : 0
 62216	 62223 : 1
 62220	 62235 : 0
 62232	 62271 : 0
 62268	 62275 : 0
 62272	 62307 : 0
 62304	 62319 : 0
 62316	 62323 : 0
 62320	 62327 : 0
 62324	 62335 : 0
 62332	 62351 : 0
 62348	 62355 : 0
 62352	 62827 : 0
 62824	 62867 : 0
 62864	 62887 : 0
 62884	 63211 : 0
 63208	 63379 : 0
 63376	 63383 : 0
 63380	 63535 : 0
 63532	 63543 : 0
 63540	 63595 : 0
 63592	 63603 : 0
 63600	 63663 : 0
 63660	 63675 : 1
 63672	 63727 : 0
 63724	 63731 : 0
 63728	 63891 : 0
 63888	 63899 : 0
 63896	 64407 : 0
 64404	 64411 : 0
 64408	 64459 : 0
 64456	 64467 : 0
 64464	 64483 : 0
 64480	 64491 : 1
 64488	 64503 : 0
 64500	 64515 : 1
 64512	 64559 : 0
 64556	 64567 : 1
 64564	 64627 : 0
 64624	 64635 : 1
 64632	 65191 : 0
 65188	 65195 : 1
 65192	 65211 : 0
 65208	 65219 : 1
 65216	 65227 : 0
 65224	 65231 : 0
 65228	 65255 : 0
 65252	 65259 : 0
 65256	 65331 : 0
 65328	 65339 : 0
 65336	 65435 : 0
 65432	 65443 : 1
 65440	 65455 : 0
 65452	 65459 : 0
 65456	 65487 : 0
 65484	 65491 : 0
 65488	 65563 : 0
 65560	 65567 : 1
 65564	 65739 : 0
 65736	 65743 : 0
 65740	 65755 : 0
 65752	 65759 : 1
 65756	 65839 : 0
 65836	 65847 : 0
 65844	 65871 : 0
 65868	 65891 : 0
 65888	 65923 : 0
 65920	 65935 : 0
 65932	 65951 : 0
 65948	 65959 : 0
 65956	 65971 : 0
 65968	 65999 : 0
 65996	 66003 : 0
 66000	 66019 : 0
 66016	 66079 : 0
 66076	 66091 : 0
 66088	 66099 : 0
 66096	 66103 : 0
 66100	 66119 : 0
 66116	 66135 : 0
 66132	 66271 : 0
 66268	 66275 : 0
 66272	 66279 : 0
 66276	 66287 : 0
 66284	 66355 : 0
 66352	 66403 : 0
 66400	 66419 : 0
 66416	 66591 : 0
 66588	 66639 : 0
 66636	 66647 : 0
 66644	 66651 : 0
 66648	 66655 : 1
 66652	 66759 : 0
 66756	 66763 : 1
 66760	 67131 : 0
 67128	 67139 : 0
 67136	 67251 : 0
 67248	 67259 : 0
 67256	 67463 : 0
 67460	 67467 : 0
 67464	 67515 : 0
 67512	 67523 : 0
 67520	 67767 : 0
 67764	 67771 : 0
 67768	 67839 : 0
 67836	 67847 : 0
 67844	 67855 : 0
 67852	 67859 : 0
 67856	 67863 : 0
 67860	 67867 : 0
 67864	 67875 : 0
 67872	 67883 : 0
 67880	 67887 : 0
 67884	 67895 : 0
 67892	 68199 : 0
 68196	 68223 : 0
 68220	 68239 : 0
 68236	 68247 : 1
 68244	 68667 : 0
 68664	 68671 : 0
 68668	 68791 : 0
 68788	 68799 : 0
 68796	 68867 : 0
 68864	 68923 : 1
 68920	 69155 : 0
 69152	 69191 : 0
 69188	 69235 : 0
 69232	 69263 : 0
 69260	 69595 : 0
 69592	 69619 : 1
 69616	 69903 : 0
 69900	 69971 : 0
 69968	 70115 : 0
 70112	 70167 : 0
 70164	 70171 : 0
 70168	 70203 : 0
 70200	 70227 : 0
 70224	 70231 : 0
 70228	 70235 : 0
 70232	 70239 : 0
 70236	 70263 : 0
 70260	 70267 : 0
 70264	 70307 : 0
 70304	 70315 : 0
 70312	 70339 : 0
 70336	 70343 : 0
 70340	 70543 : 0
 70540	 70551 : 0
 70548	 70611 : 0
 70608	 70615 : 0
 70612	 70627 : 0
 70624	 70635 : 0
 70632	 70639 : 0
 70636	 70979 : 0
 70976	 70987 : 0
 70984	 71007 : 0
 71004	 71035 : 0
 71032	 71043 : 0
 71040	 71119 : 0
 71116	 71131 : 0
 71128	 71135 : 0
 71132	 71203 : 0
 71200	 71287 : 0
 71284	 71367 : 0
 71364	 71371 : 0
 71368	 71379 : 0
 71376	 71383 : 0
 71380	 71447 : 0
 71444	 71467 : 0
 71464	 71491 : 0
 71488	 71499 : 0
 71496	 71563 : 0
 71560	 71571 : 0
 71568	 71607 : 0
 71604	 71683 : 0
 71680	 71711 : 0
 71708	 71735 : 0
 71732	 71751 : 0
 71748	 71755 : 0
 71752	 71951 : 0
 71948	 71983 : 0
 71980	 71999 : 0
 71996	 72431 : 0
 72428	 72483 : 0
 72480	 72531 : 0
 72528	 72551 : 0
 72548	 72555 : 0
 72552	 72559 : 0
 72556	 72591 : 0
 72588	 72599 : 0
 72596	 72671 : 0
 72668	 72675 : 0
 72672	 72703 : 0
 72700	 72707 : 0
 72704	 72771 : 0
 72768	 72775 : 0
 72772	 72827 : 0
 72824	 72831 : 0
 72828	 72871 : 0
 72868	 72879 : 0
 72876	 72899 : 0
 72896	 72907 : 0
 72904	 72927 : 0
 72924	 72931 : 0
 72928	 73067 : 0
 73064	 73087 : 1
 73084	 73095 : 0
 73092	 73111 : 0
 73108	 73127 : 0
 73124	 73131 : 0
 73128	 73143 : 0
 73140	 73151 : 0
 73148	 73159 : 0
 73156	 73163 : 0
 73160	 73175 : 0
 73172	 73179 : 0
 73176	 73183 : 0
 73180	 73191 : 0
 73188	 73227 : 0
 73224	 73267 : 0
 73264	 73271 : 0
 73268	 73287 : 0
 73284	 73291 : 0
 73288	 73303 : 0
 73300	 73311 : 0
 73308	 73315 : 0
 73312	 73319 : 0
 73316	 73351 : 0
 73348	 73411 : 0
 73408	 73427 : 0
 73424	 73487 : 0
 73484	 73511 : 0
 73508	 73867 : 0
 73864	 73903 : 0
 73900	 73967 : 0
 73964	 74043 : 0
 74040	 74091 : 0
 74088	 74199 : 0
 74196	 74203 : 0
 74200	 74223 : 0
 74220	 74227 : 0
 74224	 74231 : 0
 74228	 74287 : 0
 74284	 74299 : 0
 74296	 74323 : 0
 74320	 74335 : 0
 74332	 74339 : 0
 74336	 74355 : 0
 74352	 74495 : 0
 74492	 74499 : 0
 74496	 74599 : 0
 74596	 74611 : 0
 74608	 74655 : 0
 74652	 74659 : 0
 74656	 74759 : 0
 74756	 74763 : 0
 74760	 74799 : 0
 74796	 74847 : 0
 74844	 74851 : 0
 74848	 74875 : 0
 74872	 74879 : 0
 74876	 74895 : 0
 74892	 74935 : 0
 74932	 74939 : 0
 74936	 75179 : 0
 75176	 75195 : 0
 75192	 75199 : 0
 75196	 75223 : 0
 75220	 75243 : 0
 75240	 75247 : 0
 75244	 75267 : 0
 75264	 75275 : 0
 75272	 75311 : 0
 75308	 75343 : 0
 75340	 75359 : 0
 75356	 75643 : 0
 75640	 75719 : 0
 75716	 75727 : 0
 75724	 75735 : 0
 75732	 75895 : 0
 75892	 76135 : 0
 76132	 76143 : 1
 76140	 76415 : 0
 76412	 76423 : 1
 76420	 76443 : 0
 76440	 77023 : 0
 77020	 77051 : 0
 77048	 77055 : 0
 77052	 77079 : 0
 77076	 77087 : 0
 77084	 77147 : 0
 77144	 77151 : 0
 77148	 77159 : 0
 77156	 77175 : 0
 77172	 77187 : 0
 77184	 77191 : 1
 77188	 77331 : 0
 77328	 77335 : 0
 77332	 77339 : 0
 77336	 77359 : 0
 77356	 77483 : 0
 77480	 77519 : 0
 77516	 77999 : 0
 77996	 78031 : 0
 78028	 78043 : 0
 78040	 78071 : 0
 78068	 78091 : 0
 78088	 78103 : 0
 78100	 78223 : 0
 78220	 78227 : 1
 78224	 78971 : 0
 78968	 78995 : 0
 78992	 79023 : 0
 79020	 79043 : 0
 79040	 79047 : 0
 79044	 79075 : 0
 79072	 79111 : 0
 79108	 79115 : 0
 79112	 79275 : 0
 79272	 79279 : 0
 79276	 79327 : 0
 79324	 79335 : 0
 79332	 79439 : 0
 79436	 79455 : 0
 79452	 79463 : 0
 79460	 79479 : 0
 79476	 79495 : 0
 79492	 79527 : 0
 79524	 79535 : 0
 79532	 79571 : 0
 79568	 79575 : 0
 79572	 79599 : 0
 79596	 79651 : 0
 79648	 79663 : 0
 79660	 80075 : 0
 80072	 80115 : 0
 80112	 80247 : 0
 80244	 80263 : 0
 80260	 80307 : 0
 80304	 80311 : 0
 80308	 80731 : 0
 80728	 80735 : 0
 80732	 82071 : 0
 82068	 82079 : 1
 82076	 82571 : 0
 82568	 82575 : 1
 82572	 83451 : 0
 83448	 83467 : 0
 83464	 83483 : 0
 83480	 83519 : 0
 83516	 83863 : 0
 83860	 83867 : 0
 83864	 84035 : 0
 84032	 84039 : 0
 84036	 84047 : 0
 84044	 84115 : 0
 84112	 84235 : 0
 84232	 84243 : 1
 84240	 85011 : 0
 85008	 85043 : 1
 85040	 85283 : 0
 85280	 85287 : 0
 85284	 85691 : 0
 85688	 85695 : 1
 85692	 86283 : 0
 86280	 86287 : 0
 86284	 86295 : 0
 86292	 86323 : 0
 86320	 86395 : 0
 86392	 86403 : 1
 86400	 87083 : 0
 87080	 87207 : 0
 87204	 87215 : 0
 87212	 87243 : 0
 87240	 87883 : 0
 87880	 88115 : 1
 88112	 88119 : 0
 88116	 88487 : 0
 88484	 89067 : 0
 89064	 89075 : 1
 89072	 89687 : 0
 89684	 89691 : 1
 89688	 90115 : 0
 90112	 90123 : 1
 90120	 90127 : 0
 90124	 90171 : 0
 90168	 90591 : 0
 90588	 90599 : 1
 90596	 90603 : 0
 90600	 90607 : 0
 90604	 91259 : 0
 91256	 91267 : 1
 91264	 91271 : 0
 91268	 91771 : 0
 91768	 92243 : 0
 92240	 92251 : 1
 92248	 92643 : 0
 92640	 92691 : 0
 92688	 92695 : 0
 92692	 92815 : 0
 92812	 92919 : 0
 92916	 92923 : 0
 92920	 92927 : 0
 92924	 92935 : 0
 92932	 93231 : 0
 93228	 93239 : 0
 93236	 93299 : 0
 93296	 93307 : 0
 93304	 93311 : 0
 93308	 93315 : 0
 93312	 93327 : 0
 93324	 93331 : 0
 93328	 93559 : 0
 93556	 93619 : 0
 93616	 93627 : 0
 93624	 93747 : 0
 93744	 93835 : 0
 93832	 93839 : 0
 93836	 94859 : 0
 94856	 94867 : 1
 94864	 94947 : 0
 94944	 94951 : 0
 94948	 94971 : 0
 94968	 95003 : 0
 95000	 95039 : 0
 95036	 95051 : 0
 95048	 95083 : 0
 95080	 95115 : 0
 95112	 95127 : 0
 95124	 95131 : 0
 95128	 95147 : 0
 95144	 95155 : 0
 95152	 95159 : 0
 95156	 95199 : 0
 95196	 95207 : 0
 95204	 95211 : 0
 95208	 95215 : 0
 95212	 95219 : 0
 95216	 95223 : 0
 95220	 95227 : 0
 95224	 95235 : 0
 95232	 95247 : 0
 95244	 95315 : 0
 95312	 95351 : 0
 95348	 95387 : 0
 95384	 95391 : 0
 95388	 95395 : 0
 95392	 95407 : 1
 95404	 96711 : 0
