     0	    51 : 0
    48	    55 : 0
    52	    59 : 0
    56	    95 : 0
    92	   111 : 0
   108	   119 : 0
   116	   147 : 1
   144	   159 : 0
   156	   171 : 0
   168	   183 : 0
   180	   223 : 0
   220	   227 : 0
   224	   235 : 0
   232	   239 : 0
   236	   247 : 0
   244	   251 : 0
   248	   287 : 1
   284	   299 : 0
   296	   331 : 0
   328	   351 : 0
   348	   383 : 1
   380	   387 : 0
   384	   395 : 1
   392	   399 : 0
   396	   403 : 1
   400	   407 : 0
   404	   443 : 1
   440	   447 : 0
   444	   459 : 0
   456	   471 : 0
   468	   475 : 0
   472	   487 : 0
   484	   599 : 0
   596	   611 : 0
   608	   615 : 0
   612	   639 : 0
   636	   651 : 1
   648	   655 : 0
   652	   667 : 1
   664	   679 : 0
   676	   763 : 0
   760	   767 : 0
   764	   791 : 1
   788	   799 : 0
   796	   807 : 0
   804	   851 : 0
   848	   871 : 0
   868	   891 : 0
   888	   903 : 1
   900	   907 : 0
   904	   923 : 1
   920	   943 : 0
   940	   967 : 0
   964	   971 : 0
   968	   983 : 0
   980	   991 : 0
   988	   999 : 0
   996	  1003 : 0
  1000	  1015 : 0
  1012	  1023 : 0
  1020	  1091 : 0
  1088	  1107 : 0
  1104	  1131 : 0
  1128	  1135 : 0
  1132	  1143 : 0
  1140	  1155 : 0
  1152	  1159 : 0
  1156	  1163 : 0
  1160	  1167 : 0
  1164	  1175 : 0
  1172	  1179 : 0
  1176	  1183 : 0
  1180	  2631 : 1
  2628	  2647 : 0
  2644	  2659 : 0
  2656	  2683 : 0
  2680	  2775 : 0
  2772	  2815 : 0
  2812	  2823 : 0
  2820	  2831 : 0
  2828	  2883 : 0
  2880	  2939 : 0
  2936	  2947 : 1
  2944	  3035 : 0
  3032	  3051 : 0
  3048	  3055 : 0
  3052	  3063 : 0
  3060	  3079 : 0
  3076	  3115 : 0
  3112	  3159 : 0
  3156	  3175 : 0
  3172	  3211 : 0
  3208	  3227 : 0
  3224	  3263 : 0
  3260	  3283 : 0
  3280	  3299 : 0
  3296	  3303 : 0
  3300	  3327 : 0
  3324	  3343 : 0
  3340	  3363 : 0
  3360	  3371 : 1
  3368	  3387 : 0
  3384	  3407 : 0
  3404	  3411 : 0
  3408	  3415 : 0
  3412	  3419 : 0
  3416	  3427 : 0
  3424	  3435 : 0
  3432	  3443 : 0
  3440	  3447 : 0
  3444	  3455 : 1
  3452	  3551 : 0
  3548	  3583 : 1
  3580	  3723 : 0
  3720	  3731 : 0
  3728	  3739 : 0
  3736	  3743 : 0
  3740	  3799 : 0
  3796	  3807 : 1
  3804	  3871 : 0
  3868	  3959 : 1
  3956	  3967 : 0
  3964	  3979 : 0
  3976	  4191 : 0
  4188	  4203 : 0
  4200	  4311 : 0
  4308	  4339 : 0
  4336	  4351 : 0
  4348	  4355 : 0
  4352	  4363 : 0
  4360	  4371 : 0
  4368	  4439 : 0
  4436	  4443 : 0
  4440	  4447 : 0
  4444	  4451 : 0
  4448	  4455 : 0
  4452	  4471 : 0
  4468	  4527 : 0
  4524	  4531 : 0
  4528	  4663 : 0
  4660	  4671 : 1
  4668	  4755 : 0
  4752	  4763 : 1
  4760	  4767 : 0
  4764	  4803 : 1
  4800	  4899 : 0
  4896	  4907 : 1
  4904	  5043 : 0
  5040	  5051 : 1
  5048	  5063 : 0
  5060	  5067 : 0
  5064	  5119 : 0
  5116	  5131 : 0
  5128	  5143 : 0
  5140	  5147 : 1
  5144	  5287 : 0
  5284	  5295 : 1
  5292	  5467 : 0
  5464	  5475 : 1
  5472	  5547 : 0
  5544	  5571 : 0
  5568	  5583 : 0
  5580	  5591 : 1
  5588	  5671 : 0
  5668	  5711 : 0
  5708	  5751 : 0
  5748	  5775 : 0
  5772	  5803 : 0
  5800	  5815 : 0
  5812	  5839 : 0
  5836	  5847 : 1
  5844	  5919 : 0
  5916	  5951 : 0
  5948	  5979 : 0
  5976	  5995 : 1
  5992	  6043 : 0
  6040	  6083 : 0
  6080	  6099 : 0
  6096	  6107 : 1
  6104	  6127 : 0
  6124	  6295 : 0
  6292	  6315 : 0
  6312	  6319 : 0
  6316	  6343 : 0
  6340	  6359 : 1
  6356	  6379 : 0
  6376	  6387 : 0
  6384	  6395 : 0
  6392	  6403 : 0
  6400	  6407 : 0
  6404	  6471 : 1
  6468	  6491 : 0
  6488	  6559 : 0
  6556	  6563 : 0
  6560	  6575 : 0
  6572	  6587 : 0
  6584	  6607 : 0
  6604	  6683 : 0
  6680	  6687 : 0
  6684	  6695 : 0
  6692	  6703 : 0
  6700	  6723 : 0
  6720	  6727 : 1
  6724	  6815 : 0
  6812	  6823 : 1
  6820	  6879 : 0
  6876	  6887 : 0
  6884	  6983 : 0
  6980	  6991 : 1
  6988	  7019 : 0
  7016	  7023 : 0
  7020	  7035 : 0
  7032	  7043 : 0
  7040	  7051 : 0
  7048	  7055 : 0
  7052	  7059 : 0
  7056	  7071 : 0
  7068	  7075 : 0
  7072	  7115 : 0
  7112	  7155 : 0
  7152	  7199 : 0
  7196	  7203 : 0
  7200	  7207 : 0
  7204	  7367 : 0
  7364	  7383 : 0
  7380	  7391 : 0
  7388	  7423 : 0
  7420	  7427 : 0
  7424	  7447 : 0
  7444	  7451 : 0
  7448	  7459 : 1
  7456	  7463 : 0
  7460	  7499 : 0
  7496	  7503 : 0
  7500	  7507 : 0
  7504	  7511 : 0
  7508	  7563 : 0
  7560	  7571 : 0
  7568	  7575 : 0
  7572	  7583 : 0
  7580	  7595 : 0
  7592	  7603 : 0
  7600	  7731 : 0
  7728	  7759 : 0
  7756	  7803 : 0
  7800	  7807 : 0
  7804	  7879 : 0
  7876	  7887 : 0
  7884	  7915 : 0
  7912	  7919 : 0
  7916	  8031 : 0
  8028	  8095 : 0
  8092	  8107 : 1
  8104	  8123 : 0
  8120	  8131 : 0
  8128	  8135 : 0
  8132	  8207 : 0
  8204	  8219 : 0
  8216	  8231 : 0
  8228	  8243 : 0
  8240	  8255 : 0
  8252	  8263 : 0
  8260	  8275 : 0
  8272	  8295 : 0
  8292	  8299 : 0
  8296	  8311 : 0
  8308	  8323 : 0
  8320	  8343 : 0
  8340	  8355 : 0
  8352	  8383 : 0
  8380	  8415 : 1
  8412	  8419 : 0
  8416	  8427 : 0
  8424	  8435 : 0
  8432	  8447 : 0
  8444	  8451 : 0
  8448	  8455 : 0
  8452	  8459 : 0
  8456	  8463 : 0
  8460	  8467 : 0
  8464	  8483 : 0
  8480	  8495 : 0
  8492	  8499 : 0
  8496	  8515 : 0
  8512	  8527 : 0
  8524	  8539 : 0
  8536	  8631 : 0
  8628	  8643 : 0
  8640	  8647 : 0
  8644	  8703 : 0
  8700	  8715 : 1
  8712	  8719 : 0
  8716	  8727 : 0
  8724	  8751 : 0
  8748	  8763 : 0
  8760	  8787 : 0
  8784	  8823 : 0
  8820	  8831 : 0
  8828	  8839 : 0
  8836	  8891 : 0
  8888	  8903 : 1
  8900	  8911 : 0
  8908	  8915 : 0
  8912	  8923 : 0
  8920	  8935 : 0
  8932	  8943 : 0
  8940	  8975 : 0
  8972	  8987 : 0
  8984	  9007 : 0
  9004	  9019 : 0
  9016	  9043 : 0
  9040	  9047 : 0
  9044	  9059 : 1
  9056	  9071 : 0
  9068	  9075 : 0
  9072	  9079 : 0
  9076	  9095 : 0
  9092	  9167 : 0
  9164	  9171 : 0
  9168	  9175 : 0
  9172	  9195 : 0
  9192	  9199 : 0
  9196	  9227 : 0
  9224	  9231 : 0
  9228	  9271 : 0
  9268	  9275 : 0
  9272	  9283 : 0
  9280	  9287 : 0
  9284	  9291 : 0
  9288	  9295 : 0
  9292	  9323 : 0
  9320	  9375 : 0
  9372	  9379 : 0
  9376	  9395 : 0
  9392	  9399 : 0
  9396	  9427 : 0
  9424	  9431 : 0
  9428	  9443 : 0
  9440	  9471 : 0
  9468	  9491 : 0
  9488	  9519 : 0
  9516	  9523 : 0
  9520	  9539 : 0
  9536	  9543 : 0
  9540	  9567 : 0
  9564	  9591 : 0
  9588	  9619 : 0
  9616	  9623 : 0
  9620	  9639 : 0
  9636	  9643 : 0
  9640	  9659 : 0
  9656	  9683 : 0
  9680	  9703 : 0
  9700	  9731 : 0
  9728	  9811 : 0
  9808	  9823 : 0
  9820	  9879 : 0
  9876	  9999 : 0
  9996	 10015 : 0
 10012	 10403 : 0
 10400	 10411 : 0
 10408	 10415 : 0
 10412	 10463 : 0
 10460	 10487 : 0
 10484	 10495 : 0
 10492	 10499 : 0
 10496	 10511 : 0
 10508	 10515 : 0
 10512	 10519 : 0
 10516	 10527 : 0
 10524	 10531 : 0
 10528	 10535 : 0
 10532	 10567 : 0
 10564	 10571 : 0
 10568	 10603 : 0
 10600	 10607 : 0
 10604	 10627 : 0
 10624	 10667 : 0
 10664	 10675 : 0
 10672	 10691 : 0
 10688	 10699 : 0
 10696	 10735 : 0
 10732	 10739 : 1
 10736	 10747 : 0
 10744	 10751 : 0
 10748	 10779 : 0
 10776	 10799 : 1
 10796	 10811 : 0
 10808	 10815 : 0
 10812	 10823 : 0
 10820	 10863 : 1
 10860	 10923 : 0
 10920	 10955 : 0
 10952	 10971 : 0
 10968	 10979 : 1
 10976	 10995 : 0
 10992	 11011 : 0
 11008	 11023 : 0
 11020	 11047 : 0
 11044	 11059 : 0
 11056	 11083 : 0
 11080	 11099 : 0
 11096	 11119 : 0
 11116	 11127 : 0
 11124	 11139 : 0
 11136	 11167 : 0
 11164	 11187 : 0
 11184	 11191 : 0
 11188	 11211 : 0
 11208	 11227 : 0
 11224	 11255 : 0
 11252	 11271 : 0
 11268	 11287 : 0
 11284	 11327 : 0
 11324	 11335 : 0
 11332	 11343 : 0
 11340	 11363 : 0
 11360	 11435 : 0
 11432	 11443 : 1
 11440	 11447 : 0
 11444	 11479 : 0
 11476	 11499 : 0
 11496	 11503 : 1
 11500	 11555 : 0
 11552	 11595 : 0
 11592	 11623 : 0
 11620	 11635 : 0
 11632	 11639 : 0
 11636	 11647 : 0
 11644	 11691 : 0
 11688	 11699 : 0
 11696	 11723 : 0
 11720	 11735 : 0
 11732	 11759 : 0
 11756	 11763 : 0
 11760	 11771 : 0
 11768	 11779 : 0
 11776	 11795 : 0
 11792	 11803 : 1
 11800	 11855 : 0
 11852	 11863 : 1
 11860	 11883 : 0
 11880	 11927 : 0
 11924	 11939 : 0
 11936	 12075 : 0
 12072	 12079 : 0
 12076	 12799 : 0
