     0	    15 : 0
    12	    47 : 0
    44	    51 : 0
    48	    67 : 0
    64	    75 : 0
    72	    87 : 0
    84	    95 : 0
    92	    99 : 0
    96	   115 : 0
   112	   159 : 0
   156	   243 : 0
   240	   263 : 0
   260	   295 : 0
   292	   299 : 0
   296	   503 : 0
   500	   515 : 0
   512	   539 : 0
   536	   543 : 0
   540	   551 : 0
   548	   555 : 0
   552	   559 : 0
   556	   579 : 0
   576	   583 : 0
   580	   591 : 0
   588	   639 : 0
   636	   647 : 0
   644	  2095 : 0
  2092	  2111 : 0
  2108	  2119 : 0
  2116	  2151 : 0
  2148	  2179 : 0
  2176	  2199 : 0
  2196	  3067 : 0
  3064	  3091 : 0
  3088	  3127 : 0
  3124	  3171 : 0
  3168	  3255 : 0
  3252	  3259 : 0
  3256	  3299 : 0
  3296	  3307 : 0
  3304	  4131 : 0
  4128	  4139 : 0
  4136	  4175 : 0
  4172	  4179 : 0
  4176	  4235 : 0
  4232	  4239 : 0
  4236	  4243 : 0
  4240	  4255 : 0
  4252	  4351 : 0
  4348	  4355 : 0
  4352	  4359 : 0
  4356	  4363 : 0
  4360	  4367 : 0
  4364	  4399 : 0
  4396	  4575 : 0
  4572	  4583 : 0
  4580	  4623 : 0
  4620	  4643 : 0
  4640	  4675 : 0
  4672	  4763 : 0
  4760	  4767 : 0
  4764	  4771 : 0
  4768	  4775 : 0
  4772	  4831 : 0
  4828	  4907 : 0
  4904	  4911 : 0
  4908	  4915 : 0
  4912	  4927 : 0
  4924	  5019 : 0
  5016	  5035 : 0
  5032	  5195 : 0
  5192	  5199 : 0
  5196	  5207 : 0
  5204	  5215 : 0
  5212	  5223 : 0
  5220	  5227 : 0
  5224	  5231 : 0
  5228	  5259 : 0
  5256	  7511 : 0
  7508	  7515 : 0
  7512	  7527 : 0
  7524	  7531 : 0
  7528	  7535 : 0
  7532	  7559 : 0
  7556	  7563 : 0
  7560	  7571 : 0
  7568	  7575 : 0
  7572	  7603 : 0
  7600	  7607 : 0
  7604	  7615 : 0
  7612	  7635 : 0
  7632	  7639 : 0
  7636	  7979 : 0
  7976	  7987 : 0
  7984	  7999 : 0
  7996	  8027 : 0
  8024	  8031 : 0
  8028	  8043 : 0
  8040	  8163 : 0
  8160	  8207 : 0
  8204	  8311 : 0
  8308	  8351 : 0
  8348	  8367 : 0
  8364	  8407 : 0
  8404	  8415 : 0
  8412	  8419 : 0
  8416	  8423 : 0
  8420	  8447 : 0
  8444	  8455 : 0
  8452	  8471 : 0
  8468	  8707 : 0
  8704	  8711 : 0
  8708	  8755 : 0
  8752	  8779 : 0
  8776	  8795 : 0
  8792	  8799 : 0
  8796	  8823 : 0
  8820	  8827 : 0
  8824	  9055 : 0
  9052	  9183 : 0
  9180	  9187 : 0
  9184	  9275 : 0
  9272	  9279 : 0
  9276	  9615 : 0
  9612	  9839 : 0
  9836	  9879 : 0
  9876	  9907 : 0
  9904	  9915 : 0
  9912	  9927 : 0
  9924	  9931 : 0
  9928	  9939 : 0
  9936	  9947 : 0
  9944	  9963 : 0
  9960	 10035 : 0
 10032	 10055 : 0
 10052	 10063 : 0
 10060	 10103 : 0
 10100	 10119 : 0
 10116	 10123 : 0
 10120	 10171 : 0
 10168	 10187 : 0
 10184	 10211 : 0
 10208	 10359 : 0
 10356	 10371 : 0
 10368	 10583 : 0
 10580	 10591 : 0
 10588	 10827 : 0
 10824	 10843 : 0
 10840	 11003 : 0
 11000	 11019 : 0
 11016	 11039 : 0
 11036	 11079 : 0
 11076	 11115 : 0
 11112	 11131 : 0
 11128	 11139 : 0
 11136	 11531 : 0
 11528	 11535 : 0
 11532	 11603 : 0
 11600	 11615 : 0
 11612	 11763 : 0
 11760	 11767 : 0
 11764	 11803 : 0
 11800	 11807 : 0
 11804	 11811 : 0
 11808	 11835 : 0
 11832	 11855 : 0
 11852	 11871 : 0
 11868	 11911 : 0
 11908	 11915 : 0
 11912	 11919 : 0
 11916	 11923 : 0
 11920	 11939 : 0
 11936	 11955 : 0
 11952	 11971 : 0
 11968	 11979 : 0
 11976	 12027 : 0
 12024	 12031 : 0
 12028	 12047 : 0
 12044	 12051 : 0
 12048	 12071 : 0
 12068	 12095 : 0
 12092	 12111 : 0
 12108	 12115 : 0
 12112	 12127 : 0
 12124	 12139 : 0
 12136	 12187 : 0
 12184	 12191 : 0
 12188	 12227 : 0
 12224	 12235 : 0
 12232	 12247 : 0
 12244	 12271 : 0
 12268	 12275 : 0
 12272	 12283 : 0
 12280	 12295 : 0
 12292	 12363 : 0
 12360	 12459 : 0
 12456	 12483 : 0
 12480	 12499 : 0
 12496	 12503 : 0
 12500	 12507 : 0
 12504	 12511 : 0
 12508	 12519 : 0
 12516	 12595 : 0
 12592	 12611 : 0
 12608	 12615 : 0
 12612	 12627 : 0
 12624	 12683 : 0
 12680	 12691 : 0
 12688	 12723 : 0
 12720	 12755 : 0
 12752	 12775 : 0
 12772	 12783 : 0
 12780	 12851 : 0
 12848	 12871 : 0
 12868	 12879 : 0
 12876	 12883 : 0
 12880	 12899 : 0
 12896	 12907 : 0
 12904	 12919 : 0
 12916	 12947 : 0
 12944	 12967 : 0
 12964	 12983 : 0
 12980	 12999 : 0
 12996	 13003 : 0
 13000	 13067 : 0
 13064	 13139 : 0
 13136	 13143 : 0
 13140	 13147 : 0
 13144	 13163 : 0
 13160	 13179 : 0
 13176	 13235 : 0
 13232	 13283 : 0
 13280	 13351 : 0
 13348	 13367 : 0
 13364	 13371 : 0
 13368	 13399 : 0
 13396	 13403 : 0
 13400	 13411 : 0
 13408	 13591 : 0
 13588	 13627 : 0
 13624	 13639 : 0
 13636	 13655 : 0
 13652	 13667 : 0
 13664	 13775 : 0
 13772	 13779 : 0
 13776	 13883 : 0
 13880	 13887 : 0
 13884	 13899 : 0
 13896	 13903 : 0
 13900	 14039 : 0
 14036	 14063 : 0
 14060	 14071 : 0
 14068	 14083 : 0
 14080	 14099 : 0
 14096	 14215 : 0
 14212	 14267 : 0
 14264	 14383 : 0
 14380	 14395 : 0
 14392	 14423 : 0
 14420	 14443 : 0
 14440	 14447 : 0
 14444	 14555 : 0
 14552	 14559 : 0
 14556	 14627 : 0
 14624	 14699 : 0
 14696	 14703 : 0
 14700	 14735 : 0
 14732	 14791 : 0
 14788	 14795 : 0
 14792	 14807 : 0
 14804	 15007 : 0
 15004	 15011 : 0
 15008	 15131 : 0
 15128	 15271 : 0
 15268	 15275 : 0
 15272	 15415 : 0
 15412	 15455 : 0
 15452	 15475 : 0
 15472	 15483 : 0
 15480	 15519 : 0
 15516	 15523 : 0
 15520	 15567 : 0
 15564	 15591 : 0
 15588	 15635 : 0
 15632	 15799 : 0
 15796	 15803 : 0
 15800	 15835 : 0
 15832	 15863 : 0
 15860	 15867 : 0
 15864	 15871 : 0
 15868	 15875 : 0
 15872	 15879 : 0
 15876	 15883 : 0
 15880	 15919 : 0
 15916	 15939 : 0
 15936	 15979 : 0
 15976	 15987 : 0
 15984	 15995 : 0
 15992	 16003 : 0
 16000	 16015 : 0
 16012	 16023 : 0
 16020	 16039 : 0
 16036	 16043 : 0
 16040	 16075 : 0
 16072	 16103 : 0
 16100	 16167 : 0
 16164	 16183 : 0
 16180	 16191 : 0
 16188	 16195 : 0
 16192	 16207 : 0
 16204	 16235 : 0
 16232	 16247 : 0
 16244	 16275 : 0
 16272	 16283 : 0
 16280	 16291 : 0
 16288	 16295 : 0
 16292	 16331 : 0
 16328	 16347 : 0
 16344	 16351 : 0
 16348	 16363 : 0
 16360	 16479 : 0
 16476	 16483 : 0
 16480	 16503 : 0
 16500	 16531 : 0
 16528	 16535 : 0
 16532	 16539 : 0
 16536	 16555 : 0
 16552	 16575 : 0
 16572	 16743 : 0
 16740	 16815 : 0
 16812	 16819 : 0
 16816	 16831 : 0
 16828	 17383 : 0
 17380	 17387 : 0
 17384	 17515 : 0
 17512	 17535 : 0
 17532	 17615 : 0
 17612	 17619 : 0
 17616	 17655 : 0
 17652	 19419 : 0
 19416	 19443 : 0
 19440	 19447 : 0
 19444	 19451 : 0
 19448	 19467 : 0
 19464	 19475 : 0
 19472	 19479 : 0
 19476	 19487 : 0
 19484	 19531 : 0
 19528	 19543 : 0
 19540	 19579 : 0
 19576	 19587 : 0
 19584	 19623 : 0
 19620	 19639 : 0
 19636	 19759 : 0
 19756	 19771 : 0
 19768	 19787 : 0
 19784	 19791 : 0
 19788	 19799 : 0
 19796	 19807 : 0
 19804	 19811 : 0
 19808	 19815 : 0
 19812	 19955 : 0
 19952	 19983 : 0
 19980	 19987 : 0
 19984	 19991 : 0
 19988	 19995 : 0
 19992	 19999 : 0
 19996	 20047 : 0
 20044	 20147 : 0
 20144	 20299 : 0
 20296	 20323 : 0
 20320	 20335 : 0
 20332	 20351 : 0
 20348	 20423 : 0
 20420	 20431 : 0
 20428	 20459 : 0
 20456	 20479 : 0
 20476	 20491 : 0
 20488	 20623 : 0
 20620	 20627 : 0
 20624	 20631 : 0
 20628	 20639 : 0
 20636	 20651 : 0
 20648	 20743 : 0
 20740	 20759 : 0
 20756	 20767 : 0
 20764	 20839 : 0
 20836	 20919 : 0
 20916	 20923 : 0
 20920	 21127 : 0
 21124	 21179 : 0
 21176	 21279 : 0
 21276	 21287 : 0
 21284	 21307 : 0
 21304	 21311 : 0
 21308	 21323 : 0
 21320	 21331 : 0
 21328	 21439 : 0
 21436	 21451 : 0
 21448	 21499 : 0
 21496	 21507 : 0
 21504	 21511 : 0
 21508	 21519 : 0
 21516	 21555 : 0
 21552	 21559 : 0
 21556	 21583 : 0
 21580	 21595 : 0
 21592	 21599 : 0
 21596	 21615 : 0
 21612	 21623 : 0
 21620	 21647 : 0
 21644	 21671 : 0
 21668	 21679 : 0
 21676	 21687 : 0
 21684	 21691 : 0
 21688	 21735 : 0
 21732	 21739 : 0
 21736	 21999 : 0
 21996	 22039 : 0
 22036	 22047 : 0
 22044	 22075 : 0
 22072	 22239 : 0
 22236	 22247 : 0
 22244	 22403 : 0
 22400	 22431 : 0
 22428	 22435 : 0
 22432	 22447 : 0
 22444	 22631 : 0
 22628	 22683 : 0
 22680	 22687 : 0
 22684	 22739 : 0
 22736	 22755 : 0
 22752	 22895 : 0
 22892	 23031 : 0
 23028	 23047 : 0
 23044	 23147 : 0
 23144	 23151 : 0
 23148	 23155 : 0
 23152	 23163 : 0
 23160	 23175 : 0
 23172	 23179 : 0
 23176	 23219 : 0
 23216	 23239 : 0
 23236	 23243 : 0
 23240	 23259 : 0
 23256	 23263 : 0
 23260	 23271 : 0
 23268	 23291 : 0
 23288	 23335 : 0
 23332	 23343 : 0
 23340	 23355 : 0
 23352	 23443 : 0
 23440	 23459 : 0
 23456	 23523 : 0
 23520	 23527 : 0
 23524	 23579 : 0
 23576	 23619 : 0
 23616	 23635 : 0
 23632	 23647 : 0
 23644	 23659 : 0
 23656	 23663 : 0
 23660	 23671 : 0
 23668	 23759 : 0
