     0	    63 : 1
    60	    79 : 0
    76	    95 : 0
    92	    99 : 0
    96	   111 : 1
   108	   131 : 0
   128	   135 : 0
   132	   199 : 0
   196	   295 : 1
   292	   311 : 0
   308	   315 : 1
   312	   347 : 0
   344	   375 : 1
   372	   387 : 0
   384	   415 : 1
   412	   419 : 0
   416	   459 : 0
   456	   463 : 0
   460	   471 : 1
   468	   475 : 0
   472	   491 : 0
   488	   515 : 0
   512	   551 : 1
   548	   563 : 0
   560	   571 : 1
   568	   579 : 0
   576	   587 : 1
   584	   599 : 0
   596	   603 : 0
   600	   643 : 0
   640	   683 : 0
   680	   687 : 0
   684	   699 : 1
   696	   711 : 0
   708	   723 : 0
   720	   739 : 0
   736	   755 : 0
   752	   759 : 0
   756	   791 : 0
   788	   795 : 0
   792	   799 : 0
   796	   811 : 0
   808	   843 : 0
   840	   859 : 0
   856	   875 : 1
   872	   879 : 0
   876	   887 : 1
   884	   927 : 0
   924	   963 : 0
   960	   995 : 0
   992	  1007 : 0
  1004	  1023 : 0
  1020	  1051 : 0
  1048	  1059 : 0
  1056	  1087 : 1
  1084	  1131 : 0
  1128	  1135 : 0
  1132	  1139 : 0
  1136	  1151 : 1
  1148	  1159 : 0
  1156	  1167 : 0
  1164	  1219 : 0
  1216	  1271 : 1
  1268	  1279 : 0
  1276	  1283 : 0
  1280	  1303 : 0
  1300	  1391 : 0
  1388	  1399 : 0
  1396	  1403 : 1
  1400	  1411 : 0
  1408	  1419 : 0
  1416	  1423 : 0
  1420	  1427 : 0
  1424	  1435 : 0
  1432	  1463 : 0
  1460	  1467 : 0
  1464	  1471 : 0
  1468	  1475 : 0
  1472	  1507 : 0
  1504	  1515 : 0
  1512	  1563 : 0
  1560	  1567 : 0
  1564	  1571 : 0
  1568	  1575 : 0
  1572	  1615 : 0
  1612	  1623 : 0
  1620	  1643 : 1
  1640	  1647 : 0
  1644	  1651 : 0
  1648	  1663 : 0
  1660	  1687 : 0
  1684	  1691 : 0
  1688	  1711 : 1
  1708	  1719 : 0
  1716	  1759 : 0
  1756	  1771 : 0
  1768	  1955 : 1
  1952	  1959 : 0
  1956	  1987 : 0
  1984	  2007 : 0
  2004	  2015 : 0
  2012	  2043 : 0
  2040	  2075 : 1
  2072	  2079 : 0
  2076	  2083 : 0
  2080	  2091 : 0
  2088	  2095 : 0
  2092	  2103 : 0
  2100	  2123 : 0
  2120	  2127 : 0
  2124	  2207 : 0
  2204	  2211 : 0
  2208	  2219 : 1
  2216	  2239 : 0
  2236	  2263 : 0
  2260	  2267 : 0
  2264	  2287 : 0
  2284	  2311 : 0
  2308	  2315 : 0
  2312	  2327 : 0
  2324	  2411 : 0
  2408	  2423 : 0
  2420	  2427 : 0
  2424	  2431 : 0
  2428	  2443 : 0
  2440	  2447 : 0
  2444	  2495 : 0
  2492	  2511 : 0
  2508	  2551 : 1
  2548	  2555 : 0
  2552	  2575 : 0
  2572	  2579 : 0
  2576	  2611 : 0
  2608	  2639 : 0
  2636	  2643 : 0
  2640	  2659 : 0
  2656	  2687 : 0
  2684	  2743 : 0
  2740	  2807 : 0
  2804	  2823 : 0
  2820	  2851 : 0
  2848	  2855 : 0
  2852	  2875 : 1
  2872	  2883 : 0
  2880	  2955 : 1
  2952	  2975 : 0
  2972	  2999 : 0
  2996	  3011 : 0
  3008	  3027 : 0
  3024	  3035 : 0
  3032	  3075 : 0
  3072	  3103 : 0
  3100	  3155 : 1
  3152	  3159 : 0
  3156	  3207 : 0
  3204	  3211 : 0
  3208	  3223 : 0
  3220	  3227 : 0
  3224	  3235 : 1
  3232	  3243 : 0
  3240	  3271 : 0
  3268	  3279 : 0
  3276	  3283 : 0
  3280	  3291 : 0
  3288	  3311 : 0
  3308	  3347 : 0
  3344	  3375 : 0
  3372	  3379 : 0
  3376	  3391 : 0
  3388	  3431 : 0
  3428	  3499 : 0
  3496	  3507 : 0
  3504	  3511 : 0
  3508	  3515 : 0
  3512	  3551 : 0
  3548	  3567 : 0
  3564	  3575 : 1
  3572	  3579 : 0
  3576	  3583 : 0
  3580	  3599 : 0
  3596	  3603 : 0
  3600	  3647 : 0
  3644	  3651 : 1
  3648	  3655 : 0
  3652	  3659 : 0
  3656	  3663 : 0
  3660	  3675 : 0
  3672	  3683 : 0
  3680	  3691 : 0
  3688	  3699 : 0
  3696	  3711 : 0
  3708	  3715 : 0
  3712	  3779 : 1
  3776	  3783 : 0
  3780	  3811 : 0
  3808	  3831 : 0
  3828	  3839 : 0
  3836	  3847 : 0
  3844	  3927 : 1
  3924	  3931 : 0
  3928	  3967 : 0
  3964	  3971 : 0
  3968	  3987 : 1
  3984	  3995 : 0
  3992	  3999 : 0
  3996	  4027 : 0
  4024	  4067 : 0
  4064	  4075 : 0
  4072	  4079 : 0
  4076	  4087 : 0
  4084	  4283 : 0
  4280	  4323 : 0
  4320	  4335 : 1
  4332	  4339 : 0
  4336	  4347 : 1
  4344	  4439 : 0
  4436	  4459 : 1
  4456	  4507 : 0
  4504	  4607 : 0
