     0	   951 : 0
   948	  1195 : 0
  1192	  1251 : 0
  1248	  1259 : 0
  1256	  1463 : 0
  1460	  1471 : 0
  1468	  1491 : 0
  1488	  1639 : 0
  1636	  1651 : 1
  1648	  1835 : 0
  1832	  1955 : 0
  1952	  1971 : 0
  1968	  2035 : 0
  2032	  2039 : 0
  2036	  2047 : 0
  2044	  2051 : 0
  2048	  2059 : 0
  2056	  2079 : 0
  2076	  2091 : 0
  2088	  2115 : 0
  2112	  2119 : 0
  2116	  2135 : 0
  2132	  2139 : 1
  2136	  2155 : 0
  2152	  2171 : 0
  2168	  2175 : 0
  2172	  2187 : 0
  2184	  2227 : 0
  2224	  2251 : 0
  2248	  2255 : 0
  2252	  2271 : 0
  2268	  2291 : 0
  2288	  2311 : 0
  2308	  2335 : 0
  2332	  2351 : 0
  2348	  2359 : 0
  2356	  2383 : 0
  2380	  2387 : 0
  2384	  2411 : 0
  2408	  2471 : 0
  2468	  2475 : 0
  2472	  2499 : 0
  2496	  2587 : 1
  2584	  2595 : 0
  2592	  2599 : 0
  2596	  2603 : 0
  2600	  2607 : 0
  2604	  2715 : 0
  2712	  2735 : 1
  2732	  2743 : 0
  2740	  2927 : 0
  2924	  2935 : 0
  2932	  2955 : 0
  2952	  2959 : 0
  2956	  2971 : 0
  2968	  2975 : 0
  2972	  3007 : 0
  3004	  3051 : 0
  3048	  3071 : 0
  3068	  3083 : 0
  3080	  3107 : 0
  3104	  3147 : 0
  3144	  3291 : 0
  3288	  3339 : 0
  3336	  3403 : 0
  3400	  3423 : 0
  3420	  3431 : 0
  3428	  3459 : 0
  3456	  3511 : 0
  3508	  4207 : 0
  4204	  4827 : 0
  4824	  5423 : 0
  5420	  5583 : 0
  5580	  5587 : 0
  5584	  5659 : 0
  5656	  5767 : 0
  5764	  6047 : 0
  6044	  6051 : 0
  6048	  6075 : 0
  6072	  6111 : 0
  6108	  6119 : 0
  6116	  6123 : 0
  6120	  6127 : 0
  6124	  6175 : 0
  6172	  6195 : 0
  6192	  6247 : 0
  6244	  6259 : 0
  6256	  6263 : 0
  6260	  6271 : 0
  6268	  6299 : 0
  6296	  6307 : 0
  6304	  6619 : 0
  6616	  6623 : 0
  6620	  6771 : 0
  6768	  6775 : 0
  6772	  7355 : 0
  7352	  7431 : 0
  7428	  7439 : 0
  7436	  7447 : 0
  7444	  7527 : 0
  7524	  7535 : 0
  7532	  7551 : 0
  7548	  7715 : 0
  7712	  7719 : 0
  7716	  7739 : 0
  7736	  7751 : 0
  7748	  8079 : 0
  8076	  8099 : 0
  8096	  8115 : 0
  8112	  8143 : 0
  8140	  8147 : 0
  8144	  8483 : 0
  8480	  8515 : 0
  8512	  8519 : 0
  8516	  8555 : 0
  8552	  8691 : 0
  8688	  8703 : 0
  8700	  8707 : 0
  8704	  8715 : 0
  8712	  8747 : 0
  8744	  8751 : 1
  8748	  9299 : 0
  9296	  9331 : 0
  9328	  9363 : 0
  9360	  9599 : 0
  9596	  9663 : 0
  9660	  9667 : 0
  9664	  9671 : 0
  9668	  9951 : 0
  9948	 10267 : 0
 10264	 10875 : 0
 10872	 10959 : 0
 10956	 11007 : 1
 11004	 11019 : 0
 11016	 11227 : 0
 11224	 11231 : 0
 11228	 11603 : 1
 11600	 11615 : 0
 11612	 11847 : 0
 11844	 11863 : 0
 11860	 11983 : 1
 11980	 11987 : 0
 11984	 12007 : 0
 12004	 12011 : 0
 12008	 12171 : 0
 12168	 12175 : 0
 12172	 12535 : 0
 12532	 12539 : 0
 12536	 12719 : 0
 12716	 12859 : 0
 12856	 13015 : 0
 13012	 13043 : 0
 13040	 13047 : 0
 13044	 13279 : 0
 13276	 13399 : 0
 13396	 13403 : 0
 13400	 13423 : 1
 13420	 13467 : 0
 13464	 13471 : 0
 13468	 13475 : 0
 13472	 13483 : 0
 13480	 13607 : 0
 13604	 13619 : 0
 13616	 13691 : 0
 13688	 13695 : 0
 13692	 13867 : 0
 13864	 13871 : 0
 13868	 13883 : 0
 13880	 13887 : 0
 13884	 14455 : 0
 14452	 14499 : 0
 14496	 14615 : 0
 14612	 14631 : 0
 14628	 14779 : 0
 14776	 14783 : 0
 14780	 14787 : 0
 14784	 14795 : 0
 14792	 14851 : 0
 14848	 14863 : 0
 14860	 14979 : 0
 14976	 14983 : 0
 14980	 15347 : 0
 15344	 15367 : 1
 15364	 15375 : 0
 15372	 15379 : 0
 15376	 15383 : 0
 15380	 15399 : 1
 15396	 15403 : 0
 15400	 15487 : 1
 15484	 15491 : 0
 15488	 15495 : 1
 15492	 15515 : 0
 15512	 15523 : 0
 15520	 15527 : 0
 15524	 15579 : 0
 15576	 15583 : 0
 15580	 15767 : 0
 15764	 15783 : 0
 15780	 15787 : 0
 15784	 15791 : 0
 15788	 15851 : 0
 15848	 15871 : 0
 15868	 15875 : 0
 15872	 15883 : 0
 15880	 15899 : 0
 15896	 15931 : 0
 15928	 15935 : 0
 15932	 15939 : 0
 15936	 15943 : 0
 15940	 15951 : 0
 15948	 15963 : 0
 15960	 15967 : 0
 15964	 15999 : 0
 15996	 16003 : 0
 16000	 16007 : 0
 16004	 16015 : 0
 16012	 16031 : 0
 16028	 16035 : 0
 16032	 16051 : 0
 16048	 16055 : 0
 16052	 16067 : 0
 16064	 16071 : 0
 16068	 16091 : 0
 16088	 16095 : 0
 16092	 16123 : 0
 16120	 16127 : 0
 16124	 16147 : 0
 16144	 16159 : 0
 16156	 16187 : 0
 16184	 16199 : 0
 16196	 16203 : 0
 16200	 16211 : 0
 16208	 16215 : 0
 16212	 16231 : 0
 16228	 16255 : 0
 16252	 16279 : 0
 16276	 16291 : 0
 16288	 16439 : 0
 16436	 16447 : 0
 16444	 16475 : 0
 16472	 16479 : 0
 16476	 16515 : 0
 16512	 16523 : 0
 16520	 16527 : 0
 16524	 16535 : 0
 16532	 16575 : 0
 16572	 16579 : 0
 16576	 16583 : 0
 16580	 16587 : 0
 16584	 16607 : 0
 16604	 16619 : 0
 16616	 16627 : 0
 16624	 16639 : 0
 16636	 16643 : 0
 16640	 16647 : 0
 16644	 16651 : 0
 16648	 16659 : 0
 16656	 16671 : 0
 16668	 16695 : 0
 16692	 16747 : 0
 16744	 16751 : 0
 16748	 16767 : 0
 16764	 16791 : 0
 16788	 16799 : 0
 16796	 16807 : 0
 16804	 16827 : 0
 16824	 16831 : 0
 16828	 16843 : 0
 16840	 16847 : 0
 16844	 16903 : 0
 16900	 16919 : 0
 16916	 16947 : 0
 16944	 16963 : 0
 16960	 16975 : 0
 16972	 16983 : 0
 16980	 17055 : 0
 17052	 17067 : 0
 17064	 17091 : 0
 17088	 17119 : 0
 17116	 17143 : 0
 17140	 17147 : 1
 17144	 17155 : 0
 17152	 17171 : 0
 17168	 17179 : 0
 17176	 17195 : 0
 17192	 17199 : 0
 17196	 17207 : 0
 17204	 17211 : 0
 17208	 17223 : 0
 17220	 17227 : 0
 17224	 17243 : 0
 17240	 17251 : 0
 17248	 17263 : 0
 17260	 17355 : 0
 17352	 17383 : 0
 17380	 17387 : 0
 17384	 17391 : 0
 17388	 17395 : 0
 17392	 17399 : 0
 17396	 17427 : 0
 17424	 17431 : 0
 17428	 17495 : 0
 17492	 17507 : 0
 17504	 17531 : 0
 17528	 17547 : 0
 17544	 17551 : 0
 17548	 17567 : 0
 17564	 17571 : 0
 17568	 17575 : 0
 17572	 17583 : 0
 17580	 17595 : 0
 17592	 17615 : 0
 17612	 17619 : 0
 17616	 17655 : 0
 17652	 17667 : 1
 17664	 17675 : 0
 17672	 17687 : 0
 17684	 17719 : 0
 17716	 17723 : 0
 17720	 17727 : 0
 17724	 17731 : 0
 17728	 17755 : 0
 17752	 17763 : 0
 17760	 17767 : 0
 17764	 17775 : 0
 17772	 17779 : 0
 17776	 17783 : 0
 17780	 17791 : 0
 17788	 17815 : 0
 17812	 17835 : 0
 17832	 17839 : 0
 17836	 17847 : 0
 17844	 17851 : 0
 17848	 17875 : 0
 17872	 17879 : 0
 17876	 18083 : 0
 18080	 18099 : 0
 18096	 18211 : 0
 18208	 18223 : 0
 18220	 18227 : 0
 18224	 18231 : 0
 18228	 18243 : 0
 18240	 18247 : 0
 18244	 18255 : 0
 18252	 18259 : 0
 18256	 18319 : 0
 18316	 18339 : 0
 18336	 18411 : 0
 18408	 18415 : 0
 18412	 18431 : 0
 18428	 18439 : 0
 18436	 18459 : 0
 18456	 18463 : 0
 18460	 18547 : 0
 18544	 18551 : 0
 18548	 18583 : 0
 18580	 18587 : 0
 18584	 18767 : 0
 18764	 18771 : 0
 18768	 19115 : 0
 19112	 19119 : 0
 19116	 19199 : 0
 19196	 19211 : 0
 19208	 19255 : 0
 19252	 19263 : 0
 19260	 19283 : 0
 19280	 19351 : 0
 19348	 19359 : 0
 19356	 19363 : 0
 19360	 19567 : 0
 19564	 19575 : 0
 19572	 19579 : 0
 19576	 19583 : 0
 19580	 19603 : 0
 19600	 19607 : 0
 19604	 19615 : 0
 19612	 19619 : 0
 19616	 19631 : 0
 19628	 19647 : 0
 19644	 19723 : 0
 19720	 19747 : 0
 19744	 19755 : 0
 19752	 19771 : 0
 19768	 19775 : 0
 19772	 19783 : 0
 19780	 19787 : 0
 19784	 19831 : 0
 19828	 19835 : 0
 19832	 19867 : 0
 19864	 19871 : 0
 19868	 19999 : 0
 19996	 20003 : 0
 20000	 20019 : 0
 20016	 20023 : 0
 20020	 20027 : 0
 20024	 20031 : 0
 20028	 20035 : 0
 20032	 20039 : 0
 20036	 20067 : 0
 20064	 20079 : 0
 20076	 20083 : 0
 20080	 20099 : 0
 20096	 20103 : 0
 20100	 20143 : 0
 20140	 20155 : 0
 20152	 20219 : 0
 20216	 20227 : 0
 20224	 20235 : 0
 20232	 20239 : 0
 20236	 20539 : 0
 20536	 20547 : 0
 20544	 20555 : 0
 20552	 20563 : 0
 20560	 20575 : 0
 20572	 20583 : 0
 20580	 20587 : 0
 20584	 20595 : 0
 20592	 20619 : 0
 20616	 20639 : 0
 20636	 20675 : 0
 20672	 20679 : 0
 20676	 20691 : 0
 20688	 20695 : 0
 20692	 20707 : 0
 20704	 20711 : 0
 20708	 20715 : 0
 20712	 20719 : 0
 20716	 20731 : 0
 20728	 20735 : 0
 20732	 20739 : 0
 20736	 20743 : 0
 20740	 20747 : 0
 20744	 20751 : 0
 20748	 20755 : 0
 20752	 20759 : 0
 20756	 20795 : 0
 20792	 20803 : 0
 20800	 20811 : 0
 20808	 20859 : 0
 20856	 20863 : 0
 20860	 20867 : 0
 20864	 20903 : 0
 20900	 20907 : 0
 20904	 20919 : 0
 20916	 20955 : 0
 20952	 20971 : 0
 20968	 20979 : 0
 20976	 20999 : 0
 20996	 21023 : 0
 21020	 21027 : 0
 21024	 21051 : 0
 21048	 21055 : 0
 21052	 21059 : 0
 21056	 21103 : 0
 21100	 21107 : 0
 21104	 21123 : 0
 21120	 21139 : 0
 21136	 21143 : 0
 21140	 21159 : 0
 21156	 21163 : 0
 21160	 21179 : 0
 21176	 21195 : 0
 21192	 21223 : 0
 21220	 21319 : 0
 21316	 21331 : 0
 21328	 21375 : 0
 21372	 21391 : 0
 21388	 21407 : 0
 21404	 21427 : 0
 21424	 21439 : 0
 21436	 21491 : 0
 21488	 21503 : 0
 21500	 21539 : 0
 21536	 21543 : 0
 21540	 21563 : 0
 21560	 21651 : 0
 21648	 21663 : 0
 21660	 21743 : 0
 21740	 21767 : 0
 21764	 21779 : 0
 21776	 21975 : 0
 21972	 22043 : 0
 22040	 22047 : 0
 22044	 22091 : 0
 22088	 22095 : 0
 22092	 22099 : 0
 22096	 22147 : 0
 22144	 22155 : 0
 22152	 22183 : 0
 22180	 22187 : 0
 22184	 22191 : 0
 22188	 22223 : 0
 22220	 22451 : 1
 22448	 22459 : 0
 22456	 22475 : 0
 22472	 22479 : 0
 22476	 22483 : 0
 22480	 22487 : 0
 22484	 22491 : 0
 22488	 22495 : 0
 22492	 22503 : 0
 22500	 22511 : 0
 22508	 22535 : 0
 22532	 22543 : 0
 22540	 22547 : 0
 22544	 22591 : 0
 22588	 22627 : 0
 22624	 22635 : 0
 22632	 22679 : 0
 22676	 22683 : 0
 22680	 22695 : 1
 22692	 22703 : 0
 22700	 22719 : 1
 22716	 22723 : 0
 22720	 22727 : 0
 22724	 22739 : 0
 22736	 22767 : 1
 22764	 22779 : 0
 22776	 22859 : 1
 22856	 22863 : 0
 22860	 22879 : 0
 22876	 22935 : 0
 22932	 22955 : 0
 22952	 22971 : 0
 22968	 22979 : 0
 22976	 22983 : 0
 22980	 23063 : 1
 23060	 23099 : 0
 23096	 23111 : 1
 23108	 23115 : 0
 23112	 23159 : 0
 23156	 23163 : 0
 23160	 23171 : 0
 23168	 23179 : 0
 23176	 23183 : 0
 23180	 23219 : 0
 23216	 23267 : 1
 23264	 23271 : 0
 23268	 23275 : 0
 23272	 23307 : 0
 23304	 23315 : 0
 23312	 23319 : 0
 23316	 23327 : 0
 23324	 23339 : 0
 23336	 23347 : 0
 23344	 23371 : 0
 23368	 23379 : 0
 23376	 23399 : 0
 23396	 23403 : 0
 23400	 23407 : 0
 23404	 23431 : 0
 23428	 23443 : 0
 23440	 23451 : 0
 23448	 23455 : 0
 23452	 23471 : 0
 23468	 23479 : 0
 23476	 23499 : 0
 23496	 23511 : 0
 23508	 23527 : 0
 23524	 23547 : 0
 23544	 23551 : 0
 23548	 23555 : 0
 23552	 23579 : 0
 23576	 23583 : 0
 23580	 23591 : 1
 23588	 23615 : 0
 23612	 23619 : 0
 23616	 23631 : 0
 23628	 23639 : 1
 23636	 23663 : 0
 23660	 23687 : 1
 23684	 23691 : 0
 23688	 23739 : 0
 23736	 23755 : 0
 23752	 23767 : 0
 23764	 23771 : 0
 23768	 23783 : 0
 23780	 23787 : 0
 23784	 23803 : 0
 23800	 23815 : 0
 23812	 23819 : 1
 23816	 23823 : 0
 23820	 24011 : 0
 24008	 24023 : 0
 24020	 24031 : 0
 24028	 24035 : 0
 24032	 24063 : 0
 24060	 24067 : 0
 24064	 24175 : 0
 24172	 24203 : 0
 24200	 24215 : 0
 24212	 24223 : 0
 24220	 24239 : 0
 24236	 24251 : 0
 24248	 24255 : 0
 24252	 24271 : 0
 24268	 24279 : 0
 24276	 24351 : 0
 24348	 24363 : 0
 24360	 24439 : 0
 24436	 24463 : 0
 24460	 24471 : 0
 24468	 24479 : 0
 24476	 24487 : 0
 24484	 24507 : 0
 24504	 24515 : 0
 24512	 24535 : 0
 24532	 24603 : 0
 24600	 24615 : 0
 24612	 24627 : 0
 24624	 24667 : 0
 24664	 24671 : 0
 24668	 24703 : 0
 24700	 24707 : 0
 24704	 24715 : 0
 24712	 24719 : 0
 24716	 24727 : 0
 24724	 24731 : 0
 24728	 24735 : 0
 24732	 24751 : 0
 24748	 24755 : 0
 24752	 24771 : 0
 24768	 24775 : 0
 24772	 24787 : 0
 24784	 24815 : 0
 24812	 24859 : 0
 24856	 24863 : 0
 24860	 24867 : 0
 24864	 24875 : 0
 24872	 24963 : 0
 24960	 25019 : 1
 25016	 25023 : 0
 25020	 25043 : 0
 25040	 25047 : 0
 25044	 25087 : 0
 25084	 25099 : 0
 25096	 25151 : 0
 25148	 25175 : 0
 25172	 25183 : 0
 25180	 25187 : 0
 25184	 25207 : 0
 25204	 25211 : 0
 25208	 25227 : 0
 25224	 25235 : 0
 25232	 25599 : 0
 25596	 25603 : 0
 25600	 25607 : 0
 25604	 25643 : 0
 25640	 25647 : 0
 25644	 25651 : 0
 25648	 25675 : 0
 25672	 25715 : 0
 25712	 25783 : 0
 25780	 25807 : 0
 25804	 25835 : 0
 25832	 25855 : 0
 25852	 25895 : 0
 25892	 25903 : 0
 25900	 25907 : 0
 25904	 25911 : 0
 25908	 25979 : 0
 25976	 25983 : 0
 25980	 25987 : 0
 25984	 25991 : 0
 25988	 25995 : 0
 25992	 25999 : 0
 25996	 26035 : 0
 26032	 26075 : 0
 26072	 26123 : 0
 26120	 26139 : 0
 26136	 26143 : 0
 26140	 26155 : 0
 26152	 26227 : 0
 26224	 26231 : 0
 26228	 26255 : 1
 26252	 26275 : 0
 26272	 26287 : 0
 26284	 26299 : 0
 26296	 26383 : 0
 26380	 26419 : 0
 26416	 26447 : 0
 26444	 26451 : 0
 26448	 26479 : 0
 26476	 26483 : 0
 26480	 26487 : 0
 26484	 26511 : 0
 26508	 26527 : 0
 26524	 26531 : 0
 26528	 26547 : 0
 26544	 26587 : 0
 26584	 26591 : 0
 26588	 26607 : 0
 26604	 26611 : 0
 26608	 26619 : 0
 26616	 26635 : 0
 26632	 26639 : 0
 26636	 26667 : 0
 26664	 26679 : 0
 26676	 26711 : 0
 26708	 26723 : 0
 26720	 26747 : 0
 26744	 26751 : 0
 26748	 26759 : 0
 26756	 26771 : 0
 26768	 26775 : 0
 26772	 26799 : 0
 26796	 26819 : 1
 26816	 26835 : 0
 26832	 26847 : 0
 26844	 26871 : 0
 26868	 26879 : 0
 26876	 26883 : 0
 26880	 26891 : 0
 26888	 26903 : 0
 26900	 26919 : 0
 26916	 26923 : 0
 26920	 26927 : 0
 26924	 26951 : 0
 26948	 26971 : 0
 26968	 26987 : 0
 26984	 27019 : 0
 27016	 27039 : 0
 27036	 27043 : 0
 27040	 27107 : 0
 27104	 27111 : 1
 27108	 27135 : 0
 27132	 27139 : 0
 27136	 27151 : 0
 27148	 27163 : 0
 27160	 27167 : 0
 27164	 27179 : 0
 27176	 27183 : 0
 27180	 27187 : 0
 27184	 27199 : 0
 27196	 27227 : 0
 27224	 27231 : 0
 27228	 27235 : 0
 27232	 27247 : 0
 27244	 27251 : 0
 27248	 27267 : 0
 27264	 27283 : 0
 27280	 27287 : 0
 27284	 27295 : 1
 27292	 27379 : 0
 27376	 27391 : 1
 27388	 27419 : 0
 27416	 27515 : 0
 27512	 27555 : 0
 27552	 27559 : 1
 27556	 27623 : 0
 27620	 27659 : 0
 27656	 27663 : 0
 27660	 27671 : 1
 27668	 27679 : 0
 27676	 27695 : 0
 27692	 27715 : 0
 27712	 27719 : 0
 27716	 27727 : 0
 27724	 27739 : 0
 27736	 27803 : 0
 27800	 27951 : 0
 27948	 27975 : 0
 27972	 27995 : 0
 27992	 28027 : 0
 28024	 28035 : 0
 28032	 28067 : 0
 28064	 28299 : 0
 28296	 28311 : 0
 28308	 28327 : 0
 28324	 28343 : 0
 28340	 28347 : 0
 28344	 28415 : 0
 28412	 28439 : 0
 28436	 28443 : 0
 28440	 28519 : 0
 28516	 28523 : 0
 28520	 28623 : 0
 28620	 28631 : 0
 28628	 28667 : 1
 28664	 28695 : 0
 28692	 28699 : 0
 28696	 28715 : 0
 28712	 28719 : 0
 28716	 28791 : 0
 28788	 28795 : 0
 28792	 28807 : 0
 28804	 29019 : 0
 29016	 29147 : 0
 29144	 29151 : 0
 29148	 29183 : 0
 29180	 29227 : 0
 29224	 29235 : 0
 29232	 29239 : 0
 29236	 29251 : 0
 29248	 29259 : 0
 29256	 29283 : 0
 29280	 29287 : 0
 29284	 29299 : 0
 29296	 29443 : 0
 29440	 29463 : 0
 29460	 29531 : 0
 29528	 29551 : 0
 29548	 29555 : 0
 29552	 29587 : 0
 29584	 29595 : 0
 29592	 29607 : 0
 29604	 29619 : 0
 29616	 29731 : 0
 29728	 29739 : 0
 29736	 29827 : 0
 29824	 29831 : 0
 29828	 29835 : 0
 29832	 29843 : 0
 29840	 29847 : 0
 29844	 29911 : 0
 29908	 29919 : 0
 29916	 29927 : 0
 29924	 29935 : 0
 29932	 29939 : 1
 29936	 30011 : 0
 30008	 30023 : 0
 30020	 30027 : 0
 30024	 30031 : 1
 30028	 30035 : 0
 30032	 30051 : 0
 30048	 30059 : 0
 30056	 30075 : 0
 30072	 30123 : 0
 30120	 30223 : 0
 30220	 30235 : 0
 30232	 30247 : 0
 30244	 30263 : 0
 30260	 30287 : 0
 30284	 30291 : 0
 30288	 30323 : 0
 30320	 30331 : 0
 30328	 30519 : 0
 30516	 30523 : 0
 30520	 30535 : 0
 30532	 30551 : 0
 30548	 30555 : 0
 30552	 30583 : 0
 30580	 30607 : 0
 30604	 30635 : 0
 30632	 30695 : 0
 30692	 30743 : 0
 30740	 30755 : 0
 30752	 30819 : 0
 30816	 30835 : 0
 30832	 30843 : 0
 30840	 30867 : 0
 30864	 30995 : 0
 30992	 31083 : 0
 31080	 31223 : 0
 31220	 31291 : 1
 31288	 31339 : 0
 31336	 31351 : 0
 31348	 31463 : 0
 31460	 31671 : 0
 31668	 31691 : 0
 31688	 31695 : 0
 31692	 31699 : 0
 31696	 31755 : 1
 31752	 31759 : 0
 31756	 31771 : 0
 31768	 31775 : 0
 31772	 31783 : 0
 31780	 31787 : 0
 31784	 31791 : 0
 31788	 31795 : 0
 31792	 31799 : 0
 31796	 31807 : 0
 31804	 31823 : 0
 31820	 31843 : 0
 31840	 31851 : 0
 31848	 31879 : 0
 31876	 31883 : 0
 31880	 31887 : 0
 31884	 31899 : 0
 31896	 31939 : 0
 31936	 31971 : 0
 31968	 32003 : 0
 32000	 32079 : 0
 32076	 32191 : 0
 32188	 32219 : 0
 32216	 32227 : 0
 32224	 32303 : 1
 32300	 32307 : 0
 32304	 32311 : 1
 32308	 32387 : 0
 32384	 32391 : 1
 32388	 32395 : 0
 32392	 32711 : 0
 32708	 32883 : 0
 32880	 32891 : 1
 32888	 33123 : 0
 33120	 33131 : 1
 33128	 33163 : 0
 33160	 33175 : 0
 33172	 33275 : 0
 33272	 33291 : 0
 33288	 33295 : 0
 33292	 33299 : 0
 33296	 33303 : 0
 33300	 33307 : 0
 33304	 33335 : 0
 33332	 33371 : 0
 33368	 33375 : 0
 33372	 33379 : 0
 33376	 33467 : 0
 33464	 33471 : 0
 33468	 33511 : 0
 33508	 33535 : 0
 33532	 33539 : 0
 33536	 33591 : 1
 33588	 33611 : 0
 33608	 33695 : 0
 33692	 33783 : 0
 33780	 33811 : 1
 33808	 33819 : 0
 33816	 33823 : 0
 33820	 33851 : 0
 33848	 33859 : 0
 33856	 33871 : 0
 33868	 33895 : 0
 33892	 33907 : 0
 33904	 33911 : 0
 33908	 33915 : 0
 33912	 33923 : 0
 33920	 33931 : 0
 33928	 33955 : 0
 33952	 33971 : 0
 33968	 33999 : 0
 33996	 34015 : 0
 34012	 34019 : 1
 34016	 34023 : 0
 34020	 34039 : 1
 34036	 34059 : 0
 34056	 34087 : 0
 34084	 34091 : 0
 34088	 34135 : 1
 34132	 34179 : 0
 34176	 34211 : 0
 34208	 34239 : 0
 34236	 34247 : 1
 34244	 34411 : 0
 34408	 34435 : 0
 34432	 34459 : 0
 34456	 34463 : 1
 34460	 34663 : 0
 34660	 34667 : 1
 34664	 34675 : 0
 34672	 34695 : 0
 34692	 34707 : 0
 34704	 34711 : 0
 34708	 34719 : 0
 34716	 34747 : 0
 34744	 34771 : 0
 34768	 34807 : 0
 34804	 34851 : 0
 34848	 34859 : 0
 34856	 34999 : 0
 34996	 35003 : 0
 35000	 35007 : 0
 35004	 35047 : 0
 35044	 35143 : 0
 35140	 35175 : 0
 35172	 35191 : 0
 35188	 35195 : 0
 35192	 35203 : 0
 35200	 35219 : 0
 35216	 35275 : 0
 35272	 35279 : 1
 35276	 35351 : 0
 35348	 35359 : 0
 35356	 35379 : 0
 35376	 35391 : 0
 35388	 35395 : 0
 35392	 35399 : 0
 35396	 35419 : 0
 35416	 35431 : 0
 35428	 35463 : 0
 35460	 35471 : 0
 35468	 35503 : 0
 35500	 35519 : 0
 35516	 35523 : 0
 35520	 35559 : 0
 35556	 35587 : 0
 35584	 35591 : 0
 35588	 35631 : 0
 35628	 35651 : 0
 35648	 35655 : 0
 35652	 35747 : 0
 35744	 35763 : 0
 35760	 35771 : 0
 35768	 35775 : 0
 35772	 35787 : 0
 35784	 35803 : 0
 35800	 36099 : 1
 36096	 36235 : 0
 36232	 36263 : 1
 36260	 36267 : 0
 36264	 36407 : 0
 36404	 36471 : 0
 36468	 36683 : 1
 36680	 36691 : 0
 36688	 36927 : 0
 36924	 37075 : 0
 37072	 37079 : 1
 37076	 37123 : 0
 37120	 37131 : 1
 37128	 37367 : 0
 37364	 37383 : 0
 37380	 37407 : 0
 37404	 37419 : 0
 37416	 37499 : 0
 37496	 37531 : 0
 37528	 37623 : 0
 37620	 37627 : 0
 37624	 37647 : 0
 37644	 37667 : 0
 37664	 37679 : 0
 37676	 37683 : 0
 37680	 37695 : 0
 37692	 37703 : 0
 37700	 37707 : 0
 37704	 37715 : 0
 37712	 37807 : 0
 37804	 37819 : 0
 37816	 37823 : 0
 37820	 37827 : 0
 37824	 37831 : 0
 37828	 37839 : 0
 37836	 37919 : 0
 37916	 37923 : 0
 37920	 37927 : 0
 37924	 37931 : 0
 37928	 37959 : 0
 37956	 37963 : 0
 37960	 37975 : 0
 37972	 38011 : 0
 38008	 38023 : 0
 38020	 38083 : 0
 38080	 38091 : 0
 38088	 38127 : 0
 38124	 38147 : 0
 38144	 38151 : 0
 38148	 38175 : 0
 38172	 38179 : 0
 38176	 38199 : 0
 38196	 38207 : 0
 38204	 38219 : 0
 38216	 38223 : 0
 38220	 38239 : 0
 38236	 38251 : 0
 38248	 38291 : 0
 38288	 38303 : 0
 38300	 38307 : 0
 38304	 38323 : 0
 38320	 38331 : 0
 38328	 38727 : 1
 38724	 38755 : 0
 38752	 38775 : 0
 38772	 38791 : 0
 38788	 38843 : 0
 38840	 38975 : 0
 38972	 38987 : 0
 38984	 38999 : 0
 38996	 39191 : 0
 39188	 39203 : 0
 39200	 39207 : 0
 39204	 39287 : 0
 39284	 39403 : 1
 39400	 39407 : 0
 39404	 39411 : 1
 39408	 39507 : 0
 39504	 39583 : 1
 39580	 39587 : 0
 39584	 39591 : 0
 39588	 39659 : 0
 39656	 39663 : 0
 39660	 39667 : 0
 39664	 39671 : 0
 39668	 39683 : 0
 39680	 39687 : 0
 39684	 39759 : 0
 39756	 39763 : 0
 39760	 39767 : 0
 39764	 39771 : 0
 39768	 39939 : 0
 39936	 39943 : 0
 39940	 39951 : 0
 39948	 39959 : 1
 39956	 40347 : 0
 40344	 40351 : 1
 40348	 40375 : 0
 40372	 40391 : 0
 40388	 40403 : 0
 40400	 40427 : 0
 40424	 40451 : 0
 40448	 40487 : 0
 40484	 40499 : 0
 40496	 40579 : 0
 40576	 40599 : 0
 40596	 40627 : 0
 40624	 40699 : 0
 40696	 40895 : 0
 40892	 40899 : 0
 40896	 41135 : 0
 41132	 41139 : 0
 41136	 41159 : 0
 41156	 41167 : 0
 41164	 41175 : 1
 41172	 41183 : 0
 41180	 41211 : 1
 41208	 41227 : 0
 41224	 41255 : 1
 41252	 41259 : 0
 41256	 41283 : 0
 41280	 41303 : 0
 41300	 41535 : 1
 41532	 41567 : 0
 41564	 41587 : 0
 41584	 41623 : 0
 41620	 41643 : 0
 41640	 41655 : 0
 41652	 41659 : 0
 41656	 41663 : 0
 41660	 41723 : 0
 41720	 41743 : 0
 41740	 41763 : 0
 41760	 41767 : 0
 41764	 41771 : 0
 41768	 41779 : 0
 41776	 41787 : 0
 41784	 41811 : 0
 41808	 41815 : 0
 41812	 41859 : 0
 41856	 41875 : 0
 41872	 41899 : 0
 41896	 41903 : 0
 41900	 41907 : 0
 41904	 41935 : 0
 41932	 41943 : 0
 41940	 41951 : 0
 41948	 41967 : 0
 41964	 41979 : 0
 41976	 41983 : 0
 41980	 41991 : 0
 41988	 41995 : 0
 41992	 42135 : 0
 42132	 42143 : 0
 42140	 42151 : 0
 42148	 42163 : 0
 42160	 42167 : 1
 42164	 42175 : 0
 42172	 42183 : 0
 42180	 42195 : 0
 42192	 42203 : 1
 42200	 42211 : 0
 42208	 42223 : 1
 42220	 42227 : 0
 42224	 42243 : 0
 42240	 42247 : 0
 42244	 42255 : 1
 42252	 42263 : 0
 42260	 42271 : 1
 42268	 42279 : 0
 42276	 42291 : 1
 42288	 42295 : 0
 42292	 42303 : 0
 42300	 42315 : 0
 42312	 42319 : 1
 42316	 42331 : 0
 42328	 42335 : 1
 42332	 42347 : 0
 42344	 42395 : 0
 42392	 42399 : 0
 42396	 42463 : 0
 42460	 42467 : 0
 42464	 42479 : 0
 42476	 42483 : 0
 42480	 42591 : 0
 42588	 42631 : 0
 42628	 42635 : 0
 42632	 42663 : 0
 42660	 42667 : 0
 42664	 42727 : 0
 42724	 42735 : 0
 42732	 42775 : 0
 42772	 42839 : 0
 42836	 42847 : 0
 42844	 42851 : 0
 42848	 42855 : 0
 42852	 42863 : 0
 42860	 42867 : 0
 42864	 42899 : 0
 42896	 42903 : 0
 42900	 42955 : 0
 42952	 42959 : 0
 42956	 42971 : 0
 42968	 42979 : 0
 42976	 43087 : 0
 43084	 43111 : 0
 43108	 43143 : 0
 43140	 43151 : 0
 43148	 43175 : 0
 43172	 43191 : 0
 43188	 43275 : 0
 43272	 43331 : 0
 43328	 43335 : 0
 43332	 43339 : 0
 43336	 43419 : 0
 43416	 43423 : 0
 43420	 43447 : 0
 43444	 43455 : 0
 43452	 43463 : 0
 43460	 43499 : 0
 43496	 43599 : 0
 43596	 43611 : 0
 43608	 43623 : 0
 43620	 43627 : 0
 43624	 43639 : 0
 43636	 43643 : 0
 43640	 43647 : 0
 43644	 43651 : 0
 43648	 43655 : 0
 43652	 43659 : 0
 43656	 43691 : 0
 43688	 43815 : 0
 43812	 43843 : 0
 43840	 43867 : 0
 43864	 43895 : 0
 43892	 43899 : 0
 43896	 43907 : 0
 43904	 43915 : 0
 43912	 43919 : 0
 43916	 43939 : 0
 43936	 43951 : 0
 43948	 43963 : 0
 43960	 43991 : 0
 43988	 44023 : 0
 44020	 44035 : 0
 44032	 44095 : 0
 44092	 44275 : 0
 44272	 44495 : 0
 44492	 44675 : 1
 44672	 44679 : 0
 44676	 44763 : 0
 44760	 44799 : 0
 44796	 44827 : 0
 44824	 44871 : 0
 44868	 44939 : 0
 44936	 44987 : 0
 44984	 45331 : 0
 45328	 45335 : 2
 45332	 45351 : 0
 45348	 45355 : 0
 45352	 45371 : 0
 45368	 45419 : 0
 45416	 45427 : 0
 45424	 45435 : 0
 45432	 45455 : 0
 45452	 45499 : 0
 45496	 45527 : 0
 45524	 45547 : 0
 45544	 45567 : 0
 45564	 45603 : 0
 45600	 45659 : 0
 45656	 45707 : 0
 45704	 45799 : 0
 45796	 45803 : 0
 45800	 45807 : 1
 45804	 45927 : 0
 45924	 45931 : 0
 45928	 46031 : 0
 46028	 46035 : 0
 46032	 46127 : 0
 46124	 46135 : 1
 46132	 46139 : 0
 46136	 46143 : 0
 46140	 46171 : 0
 46168	 46175 : 0
 46172	 46179 : 0
 46176	 46187 : 0
 46184	 46451 : 0
 46448	 46455 : 1
 46452	 46491 : 0
 46488	 46503 : 0
 46500	 46555 : 0
 46552	 46579 : 0
 46576	 46635 : 0
 46632	 46639 : 0
 46636	 46659 : 0
 46656	 46687 : 0
 46684	 46723 : 0
 46720	 46751 : 0
 46748	 46763 : 0
 46760	 46767 : 0
 46764	 46775 : 0
 46772	 46859 : 0
 46856	 46871 : 0
 46868	 46891 : 0
 46888	 46895 : 0
 46892	 46919 : 0
 46916	 46931 : 0
 46928	 46991 : 0
 46988	 47071 : 0
 47068	 47079 : 0
 47076	 47175 : 0
 47172	 47187 : 0
 47184	 47191 : 0
 47188	 47195 : 0
 47192	 47199 : 0
 47196	 47203 : 0
 47200	 47207 : 0
 47204	 47211 : 0
 47208	 47231 : 0
 47228	 47307 : 0
 47304	 47315 : 0
 47312	 47319 : 1
 47316	 47407 : 0
 47404	 47455 : 0
 47452	 47475 : 0
 47472	 47483 : 0
 47480	 47487 : 0
 47484	 47523 : 0
 47520	 47543 : 0
 47540	 47559 : 0
 47556	 47563 : 0
 47560	 47567 : 0
 47564	 47579 : 0
 47576	 47587 : 0
 47584	 47599 : 0
 47596	 47635 : 0
 47632	 47639 : 0
 47636	 47655 : 0
 47652	 47659 : 0
 47656	 47695 : 0
 47692	 47727 : 0
 47724	 47747 : 1
 47744	 47771 : 0
 47768	 47787 : 0
 47784	 47811 : 0
 47808	 47831 : 0
 47828	 47843 : 0
 47840	 47847 : 0
 47844	 47851 : 0
 47848	 47855 : 0
 47852	 47867 : 0
 47864	 47875 : 0
 47872	 47887 : 0
 47884	 47899 : 0
 47896	 47947 : 0
 47944	 47951 : 0
 47948	 47955 : 0
 47952	 47959 : 0
 47956	 47995 : 0
 47992	 48051 : 0
 48048	 48055 : 0
 48052	 48063 : 0
 48060	 48067 : 0
 48064	 48071 : 0
 48068	 48087 : 0
 48084	 48091 : 0
 48088	 48095 : 0
 48092	 48151 : 0
 48148	 48155 : 0
 48152	 48159 : 1
 48156	 48163 : 0
 48160	 48291 : 0
 48288	 48295 : 0
 48292	 48299 : 0
 48296	 48343 : 0
 48340	 48347 : 0
 48344	 48363 : 0
 48360	 48383 : 0
 48380	 48387 : 0
 48384	 48407 : 0
 48404	 48435 : 0
 48432	 48479 : 0
 48476	 48491 : 0
 48488	 48535 : 0
 48532	 48539 : 0
 48536	 48571 : 0
 48568	 48579 : 0
 48576	 48591 : 0
 48588	 48595 : 0
 48592	 48623 : 0
 48620	 48631 : 0
 48628	 48635 : 0
 48632	 48643 : 0
 48640	 48647 : 0
 48644	 48655 : 0
 48652	 48659 : 0
 48656	 48683 : 0
 48680	 48691 : 0
 48688	 48703 : 0
 48700	 48715 : 0
 48712	 48727 : 0
 48724	 48731 : 0
 48728	 48759 : 0
 48756	 48819 : 0
 48816	 48831 : 0
 48828	 48839 : 1
 48836	 48927 : 0
 48924	 48959 : 0
 48956	 48967 : 0
 48964	 48971 : 0
 48968	 48999 : 0
 48996	 49027 : 0
 49024	 49047 : 0
 49044	 49115 : 0
 49112	 49119 : 0
 49116	 49127 : 0
 49124	 49147 : 0
 49144	 49151 : 0
 49148	 49163 : 0
 49160	 49187 : 0
 49184	 49483 : 0
 49480	 49487 : 0
 49484	 49511 : 0
 49508	 49587 : 0
 49584	 49591 : 0
 49588	 49755 : 0
 49752	 49767 : 0
 49764	 49779 : 0
 49776	 49855 : 0
 49852	 49863 : 0
 49860	 49867 : 0
 49864	 49891 : 0
 49888	 49895 : 0
 49892	 49899 : 0
 49896	 49903 : 0
 49900	 49971 : 0
 49968	 50007 : 0
 50004	 50011 : 0
 50008	 50023 : 0
 50020	 50159 : 0
 50156	 50179 : 0
 50176	 50195 : 0
 50192	 50199 : 0
 50196	 50311 : 0
 50308	 50331 : 0
 50328	 50467 : 1
 50464	 50471 : 0
 50468	 50647 : 0
 50644	 50651 : 0
 50648	 50675 : 1
 50672	 50679 : 0
 50676	 50859 : 0
 50856	 50863 : 0
 50860	 50879 : 0
 50876	 50883 : 0
 50880	 50899 : 0
 50896	 50903 : 0
 50900	 50915 : 0
 50912	 50919 : 0
 50916	 50987 : 0
 50984	 50999 : 0
 50996	 51003 : 0
 51000	 51007 : 0
 51004	 51035 : 0
 51032	 51039 : 0
 51036	 51079 : 0
 51076	 51083 : 0
 51080	 51087 : 0
 51084	 51107 : 0
 51104	 51143 : 0
 51140	 51167 : 0
 51164	 51171 : 0
 51168	 51175 : 0
 51172	 51191 : 0
 51188	 51195 : 0
 51192	 51231 : 0
 51228	 51251 : 0
 51248	 51387 : 1
 51384	 52527 : 0
 52524	 52539 : 1
 52536	 52543 : 0
 52540	 52583 : 0
 52580	 52615 : 0
 52612	 52643 : 0
 52640	 52675 : 0
 52672	 52679 : 0
 52676	 52695 : 0
 52692	 52723 : 0
 52720	 52731 : 0
 52728	 52751 : 0
 52748	 52755 : 0
 52752	 52759 : 1
 52756	 52771 : 0
 52768	 52779 : 0
 52776	 52791 : 0
 52788	 52795 : 0
 52792	 52835 : 0
 52832	 52843 : 0
 52840	 52939 : 0
 52936	 52943 : 0
 52940	 52983 : 0
 52980	 52987 : 0
 52984	 53003 : 0
 53000	 53011 : 0
 53008	 53039 : 0
 53036	 53043 : 0
 53040	 53071 : 0
 53068	 53127 : 0
 53124	 53139 : 0
 53136	 53143 : 0
 53140	 53147 : 0
 53144	 53151 : 0
 53148	 53155 : 0
 53152	 53159 : 0
 53156	 53183 : 0
 53180	 53191 : 0
 53188	 53203 : 0
 53200	 53207 : 0
 53204	 53215 : 0
 53212	 53219 : 0
 53216	 53231 : 0
 53228	 53243 : 0
 53240	 53287 : 0
 53284	 53291 : 0
 53288	 53295 : 0
 53292	 53307 : 0
 53304	 53319 : 0
 53316	 53411 : 1
 53408	 53419 : 0
 53416	 53471 : 0
 53468	 53475 : 0
 53472	 53487 : 0
 53484	 53491 : 0
 53488	 53519 : 1
 53516	 53527 : 0
 53524	 53551 : 0
 53548	 53559 : 0
 53556	 53575 : 0
 53572	 53587 : 0
 53584	 53603 : 0
 53600	 53655 : 0
 53652	 53675 : 0
 53672	 53699 : 0
 53696	 53711 : 0
 53708	 53715 : 0
 53712	 53723 : 0
 53720	 53727 : 0
 53724	 53739 : 0
 53736	 53743 : 0
 53740	 53755 : 0
 53752	 53759 : 0
 53756	 53767 : 0
 53764	 53771 : 0
 53768	 53779 : 0
 53776	 53783 : 0
 53780	 53791 : 0
 53788	 53811 : 0
 53808	 53819 : 0
 53816	 53835 : 0
 53832	 53847 : 0
 53844	 53859 : 0
 53856	 53903 : 0
 53900	 53907 : 0
 53904	 53919 : 1
 53916	 53923 : 0
 53920	 53931 : 0
 53928	 53939 : 0
 53936	 53959 : 0
 53956	 54051 : 0
 54048	 54055 : 0
 54052	 54071 : 0
 54068	 54075 : 0
 54072	 54079 : 0
 54076	 54087 : 0
 54084	 54095 : 0
 54092	 54147 : 1
 54144	 54155 : 0
 54152	 54179 : 1
 54176	 54183 : 0
 54180	 54231 : 0
 54228	 54235 : 0
 54232	 54247 : 0
 54244	 54251 : 0
 54248	 54255 : 0
 54252	 54263 : 0
 54260	 54303 : 0
 54300	 54307 : 0
 54304	 54399 : 0
 54396	 54403 : 0
 54400	 54407 : 0
 54404	 54415 : 0
 54412	 54419 : 1
 54416	 54447 : 0
 54444	 54467 : 0
 54464	 54491 : 0
 54488	 54495 : 0
 54492	 54515 : 0
 54512	 54535 : 0
 54532	 54539 : 0
 54536	 54543 : 0
 54540	 54715 : 0
 54712	 54727 : 0
 54724	 54743 : 0
 54740	 54747 : 0
 54744	 54879 : 0
 54876	 54955 : 0
 54952	 54987 : 0
 54984	 54995 : 0
 54992	 55019 : 0
 55016	 55095 : 1
 55092	 55135 : 0
 55132	 55155 : 0
 55152	 55163 : 0
 55160	 55183 : 0
 55180	 55187 : 0
 55184	 55191 : 0
 55188	 55195 : 0
 55192	 55199 : 1
 55196	 55215 : 0
 55212	 55251 : 0
 55248	 55439 : 0
 55436	 55451 : 0
 55448	 55459 : 0
 55456	 55543 : 0
 55540	 55547 : 0
 55544	 55551 : 1
 55548	 55703 : 0
 55700	 55711 : 1
 55708	 55967 : 0
 55964	 55971 : 1
 55968	 56067 : 0
 56064	 56071 : 0
 56068	 56087 : 0
 56084	 56095 : 0
 56092	 56407 : 0
 56404	 56415 : 1
 56412	 56795 : 0
 56792	 56823 : 1
 56820	 56827 : 0
 56824	 56895 : 0
 56892	 56899 : 0
 56896	 56963 : 0
 56960	 56967 : 0
 56964	 56979 : 0
 56976	 56987 : 0
 56984	 56991 : 0
 56988	 57007 : 0
 57004	 57031 : 0
 57028	 57039 : 0
 57036	 57043 : 0
 57040	 57047 : 0
 57044	 57087 : 0
 57084	 57191 : 0
 57188	 57195 : 0
 57192	 57203 : 0
 57200	 57239 : 0
 57236	 57287 : 0
 57284	 57291 : 0
 57288	 57303 : 0
 57300	 57331 : 0
 57328	 57347 : 0
 57344	 57371 : 0
 57368	 57375 : 0
 57372	 57415 : 0
 57412	 57427 : 0
 57424	 57431 : 0
 57428	 57467 : 0
 57464	 57519 : 0
 57516	 57527 : 0
 57524	 57583 : 0
 57580	 57591 : 0
 57588	 57595 : 0
 57592	 57599 : 0
 57596	 57615 : 0
 57612	 57711 : 0
 57708	 57715 : 0
 57712	 57943 : 0
 57940	 57951 : 0
 57948	 58011 : 0
 58008	 58027 : 0
 58024	 58071 : 0
 58068	 58099 : 0
 58096	 58103 : 0
 58100	 58119 : 0
 58116	 58123 : 0
 58120	 58131 : 0
 58128	 58151 : 0
 58148	 58155 : 0
 58152	 58191 : 0
 58188	 58215 : 0
 58212	 58231 : 0
 58228	 58247 : 0
 58244	 58251 : 0
 58248	 58255 : 0
 58252	 58259 : 0
 58256	 58363 : 0
 58360	 58399 : 0
 58396	 58451 : 0
 58448	 58467 : 0
 58464	 58479 : 0
 58476	 58487 : 0
 58484	 58491 : 0
 58488	 58495 : 0
 58492	 58543 : 0
 58540	 58555 : 0
 58552	 58563 : 0
 58560	 58595 : 0
 58592	 59063 : 0
 59060	 59075 : 0
 59072	 59119 : 0
 59116	 59131 : 0
 59128	 59143 : 0
 59140	 59163 : 0
 59160	 59171 : 0
 59168	 59179 : 0
 59176	 59211 : 0
 59208	 59219 : 0
 59216	 59223 : 0
 59220	 59227 : 0
 59224	 59335 : 0
 59332	 59339 : 0
 59336	 59343 : 0
 59340	 59351 : 0
 59348	 59439 : 0
 59436	 59443 : 0
 59440	 59447 : 0
 59444	 59487 : 0
 59484	 59495 : 0
 59492	 59551 : 0
 59548	 59575 : 0
 59572	 59691 : 0
 59688	 59695 : 0
 59692	 59755 : 0
 59752	 59771 : 0
 59768	 59799 : 0
 59796	 59855 : 0
 59852	 59871 : 0
 59868	 59875 : 0
 59872	 59903 : 0
 59900	 60007 : 0
 60004	 60011 : 0
 60008	 60395 : 0
 60392	 60399 : 0
 60396	 60691 : 0
 60688	 60699 : 0
 60696	 60839 : 0
 60836	 60843 : 0
 60840	 60855 : 0
 60852	 60859 : 0
 60856	 60959 : 0
 60956	 60987 : 0
 60984	 60995 : 0
 60992	 61151 : 0
 61148	 61171 : 0
 61168	 61191 : 0
 61188	 61519 : 0
 61516	 61763 : 0
 61760	 61767 : 0
 61764	 61799 : 0
 61796	 61831 : 0
 61828	 61875 : 0
 61872	 61931 : 0
 61928	 61967 : 0
 61964	 61979 : 0
 61976	 61991 : 0
 61988	 61999 : 0
 61996	 62047 : 0
 62044	 62051 : 0
 62048	 62083 : 0
 62080	 62095 : 0
 62092	 62099 : 0
 62096	 62159 : 1
 62156	 62167 : 0
 62164	 62171 : 0
 62168	 62247 : 0
 62244	 62251 : 1
 62248	 62327 : 0
 62324	 62335 : 0
 62332	 62351 : 0
 62348	 62379 : 0
 62376	 62455 : 0
 62452	 62479 : 1
 62476	 62499 : 0
 62496	 62515 : 0
 62512	 62559 : 0
 62556	 62563 : 0
 62560	 62575 : 0
 62572	 62579 : 0
 62576	 62595 : 0
 62592	 62615 : 0
 62612	 62627 : 0
 62624	 62635 : 0
 62632	 62651 : 0
 62648	 62655 : 0
 62652	 62667 : 0
 62664	 62675 : 0
 62672	 62679 : 0
 62676	 62683 : 0
 62680	 62691 : 0
 62688	 62711 : 0
 62708	 62775 : 0
 62772	 62795 : 1
 62792	 62847 : 0
 62844	 62871 : 0
 62868	 62879 : 0
 62876	 62891 : 0
 62888	 62907 : 0
 62904	 62911 : 1
 62908	 62999 : 0
 62996	 63003 : 0
 63000	 63127 : 0
 63124	 63135 : 1
 63132	 63431 : 0
 63428	 63439 : 0
 63436	 63447 : 0
 63444	 63455 : 0
 63452	 63459 : 0
 63456	 63499 : 0
 63496	 63503 : 0
 63500	 63515 : 0
 63512	 63539 : 0
 63536	 63543 : 0
 63540	 63551 : 0
 63548	 63555 : 0
 63552	 63559 : 0
 63556	 63567 : 1
 63564	 63587 : 0
 63584	 63595 : 0
 63592	 63655 : 0
 63652	 63671 : 0
 63668	 63683 : 0
 63680	 63811 : 0
 63808	 63827 : 0
 63824	 63863 : 0
 63860	 63871 : 0
 63868	 63979 : 0
 63976	 63983 : 0
 63980	 64127 : 0
 64124	 64135 : 0
 64132	 64231 : 0
 64228	 64235 : 0
 64232	 64447 : 0
 64444	 64451 : 0
 64448	 64467 : 0
 64464	 64471 : 0
 64468	 64475 : 0
 64472	 64499 : 0
 64496	 64503 : 0
 64500	 64511 : 0
 64508	 64515 : 1
 64512	 64519 : 0
 64516	 64523 : 1
 64520	 64527 : 0
 64524	 64535 : 0
 64532	 64539 : 0
 64536	 64543 : 0
 64540	 64547 : 0
 64544	 64559 : 0
 64556	 64567 : 0
 64564	 64575 : 1
 64572	 64579 : 0
 64576	 64591 : 1
 64588	 64599 : 0
 64596	 64607 : 0
 64604	 64663 : 0
 64660	 64667 : 0
 64664	 64687 : 0
 64684	 64691 : 1
 64688	 64699 : 0
 64696	 64707 : 0
 64704	 64711 : 0
 64708	 64715 : 0
 64712	 64719 : 0
 64716	 64723 : 0
 64720	 64727 : 0
 64724	 64739 : 0
 64736	 64747 : 0
 64744	 64751 : 0
 64748	 64767 : 0
 64764	 64775 : 0
 64772	 64779 : 0
 64776	 64791 : 0
 64788	 64795 : 0
 64792	 64879 : 0
 64876	 64883 : 0
 64880	 64939 : 0
 64936	 64955 : 0
 64952	 64971 : 0
 64968	 64979 : 0
 64976	 64983 : 0
 64980	 64999 : 0
 64996	 65019 : 0
 65016	 65023 : 0
 65020	 65035 : 0
 65032	 65039 : 0
 65036	 65091 : 1
 65088	 65107 : 0
 65104	 65175 : 0
 65172	 65191 : 0
 65188	 65195 : 0
 65192	 65199 : 0
 65196	 65283 : 0
 65280	 65499 : 0
 65496	 65503 : 0
 65500	 65507 : 0
 65504	 65515 : 0
 65512	 65523 : 0
 65520	 65527 : 0
 65524	 65539 : 0
 65536	 65607 : 0
 65604	 65615 : 0
 65612	 65623 : 0
 65620	 65647 : 0
 65644	 65743 : 0
 65740	 65755 : 0
 65752	 65795 : 0
 65792	 65831 : 0
 65828	 65839 : 0
 65836	 65859 : 0
 65856	 65863 : 0
 65860	 65875 : 0
 65872	 65919 : 0
 65916	 65975 : 0
 65972	 66031 : 0
 66028	 66039 : 0
 66036	 66211 : 0
 66208	 66215 : 0
 66212	 66323 : 0
 66320	 66335 : 0
 66332	 66339 : 1
 66336	 66359 : 0
 66356	 66367 : 0
 66364	 66379 : 0
 66376	 66387 : 0
 66384	 66395 : 0
 66392	 66431 : 0
 66428	 66439 : 0
 66436	 66459 : 0
 66456	 66483 : 0
 66480	 66491 : 0
 66488	 66511 : 0
 66508	 66519 : 0
 66516	 66539 : 0
 66536	 66559 : 0
 66556	 66563 : 0
 66560	 66571 : 0
 66568	 66599 : 0
 66596	 66607 : 0
 66604	 66619 : 0
 66616	 66631 : 0
 66628	 66635 : 0
 66632	 66639 : 0
 66636	 66643 : 0
 66640	 66647 : 0
 66644	 66659 : 0
 66656	 66679 : 0
 66676	 66707 : 0
 66704	 66763 : 0
 66760	 66767 : 0
 66764	 66771 : 0
 66768	 66807 : 0
 66804	 66827 : 0
 66824	 66867 : 0
 66864	 66871 : 0
 66868	 66875 : 0
 66872	 66915 : 0
 66912	 66971 : 0
 66968	 66987 : 0
 66984	 66995 : 0
 66992	 67007 : 0
 67004	 67011 : 0
 67008	 67023 : 0
 67020	 67035 : 0
 67032	 67039 : 0
 67036	 67043 : 0
 67040	 67051 : 1
 67048	 67203 : 0
 67200	 67291 : 1
 67288	 67295 : 0
 67292	 67327 : 0
 67324	 67419 : 0
 67416	 67423 : 0
 67420	 67451 : 0
 67448	 67563 : 0
 67560	 67567 : 0
 67564	 67571 : 0
 67568	 67575 : 0
 67572	 67595 : 0
 67592	 67667 : 0
 67664	 67687 : 0
 67684	 67715 : 0
 67712	 67719 : 0
 67716	 67727 : 0
 67724	 67743 : 0
 67740	 67759 : 0
 67756	 67763 : 0
 67760	 67771 : 0
 67768	 67783 : 0
 67780	 67827 : 0
 67824	 67835 : 0
 67832	 67891 : 0
 67888	 67895 : 0
 67892	 67899 : 0
 67896	 67923 : 0
 67920	 67927 : 0
 67924	 67971 : 0
 67968	 67975 : 0
 67972	 67987 : 0
 67984	 67995 : 0
 67992	 68039 : 0
 68036	 68043 : 0
 68040	 68155 : 0
 68152	 68159 : 0
 68156	 68183 : 0
 68180	 68215 : 0
 68212	 68219 : 0
 68216	 68243 : 0
 68240	 68247 : 0
 68244	 68259 : 0
 68256	 68267 : 0
 68264	 68283 : 0
 68280	 68311 : 0
 68308	 68323 : 0
 68320	 68327 : 0
 68324	 68331 : 0
 68328	 68339 : 1
 68336	 68623 : 0
 68620	 68635 : 1
 68632	 68655 : 0
 68652	 68663 : 0
 68660	 68691 : 0
 68688	 68707 : 0
 68704	 68711 : 0
 68708	 68715 : 0
 68712	 68751 : 0
 68748	 68919 : 0
 68916	 68923 : 0
 68920	 68931 : 0
 68928	 69023 : 0
 69020	 70583 : 0
 70580	 70595 : 0
 70592	 70639 : 0
 70636	 70647 : 0
 70644	 70935 : 0
 70932	 70959 : 0
 70956	 70975 : 0
 70972	 70995 : 0
 70992	 71303 : 1
 71300	 71307 : 0
 71304	 71331 : 0
 71328	 71367 : 0
 71364	 71371 : 0
 71368	 71375 : 0
 71372	 71383 : 0
 71380	 71391 : 0
 71388	 71399 : 0
 71396	 71403 : 0
 71400	 71411 : 0
 71408	 71423 : 0
 71420	 71435 : 0
 71432	 71479 : 0
 71476	 71507 : 1
 71504	 71523 : 0
 71520	 71527 : 0
 71524	 71531 : 0
 71528	 71871 : 0
 71868	 71899 : 0
 71896	 71939 : 0
 71936	 71955 : 0
 71952	 71983 : 0
 71980	 71999 : 0
 71996	 72003 : 0
 72000	 72039 : 0
 72036	 72043 : 0
 72040	 72139 : 0
 72136	 72159 : 0
 72156	 72179 : 0
 72176	 72207 : 0
 72204	 72235 : 0
 72232	 72239 : 0
 72236	 72243 : 0
 72240	 72387 : 0
 72384	 72391 : 0
 72388	 72547 : 0
 72544	 72551 : 0
 72548	 72555 : 0
 72552	 72575 : 0
 72572	 72623 : 0
 72620	 72627 : 0
 72624	 72659 : 0
 72656	 72707 : 0
 72704	 72723 : 0
 72720	 72731 : 0
 72728	 72735 : 0
 72732	 72739 : 0
 72736	 72899 : 0
 72896	 72911 : 0
 72908	 73059 : 0
 73056	 73063 : 0
 73060	 73119 : 0
 73116	 73135 : 0
 73132	 73147 : 0
 73144	 73159 : 0
 73156	 73171 : 0
 73168	 73203 : 0
 73200	 73207 : 0
 73204	 73211 : 0
 73208	 73387 : 0
