     0	    11 : 0
     8	    43 : 0
    40	    55 : 1
    52	    59 : 0
    56	    87 : 0
    84	    95 : 0
    92	   115 : 1
   112	   123 : 0
   120	   131 : 0
   128	   183 : 0
   180	   191 : 1
   188	   199 : 0
   196	   207 : 0
   204	   271 : 0
   268	   287 : 1
   284	   299 : 0
   296	   307 : 1
   304	   335 : 0
   332	   347 : 1
   344	   379 : 0
   376	   383 : 1
   380	   387 : 0
   384	   403 : 1
   400	   407 : 0
   404	   419 : 1
   416	   515 : 0
   512	   563 : 1
   560	   567 : 0
   564	   571 : 1
   568	   575 : 0
   572	   591 : 0
   588	   611 : 0
   608	   615 : 0
   612	   647 : 0
   644	   655 : 0
   652	   667 : 0
   664	   671 : 0
   668	   695 : 0
   692	   707 : 0
   704	   759 : 0
   756	   787 : 0
   784	   807 : 0
   804	   819 : 0
   816	   831 : 0
   828	   847 : 0
   844	   883 : 0
   880	   895 : 0
   892	   963 : 0
   960	   975 : 0
   972	   987 : 0
   984	   991 : 0
   988	  1003 : 0
  1000	  1023 : 0
  1020	  1047 : 0
  1044	  1059 : 0
  1056	  1079 : 0
  1076	  1095 : 0
  1092	  1107 : 0
  1104	  1255 : 0
  1252	  1271 : 0
  1268	  1287 : 0
  1284	  1347 : 0
  1344	  1355 : 0
  1352	  1359 : 0
  1356	  1367 : 1
  1364	  1423 : 0
  1420	  1431 : 1
  1428	  1443 : 0
  1440	  1451 : 0
  1448	  1455 : 0
  1452	  1459 : 0
  1456	  1471 : 0
  1468	  1511 : 0
  1508	  1519 : 0
  1516	  1531 : 0
  1528	  1583 : 0
  1580	  1587 : 0
  1584	  1615 : 0
  1612	  1619 : 1
  1616	  1663 : 0
  1660	  1667 : 1
  1664	  1747 : 0
  1744	  1759 : 0
  1756	  1807 : 0
  1804	  1839 : 0
  1836	  1863 : 0
  1860	  1867 : 1
  1864	  1899 : 0
  1896	  1927 : 0
  1924	  1931 : 0
  1928	  1935 : 0
  1932	  1939 : 0
  1936	  1943 : 0
  1940	  1947 : 0
  1944	  1955 : 1
  1952	  2327 : 0
  2324	  2351 : 1
  2348	  2379 : 0
  2376	  2399 : 0
  2396	  2423 : 0
  2420	  2531 : 0
  2528	  2535 : 0
  2532	  2543 : 0
  2540	  2579 : 0
  2576	  2783 : 0
  2780	  2831 : 0
  2828	  2839 : 1
  2836	  2843 : 0
  2840	  2887 : 0
  2884	  2923 : 0
  2920	  2975 : 0
  2972	  2991 : 0
  2988	  2995 : 0
  2992	  3039 : 0
  3036	  3047 : 1
  3044	  3079 : 0
  3076	  3087 : 1
  3084	  3127 : 0
  3124	  3163 : 0
  3160	  3215 : 0
  3212	  3219 : 0
  3216	  3223 : 0
  3220	  3227 : 0
  3224	  3231 : 0
  3228	  3239 : 0
  3236	  3243 : 0
  3240	  3247 : 0
  3244	  3271 : 0
  3268	  3275 : 0
  3272	  3303 : 0
  3300	  3315 : 0
  3312	  3319 : 0
  3316	  3323 : 0
  3320	  3375 : 0
  3372	  3391 : 1
  3388	  3455 : 0
  3452	  3479 : 0
  3476	  3515 : 0
  3512	  3523 : 0
  3520	  3639 : 0
  3636	  3647 : 0
  3644	  3695 : 0
  3692	  3703 : 1
  3700	  3707 : 0
  3704	  3779 : 0
  3776	  3783 : 0
  3780	  3815 : 1
  3812	  3831 : 0
  3828	  3835 : 0
  3832	  3839 : 0
  3836	  3855 : 1
  3852	  3879 : 0
  3876	  3891 : 0
  3888	  3895 : 0
  3892	  3911 : 0
  3908	  3923 : 0
  3920	  3939 : 0
  3936	  3955 : 0
  3952	  3987 : 0
  3984	  4007 : 0
  4004	  4011 : 1
  4008	  4015 : 0
  4012	  4083 : 0
  4080	  4107 : 0
  4104	  4135 : 0
  4132	  4167 : 0
  4164	  4175 : 1
  4172	  4219 : 0
  4216	  4227 : 1
  4224	  4331 : 0
  4328	  4339 : 1
  4336	  4383 : 0
  4380	  4507 : 0
  4504	  4539 : 0
  4536	  4559 : 0
  4556	  4611 : 0
  4608	  4631 : 0
  4628	  4723 : 0
  4720	  4747 : 0
  4744	  4755 : 0
  4752	  5039 : 0
  5036	  5123 : 0
  5120	  5131 : 1
  5128	  5195 : 0
  5192	  5199 : 1
  5196	  5271 : 0
  5268	  5275 : 0
  5272	  5295 : 0
  5292	  5303 : 1
  5300	  5323 : 0
  5320	  5331 : 1
  5328	  5335 : 0
  5332	  5339 : 0
  5336	  5343 : 0
  5340	  5347 : 0
  5344	  5359 : 0
  5356	  5423 : 0
  5420	  5427 : 0
  5424	  5443 : 1
  5440	  5463 : 0
  5460	  5467 : 0
  5464	  5519 : 0
  5516	  5543 : 0
  5540	  5547 : 0
  5544	  5567 : 0
  5564	  5587 : 0
  5584	  5727 : 0
  5724	  6043 : 0
  6040	  6083 : 0
  6080	  6099 : 0
  6096	  6151 : 1
  6148	  6191 : 0
  6188	  6195 : 1
  6192	  6251 : 0
  6248	  6323 : 0
  6320	  6399 : 0
  6396	  6435 : 0
  6432	  6439 : 0
  6436	  6447 : 1
  6444	  6459 : 0
  6456	  6575 : 1
  6572	  6663 : 0
  6660	  6667 : 0
  6664	  6675 : 0
  6672	  6763 : 1
  6760	  6803 : 0
  6800	  6879 : 1
  6876	  7163 : 0
  7160	  7171 : 1
  7168	  7319 : 0
  7316	  7335 : 1
  7332	  7367 : 0
  7364	  7379 : 0
  7376	  7599 : 0
  7596	  7943 : 1
  7940	  7955 : 0
  7952	  7963 : 0
  7960	  7975 : 0
  7972	  7979 : 0
  7976	  7983 : 0
  7980	  8059 : 0
  8056	  8067 : 0
  8064	  8071 : 0
  8068	  8091 : 0
  8088	  8099 : 0
  8096	  8103 : 2
  8100	  8107 : 1
  8104	  8111 : 0
  8108	  8115 : 0
  8112	  8135 : 0
  8132	  8139 : 0
  8136	  8207 : 0
  8204	  8219 : 1
  8216	  8291 : 0
  8288	  8315 : 0
  8312	  8327 : 0
  8324	  8339 : 1
  8336	  8371 : 0
  8368	  8379 : 1
  8376	  8447 : 0
  8444	  8515 : 1
  8512	  8559 : 0
  8556	  8567 : 1
  8564	  8583 : 0
  8580	  8631 : 0
  8628	  8659 : 0
  8656	  8663 : 0
  8660	  8683 : 0
  8680	  8763 : 1
  8760	  8771 : 0
  8768	  8783 : 0
  8780	  8795 : 0
  8792	  8815 : 0
  8812	  8863 : 0
  8860	  8867 : 1
  8864	  8871 : 0
  8868	  8895 : 0
  8892	  8931 : 0
  8928	  8955 : 0
  8952	  8959 : 0
  8956	  9023 : 0
  9020	  9079 : 0
  9076	  9087 : 1
  9084	  9115 : 0
  9112	  9119 : 1
  9116	  9203 : 0
  9200	  9227 : 0
  9224	  9243 : 0
  9240	  9267 : 0
  9264	  9355 : 0
  9352	  9363 : 1
  9360	  9383 : 0
  9380	  9403 : 0
  9400	  9423 : 0
  9420	  9447 : 1
  9444	  9615 : 0
  9612	  9711 : 1
  9708	  9795 : 0
  9792	  9807 : 0
  9804	  9851 : 0
  9848	  9863 : 1
  9860	  9963 : 0
  9960	  9971 : 1
  9968	 10119 : 0
 10116	 10123 : 1
 10120	 10187 : 0
 10184	 10191 : 1
 10188	 10231 : 0
 10228	 10235 : 1
 10232	 10267 : 0
 10264	 10315 : 1
 10312	 10339 : 0
 10336	 10347 : 0
 10344	 10355 : 0
 10352	 10359 : 1
 10356	 10411 : 0
 10408	 10415 : 1
 10412	 10495 : 0
 10492	 10499 : 1
 10496	 10567 : 0
 10564	 10571 : 1
 10568	 10583 : 0
 10580	 10587 : 0
 10584	 10591 : 0
 10588	 10595 : 1
 10592	 10639 : 0
 10636	 10647 : 1
 10644	 10703 : 0
 10700	 10723 : 1
 10720	 10727 : 0
 10724	 10743 : 0
 10740	 10751 : 0
 10748	 10759 : 0
 10756	 10835 : 0
 10832	 10847 : 1
 10844	 10851 : 0
 10848	 10927 : 0
 10924	 10931 : 0
 10928	 10935 : 0
 10932	 11075 : 0
 11072	 11187 : 1
 11184	 11191 : 0
 11188	 11195 : 0
 11192	 11207 : 0
 11204	 11211 : 0
 11208	 11311 : 0
 11308	 11315 : 1
 11312	 11479 : 0
 11476	 11483 : 1
 11480	 11595 : 0
 11592	 11603 : 1
 11600	 11683 : 0
 11680	 11687 : 0
 11684	 11691 : 0
 11688	 11791 : 0
 11788	 11795 : 0
 11792	 11803 : 0
 11800	 11843 : 0
 11840	 11907 : 0
 11904	 11911 : 0
 11908	 11923 : 0
 11920	 11931 : 0
 11928	 11951 : 0
 11948	 11987 : 0
 11984	 12067 : 0
 12064	 12087 : 0
 12084	 12099 : 0
 12096	 12111 : 0
 12108	 12135 : 0
 12132	 12143 : 0
 12140	 12151 : 0
 12148	 12155 : 0
 12152	 12159 : 1
 12156	 12299 : 0
 12296	 12367 : 1
 12364	 12371 : 0
 12368	 12375 : 1
 12372	 12379 : 0
 12376	 12383 : 0
 12380	 12387 : 0
 12384	 12391 : 0
 12388	 12403 : 0
 12400	 12407 : 0
 12404	 12411 : 0
 12408	 12447 : 0
 12444	 12451 : 0
 12448	 12471 : 0
 12468	 12475 : 0
 12472	 12491 : 0
 12488	 12499 : 0
 12496	 12503 : 0
 12500	 12527 : 0
 12524	 12543 : 0
 12540	 12563 : 0
 12560	 12583 : 0
 12580	 12587 : 0
 12584	 12615 : 0
 12612	 12619 : 0
 12616	 12627 : 0
 12624	 12639 : 0
 12636	 12643 : 0
 12640	 12747 : 0
 12744	 12759 : 0
 12756	 12767 : 0
 12764	 12779 : 1
 12776	 12803 : 0
 12800	 12807 : 0
 12804	 12839 : 0
 12836	 12843 : 0
 12840	 12903 : 0
 12900	 12911 : 1
 12908	 12991 : 0
 12988	 12995 : 1
 12992	 13079 : 0
 13076	 13091 : 1
 13088	 13115 : 0
 13112	 13119 : 0
 13116	 13143 : 0
 13140	 13155 : 0
 13152	 13191 : 0
 13188	 13215 : 0
 13212	 13219 : 0
 13216	 13271 : 0
 13268	 13459 : 0
 13456	 13567 : 1
 13564	 13571 : 0
 13568	 13575 : 0
 13572	 13591 : 0
 13588	 13603 : 0
 13600	 13607 : 0
 13604	 13611 : 0
 13608	 13615 : 0
 13612	 13671 : 0
 13668	 13679 : 0
 13676	 13683 : 0
 13680	 13691 : 0
 13688	 13695 : 0
 13692	 13935 : 0
 13932	 14067 : 1
 14064	 14071 : 0
 14068	 14095 : 0
 14092	 14103 : 0
 14100	 14107 : 0
 14104	 14111 : 0
 14108	 14115 : 1
 14112	 14303 : 0
 14300	 14307 : 1
 14304	 14423 : 0
 14420	 14431 : 0
 14428	 14467 : 0
 14464	 14479 : 0
 14476	 14491 : 0
 14488	 14499 : 0
 14496	 14611 : 0
 14608	 14715 : 1
 14712	 14719 : 0
 14716	 14723 : 1
 14720	 14727 : 0
 14724	 14731 : 1
 14728	 14851 : 0
 14848	 14943 : 1
 14940	 14947 : 0
 14944	 14963 : 0
 14960	 15059 : 0
 15056	 15083 : 0
 15080	 15087 : 0
 15084	 15091 : 0
 15088	 15099 : 0
 15096	 15107 : 0
 15104	 15115 : 0
 15112	 15119 : 0
 15116	 15123 : 0
 15120	 15147 : 0
 15144	 15151 : 0
 15148	 15211 : 0
 15208	 15215 : 0
 15212	 15235 : 0
 15232	 15243 : 0
 15240	 15307 : 1
 15304	 15327 : 0
 15324	 15331 : 0
 15328	 15351 : 0
 15348	 15387 : 0
 15384	 15395 : 0
 15392	 15407 : 0
 15404	 15567 : 0
 15564	 15575 : 1
 15572	 15779 : 0
 15776	 15783 : 1
 15780	 15895 : 0
 15892	 15907 : 0
 15904	 15911 : 0
 15908	 15915 : 1
 15912	 16003 : 0
 16000	 16027 : 1
 16024	 16071 : 0
 16068	 16115 : 0
 16112	 16119 : 0
 16116	 16319 : 0
 16316	 16375 : 0
 16372	 16383 : 1
 16380	 16435 : 0
 16432	 16531 : 1
 16528	 16543 : 0
 16540	 16579 : 1
 16576	 16603 : 0
 16600	 16791 : 0
 16788	 16859 : 0
 16856	 16919 : 1
 16916	 16931 : 0
 16928	 16955 : 1
 16952	 16959 : 0
 16956	 16979 : 0
 16976	 16983 : 0
 16980	 16991 : 0
 16988	 17103 : 0
 17100	 17131 : 1
 17128	 17243 : 0
 17240	 17391 : 1
 17388	 17395 : 0
 17392	 17399 : 1
 17396	 17447 : 0
 17444	 17451 : 1
 17448	 17455 : 0
 17452	 17463 : 0
 17460	 17475 : 0
 17472	 17479 : 0
 17476	 17483 : 0
 17480	 17547 : 0
 17544	 17579 : 0
 17576	 17587 : 0
 17584	 17615 : 0
 17612	 17847 : 1
 17844	 17855 : 0
 17852	 17887 : 0
 17884	 17907 : 0
 17904	 17979 : 0
 17976	 18127 : 0
 18124	 18131 : 1
 18128	 18147 : 0
 18144	 18163 : 0
 18160	 18203 : 0
 18200	 18207 : 0
 18204	 18243 : 0
 18240	 18259 : 1
 18256	 18359 : 0
 18356	 18411 : 1
 18408	 18451 : 0
 18448	 18467 : 1
 18464	 18603 : 0
 18600	 18667 : 1
 18664	 18679 : 0
 18676	 18767 : 0
 18764	 18899 : 0
 18896	 18911 : 0
 18908	 18931 : 0
 18928	 18939 : 1
 18936	 19011 : 0
 19008	 19015 : 0
 19012	 19051 : 0
 19048	 19067 : 0
 19064	 19071 : 0
 19068	 19263 : 1
 19260	 19283 : 0
 19280	 19331 : 1
 19328	 19499 : 0
 19496	 19523 : 0
 19520	 19531 : 0
 19528	 19539 : 1
 19536	 19583 : 0
 19580	 19587 : 0
 19584	 19619 : 0
 19616	 19623 : 0
 19620	 19635 : 0
 19632	 19639 : 1
 19636	 19655 : 0
 19652	 19667 : 1
 19664	 19715 : 0
 19712	 19755 : 1
 19752	 19759 : 0
 19756	 19823 : 1
 19820	 19827 : 0
 19824	 19867 : 1
 19864	 19875 : 0
 19872	 19979 : 0
 19976	 20075 : 0
 20072	 20095 : 0
 20092	 20223 : 0
 20220	 20231 : 0
 20228	 20243 : 0
 20240	 20267 : 0
 20264	 20299 : 0
 20296	 20323 : 1
 20320	 20395 : 0
 20392	 20419 : 0
 20416	 20467 : 0
 20464	 20475 : 1
 20472	 20527 : 0
 20524	 20631 : 1
 20628	 20647 : 0
 20644	 20655 : 0
 20652	 20659 : 0
 20656	 20663 : 1
 20660	 20771 : 0
 20768	 20779 : 0
 20776	 20783 : 0
 20780	 20791 : 0
 20788	 20807 : 0
 20804	 20815 : 0
 20812	 20819 : 0
 20816	 20823 : 0
 20820	 20831 : 0
 20828	 20847 : 0
 20844	 20855 : 0
 20852	 20875 : 0
 20872	 20967 : 0
 20964	 20971 : 1
 20968	 21035 : 0
 21032	 21047 : 0
 21044	 21063 : 0
 21060	 21067 : 0
 21064	 21099 : 0
 21096	 21107 : 1
 21104	 21207 : 0
 21204	 21215 : 1
 21212	 21295 : 0
 21292	 21299 : 1
 21296	 21323 : 0
 21320	 21331 : 1
 21328	 21359 : 0
 21356	 21363 : 1
 21360	 21383 : 0
 21380	 21391 : 1
 21388	 21451 : 0
 21448	 21463 : 1
 21460	 21471 : 0
 21468	 21491 : 0
 21488	 21495 : 0
 21492	 21507 : 1
 21504	 21515 : 0
 21512	 21519 : 0
 21516	 21523 : 0
 21520	 21587 : 0
 21584	 21591 : 0
 21588	 21595 : 1
 21592	 21611 : 0
 21608	 21615 : 0
 21612	 21655 : 0
 21652	 21739 : 1
 21736	 21787 : 0
 21784	 21835 : 1
 21832	 21863 : 0
 21860	 21871 : 1
 21868	 21911 : 0
 21908	 21919 : 1
 21916	 22003 : 0
 22000	 22007 : 1
 22004	 22011 : 0
 22008	 22023 : 0
 22020	 22027 : 0
 22024	 22043 : 0
 22040	 22047 : 0
 22044	 22051 : 1
 22048	 22095 : 0
 22092	 22099 : 1
 22096	 22155 : 0
 22152	 22183 : 1
 22180	 22191 : 0
 22188	 22219 : 0
 22216	 22223 : 2
 22220	 22287 : 0
 22284	 22291 : 1
 22288	 22299 : 0
 22296	 22395 : 0
 22392	 22399 : 0
 22396	 22423 : 0
 22420	 22467 : 0
 22464	 22483 : 1
 22480	 22531 : 0
 22528	 22539 : 1
 22536	 22599 : 0
 22596	 22603 : 1
 22600	 22647 : 0
 22644	 22655 : 1
 22652	 22711 : 0
 22708	 22715 : 1
 22712	 22827 : 0
 22824	 22831 : 0
 22828	 22855 : 0
 22852	 22859 : 1
 22856	 22899 : 0
 22896	 22907 : 0
 22904	 22919 : 0
 22916	 22935 : 0
 22932	 22947 : 0
 22944	 22955 : 1
 22952	 22963 : 0
 22960	 23003 : 1
 23000	 23027 : 0
 23024	 23031 : 1
 23028	 23039 : 0
 23036	 23059 : 0
 23056	 23107 : 0
 23104	 23111 : 1
 23108	 23119 : 0
 23116	 23147 : 0
 23144	 23151 : 0
 23148	 23167 : 0
 23164	 23175 : 0
 23172	 23223 : 0
 23220	 23247 : 0
 23244	 23307 : 0
 23304	 23367 : 0
 23364	 23459 : 1
