     0	    67 : 0
    64	    71 : 0
    68	    75 : 0
    72	   115 : 0
   112	   119 : 0
   116	   123 : 0
   120	   143 : 0
   140	   155 : 0
   152	   159 : 1
   156	   175 : 0
   172	   211 : 1
   208	   215 : 0
   212	   259 : 1
   256	   271 : 0
   268	   295 : 1
   292	   299 : 0
   296	   315 : 1
   312	   323 : 0
   320	   335 : 1
   332	   339 : 0
   336	   343 : 0
   340	   351 : 0
   348	   399 : 1
   396	   455 : 0
   452	   467 : 0
   464	   495 : 0
   492	   555 : 1
   552	   563 : 0
   560	   575 : 0
   572	   587 : 0
   584	   643 : 1
   640	   695 : 0
   692	   759 : 0
   756	   763 : 0
   760	   799 : 1
   796	   811 : 0
   808	   819 : 1
   816	   831 : 0
   828	   843 : 0
   840	   855 : 0
   852	   863 : 1
   860	   907 : 0
   904	   923 : 0
   920	   947 : 0
   944	   995 : 0
   992	  1023 : 0
  1020	  1047 : 1
  1044	  1055 : 0
  1052	  1067 : 1
  1064	  1099 : 0
  1096	  1103 : 1
  1100	  1147 : 0
  1144	  1155 : 0
  1152	  1183 : 0
  1180	  1191 : 1
  1188	  1231 : 0
  1228	  1243 : 0
  1240	  1259 : 0
  1256	  1267 : 1
  1264	  1343 : 0
  1340	  1363 : 1
  1360	  1387 : 0
  1384	  1391 : 1
  1388	  1395 : 0
  1392	  1399 : 1
  1396	  1447 : 0
  1444	  1467 : 0
  1464	  1579 : 0
  1576	  1619 : 1
  1616	  1635 : 0
  1632	  1671 : 0
  1668	  1731 : 0
  1728	  1739 : 1
  1736	  1743 : 0
  1740	  1755 : 0
  1752	  1759 : 0
  1756	  1779 : 0
  1776	  1795 : 0
  1792	  1803 : 0
  1800	  1823 : 0
  1820	  1827 : 1
  1824	  1835 : 0
  1832	  1847 : 0
  1844	  1907 : 0
  1904	  1911 : 1
  1908	  1927 : 0
  1924	  1951 : 1
  1948	  1959 : 0
  1956	  1979 : 0
  1976	  1991 : 0
  1988	  1995 : 1
  1992	  1999 : 0
  1996	  2011 : 1
  2008	  2035 : 0
  2032	  2039 : 1
  2036	  2047 : 0
  2044	  2051 : 0
  2048	  2067 : 0
  2064	  2075 : 0
  2072	  2091 : 0
  2088	  2099 : 1
  2096	  2107 : 0
  2104	  2143 : 1
  2140	  2163 : 0
  2160	  2191 : 0
  2188	  2215 : 0
  2212	  2219 : 0
  2216	  2223 : 0
  2220	  2235 : 1
  2232	  2243 : 0
  2240	  2283 : 0
  2280	  2287 : 0
  2284	  2291 : 1
  2288	  2307 : 0
  2304	  2327 : 0
  2324	  2331 : 0
  2328	  2335 : 0
  2332	  2339 : 0
  2336	  2347 : 1
  2344	  2351 : 0
  2348	  2367 : 0
  2364	  2403 : 0
  2400	  2407 : 0
  2404	  2443 : 0
  2440	  2459 : 0
  2456	  2471 : 0
  2468	  2487 : 1
  2484	  2495 : 0
  2492	  2499 : 1
  2496	  2523 : 0
  2520	  2559 : 0
  2556	  2567 : 0
  2564	  2579 : 0
  2576	  2587 : 0
  2584	  2607 : 1
  2604	  2615 : 0
  2612	  2655 : 1
  2652	  2699 : 0
  2696	  2727 : 1
  2724	  2735 : 0
  2732	  2795 : 1
  2792	  2863 : 0
  2860	  2871 : 0
  2868	  2887 : 0
  2884	  2895 : 0
  2892	  2899 : 0
  2896	  2903 : 0
  2900	  2907 : 0
  2904	  2915 : 0
  2912	  2935 : 0
  2932	  2955 : 1
  2952	  2959 : 0
  2956	  2967 : 0
  2964	  2971 : 0
  2968	  2995 : 1
  2992	  3003 : 0
  3000	  3011 : 1
  3008	  3031 : 0
  3028	  3035 : 1
  3032	  3091 : 0
  3088	  3147 : 1
  3144	  3163 : 0
  3160	  3195 : 0
  3192	  3203 : 0
  3200	  3207 : 0
  3204	  3219 : 0
  3216	  3227 : 1
  3224	  3231 : 0
  3228	  3243 : 1
  3240	  3255 : 0
  3252	  3271 : 0
  3268	  3279 : 0
  3276	  3307 : 0
  3304	  3311 : 0
  3308	  3315 : 0
  3312	  3331 : 0
  3328	  3371 : 1
  3368	  3383 : 0
  3380	  3391 : 1
  3388	  3451 : 0
  3448	  3475 : 1
  3472	  3507 : 0
  3504	  3531 : 0
  3528	  3535 : 0
  3532	  3555 : 0
  3552	  3563 : 0
  3560	  3567 : 1
  3564	  3643 : 0
  3640	  3671 : 1
  3668	  3691 : 0
  3688	  3715 : 1
  3712	  3719 : 0
  3716	  3735 : 0
  3732	  3743 : 0
  3740	  3795 : 1
  3792	  3851 : 0
  3848	  3859 : 1
  3856	  3879 : 0
  3876	  3919 : 1
  3916	  3931 : 0
  3928	  3959 : 1
  3956	  3967 : 0
  3964	  3991 : 0
  3988	  3995 : 0
  3992	  4003 : 1
  4000	  4023 : 0
  4020	  4031 : 0
  4028	  4035 : 0
  4032	  4043 : 0
  4040	  4047 : 0
  4044	  4055 : 0
  4052	  4063 : 0
  4060	  4107 : 0
  4104	  4111 : 0
  4108	  4119 : 1
  4116	  4123 : 0
  4120	  4143 : 1
  4140	  4147 : 0
  4144	  4155 : 0
  4152	  4171 : 0
  4168	  4175 : 1
  4172	  4179 : 0
  4176	  4183 : 0
  4180	  4187 : 0
  4184	  4195 : 1
  4192	  4203 : 0
  4200	  4211 : 1
  4208	  4219 : 0
  4216	  4223 : 1
  4220	  4235 : 0
  4232	  4247 : 1
  4244	  4251 : 0
  4248	  4255 : 1
  4252	  4275 : 0
  4272	  4279 : 1
  4276	  4291 : 0
  4288	  4299 : 1
  4296	  4303 : 0
  4300	  4311 : 1
  4308	  4315 : 0
  4312	  4343 : 1
  4340	  4351 : 0
  4348	  4355 : 1
  4352	  4367 : 0
  4364	  4375 : 1
  4372	  4411 : 0
  4408	  4415 : 1
  4412	  4419 : 0
  4416	  4423 : 1
  4420	  4459 : 0
  4456	  4499 : 1
  4496	  4511 : 0
  4508	  4519 : 1
  4516	  4523 : 0
  4520	  4535 : 1
  4532	  4547 : 0
  4544	  4555 : 0
  4552	  4559 : 0
  4556	  4579 : 1
  4576	  4591 : 0
  4588	  4607 : 1
  4604	  4619 : 0
  4616	  4627 : 1
  4624	  4679 : 0
  4676	  4687 : 1
  4684	  4779 : 0
  4776	  4787 : 1
  4784	  4795 : 0
  4792	  4803 : 1
  4800	  4811 : 0
  4808	  4819 : 1
  4816	  4843 : 0
  4840	  4863 : 0
  4860	  4871 : 0
  4868	  4899 : 1
  4896	  4931 : 0
  4928	  4943 : 1
  4940	  4967 : 0
  4964	  4971 : 1
  4968	  4991 : 0
  4988	  5011 : 1
  5008	  5023 : 0
  5020	  5095 : 0
  5092	  5107 : 0
  5104	  5123 : 1
  5120	  5143 : 0
  5140	  5159 : 0
  5156	  5171 : 0
  5168	  5175 : 0
  5172	  5191 : 0
  5188	  5203 : 0
  5200	  5227 : 0
  5224	  5231 : 0
  5228	  5251 : 0
  5248	  5255 : 1
  5252	  5259 : 0
  5256	  5275 : 0
  5272	  5279 : 0
  5276	  5287 : 1
  5284	  5299 : 0
  5296	  5307 : 1
  5304	  5319 : 0
  5316	  5327 : 1
  5324	  5331 : 0
  5328	  5387 : 1
  5384	  5395 : 0
  5392	  5415 : 1
  5412	  5419 : 0
  5416	  5431 : 1
  5428	  5447 : 0
  5444	  5459 : 1
  5456	  5463 : 0
  5460	  5479 : 1
  5476	  5483 : 0
  5480	  5511 : 0
  5508	  5515 : 0
  5512	  5527 : 0
  5524	  5543 : 0
  5540	  5575 : 0
  5572	  5579 : 0
  5576	  5587 : 1
  5584	  5611 : 0
  5608	  5619 : 1
  5616	  5623 : 0
  5620	  5651 : 0
  5648	  5655 : 0
  5652	  5663 : 1
  5660	  5695 : 0
  5692	  5703 : 1
  5700	  5707 : 0
  5704	  5755 : 1
  5752	  5759 : 0
  5756	  5767 : 1
  5764	  5779 : 0
  5776	  5791 : 1
  5788	  5799 : 0
  5796	  5811 : 1
  5808	  5815 : 0
  5812	  5839 : 1
  5836	  5871 : 0
  5868	  5883 : 1
  5880	  5887 : 0
  5884	  5903 : 1
  5900	  5907 : 0
  5904	  5919 : 1
  5916	  5935 : 0
  5932	  5939 : 1
  5936	  5943 : 0
  5940	  5947 : 1
  5944	  5951 : 0
  5948	  5955 : 1
  5952	  5959 : 0
  5956	  5967 : 0
  5964	  5971 : 0
  5968	  5979 : 1
  5976	  5991 : 0
  5988	  5995 : 1
  5992	  6011 : 0
  6008	  6015 : 1
  6012	  6031 : 0
  6028	  6043 : 1
  6040	  6051 : 0
  6048	  6075 : 1
  6072	  6091 : 0
  6088	  6095 : 1
  6092	  6127 : 0
  6124	  6135 : 1
  6132	  6139 : 0
  6136	  6147 : 1
  6144	  6151 : 0
  6148	  6163 : 1
  6160	  6167 : 0
  6164	  6171 : 1
  6168	  6223 : 0
  6220	  6227 : 0
  6224	  6275 : 0
  6272	  6551 : 0
