     0	   147 : 0
   144	   151 : 0
   148	   243 : 0
   240	   247 : 0
   244	   319 : 0
   316	   423 : 0
   420	   431 : 1
   428	   515 : 0
   512	   519 : 1
   516	   531 : 0
   528	   639 : 0
   636	   643 : 0
   640	   671 : 0
   668	   687 : 0
   684	   695 : 0
   692	   715 : 0
   712	   739 : 0
   736	   827 : 0
   824	   959 : 0
   956	   967 : 0
   964	   999 : 0
   996	  1023 : 0
  1020	  1067 : 0
  1064	  1127 : 0
  1124	  1135 : 0
  1132	  1139 : 0
  1136	  1167 : 0
  1164	  1215 : 0
  1212	  1219 : 0
  1216	  1227 : 0
  1224	  1243 : 0
  1240	  1283 : 0
  1280	  1291 : 0
  1288	  1451 : 0
  1448	  1519 : 0
  1516	  1527 : 0
  1524	  1531 : 0
  1528	  1643 : 0
  1640	  1651 : 1
  1648	  1691 : 0
  1688	  1699 : 1
  1696	  1739 : 0
  1736	  1743 : 1
  1740	  1783 : 0
  1780	  1787 : 1
  1784	  1827 : 0
  1824	  1839 : 1
  1836	  1879 : 0
  1876	  1883 : 1
  1880	  1967 : 0
  1964	  1971 : 1
  1968	  2015 : 0
  2012	  2019 : 1
  2016	  2063 : 0
  2060	  2067 : 1
  2064	  2111 : 0
  2108	  2151 : 1
  2148	  2199 : 0
  2196	  2203 : 1
  2200	  2291 : 0
  2288	  2295 : 1
  2292	  2311 : 0
  2308	  2347 : 0
  2344	  2427 : 0
  2424	  2435 : 1
  2432	  2475 : 0
  2472	  2499 : 1
  2496	  2535 : 0
  2532	  2567 : 0
  2564	  2571 : 0
  2568	  2575 : 1
  2572	  2591 : 0
  2588	  2619 : 0
  2616	  2627 : 0
  2624	  2667 : 0
  2664	  2675 : 0
  2672	  2679 : 0
  2676	  2711 : 0
  2708	  2715 : 1
  2712	  2799 : 0
  2796	  2803 : 1
  2800	  2859 : 0
  2856	  2863 : 0
  2860	  2883 : 0
  2880	  2895 : 1
  2892	  2903 : 0
  2900	  2923 : 0
  2920	  2991 : 0
  2988	  2995 : 0
  2992	  3215 : 0
  3212	  3219 : 0
  3216	  3259 : 0
  3256	  3283 : 1
  3280	  3359 : 0
  3356	  3391 : 0
  3388	  3395 : 0
  3392	  3451 : 0
  3448	  3459 : 0
  3456	  3467 : 0
  3464	  3471 : 0
  3468	  3483 : 0
  3480	  3543 : 0
  3540	  3631 : 1
  3628	  3635 : 0
  3632	  3639 : 0
  3636	  3675 : 0
  3672	  3683 : 1
  3680	  3723 : 0
  3720	  3731 : 1
  3728	  3739 : 0
  3736	  3751 : 0
  3748	  3763 : 0
  3760	  3871 : 0
  3868	  3875 : 0
  3872	  3879 : 0
  3876	  3951 : 0
  3948	  4007 : 1
  4004	  4011 : 0
  4008	  4031 : 0
  4028	  4091 : 0
  4088	  4095 : 1
  4092	  4127 : 0
  4124	  4147 : 0
  4144	  4183 : 0
  4180	  4203 : 1
  4200	  4231 : 0
  4228	  4235 : 1
  4232	  4259 : 0
  4256	  4287 : 0
  4284	  4303 : 0
  4300	  4319 : 0
  4316	  4323 : 0
  4320	  4327 : 1
  4324	  4367 : 0
  4364	  4375 : 1
  4372	  4399 : 0
  4396	  4403 : 0
  4400	  4415 : 0
  4412	  4419 : 1
  4416	  4503 : 0
  4500	  4511 : 1
  4508	  4551 : 0
  4548	  4607 : 1
  4604	  4647 : 0
  4644	  4651 : 1
  4648	  4695 : 0
  4692	  4707 : 1
  4704	  4719 : 0
  4716	  4731 : 0
  4728	  4739 : 0
  4736	  4743 : 1
  4740	  4827 : 0
  4824	  4895 : 1
  4892	  4907 : 0
  4904	  4959 : 1
  4956	  5019 : 0
  5016	  5023 : 0
  5020	  5031 : 0
  5028	  5035 : 0
  5032	  5039 : 0
  5036	  5043 : 1
  5040	  5055 : 0
  5052	  5059 : 0
  5056	  5067 : 0
  5064	  5071 : 0
  5068	  5079 : 0
  5076	  5127 : 0
  5124	  5183 : 0
  5180	  5239 : 0
  5236	  5259 : 0
  5256	  5283 : 0
  5280	  5315 : 0
  5312	  5323 : 1
  5320	  5419 : 0
  5416	  5443 : 0
  5440	  5579 : 0
  5576	  5595 : 0
  5592	  5603 : 0
  5600	  5607 : 0
  5604	  5907 : 0
  5904	  5911 : 0
  5908	  6011 : 0
  6008	  6523 : 1
  6520	  6543 : 0
  6540	  6547 : 0
  6544	  6555 : 0
  6552	  6571 : 0
  6568	  6587 : 0
  6584	  6595 : 0
  6592	  6623 : 0
  6620	  7051 : 0
  7048	  7055 : 0
  7052	  7067 : 0
  7064	  7091 : 0
  7088	  7107 : 0
  7104	  7331 : 0
  7328	  7555 : 0
  7552	  7563 : 0
  7560	  7779 : 0
  7776	  7783 : 0
  7780	  7787 : 0
  7784	  8007 : 0
  8004	  8687 : 0
  8684	  8915 : 0
  8912	  9363 : 1
  9360	  9595 : 0
  9592	  9823 : 0
  9820	 10043 : 0
 10040	 10051 : 0
 10048	 10271 : 0
 10268	 10499 : 1
 10496	 10503 : 0
 10500	 10723 : 0
 10720	 10727 : 0
 10724	 11139 : 1
 11136	 11167 : 0
 11164	 11171 : 0
 11168	 11175 : 0
 11172	 11403 : 1
 11400	 11859 : 0
 11856	 12091 : 1
 12088	 12307 : 0
 12304	 13667 : 1
 13664	 13671 : 0
 13668	 13827 : 1
 13824	 13855 : 0
 13852	 13859 : 0
 13856	 13891 : 0
 13888	 14123 : 1
 14120	 14127 : 0
 14124	 14247 : 0
 14244	 14251 : 0
 14248	 14255 : 0
 14252	 14343 : 0
 14340	 14963 : 1
 14960	 14979 : 0
 14976	 14991 : 0
 14988	 15015 : 0
 15012	 15251 : 0
 15248	 15255 : 0
 15252	 15479 : 1
 15476	 15483 : 0
 15480	 15711 : 0
 15708	 16155 : 0
 16152	 16287 : 1
 16284	 16387 : 0
 16384	 16839 : 1
 16836	 17063 : 0
 17060	 17515 : 1
 17512	 17519 : 0
 17516	 17911 : 0
