     0	   275 : 0
   272	   395 : 0
   392	   511 : 0
   508	   551 : 0
   548	   563 : 0
   560	   567 : 0
   564	   659 : 0
   656	   775 : 0
   772	   783 : 0
   780	   795 : 0
   792	   799 : 1
   796	   863 : 0
   860	   923 : 1
   920	   927 : 0
   924	   943 : 0
   940	   975 : 0
   972	  1103 : 1
  1100	  1107 : 0
  1104	  1115 : 0
  1112	  1127 : 0
  1124	  1139 : 0
  1136	  1183 : 0
  1180	  1223 : 0
  1220	  1251 : 0
  1248	  1259 : 0
  1256	  1323 : 0
  1320	  1327 : 0
  1324	  1339 : 0
  1336	  1347 : 0
  1344	  1359 : 0
  1356	  1363 : 0
  1360	  1367 : 0
  1364	  1463 : 1
  1460	  1467 : 0
  1464	  1603 : 1
  1600	  1795 : 0
  1792	  1983 : 0
  1980	  2035 : 0
  2032	  2099 : 1
  2096	  2159 : 0
  2156	  2163 : 1
  2160	  2215 : 0
  2212	  2219 : 1
  2216	  2295 : 0
  2292	  2303 : 1
  2300	  2331 : 0
  2328	  2335 : 0
  2332	  2343 : 0
  2340	  2355 : 0
  2352	  2359 : 0
  2356	  2363 : 0
  2360	  2391 : 0
  2388	  2399 : 1
  2396	  2415 : 0
  2412	  2475 : 0
  2472	  2559 : 0
  2556	  2563 : 0
  2560	  2575 : 0
  2572	  2579 : 0
  2576	  2671 : 0
  2668	  2675 : 1
  2672	  2719 : 0
  2716	  2723 : 1
  2720	  2803 : 0
  2800	  2883 : 0
  2880	  2903 : 0
  2900	  2959 : 0
  2956	  3075 : 0
  3072	  3187 : 0
  3184	  3199 : 0
  3196	  3207 : 0
  3204	  3223 : 0
  3220	  3231 : 0
  3228	  3295 : 0
  3292	  3299 : 1
  3296	  3399 : 0
  3396	  3407 : 1
  3404	  3471 : 0
  3468	  3475 : 1
  3472	  3499 : 0
  3496	  3523 : 0
  3520	  3527 : 0
  3524	  3539 : 1
  3536	  3647 : 0
  3644	  3655 : 1
  3652	  4023 : 0
  4020	  4215 : 0
  4212	  4371 : 0
  4368	  4467 : 1
  4464	  4527 : 0
  4524	  4643 : 0
  4640	  4647 : 2
  4644	  4683 : 1
  4680	  4751 : 0
  4748	  4803 : 0
  4800	  4827 : 0
  4824	  4831 : 1
  4828	  4875 : 0
  4872	  4879 : 1
  4876	  4959 : 0
  4956	  4991 : 0
  4988	  5015 : 0
  5012	  5023 : 0
  5020	  5191 : 0
  5188	  5227 : 0
  5224	  5299 : 0
  5296	  5335 : 0
  5332	  5339 : 0
  5336	  5443 : 0
  5440	  5463 : 0
  5460	  5479 : 0
  5476	  5587 : 0
  5584	  5607 : 0
  5604	  5631 : 0
  5628	  5643 : 0
  5640	  5655 : 0
  5652	  5819 : 0
  5816	  5931 : 0
  5928	  5935 : 0
  5932	  5971 : 0
  5968	  5975 : 0
  5972	  5995 : 0
  5992	  6015 : 0
  6012	  6055 : 0
  6052	  6123 : 0
  6120	  6147 : 0
  6144	  6155 : 1
  6152	  6267 : 0
  6264	  6271 : 1
  6268	  6279 : 0
  6276	  6283 : 0
  6280	  6371 : 0
  6368	  6379 : 0
  6376	  6431 : 0
  6428	  6499 : 1
  6496	  6631 : 0
  6628	  6635 : 0
  6632	  6643 : 0
  6640	  6647 : 0
  6644	  6687 : 0
  6684	  6691 : 0
  6688	  6703 : 0
  6700	  6711 : 0
  6708	  6715 : 0
  6712	  6739 : 0
  6736	  6751 : 0
  6748	  6755 : 0
  6752	  6759 : 0
  6756	  6771 : 0
  6768	  6775 : 0
  6772	  6779 : 0
  6776	  6791 : 0
  6788	  6795 : 0
  6792	  6803 : 0
  6800	  6807 : 0
  6804	  6811 : 0
  6808	  6819 : 0
  6816	  6827 : 0
  6824	  6831 : 0
  6828	  6835 : 0
  6832	  6919 : 0
  6916	  6923 : 0
  6920	  6951 : 0
  6948	  6955 : 0
  6952	  6963 : 0
  6960	  6991 : 0
  6988	  6999 : 0
  6996	  7019 : 0
  7016	  7023 : 0
  7020	  7027 : 0
  7024	  7047 : 0
  7044	  7051 : 0
  7048	  7055 : 0
  7052	  7063 : 0
  7060	  7347 : 0
  7344	  7351 : 0
  7348	  7399 : 0
  7396	  7403 : 0
  7400	  7419 : 0
  7416	  7487 : 0
  7484	  7491 : 1
  7488	  7551 : 0
  7548	  7555 : 1
  7552	  7607 : 0
  7604	  7611 : 0
  7608	  7663 : 0
  7660	  7667 : 1
  7664	  7795 : 0
  7792	  7799 : 1
  7796	  8263 : 0
  8260	  8447 : 1
  8444	  8515 : 0
  8512	  8523 : 0
  8520	  8535 : 0
  8532	  8551 : 0
  8548	  8555 : 0
  8552	  8583 : 0
  8580	  8671 : 0
  8668	  8767 : 0
  8764	  8771 : 0
  8768	  8807 : 0
  8804	  8903 : 0
  8900	  8943 : 0
  8940	  8951 : 0
  8948	  8955 : 0
  8952	  9003 : 0
  9000	  9019 : 0
  9016	  9155 : 0
  9152	  9187 : 0
  9184	  9207 : 0
  9204	  9295 : 0
  9292	  9363 : 0
  9360	  9371 : 0
  9368	  9383 : 0
  9380	  9387 : 1
  9384	  9403 : 0
  9400	 10067 : 0
 10064	 10351 : 0
 10348	 10359 : 1
 10356	 10367 : 0
 10364	 10375 : 1
 10372	 10459 : 0
 10456	 10463 : 1
 10460	 10471 : 0
 10468	 10483 : 0
 10480	 10487 : 0
 10484	 10491 : 0
 10488	 10511 : 0
 10508	 10539 : 0
 10536	 10591 : 0
 10588	 10599 : 0
 10596	 10623 : 0
 10620	 10627 : 2
 10624	 10639 : 1
 10636	 10643 : 0
 10640	 10719 : 0
 10716	 10735 : 0
 10732	 10743 : 1
 10740	 10783 : 0
 10780	 10807 : 0
 10804	 10815 : 0
 10812	 10911 : 1
 10908	 10923 : 0
 10920	 11003 : 0
 11000	 11047 : 0
 11044	 11107 : 0
 11104	 11111 : 0
 11108	 11235 : 0
 11232	 11243 : 0
 11240	 11331 : 0
 11328	 11351 : 0
 11348	 11495 : 0
 11492	 11551 : 0
 11548	 11555 : 0
 11552	 11847 : 0
 11844	 11927 : 0
 11924	 11931 : 0
 11928	 12063 : 1
 12060	 12067 : 0
 12064	 12071 : 1
 12068	 12219 : 0
 12216	 12579 : 1
 12576	 12595 : 0
 12592	 12599 : 1
 12596	 12663 : 0
 12660	 12711 : 0
 12708	 12715 : 0
 12712	 12775 : 0
 12772	 12791 : 0
 12788	 12819 : 0
 12816	 12835 : 0
 12832	 12839 : 1
 12836	 12895 : 0
 12892	 12899 : 1
 12896	 12955 : 0
 12952	 13103 : 1
 13100	 13127 : 0
 13124	 13139 : 0
 13136	 13163 : 0
 13160	 13303 : 0
 13300	 13307 : 0
 13304	 13931 : 0
