     0	    11 : 0
     8	    19 : 1
    16	    43 : 0
    40	    47 : 0
    44	   115 : 0
   112	   131 : 1
   128	   223 : 0
   220	   271 : 0
   268	   323 : 0
   320	   327 : 1
   324	   363 : 0
   360	   379 : 1
   376	   407 : 0
   404	   439 : 0
   436	   491 : 0
   488	   607 : 1
   604	   619 : 0
   616	   623 : 1
   620	   631 : 0
   628	   639 : 1
   636	   647 : 0
   644	   651 : 2
   648	   655 : 0
   652	   659 : 1
   656	   671 : 0
   668	   675 : 1
   672	   679 : 2
   676	   687 : 0
   684	   691 : 0
   688	   695 : 1
   692	   707 : 0
   704	   719 : 0
   716	   887 : 0
   884	   939 : 1
   936	   971 : 0
   968	   979 : 0
   976	  1067 : 0
  1064	  1123 : 0
  1120	  1135 : 0
  1132	  1139 : 0
  1136	  1143 : 0
  1140	  1151 : 1
  1148	  1195 : 0
  1192	  1211 : 1
  1208	  1223 : 0
  1220	  1231 : 1
  1228	  1259 : 0
  1256	  1271 : 0
  1268	  1295 : 0
  1292	  1299 : 1
  1296	  1355 : 0
  1352	  1375 : 1
  1372	  1399 : 0
  1396	  1439 : 1
  1436	  1443 : 0
  1440	  1455 : 1
  1452	  1499 : 0
  1496	  1503 : 1
  1500	  1543 : 0
  1540	  1643 : 1
  1640	  1683 : 0
  1680	  1691 : 1
  1688	  1707 : 0
  1704	  1723 : 0
  1720	  1739 : 0
  1736	  1747 : 0
  1744	  1751 : 0
  1748	  1763 : 1
  1760	  1775 : 0
  1772	  1783 : 1
  1780	  1827 : 0
  1824	  1831 : 1
  1828	  1871 : 0
  1868	  1879 : 0
  1876	  1935 : 0
  1932	  1943 : 1
  1940	  1979 : 0
  1976	  1983 : 1
  1980	  1987 : 0
  1984	  2019 : 0
  2016	  2107 : 0
  2104	  2111 : 1
  2108	  2199 : 0
  2196	  2227 : 1
  2224	  2271 : 0
  2268	  2299 : 1
  2296	  2343 : 0
  2340	  2347 : 1
  2344	  2483 : 0
  2480	  2491 : 1
  2488	  2495 : 0
  2492	  2531 : 1
  2528	  2575 : 0
  2572	  2579 : 0
  2576	  2715 : 0
  2712	  2719 : 1
  2716	  2811 : 0
  2808	  2819 : 1
  2816	  2859 : 0
  2856	  2903 : 1
  2900	  2907 : 0
  2904	  2911 : 0
  2908	  2923 : 0
  2920	  2935 : 0
  2932	  2943 : 0
  2940	  2955 : 0
  2952	  2975 : 0
  2972	  2983 : 0
  2980	  3015 : 0
  3012	  3023 : 1
  3020	  3027 : 0
  3024	  3031 : 0
  3028	  3047 : 0
  3044	  3115 : 1
  3112	  3139 : 0
  3136	  3143 : 1
  3140	  3183 : 0
  3180	  3191 : 1
  3188	  3231 : 0
  3228	  3239 : 1
  3236	  3299 : 0
  3296	  3307 : 1
  3304	  3323 : 0
  3320	  3371 : 1
  3368	  3395 : 0
  3392	  3403 : 1
  3400	  3439 : 0
  3436	  3443 : 1
  3440	  3515 : 0
  3512	  3519 : 1
  3516	  3559 : 0
  3556	  3567 : 1
  3564	  3651 : 0
  3648	  3655 : 1
  3652	  3667 : 0
  3664	  3707 : 0
  3704	  3719 : 0
  3716	  3727 : 1
  3724	  3747 : 0
  3744	  3751 : 1
  3748	  3771 : 0
  3768	  3799 : 1
  3796	  3839 : 0
  3836	  3847 : 1
  3844	  3871 : 0
  3868	  3891 : 1
  3888	  3971 : 0
  3968	  3991 : 1
  3988	  4003 : 0
  4000	  4043 : 0
  4040	  4075 : 0
  4072	  4083 : 1
  4080	  4091 : 0
  4088	  4095 : 0
  4092	  4203 : 0
  4200	  4207 : 0
  4204	  4231 : 0
  4228	  4235 : 0
  4232	  4243 : 0
  4240	  4283 : 0
  4280	  4291 : 0
  4288	  4303 : 0
  4300	  4307 : 0
  4304	  4311 : 0
  4308	  4327 : 0
  4324	  4331 : 0
  4328	  4415 : 0
  4412	  4423 : 0
  4420	  4447 : 0
  4444	  4459 : 1
  4456	  4519 : 0
  4516	  4523 : 0
  4520	  4527 : 0
  4524	  4535 : 0
  4532	  4599 : 0
  4596	  4603 : 0
  4600	  4635 : 0
  4632	  4655 : 0
  4652	  4691 : 0
  4688	  4703 : 1
  4700	  4707 : 0
  4704	  4711 : 0
  4708	  4715 : 0
  4712	  4719 : 0
  4716	  4731 : 0
  4728	  4735 : 1
  4732	  4739 : 0
  4736	  4755 : 0
  4752	  4771 : 0
  4768	  4775 : 0
  4772	  4779 : 0
  4776	  4783 : 0
  4780	  4799 : 0
  4796	  4811 : 0
  4808	  4815 : 0
  4812	  4819 : 0
  4816	  4863 : 0
  4860	  4867 : 1
  4864	  4915 : 0
  4912	  4919 : 1
  4916	  4927 : 0
  4924	  4943 : 0
  4940	  5011 : 0
  5008	  5015 : 0
  5012	  5023 : 0
  5020	  5083 : 0
  5080	  5087 : 0
  5084	  5091 : 1
  5088	  5099 : 0
  5096	  5103 : 0
  5100	  5203 : 0
  5200	  5219 : 1
  5216	  5263 : 0
  5260	  5283 : 1
  5280	  5295 : 0
  5292	  5303 : 1
  5300	  5347 : 0
  5344	  5363 : 0
  5360	  5379 : 0
  5376	  5479 : 1
  5476	  5483 : 0
  5480	  5487 : 1
  5484	  5495 : 0
  5492	  5547 : 0
  5544	  5571 : 0
  5568	  5723 : 0
  5720	  5731 : 0
