     0	   131 : 0
   128	   139 : 0
   136	   167 : 0
   164	   191 : 0
   188	   219 : 0
   216	   243 : 0
   240	   251 : 0
   248	   267 : 0
   264	   275 : 0
   272	   291 : 0
   288	   311 : 0
   308	   315 : 0
   312	   323 : 0
   320	   343 : 0
   340	   351 : 0
   348	   427 : 0
   424	   443 : 0
   440	   475 : 0
   472	   483 : 0
   480	   503 : 0
   500	  1247 : 0
  1244	  1255 : 0
  1252	  1383 : 0
  1380	  1387 : 0
  1384	  1691 : 0
  1688	  1695 : 0
  1692	  1743 : 0
  1740	  1747 : 0
  1744	  1763 : 1
  1760	  1771 : 0
  1768	  1775 : 1
  1772	  1779 : 0
  1776	  1819 : 0
  1816	  1823 : 0
  1820	  1843 : 0
  1840	  1847 : 0
  1844	  1851 : 0
  1848	  1875 : 0
  1872	  1983 : 0
  1980	  1987 : 0
  1984	  1999 : 0
  1996	  2003 : 0
  2000	  2031 : 0
  2028	  2059 : 0
  2056	  2079 : 0
  2076	  2083 : 0
  2080	  2107 : 0
  2104	  2171 : 0
  2168	  2179 : 0
  2176	  2183 : 0
  2180	  2251 : 0
  2248	  2255 : 0
  2252	  2259 : 0
  2256	  2395 : 0
  2392	  2399 : 1
  2396	  2403 : 0
  2400	  2479 : 0
  2476	  2487 : 0
  2484	  2555 : 0
  2552	  2559 : 0
  2556	  2731 : 0
  2728	  2739 : 0
  2736	  2799 : 0
  2796	  2815 : 0
  2812	  2835 : 0
  2832	  2991 : 0
  2988	  3067 : 0
  3064	  3147 : 0
  3144	  3159 : 0
  3156	  3199 : 0
  3196	  3231 : 0
  3228	  3243 : 0
  3240	  3415 : 0
  3412	  3419 : 0
  3416	  3443 : 0
  3440	  3451 : 0
  3448	  3459 : 0
  3456	  3463 : 0
  3460	  3467 : 0
  3464	  3471 : 0
  3468	  3475 : 0
  3472	  3527 : 0
  3524	  3551 : 0
  3548	  3575 : 0
  3572	  3587 : 0
  3584	  3603 : 0
  3600	  3611 : 0
  3608	  3655 : 0
  3652	  3819 : 0
  3816	  3823 : 0
  3820	  3931 : 0
  3928	  3935 : 0
  3932	  4067 : 0
  4064	  4083 : 0
  4080	  4103 : 0
  4100	  4115 : 0
  4112	  4263 : 0
  4260	  4267 : 0
  4264	  4343 : 0
  4340	  4351 : 0
  4348	  4359 : 0
  4356	  4483 : 0
  4480	  4815 : 1
  4812	  4819 : 0
  4816	  4835 : 0
  4832	  4963 : 0
  4960	  5055 : 1
  5052	  5067 : 0
  5064	  5075 : 0
  5072	  5115 : 0
  5112	  5227 : 1
  5224	  5251 : 0
  5248	  5427 : 0
  5424	  5431 : 0
  5428	  5455 : 0
  5452	  5475 : 0
  5472	  5487 : 0
  5484	  5491 : 0
  5488	  5499 : 0
  5496	  5655 : 0
  5652	  5683 : 0
  5680	  5687 : 0
  5684	  5719 : 0
  5716	  5743 : 0
  5740	  5795 : 0
  5792	  5811 : 0
  5808	  5939 : 0
  5936	  6019 : 0
  6016	  6387 : 0
  6384	  6647 : 0
  6644	  6767 : 0
  6764	  6839 : 0
  6836	  6847 : 0
  6844	  6907 : 0
  6904	  7103 : 0
  7100	  7123 : 0
  7120	  7247 : 0
  7244	  7311 : 0
  7308	  7387 : 0
  7384	  7439 : 0
  7436	  7511 : 0
  7508	  7515 : 0
  7512	  8099 : 0
