     0	   427 : 0
   424	   439 : 0
   436	   591 : 1
   588	   603 : 0
   600	   647 : 0
   644	   775 : 0
   772	   783 : 1
   780	   799 : 0
   796	   811 : 0
   808	   819 : 0
   816	   823 : 0
   820	   835 : 0
   832	   839 : 0
   836	   847 : 0
   844	   855 : 1
   852	  1031 : 0
  1028	  1059 : 0
  1056	  1087 : 0
  1084	  1095 : 0
  1092	  1135 : 0
  1132	  1155 : 0
  1152	  1183 : 0
  1180	  1187 : 0
  1184	  1215 : 0
  1212	  1235 : 0
  1232	  1259 : 0
  1256	  1267 : 1
  1264	  1315 : 0
  1312	  1323 : 0
  1320	  1355 : 0
  1352	  1367 : 0
  1364	  1383 : 0
  1380	  1395 : 0
  1392	  1403 : 0
  1400	  1415 : 0
  1412	  1455 : 0
  1452	  1491 : 1
  1488	  1507 : 0
  1504	  1515 : 0
  1512	  1531 : 0
  1528	  1555 : 1
  1552	  1559 : 0
  1556	  1567 : 0
  1564	  1571 : 0
  1568	  1575 : 0
  1572	  1579 : 0
  1576	  1583 : 0
  1580	  1587 : 0
  1584	  1591 : 0
  1588	  1607 : 0
  1604	  1611 : 0
  1608	  1947 : 0
  1944	  1991 : 0
  1988	  2031 : 0
  2028	  2039 : 1
  2036	  2051 : 0
  2048	  2055 : 0
  2052	  2107 : 0
  2104	  2111 : 0
  2108	  2159 : 0
  2156	  2199 : 0
  2196	  2247 : 0
  2244	  2263 : 0
  2260	  2307 : 0
  2304	  2315 : 1
  2312	  2711 : 0
  2708	  2723 : 0
  2720	  2735 : 0
  2732	  2743 : 0
  2740	  2783 : 0
  2780	  2791 : 0
  2788	  2839 : 0
  2836	  2851 : 0
  2848	  2859 : 0
  2856	  2875 : 0
  2872	  2883 : 0
  2880	  2887 : 1
  2884	  2959 : 0
  2956	  2983 : 0
  2980	  3567 : 0
  3564	  3575 : 1
  3572	  3747 : 0
  3744	  3751 : 1
  3748	  4175 : 0
  4172	  4183 : 1
  4180	  4235 : 0
  4232	  4239 : 0
  4236	  4243 : 0
  4240	  4279 : 0
  4276	  4283 : 0
  4280	  4291 : 0
  4288	  4367 : 0
  4364	  4371 : 0
  4368	  4511 : 0
  4508	  4519 : 1
  4516	  4543 : 0
  4540	  4555 : 0
  4552	  4591 : 0
  4588	  4695 : 0
  4692	  4719 : 0
  4716	  4727 : 0
  4724	  4783 : 0
  4780	  4947 : 1
  4944	  5139 : 0
  5136	  5151 : 0
  5148	  5195 : 0
  5192	  5207 : 0
  5204	  5307 : 0
  5304	  5335 : 1
  5332	  5403 : 0
  5400	  5411 : 1
  5408	  5507 : 0
  5504	  5511 : 0
  5508	  5527 : 0
  5524	  5535 : 0
  5532	  5567 : 0
  5564	  5571 : 1
  5568	  5579 : 0
  5576	  5583 : 0
  5580	  5591 : 0
  5588	  5619 : 0
  5616	  5799 : 0
  5796	  5819 : 0
  5816	  5963 : 0
  5960	  5967 : 1
  5964	  6123 : 0
  6120	  6127 : 1
  6124	  6279 : 0
  6276	  6287 : 1
  6284	  6579 : 0
  6576	  6587 : 0
  6584	  6707 : 0
  6704	  6715 : 1
  6712	  6771 : 0
  6768	  6783 : 0
  6780	  6791 : 0
  6788	  6803 : 0
  6800	  6827 : 0
  6824	  6847 : 0
  6844	  6855 : 0
  6852	  6859 : 0
  6856	  6887 : 0
  6884	  6891 : 0
  6888	  6915 : 0
  6912	  6923 : 0
  6920	  6983 : 0
  6980	  6995 : 0
  6992	  7023 : 0
  7020	  7027 : 0
  7024	  7043 : 0
  7040	  7047 : 1
  7044	  7059 : 0
  7056	  7087 : 0
  7084	  7095 : 0
  7092	  7099 : 0
  7096	  7111 : 0
  7108	  7183 : 1
  7180	  7215 : 0
  7212	  7219 : 0
  7216	  7223 : 0
  7220	  7227 : 0
  7224	  7271 : 0
  7268	  7275 : 1
  7272	  7307 : 0
  7304	  7371 : 0
  7368	  7395 : 0
  7392	  7403 : 1
  7400	  7483 : 0
  7480	  7487 : 0
  7484	  7491 : 0
  7488	  7499 : 0
  7496	  7511 : 0
  7508	  7539 : 0
  7536	  7567 : 0
  7564	  7595 : 1
  7592	  7627 : 0
  7624	  7655 : 0
  7652	  7707 : 0
  7704	  7731 : 0
  7728	  7747 : 0
  7744	  7759 : 0
  7756	  7815 : 0
  7812	  7823 : 1
  7820	  7827 : 0
  7824	  7843 : 0
  7840	  7919 : 0
  7916	  7923 : 0
  7920	  7939 : 0
  7936	  7951 : 0
  7948	  7955 : 0
  7952	  7975 : 0
  7972	  8027 : 0
  8024	  8079 : 1
  8076	  8091 : 0
  8088	  8143 : 0
  8140	  8151 : 0
  8148	  8159 : 0
  8156	  8179 : 0
  8176	  8187 : 0
  8184	  8191 : 0
  8188	  8223 : 0
  8220	  8231 : 0
  8228	  8247 : 0
  8244	  8255 : 0
  8252	  8303 : 0
  8300	  8307 : 0
  8304	  8479 : 0
  8476	  8491 : 0
  8488	  8523 : 0
  8520	  8531 : 0
  8528	  8583 : 0
  8580	  8627 : 0
  8624	  8631 : 0
  8628	  8731 : 0
  8728	  8743 : 0
  8740	  8747 : 0
  8744	  8759 : 0
  8756	  8823 : 0
  8820	  8875 : 0
  8872	  8903 : 0
  8900	  8967 : 0
  8964	  8991 : 0
  8988	  9003 : 0
  9000	  9011 : 0
  9008	  9015 : 0
  9012	  9039 : 0
  9036	  9047 : 0
  9044	  9107 : 0
  9104	  9115 : 0
  9112	  9127 : 0
  9124	  9151 : 0
  9148	  9175 : 0
  9172	  9191 : 0
  9188	  9199 : 0
  9196	  9279 : 0
  9276	  9339 : 0
  9336	  9347 : 0
  9344	  9375 : 0
  9372	  9475 : 1
  9472	  9483 : 0
  9480	  9487 : 0
  9484	  9491 : 0
  9488	  9511 : 0
  9508	  9515 : 0
  9512	  9519 : 0
  9516	  9523 : 0
  9520	  9539 : 0
  9536	  9571 : 0
  9568	  9635 : 0
  9632	  9639 : 0
  9636	  9647 : 0
  9644	  9655 : 0
  9652	  9683 : 0
  9680	  9687 : 0
  9684	  9719 : 0
  9716	  9731 : 0
  9728	  9763 : 0
  9760	  9767 : 0
  9764	  9795 : 0
  9792	  9815 : 0
  9812	  9831 : 0
  9828	  9835 : 0
  9832	  9883 : 0
  9880	  9887 : 0
  9884	  9895 : 0
  9892	  9919 : 0
  9916	  9947 : 0
  9944	  9951 : 0
  9948	  9983 : 0
  9980	  9991 : 0
  9988	 10023 : 0
 10020	 10027 : 0
 10024	 10047 : 0
 10044	 10063 : 0
 10060	 10127 : 0
 10124	 10131 : 0
 10128	 10227 : 0
 10224	 10235 : 0
 10232	 10239 : 0
 10236	 10247 : 0
 10244	 10331 : 0
 10328	 10359 : 0
 10356	 10419 : 0
 10416	 10427 : 0
 10424	 10451 : 0
 10448	 10463 : 0
 10460	 10595 : 0
 10592	 10627 : 0
 10624	 10631 : 0
 10628	 10651 : 0
 10648	 10671 : 0
 10668	 10743 : 0
 10740	 10755 : 0
 10752	 10803 : 0
 10800	 10827 : 0
 10824	 10859 : 0
 10856	 10879 : 0
 10876	 10903 : 0
 10900	 10919 : 0
 10916	 10931 : 0
 10928	 10935 : 0
 10932	 10951 : 0
 10948	 11047 : 0
 11044	 11055 : 0
 11052	 11215 : 0
