     0	    23 : 0
    20	    47 : 0
    44	    71 : 0
    68	   227 : 0
   224	   263 : 0
   260	   283 : 0
   280	   291 : 1
   288	   295 : 0
   292	   327 : 1
   324	   339 : 0
   336	   355 : 1
   352	   367 : 0
   364	   391 : 0
   388	   399 : 0
   396	   431 : 1
   428	   439 : 0
   436	   443 : 1
   440	   467 : 0
   464	   471 : 0
   468	   495 : 0
   492	   499 : 1
   496	   531 : 0
   528	   535 : 1
   532	   555 : 0
   552	   571 : 0
   568	   587 : 0
   584	   591 : 1
   588	   595 : 0
   592	   599 : 0
   596	   603 : 0
   600	   611 : 1
   608	   623 : 0
   620	   719 : 0
   716	   723 : 0
   720	   727 : 0
   724	   739 : 0
   736	   747 : 1
   744	   751 : 0
   748	   755 : 1
   752	   759 : 0
   756	   763 : 1
   760	   767 : 0
   764	   771 : 0
   768	   779 : 0
   776	   799 : 1
   796	   803 : 0
   800	   811 : 0
   808	   823 : 0
   820	   831 : 0
   828	   835 : 0
   832	   851 : 1
   848	   859 : 0
   856	   871 : 0
   868	   883 : 0
   880	   891 : 1
   888	   911 : 0
   908	   923 : 1
   920	   935 : 0
   932	   951 : 0
   948	   955 : 0
   952	   971 : 1
   968	   991 : 0
   988	   995 : 1
   992	  1007 : 0
  1004	  1015 : 1
  1012	  1023 : 0
  1020	  1039 : 1
  1036	  1043 : 0
  1040	  1051 : 0
  1048	  1055 : 0
  1052	  1079 : 0
  1076	  1087 : 0
  1084	  1091 : 0
  1088	  1099 : 0
  1096	  1111 : 1
  1108	  1115 : 0
  1112	  1119 : 0
  1116	  1123 : 0
  1120	  1131 : 0
  1128	  1147 : 0
  1144	  1159 : 0
  1156	  1163 : 0
  1160	  1183 : 1
  1180	  1191 : 0
  1188	  1199 : 0
  1196	  1203 : 0
  1200	  1231 : 1
  1228	  1243 : 0
  1240	  1299 : 1
  1296	  1307 : 0
  1304	  1315 : 0
  1312	  1327 : 0
  1324	  1331 : 0
  1328	  1335 : 0
  1332	  1351 : 0
  1348	  1371 : 0
  1368	  1399 : 1
  1396	  1403 : 0
  1400	  1415 : 1
  1412	  1427 : 0
  1424	  1435 : 1
  1432	  1451 : 0
  1448	  1467 : 1
  1464	  1483 : 0
  1480	  1487 : 1
  1484	  1495 : 0
  1492	  1499 : 0
  1496	  1503 : 0
  1500	  1531 : 0
  1528	  1535 : 0
  1532	  1539 : 0
  1536	  1543 : 0
  1540	  1571 : 0
  1568	  1583 : 0
  1580	  1599 : 1
  1596	  1603 : 0
  1600	  1615 : 0
  1612	  1627 : 0
  1624	  1631 : 0
  1628	  1635 : 0
  1632	  1639 : 0
  1636	  1647 : 0
  1644	  1651 : 1
  1648	  1655 : 0
  1652	  1671 : 1
  1668	  1675 : 0
  1672	  1683 : 0
  1680	  1687 : 0
  1684	  1719 : 0
  1716	  1723 : 0
  1720	  1727 : 1
  1724	  1735 : 0
  1732	  1747 : 0
  1744	  1751 : 0
  1748	  1823 : 0
  1820	  1827 : 0
  1824	  1855 : 0
  1852	  1863 : 0
  1860	  1871 : 1
  1868	  1883 : 0
  1880	  1899 : 0
  1896	  1903 : 0
  1900	  1907 : 1
  1904	  1923 : 0
  1920	  1951 : 1
  1948	  1967 : 0
  1964	  1979 : 1
  1976	  1995 : 0
  1992	  2019 : 0
  2016	  2047 : 0
  2044	  2055 : 0
  2052	  2067 : 0
  2064	  2071 : 0
  2068	  2075 : 0
  2072	  2087 : 1
  2084	  2103 : 0
  2100	  2111 : 0
  2108	  2123 : 0
  2120	  2131 : 1
  2128	  2139 : 0
  2136	  2143 : 0
  2140	  2147 : 0
  2144	  2159 : 0
  2156	  2167 : 0
  2164	  2175 : 1
  2172	  2195 : 0
  2192	  2199 : 1
  2196	  2207 : 0
  2204	  2219 : 0
  2216	  2223 : 0
  2220	  2243 : 0
  2240	  2247 : 0
  2244	  2267 : 1
  2264	  2279 : 0
  2276	  2287 : 1
  2284	  2295 : 0
  2292	  2339 : 0
  2336	  2343 : 0
  2340	  2351 : 0
  2348	  2355 : 0
  2352	  2387 : 0
  2384	  2391 : 0
  2388	  2407 : 0
  2404	  2411 : 0
  2408	  2435 : 0
  2432	  2439 : 0
  2436	  2447 : 1
  2444	  2451 : 0
  2448	  2455 : 1
  2452	  2459 : 0
  2456	  2475 : 0
  2472	  2483 : 0
  2480	  2507 : 0
  2504	  2511 : 0
  2508	  2523 : 0
  2520	  2535 : 0
  2532	  2555 : 0
  2552	  2559 : 0
  2556	  2571 : 1
  2568	  2575 : 0
  2572	  2591 : 1
  2588	  2595 : 0
  2592	  2611 : 1
  2608	  2615 : 0
  2612	  2627 : 0
  2624	  2631 : 0
  2628	  2655 : 1
  2652	  2667 : 0
  2664	  2671 : 1
  2668	  2687 : 0
  2684	  2695 : 0
  2692	  2699 : 0
  2696	  2727 : 1
  2724	  2731 : 0
  2728	  2751 : 0
  2748	  2755 : 0
  2752	  2783 : 0
  2780	  2787 : 0
  2784	  2803 : 0
  2800	  2811 : 0
  2808	  2823 : 0
  2820	  2831 : 0
  2828	  2839 : 0
  2836	  2847 : 0
  2844	  2851 : 0
  2848	  2875 : 0
  2872	  2883 : 0
  2880	  2887 : 0
  2884	  2907 : 0
  2904	  2911 : 0
  2908	  2967 : 0
  2964	  2995 : 0
  2992	  3003 : 0
  3000	  3011 : 0
  3008	  3015 : 0
  3012	  3019 : 0
  3016	  3027 : 0
  3024	  3031 : 0
  3028	  3035 : 1
  3032	  3039 : 0
  3036	  3063 : 0
  3060	  3067 : 0
  3064	  3075 : 1
  3072	  3087 : 0
  3084	  3091 : 0
  3088	  3095 : 0
  3092	  3107 : 1
  3104	  3115 : 0
  3112	  3123 : 0
  3120	  3127 : 0
  3124	  3147 : 0
  3144	  3151 : 0
  3148	  3155 : 0
  3152	  3167 : 0
  3164	  3231 : 1
  3228	  3243 : 0
  3240	  3307 : 0
  3304	  3335 : 0
  3332	  3343 : 1
  3340	  3355 : 0
  3352	  3399 : 1
  3396	  3435 : 0
  3432	  3463 : 1
  3460	  3471 : 0
  3468	  3479 : 1
  3476	  3483 : 0
  3480	  3515 : 0
  3512	  3531 : 0
  3528	  3539 : 1
  3536	  3543 : 0
  3540	  3555 : 0
  3552	  3559 : 0
  3556	  3579 : 0
  3576	  3591 : 0
  3588	  3611 : 1
  3608	  3627 : 0
  3624	  3631 : 2
  3628	  3643 : 0
  3640	  3663 : 0
  3660	  3679 : 0
  3676	  3687 : 0
  3684	  3699 : 0
  3696	  3771 : 1
  3768	  3779 : 0
  3776	  3783 : 0
  3780	  3787 : 0
  3784	  3831 : 0
  3828	  3835 : 0
  3832	  3839 : 0
  3836	  3875 : 0
  3872	  3879 : 1
  3876	  3907 : 0
  3904	  3911 : 1
  3908	  3915 : 0
  3912	  3939 : 0
  3936	  3951 : 0
  3948	  3971 : 1
  3968	  3987 : 0
  3984	  3995 : 0
  3992	  3999 : 2
  3996	  4023 : 0
  4020	  4027 : 0
  4024	  4051 : 0
  4048	  4055 : 0
  4052	  4059 : 0
  4056	  4067 : 0
  4064	  4071 : 0
  4068	  4075 : 0
  4072	  4083 : 0
  4080	  4091 : 0
  4088	  4095 : 0
  4092	  4103 : 0
  4100	  4111 : 0
  4108	  4139 : 0
  4136	  4171 : 0
  4168	  4195 : 0
  4192	  4203 : 1
  4200	  4219 : 0
  4216	  4231 : 0
  4228	  4239 : 0
  4236	  4247 : 1
  4244	  4263 : 0
  4260	  4267 : 0
  4264	  4279 : 0
  4276	  4283 : 0
  4280	  4291 : 0
  4288	  4299 : 0
  4296	  4311 : 0
  4308	  4347 : 1
  4344	  4371 : 0
  4368	  4379 : 1
  4376	  4395 : 0
  4392	  4415 : 1
  4412	  4439 : 0
  4436	  4467 : 1
  4464	  4479 : 0
  4476	  4487 : 0
  4484	  4491 : 0
  4488	  4507 : 1
  4504	  4515 : 0
  4512	  4523 : 0
  4520	  4527 : 0
  4524	  4543 : 0
  4540	  4551 : 0
  4548	  4607 : 1
  4604	  4611 : 0
  4608	  4631 : 0
  4628	  4647 : 0
  4644	  4651 : 0
  4648	  4679 : 0
  4676	  4699 : 0
  4696	  4703 : 0
  4700	  4715 : 0
  4712	  4723 : 0
  4720	  4727 : 2
  4724	  4747 : 0
  4744	  4767 : 0
  4764	  4771 : 0
  4768	  4879 : 0
  4876	  4883 : 0
  4880	  4955 : 0
  4952	  4975 : 0
  4972	  5027 : 0
  5024	  5031 : 0
  5028	  5079 : 0
  5076	  5087 : 0
  5084	  5103 : 0
  5100	  5111 : 0
  5108	  5167 : 1
  5164	  5171 : 0
  5168	  5175 : 0
  5172	  5183 : 0
  5180	  5203 : 0
  5200	  5211 : 0
  5208	  5231 : 0
  5228	  5235 : 0
  5232	  5247 : 0
  5244	  5251 : 0
  5248	  5267 : 0
  5264	  5283 : 0
  5280	  5291 : 0
  5288	  5335 : 0
  5332	  5347 : 0
  5344	  5359 : 0
  5356	  5367 : 0
  5364	  5371 : 0
  5368	  5391 : 0
  5388	  5399 : 0
  5396	  5403 : 0
  5400	  5415 : 0
  5412	  5435 : 0
  5432	  5439 : 0
  5436	  5447 : 0
  5444	  5495 : 0
  5492	  5507 : 0
  5504	  5515 : 0
  5512	  5523 : 0
  5520	  5543 : 0
  5540	  5547 : 0
  5544	  5575 : 0
  5572	  5583 : 0
  5580	  5587 : 0
  5584	  5607 : 0
  5604	  5631 : 0
  5628	  5635 : 0
  5632	  5655 : 0
  5652	  5659 : 0
  5656	  5667 : 0
  5664	  5675 : 0
  5672	  5699 : 0
  5696	  5711 : 0
  5708	  5723 : 0
  5720	  5751 : 0
  5748	  5767 : 0
  5764	  5779 : 0
  5776	  5803 : 0
  5800	  5839 : 1
  5836	  5843 : 0
  5840	  5867 : 0
  5864	  5871 : 0
  5868	  5891 : 1
  5888	  5895 : 0
  5892	  5959 : 1
  5956	  5963 : 0
  5960	  6039 : 0
  6036	  6067 : 0
