     0	   287 : 0
   284	   303 : 0
   300	   315 : 0
   312	   335 : 0
   332	   339 : 0
   336	   347 : 0
   344	   359 : 0
   356	   603 : 0
   600	   607 : 1
   604	   823 : 0
   820	   831 : 0
   828	   851 : 0
   848	   915 : 1
   912	   927 : 0
   924	   939 : 0
   936	   943 : 0
   940	   947 : 1
   944	  1003 : 0
  1000	  1007 : 0
  1004	  1015 : 0
  1012	  1019 : 0
  1016	  1031 : 0
  1028	  1039 : 1
  1036	  1399 : 0
  1396	  1511 : 0
  1508	  1519 : 0
  1516	  1531 : 0
  1528	  1559 : 0
  1556	  1563 : 1
  1560	  1567 : 0
  1564	  1571 : 0
  1568	  1587 : 0
  1584	  1603 : 0
  1600	  1607 : 0
  1604	  1647 : 0
  1644	  1651 : 0
  1648	  1687 : 0
  1684	  1691 : 0
  1688	  1695 : 0
  1692	  1867 : 0
  1864	  1875 : 0
  1872	  1975 : 0
  1972	  1995 : 0
  1992	  2003 : 0
  2000	  2007 : 0
  2004	  2051 : 0
  2048	  2059 : 0
  2056	  2063 : 0
  2060	  2067 : 0
  2064	  2083 : 0
  2080	  2099 : 0
  2096	  2103 : 0
  2100	  2127 : 0
  2124	  2155 : 0
  2152	  2163 : 0
  2160	  2175 : 0
  2172	  2215 : 1
  2212	  2271 : 0
  2268	  2295 : 0
  2292	  2299 : 0
  2296	  2311 : 0
  2308	  2319 : 0
  2316	  2343 : 0
  2340	  2347 : 0
  2344	  2363 : 1
  2360	  2387 : 0
  2384	  2407 : 0
  2404	  2427 : 0
  2424	  2439 : 0
  2436	  2443 : 0
  2440	  2451 : 0
  2448	  2479 : 0
  2476	  2483 : 0
  2480	  2499 : 0
  2496	  2511 : 0
  2508	  2531 : 0
  2528	  2543 : 0
  2540	  2559 : 0
  2556	  2591 : 0
  2588	  2627 : 0
  2624	  2635 : 1
  2632	  2767 : 0
  2764	  2771 : 0
  2768	  2827 : 0
  2824	  2843 : 0
  2840	  2859 : 0
  2856	  2863 : 0
  2860	  2907 : 0
  2904	  2915 : 1
  2912	  2927 : 0
  2924	  2935 : 0
  2932	  2979 : 0
  2976	  2983 : 0
  2980	  3071 : 0
  3068	  3083 : 0
  3080	  3159 : 0
  3156	  3171 : 0
  3168	  3179 : 0
  3176	  3199 : 0
  3196	  3223 : 0
  3220	  3227 : 0
  3224	  3243 : 0
  3240	  3247 : 0
  3244	  3303 : 0
  3300	  3307 : 0
  3304	  3315 : 0
  3312	  3319 : 0
  3316	  3327 : 0
  3324	  3351 : 1
  3348	  3403 : 0
  3400	  3411 : 0
  3408	  3527 : 0
  3524	  3535 : 0
  3532	  3655 : 0
  3652	  3679 : 0
  3676	  3739 : 0
  3736	  3763 : 0
  3760	  3811 : 0
  3808	  3815 : 0
  3812	  3843 : 0
  3840	  3847 : 0
  3844	  3915 : 0
  3912	  4015 : 0
  4012	  4031 : 0
  4028	  4175 : 0
  4172	  4179 : 0
  4176	  4275 : 0
  4272	  4283 : 0
  4280	  4351 : 0
  4348	  4367 : 0
  4364	  4383 : 0
  4380	  4387 : 0
  4384	  4543 : 0
  4540	  4547 : 0
  4544	  4567 : 0
  4564	  4623 : 0
  4620	  4907 : 0
  4904	  4923 : 0
  4920	  4931 : 0
  4928	  4947 : 0
  4944	  4967 : 1
  4964	  4987 : 0
  4984	  4991 : 0
  4988	  5047 : 0
  5044	  5059 : 0
  5056	  5223 : 0
  5220	  5235 : 0
  5232	  5247 : 0
  5244	  5295 : 0
  5292	  5303 : 0
  5300	  5323 : 0
  5320	  5359 : 0
  5356	  5367 : 0
  5364	  5539 : 0
  5536	  5547 : 0
  5544	  5699 : 0
  5696	  5703 : 0
  5700	  5719 : 0
  5716	  5727 : 0
  5724	  5743 : 0
  5740	  5763 : 0
  5760	  5771 : 0
  5768	  5995 : 0
  5992	  5999 : 0
  5996	  6011 : 1
  6008	  6019 : 0
  6016	  6023 : 1
  6020	  6095 : 0
  6092	  6107 : 0
  6104	  6135 : 0
  6132	  6167 : 0
  6164	  6171 : 0
  6168	  6179 : 0
  6176	  6203 : 0
  6200	  6231 : 0
  6228	  6247 : 0
  6244	  6267 : 0
  6264	  6335 : 0
  6332	  6379 : 0
  6376	  6403 : 0
  6400	  6415 : 0
  6412	  6455 : 0
  6452	  6459 : 0
  6456	  6499 : 0
  6496	  6511 : 0
  6508	  6647 : 0
  6644	  7071 : 0
