     0	    75 : 0
    72	    79 : 0
    76	    87 : 1
    84	    95 : 0
    92	   135 : 0
   132	   139 : 0
   136	   143 : 0
   140	   151 : 0
   148	   163 : 0
   160	   171 : 0
   168	   175 : 0
   172	   199 : 0
   196	   223 : 0
   220	   235 : 0
   232	   271 : 0
   268	   375 : 0
   372	   379 : 0
   376	   411 : 0
   408	   415 : 0
   412	   463 : 0
   460	   475 : 1
   472	   499 : 0
   496	   659 : 0
   656	   663 : 0
   660	   771 : 0
   768	   775 : 0
   772	   791 : 0
   788	   863 : 0
   860	  1495 : 0
  1492	  1755 : 0
  1752	  1763 : 1
  1760	  2091 : 0
  2088	  2099 : 1
  2096	  2103 : 0
  2100	  2107 : 0
  2104	  2127 : 0
  2124	  2143 : 0
  2140	  2147 : 0
  2144	  2151 : 0
  2148	  2155 : 0
  2152	  2159 : 0
  2156	  2167 : 0
  2164	  2175 : 0
  2172	  2179 : 0
  2176	  2191 : 0
  2188	  2259 : 0
  2256	  2291 : 1
  2288	  2299 : 0
  2296	  2371 : 0
  2368	  2399 : 0
  2396	  2403 : 0
  2400	  2407 : 0
  2404	  2415 : 0
  2412	  2423 : 0
  2420	  2427 : 0
  2424	  2431 : 0
  2428	  2443 : 0
  2440	  2447 : 0
  2444	  2459 : 0
  2456	  2495 : 0
  2492	  2523 : 1
  2520	  2671 : 0
  2668	  2679 : 1
  2676	  2771 : 0
  2768	  2903 : 0
  2900	  2919 : 0
  2916	  2931 : 0
  2928	  2943 : 0
  2940	  2951 : 0
  2948	  2987 : 0
  2984	  2999 : 0
  2996	  3031 : 0
  3028	  3091 : 0
  3088	  3095 : 0
  3092	  3103 : 0
  3100	  3115 : 0
  3112	  3123 : 0
  3120	  3139 : 0
  3136	  3175 : 0
  3172	  3179 : 0
  3176	  3187 : 0
  3184	  3199 : 0
  3196	  3211 : 0
  3208	  3367 : 0
  3364	  3375 : 0
  3372	  3463 : 0
  3460	  3471 : 1
  3468	  3531 : 0
  3528	  3535 : 0
  3532	  3783 : 0
  3780	  3835 : 0
  3832	  3923 : 0
  3920	  3971 : 0
  3968	  3975 : 0
  3972	  3979 : 0
  3976	  4015 : 0
  4012	  4023 : 0
  4020	  4039 : 0
  4036	  4043 : 0
  4040	  4055 : 0
  4052	  4059 : 0
  4056	  4127 : 0
  4124	  4131 : 0
  4128	  4259 : 0
  4256	  4267 : 0
  4264	  4379 : 0
  4376	  4383 : 1
  4380	  4627 : 0
  4624	  4647 : 1
  4644	  4671 : 0
  4668	  4675 : 0
  4672	  4811 : 0
  4808	  4815 : 0
  4812	  4967 : 0
  4964	  4987 : 0
  4984	  5011 : 0
  5008	  5199 : 0
  5196	  5235 : 0
  5232	  5275 : 0
  5272	  5283 : 0
  5280	  5307 : 0
  5304	  5491 : 0
  5488	  5563 : 1
  5560	  5579 : 0
  5576	  5623 : 0
  5620	  5627 : 0
  5624	  5631 : 1
  5628	  5691 : 0
  5688	  5711 : 0
  5708	  5783 : 0
  5780	  5803 : 0
  5800	  5835 : 0
  5832	  5855 : 0
  5852	  5903 : 0
  5900	  5943 : 0
  5940	  6035 : 0
  6032	  6039 : 0
  6036	  6063 : 0
  6060	  6067 : 0
  6064	  6071 : 0
  6068	  6075 : 0
  6072	  6095 : 0
  6092	  6099 : 0
  6096	  6323 : 0
  6320	  6335 : 0
  6332	  6387 : 0
  6384	  6399 : 0
  6396	  6411 : 0
  6408	  6543 : 1
  6540	  6547 : 0
  6544	  6551 : 0
  6548	  6555 : 0
  6552	  6563 : 0
  6560	  6655 : 0
  6652	  6675 : 0
  6672	  6683 : 0
  6680	  6699 : 0
  6696	  6707 : 0
  6704	  6715 : 0
  6712	  6771 : 0
  6768	  7031 : 0
  7028	  7079 : 0
  7076	  7103 : 0
  7100	  7139 : 0
  7136	  7143 : 0
  7140	  7147 : 0
  7144	  7167 : 0
  7164	  7203 : 0
  7200	  7211 : 1
  7208	  7287 : 0
  7284	  7291 : 2
  7288	  7299 : 1
  7296	  7307 : 0
  7304	  7315 : 0
  7312	  7319 : 0
  7316	  7327 : 0
  7324	  7339 : 0
  7336	  7351 : 0
  7348	  7379 : 0
  7376	  7387 : 1
  7384	  7391 : 0
  7388	  7427 : 1
  7424	  7435 : 0
  7432	  7451 : 0
  7448	  7515 : 0
  7512	  7571 : 0
  7568	  7603 : 0
  7600	  7623 : 1
  7620	  7639 : 0
  7636	  7711 : 0
  7708	  7715 : 0
  7712	  7723 : 0
  7720	  7743 : 0
  7740	  7755 : 0
  7752	  7775 : 0
  7772	  7795 : 0
  7792	  7819 : 0
  7816	  7835 : 0
  7832	  7843 : 0
  7840	  7887 : 0
  7884	  7891 : 0
  7888	  8135 : 1
  8132	  8255 : 0
  8252	  8271 : 1
  8268	  8311 : 0
  8308	  8331 : 1
  8328	  8339 : 0
  8336	  8363 : 0
  8360	  8367 : 0
  8364	  8383 : 0
  8380	  8403 : 0
  8400	  8407 : 0
  8404	  8415 : 0
  8412	  8427 : 0
  8424	  8451 : 0
  8448	  8455 : 1
  8452	  8459 : 0
  8456	  8467 : 1
  8464	  8479 : 0
  8476	  8507 : 0
  8504	  8515 : 0
  8512	  8519 : 0
  8516	  8539 : 0
  8536	  8567 : 1
  8564	  8579 : 0
  8576	  8611 : 0
  8608	  8615 : 0
  8612	  8623 : 0
  8620	  8627 : 0
  8624	  8675 : 0
  8672	  8679 : 0
  8676	  8715 : 0
  8712	  8795 : 0
  8792	  8799 : 1
  8796	  8803 : 0
  8800	  8867 : 0
  8864	  8871 : 0
  8868	  8891 : 1
  8888	  8951 : 0
  8948	  8959 : 1
  8956	  9051 : 0
  9048	  9119 : 1
  9116	  9195 : 0
  9192	  9211 : 0
  9208	  9235 : 0
  9232	  9239 : 1
  9236	  9351 : 0
  9348	  9391 : 1
  9388	  9415 : 0
  9412	  9491 : 0
  9488	  9495 : 0
  9492	  9519 : 0
  9516	  9523 : 0
  9520	  9547 : 1
  9544	  9555 : 0
  9552	  9563 : 1
  9560	  9627 : 0
  9624	  9635 : 1
  9632	  9687 : 0
  9684	  9691 : 1
  9688	  9695 : 0
  9692	  9803 : 0
  9800	  9851 : 0
  9848	  9979 : 0
  9976	  9983 : 0
  9980	 10027 : 1
 10024	 10031 : 0
 10028	 10095 : 1
 10092	 10099 : 0
 10096	 10111 : 1
 10108	 10155 : 0
 10152	 10163 : 1
 10160	 10255 : 0
 10252	 10263 : 1
 10260	 10415 : 0
 10412	 10419 : 1
 10416	 10467 : 0
 10464	 10479 : 0
 10476	 10579 : 0
 10576	 10635 : 1
 10632	 10647 : 0
 10644	 10699 : 0
 10696	 10715 : 0
 10712	 10771 : 0
 10768	 10783 : 0
 10780	 10807 : 0
 10804	 10811 : 0
 10808	 10843 : 0
 10840	 10875 : 0
 10872	 10923 : 0
 10920	 11067 : 0
 11064	 11075 : 1
 11072	 11151 : 0
 11148	 11183 : 0
 11180	 11191 : 0
 11188	 11203 : 1
 11200	 11207 : 0
 11204	 11227 : 0
 11224	 11235 : 0
 11232	 11375 : 0
 11372	 11379 : 0
 11376	 11395 : 0
 11392	 11455 : 0
 11452	 11491 : 0
 11488	 11523 : 0
 11520	 11575 : 0
 11572	 11595 : 0
 11592	 11611 : 0
 11608	 11623 : 0
 11620	 11715 : 0
 11712	 11735 : 0
 11732	 11759 : 0
 11756	 11791 : 0
 11788	 11863 : 0
 11860	 11875 : 0
 11872	 11915 : 0
 11912	 11919 : 0
 11916	 11923 : 0
 11920	 11927 : 0
 11924	 12479 : 0
 12476	 12483 : 0
 12480	 12487 : 1
 12484	 12543 : 0
 12540	 12823 : 1
 12820	 12843 : 0
 12840	 12879 : 0
 12876	 12907 : 0
 12904	 12915 : 1
 12912	 12939 : 0
 12936	 12943 : 0
 12940	 12995 : 0
 12992	 12999 : 0
 12996	 13027 : 0
 13024	 13147 : 1
 13144	 13151 : 0
 13148	 13155 : 0
 13152	 13159 : 0
 13156	 13163 : 0
 13160	 13167 : 0
 13164	 13191 : 0
 13188	 13195 : 0
 13192	 13223 : 0
 13220	 13235 : 0
 13232	 13267 : 0
 13264	 13279 : 0
 13276	 13291 : 0
 13288	 13299 : 0
 13296	 13311 : 0
 13308	 13319 : 0
 13316	 13335 : 0
 13332	 13343 : 0
 13340	 13351 : 0
 13348	 13355 : 0
 13352	 13375 : 0
 13372	 13379 : 0
 13376	 13387 : 0
 13384	 13395 : 0
 13392	 13403 : 1
 13400	 13463 : 0
 13460	 13527 : 0
 13524	 13663 : 0
 13660	 13783 : 1
 13780	 13923 : 0
 13920	 13939 : 0
 13936	 13991 : 0
 13988	 13999 : 0
 13996	 14071 : 0
 14068	 14099 : 0
 14096	 14151 : 0
 14148	 14191 : 0
 14188	 14207 : 0
 14204	 14499 : 1
 14496	 14511 : 0
 14508	 14759 : 0
 14756	 14763 : 0
 14760	 14879 : 0
 14876	 14891 : 0
 14888	 14915 : 0
 14912	 14923 : 0
 14920	 14959 : 0
 14956	 14967 : 0
 14964	 14971 : 0
 14968	 14975 : 0
 14972	 14999 : 0
 14996	 15031 : 0
 15028	 15167 : 0
 15164	 15175 : 0
 15172	 15363 : 0
 15360	 16187 : 0
 16184	 16271 : 1
 16268	 16315 : 0
 16312	 16359 : 1
 16356	 16391 : 0
 16388	 16455 : 1
 16452	 16875 : 0
 16872	 16883 : 1
 16880	 16967 : 0
 16964	 16995 : 0
 16992	 17015 : 0
 17012	 17019 : 1
 17016	 17223 : 0
 17220	 17231 : 1
 17228	 17287 : 0
 17284	 17291 : 0
 17288	 17315 : 0
 17312	 17319 : 0
 17316	 18043 : 0
 18040	 18059 : 1
 18056	 18087 : 0
 18084	 18091 : 0
 18088	 18095 : 0
 18092	 18099 : 0
 18096	 18219 : 0
 18216	 18223 : 0
 18220	 18227 : 0
 18224	 18259 : 0
 18256	 18295 : 0
 18292	 18383 : 0
 18380	 18395 : 0
 18392	 18411 : 1
 18408	 18435 : 0
 18432	 18467 : 0
 18464	 18471 : 0
 18468	 18491 : 0
 18488	 18515 : 0
 18512	 18519 : 0
 18516	 18527 : 0
 18524	 18739 : 0
 18736	 18743 : 0
 18740	 19323 : 1
 19320	 19343 : 0
 19340	 20235 : 0
 20232	 20259 : 0
 20256	 20627 : 0
 20624	 20631 : 0
 20628	 20635 : 1
 20632	 20643 : 0
 20640	 20647 : 0
 20644	 20651 : 0
 20648	 20655 : 0
 20652	 20679 : 0
 20676	 20691 : 0
 20688	 20723 : 0
 20720	 20743 : 0
 20740	 20751 : 0
 20748	 20759 : 1
 20756	 20987 : 0
 20984	 21123 : 0
 21120	 21131 : 0
 21128	 21135 : 0
 21132	 21143 : 0
 21140	 21147 : 0
 21144	 21215 : 0
 21212	 21515 : 0
 21512	 21519 : 0
 21516	 21527 : 0
 21524	 21619 : 0
 21616	 21747 : 0
 21744	 21783 : 0
 21780	 21787 : 0
 21784	 21863 : 0
 21860	 21871 : 0
 21868	 21875 : 0
 21872	 21887 : 0
 21884	 21907 : 0
 21904	 21915 : 0
 21912	 21919 : 0
 21916	 21927 : 0
 21924	 21931 : 0
 21928	 21935 : 0
 21932	 22103 : 0
 22100	 22123 : 1
 22120	 22155 : 0
 22152	 22231 : 0
 22228	 22255 : 0
 22252	 22303 : 0
 22300	 22347 : 0
 22344	 22355 : 0
 22352	 22403 : 0
 22400	 22419 : 0
 22416	 22671 : 0
 22668	 22679 : 1
 22676	 22995 : 0
 22992	 23003 : 1
 23000	 23071 : 0
 23068	 23079 : 0
 23076	 23087 : 0
 23084	 23091 : 0
 23088	 23111 : 0
 23108	 23119 : 0
 23116	 23219 : 0
 23216	 23231 : 1
 23228	 23235 : 0
 23232	 23239 : 0
 23236	 23279 : 0
 23276	 23283 : 0
 23280	 23379 : 0
 23376	 23383 : 0
 23380	 23495 : 0
 23492	 23499 : 1
 23496	 23735 : 0
 23732	 23751 : 0
 23748	 23759 : 0
 23756	 23763 : 0
 23760	 23795 : 0
 23792	 23803 : 1
 23800	 23979 : 0
 23976	 24095 : 1
 24092	 24099 : 0
 24096	 24127 : 0
 24124	 24143 : 0
 24140	 24199 : 0
 24196	 24227 : 0
 24224	 24231 : 0
 24228	 24259 : 0
 24256	 24291 : 0
 24288	 24323 : 0
 24320	 24335 : 0
 24332	 24371 : 0
 24368	 24375 : 0
 24372	 24395 : 0
 24392	 24399 : 0
 24396	 24411 : 0
 24408	 24447 : 0
 24444	 24459 : 0
 24456	 24471 : 0
 24468	 24475 : 0
 24472	 24499 : 0
 24496	 24523 : 0
 24520	 24535 : 0
 24532	 25083 : 0
 25080	 25091 : 1
 25088	 25139 : 0
 25136	 25155 : 0
 25152	 25187 : 0
 25184	 25203 : 0
 25200	 25215 : 0
 25212	 25219 : 1
 25216	 25295 : 0
 25292	 25303 : 1
 25300	 25523 : 0
 25520	 25527 : 1
 25524	 25531 : 0
 25528	 25555 : 0
 25552	 25559 : 0
 25556	 25583 : 0
 25580	 25587 : 0
 25584	 25599 : 0
 25596	 25615 : 0
 25612	 25619 : 0
 25616	 25627 : 0
 25624	 25667 : 0
 25664	 25671 : 0
 25668	 25683 : 0
 25680	 25687 : 0
 25684	 25715 : 0
 25712	 25723 : 0
 25720	 25727 : 0
 25724	 25735 : 0
 25732	 25747 : 0
 25744	 25751 : 0
 25748	 25767 : 0
 25764	 25859 : 0
 25856	 25863 : 0
 25860	 25867 : 0
 25864	 25871 : 0
 25868	 26051 : 0
 26048	 26071 : 0
 26068	 26119 : 0
 26116	 26123 : 0
 26120	 26223 : 0
 26220	 26231 : 0
 26228	 26327 : 0
 26324	 26459 : 1
 26456	 26463 : 0
 26460	 26479 : 0
 26476	 26499 : 0
 26496	 26539 : 0
 26536	 26543 : 0
 26540	 26551 : 0
 26548	 26615 : 0
 26612	 26647 : 1
 26644	 26651 : 0
 26648	 26659 : 1
 26656	 26675 : 0
 26672	 26679 : 0
 26676	 26699 : 0
 26696	 26711 : 1
 26708	 26719 : 0
 26716	 26727 : 0
 26724	 26735 : 0
 26732	 26739 : 0
 26736	 26751 : 0
 26748	 26763 : 0
 26760	 26771 : 0
 26768	 26783 : 0
 26780	 26791 : 0
 26788	 26795 : 0
 26792	 26831 : 0
 26828	 26911 : 1
 26908	 26919 : 0
 26916	 26943 : 0
 26940	 26947 : 0
 26944	 26951 : 0
 26948	 26991 : 0
 26988	 26999 : 1
 26996	 27199 : 0
 27196	 27207 : 1
 27204	 27239 : 0
 27236	 27243 : 0
 27240	 27247 : 0
 27244	 27335 : 0
 27332	 27339 : 0
 27336	 27351 : 0
 27348	 27355 : 0
 27352	 27367 : 0
 27364	 27371 : 2
 27368	 27375 : 0
 27372	 27383 : 0
 27380	 27411 : 0
 27408	 27419 : 0
 27416	 27423 : 0
 27420	 27431 : 0
 27428	 27455 : 0
 27452	 27511 : 0
 27508	 27563 : 0
 27560	 27567 : 0
 27564	 27571 : 1
 27568	 27579 : 0
 27576	 27583 : 0
 27580	 27599 : 0
 27596	 27631 : 0
 27628	 27647 : 0
 27644	 27667 : 0
 27664	 27679 : 0
 27676	 27687 : 0
 27684	 27691 : 0
 27688	 27699 : 1
 27696	 28023 : 0
 28020	 28035 : 0
 28032	 28303 : 0
 28300	 28307 : 0
 28304	 28331 : 0
 28328	 28355 : 0
 28352	 28451 : 0
 28448	 28519 : 0
 28516	 28587 : 0
 28584	 28595 : 0
 28592	 28683 : 0
 28680	 28687 : 1
 28684	 28735 : 0
 28732	 28739 : 0
 28736	 28855 : 0
 28852	 28867 : 0
 28864	 28999 : 0
 28996	 29003 : 0
 29000	 29127 : 0
 29124	 29131 : 0
 29128	 29135 : 0
 29132	 29139 : 0
 29136	 29343 : 0
 29340	 29347 : 1
 29344	 29351 : 2
 29348	 29383 : 0
 29380	 29403 : 0
 29400	 29423 : 0
 29420	 29455 : 0
 29452	 29471 : 0
 29468	 29483 : 0
 29480	 29495 : 0
 29492	 29503 : 0
 29500	 29519 : 0
 29516	 29567 : 0
 29564	 29575 : 0
 29572	 29583 : 0
 29580	 29619 : 0
 29616	 29783 : 0
 29780	 30059 : 0
 30056	 30067 : 1
 30064	 30071 : 0
 30068	 30099 : 0
 30096	 30115 : 0
 30112	 30119 : 0
 30116	 30123 : 0
 30120	 30135 : 0
 30132	 30163 : 0
 30160	 30171 : 0
 30168	 30231 : 0
 30228	 30239 : 0
 30236	 30251 : 0
 30248	 30279 : 0
 30276	 30295 : 0
 30292	 30319 : 0
 30316	 30323 : 0
 30320	 30331 : 0
 30328	 30359 : 0
 30356	 30371 : 1
 30368	 30503 : 0
 30500	 30507 : 1
 30504	 30531 : 0
 30528	 30555 : 0
 30552	 30567 : 0
 30564	 30575 : 0
 30572	 30663 : 0
 30660	 30667 : 1
 30664	 31139 : 0
 31136	 31147 : 1
 31144	 31459 : 0
 31456	 31467 : 1
 31464	 31499 : 0
 31496	 31503 : 0
 31500	 31511 : 0
 31508	 31515 : 0
 31512	 31635 : 0
 31632	 31727 : 1
 31724	 31731 : 0
 31728	 31735 : 1
 31732	 31795 : 0
 31792	 31819 : 0
 31816	 31823 : 0
 31820	 32015 : 0
 32012	 32019 : 0
 32016	 32023 : 0
 32020	 32027 : 0
 32024	 32035 : 0
 32032	 32043 : 0
 32040	 32135 : 0
 32132	 32139 : 0
 32136	 32147 : 0
 32144	 32287 : 0
 32284	 32291 : 1
 32288	 32583 : 0
 32580	 32891 : 1
 32888	 32895 : 0
 32892	 32939 : 0
 32936	 32947 : 0
 32944	 33003 : 1
 33000	 33067 : 0
 33064	 33271 : 1
 33268	 33355 : 0
 33352	 33359 : 0
 33356	 33387 : 0
 33384	 33395 : 0
 33392	 33407 : 0
 33404	 33467 : 1
 33464	 33471 : 0
 33468	 33727 : 0
 33724	 33731 : 0
 33728	 33743 : 0
 33740	 33755 : 0
 33752	 33763 : 0
 33760	 33811 : 0
 33808	 33815 : 0
 33812	 33827 : 0
 33824	 33839 : 0
 33836	 33895 : 0
 33892	 33935 : 1
 33932	 33951 : 0
 33948	 33995 : 0
 33992	 34003 : 0
 34000	 34007 : 0
 34004	 34031 : 0
 34028	 34063 : 1
 34060	 34071 : 0
 34068	 34079 : 1
 34076	 34215 : 0
 34212	 34219 : 2
 34216	 34227 : 0
 34224	 34279 : 0
 34276	 34343 : 0
 34340	 34351 : 1
 34348	 34391 : 0
 34388	 34431 : 0
 34428	 34479 : 0
 34476	 34515 : 0
 34512	 34543 : 0
 34540	 34551 : 0
 34548	 34563 : 0
 34560	 34587 : 1
 34584	 34591 : 0
 34588	 34603 : 0
 34600	 34615 : 0
 34612	 34647 : 0
 34644	 34655 : 0
 34652	 34711 : 0
 34708	 34715 : 0
 34712	 34743 : 0
 34740	 34747 : 0
 34744	 34763 : 0
 34760	 34767 : 0
 34764	 34779 : 1
 34776	 34855 : 0
 34852	 34867 : 1
 34864	 34887 : 0
 34884	 34895 : 0
 34892	 34903 : 0
 34900	 34907 : 0
 34904	 34983 : 0
 34980	 35007 : 0
 35004	 35019 : 0
 35016	 35027 : 0
 35024	 35059 : 0
 35056	 35083 : 0
 35080	 35111 : 0
 35108	 35123 : 0
 35120	 35127 : 0
 35124	 35143 : 0
 35140	 35159 : 0
 35156	 35163 : 1
 35160	 35191 : 0
 35188	 35199 : 0
 35196	 35239 : 0
 35236	 35243 : 1
 35240	 35283 : 0
 35280	 35291 : 0
 35288	 35295 : 0
 35292	 35311 : 0
 35308	 35331 : 0
 35328	 35355 : 0
 35352	 35363 : 0
 35360	 35379 : 1
 35376	 35383 : 0
 35380	 35499 : 1
 35496	 35515 : 0
 35512	 35575 : 0
 35572	 35579 : 0
 35576	 35583 : 0
 35580	 35587 : 0
 35584	 35623 : 0
 35620	 35631 : 0
 35628	 35635 : 0
 35632	 35639 : 0
 35636	 35647 : 0
 35644	 35651 : 0
 35648	 35675 : 0
 35672	 35679 : 0
 35676	 35695 : 1
 35692	 35703 : 0
 35700	 35727 : 0
 35724	 35739 : 0
 35736	 35827 : 0
 35824	 35835 : 0
 35832	 35859 : 0
 35856	 35863 : 0
 35860	 35867 : 0
 35864	 35875 : 0
 35872	 35879 : 0
 35876	 35887 : 0
 35884	 35915 : 0
 35912	 35943 : 0
 35940	 35979 : 1
 35976	 35987 : 0
 35984	 35995 : 1
 35992	 36823 : 0
 36820	 36827 : 0
 36824	 37031 : 0
 37028	 37035 : 1
 37032	 37103 : 0
 37100	 37107 : 0
 37104	 37111 : 0
 37108	 37119 : 0
 37116	 37123 : 0
 37120	 37135 : 0
 37132	 37151 : 0
 37148	 37155 : 0
 37152	 37163 : 0
 37160	 37171 : 0
 37168	 37199 : 0
 37196	 37207 : 0
 37204	 37267 : 0
 37264	 37283 : 0
 37280	 37327 : 0
 37324	 37331 : 1
 37328	 37459 : 0
 37456	 37463 : 1
 37460	 37751 : 0
 37748	 37755 : 1
 37752	 37931 : 0
 37928	 37935 : 1
 37932	 37939 : 0
 37936	 38055 : 0
 38052	 38287 : 0
 38284	 38291 : 1
 38288	 38495 : 0
 38492	 38499 : 1
 38496	 39803 : 0
 39800	 39807 : 1
 39804	 39839 : 0
 39836	 39843 : 1
 39840	 39879 : 0
 39876	 39883 : 1
 39880	 39899 : 0
 39896	 39927 : 1
 39924	 39975 : 0
 39972	 39983 : 1
 39980	 40027 : 0
 40024	 40035 : 1
 40032	 40039 : 0
 40036	 40051 : 0
 40048	 40067 : 0
 40064	 40079 : 1
 40076	 40099 : 0
 40096	 40107 : 1
 40104	 40111 : 0
 40108	 40115 : 1
 40112	 40155 : 0
 40152	 40159 : 0
 40156	 40163 : 0
 40160	 40207 : 1
 40204	 40231 : 0
 40228	 40255 : 1
 40252	 41143 : 0
 41140	 41151 : 1
 41148	 41203 : 0
 41200	 41211 : 0
 41208	 41231 : 0
 41228	 41239 : 0
 41236	 41287 : 0
 41284	 41295 : 0
 41292	 41319 : 0
 41316	 41323 : 0
 41320	 41351 : 0
 41348	 41359 : 0
 41356	 41387 : 0
 41384	 41395 : 0
 41392	 41443 : 0
 41440	 41447 : 0
 41444	 41451 : 0
 41448	 41459 : 0
 41456	 41467 : 0
 41464	 41471 : 0
 41468	 41503 : 0
 41500	 41507 : 0
 41504	 41531 : 0
 41528	 41535 : 0
 41532	 41555 : 0
 41552	 41559 : 0
 41556	 41615 : 0
 41612	 41643 : 0
 41640	 41647 : 0
 41644	 41663 : 1
 41660	 41671 : 0
 41668	 41711 : 1
 41708	 41719 : 0
 41716	 41731 : 1
 41728	 41739 : 0
 41736	 41743 : 0
 41740	 41751 : 0
 41748	 41807 : 0
 41804	 41811 : 0
 41808	 41835 : 1
 41832	 41847 : 0
 41844	 41851 : 0
 41848	 41863 : 0
 41860	 41871 : 0
 41868	 41879 : 0
 41876	 41891 : 0
 41888	 41895 : 0
 41892	 41903 : 0
 41900	 41907 : 0
 41904	 41911 : 0
 41908	 41919 : 0
 41916	 41971 : 0
 41968	 41975 : 0
 41972	 41979 : 0
 41976	 41983 : 0
 41980	 41999 : 0
 41996	 42115 : 0
 42112	 42123 : 1
 42120	 42127 : 0
 42124	 42183 : 0
 42180	 42187 : 0
 42184	 42215 : 0
 42212	 42239 : 0
 42236	 42243 : 0
 42240	 42259 : 0
 42256	 42267 : 1
 42264	 42271 : 0
 42268	 42275 : 0
 42272	 42279 : 0
 42276	 42287 : 0
 42284	 42291 : 0
 42288	 42311 : 0
 42308	 42331 : 0
 42328	 42339 : 1
 42336	 42343 : 0
 42340	 42347 : 0
 42344	 42403 : 0
 42400	 42411 : 0
 42408	 42415 : 0
 42412	 42427 : 0
 42424	 42451 : 0
 42448	 42459 : 1
 42456	 42467 : 0
 42464	 42471 : 0
 42468	 42527 : 0
 42524	 42539 : 0
 42536	 42691 : 0
 42688	 42699 : 0
 42696	 42719 : 0
 42716	 42723 : 0
 42720	 42727 : 0
 42724	 42731 : 0
 42728	 42739 : 0
 42736	 42755 : 1
 42752	 42759 : 0
 42756	 42767 : 0
 42764	 42779 : 0
 42776	 42787 : 0
 42784	 42791 : 0
 42788	 42811 : 0
 42808	 42827 : 0
 42824	 42831 : 0
 42828	 42839 : 0
 42836	 42847 : 1
 42844	 42923 : 0
 42920	 42927 : 1
 42924	 42971 : 0
 42968	 42975 : 1
 42972	 42983 : 0
 42980	 42999 : 0
 42996	 43015 : 0
 43012	 43031 : 0
 43028	 43075 : 0
 43072	 43111 : 0
 43108	 43127 : 0
 43124	 43139 : 0
 43136	 43411 : 0
 43408	 43415 : 0
 43412	 43451 : 0
 43448	 43587 : 1
 43584	 43647 : 0
 43644	 43747 : 0
 43744	 43831 : 0
 43828	 43915 : 1
 43912	 43943 : 0
 43940	 43959 : 0
 43956	 43963 : 0
 43960	 44011 : 1
 44008	 44019 : 0
 44016	 44035 : 0
 44032	 44255 : 0
 44252	 44271 : 0
 44268	 44315 : 0
 44312	 44323 : 0
 44320	 44331 : 0
 44328	 44343 : 0
 44340	 44347 : 0
 44344	 44359 : 0
 44356	 44403 : 0
 44400	 44479 : 0
 44476	 44495 : 0
 44492	 44503 : 1
 44500	 44523 : 0
 44520	 44527 : 0
 44524	 44667 : 0
 44664	 44675 : 1
 44672	 44751 : 0
 44748	 44755 : 0
 44752	 44875 : 0
 44872	 44879 : 1
 44876	 45275 : 0
 45272	 45283 : 1
 45280	 45427 : 0
 45424	 45435 : 0
 45432	 45487 : 0
 45484	 45603 : 1
 45600	 45611 : 0
 45608	 45643 : 0
 45640	 45719 : 0
 45716	 45795 : 0
 45792	 45799 : 0
 45796	 45807 : 0
 45804	 45851 : 0
 45848	 45855 : 0
 45852	 45867 : 0
 45864	 45871 : 1
 45868	 45959 : 0
 45956	 45967 : 1
 45964	 45979 : 0
 45976	 45987 : 0
 45984	 45991 : 0
 45988	 46011 : 0
 46008	 46023 : 0
 46020	 46047 : 0
 46044	 46051 : 0
 46048	 46071 : 0
 46068	 46083 : 0
 46080	 46135 : 1
 46132	 46139 : 0
 46136	 46147 : 1
 46144	 46299 : 0
 46296	 46307 : 1
 46304	 46643 : 0
 46640	 46651 : 1
 46648	 46959 : 0
 46956	 46971 : 0
 46968	 47103 : 0
 47100	 47143 : 0
 47140	 47383 : 0
 47380	 47387 : 0
 47384	 47739 : 0
 47736	 47747 : 1
 47744	 47767 : 0
 47764	 47775 : 0
 47772	 47791 : 0
 47788	 47795 : 0
 47792	 47799 : 0
 47796	 47807 : 0
 47804	 47863 : 0
 47860	 47871 : 0
 47868	 47895 : 0
 47892	 47947 : 0
 47944	 48263 : 0
 48260	 48499 : 0
 48496	 48679 : 0
 48676	 48887 : 1
 48884	 48959 : 0
 48956	 48963 : 0
 48960	 49007 : 0
 49004	 49011 : 0
 49008	 49191 : 0
 49188	 49351 : 1
 49348	 49355 : 2
 49352	 49643 : 0
 49640	 49651 : 1
 49648	 49999 : 0
 49996	 50007 : 1
 50004	 50223 : 0
 50220	 50227 : 1
 50224	 50319 : 0
 50316	 50355 : 1
 50352	 50371 : 0
 50368	 50463 : 0
 50460	 50467 : 0
 50464	 50659 : 0
 50656	 50663 : 0
 50660	 50699 : 0
 50696	 50707 : 0
 50704	 50727 : 0
 50724	 50735 : 0
 50732	 50923 : 0
 50920	 50943 : 0
 50940	 50959 : 0
 50956	 51007 : 0
 51004	 51019 : 1
 51016	 51055 : 0
 51052	 51059 : 0
 51056	 51063 : 0
 51060	 51071 : 0
 51068	 51143 : 0
 51140	 51195 : 0
 51192	 51243 : 0
 51240	 51275 : 0
 51272	 51279 : 0
 51276	 51307 : 0
 51304	 51339 : 0
 51336	 51359 : 0
 51356	 51419 : 0
 51416	 51495 : 0
 51492	 51555 : 0
 51552	 51559 : 1
 51556	 51619 : 0
 51616	 51627 : 0
 51624	 51635 : 0
 51632	 51651 : 0
 51648	 51655 : 0
 51652	 51659 : 0
 51656	 51771 : 0
 51768	 51775 : 1
 51772	 51803 : 0
 51800	 51831 : 0
 51828	 52443 : 0
 52440	 52455 : 0
 52452	 52459 : 0
 52456	 52463 : 0
 52460	 52511 : 0
 52508	 52519 : 1
 52516	 52559 : 0
 52556	 52563 : 1
 52560	 52651 : 0
 52648	 52675 : 1
 52672	 52691 : 0
 52688	 52695 : 0
 52692	 52699 : 0
 52696	 52703 : 0
 52700	 52711 : 0
 52708	 52719 : 1
 52716	 52751 : 0
 52748	 52759 : 0
 52756	 52775 : 0
 52772	 52783 : 0
 52780	 52799 : 0
 52796	 52835 : 1
 52832	 52843 : 0
 52840	 52847 : 0
 52844	 52863 : 0
 52860	 52871 : 0
 52868	 52875 : 0
 52872	 52891 : 1
 52888	 52899 : 0
 52896	 52903 : 0
 52900	 52911 : 0
 52908	 52915 : 0
 52912	 52955 : 0
 52952	 52959 : 0
 52956	 52967 : 0
 52964	 52975 : 1
 52972	 53019 : 0
 53016	 53059 : 1
 53056	 53075 : 0
 53072	 53095 : 0
 53092	 53103 : 0
 53100	 53163 : 0
 53160	 53171 : 0
 53168	 53187 : 0
 53184	 53191 : 0
 53188	 53263 : 1
 53260	 53267 : 0
 53264	 53287 : 0
 53284	 53443 : 0
 53440	 53451 : 1
 53448	 53471 : 0
 53468	 53475 : 1
 53472	 53491 : 0
 53488	 53515 : 1
 53512	 53523 : 0
 53520	 53547 : 0
 53544	 53551 : 0
 53548	 53579 : 0
 53576	 53583 : 0
 53580	 53587 : 0
 53584	 53591 : 2
 53588	 53599 : 1
 53596	 53603 : 0
 53600	 53631 : 0
 53628	 53727 : 0
 53724	 53731 : 1
 53728	 53755 : 0
 53752	 53763 : 1
 53760	 53787 : 0
 53784	 53791 : 0
 53788	 53835 : 0
 53832	 53843 : 1
 53840	 53859 : 0
 53856	 53867 : 0
 53864	 53943 : 0
 53940	 53963 : 1
 53960	 53975 : 0
 53972	 53979 : 0
 53976	 53995 : 0
 53992	 54031 : 0
 54028	 54055 : 0
 54052	 54059 : 0
 54056	 54063 : 0
 54060	 54067 : 1
 54064	 54655 : 0
 54652	 54663 : 1
 54660	 54739 : 0
 54736	 54783 : 0
 54780	 54835 : 0
 54832	 55027 : 0
 55024	 55095 : 0
 55092	 55099 : 0
 55096	 55103 : 0
 55100	 55115 : 0
 55112	 55127 : 0
 55124	 55131 : 0
 55128	 55135 : 0
 55132	 55139 : 0
 55136	 55151 : 0
 55148	 55159 : 0
 55156	 55163 : 0
 55160	 55167 : 0
 55164	 55175 : 0
 55172	 55191 : 0
 55188	 55203 : 0
 55200	 55207 : 1
 55204	 55319 : 0
 55316	 55327 : 1
 55324	 55347 : 0
 55344	 55355 : 1
 55352	 55395 : 0
 55392	 55403 : 1
 55400	 55419 : 0
 55416	 55427 : 0
 55424	 55431 : 0
 55428	 55435 : 1
 55432	 55587 : 0
 55584	 55591 : 1
 55588	 55595 : 0
 55592	 55719 : 0
 55716	 55839 : 0
 55836	 55903 : 1
 55900	 55911 : 0
 55908	 55943 : 0
 55940	 56007 : 0
 56004	 56015 : 1
 56012	 56043 : 0
 56040	 56051 : 1
 56048	 56271 : 0
 56268	 56299 : 0
 56296	 56311 : 0
 56308	 56315 : 1
 56312	 56551 : 0
 56548	 56567 : 0
 56564	 56579 : 0
 56576	 56587 : 0
 56584	 56599 : 0
 56596	 56611 : 0
 56608	 56615 : 0
 56612	 56619 : 0
 56616	 56635 : 0
 56632	 56643 : 0
 56640	 56651 : 0
 56648	 56667 : 0
 56664	 56683 : 0
 56680	 56691 : 0
 56688	 56695 : 0
 56692	 56699 : 0
 56696	 56731 : 0
 56728	 56735 : 0
 56732	 56759 : 0
 56756	 56763 : 0
 56760	 56771 : 0
 56768	 56779 : 0
 56776	 56887 : 0
 56884	 56891 : 1
 56888	 57255 : 0
 57252	 57259 : 1
 57256	 57583 : 0
 57580	 57587 : 1
 57584	 57779 : 0
 57776	 57783 : 0
 57780	 57963 : 0
 57960	 57967 : 1
 57964	 58087 : 0
 58084	 58095 : 0
 58092	 58399 : 0
 58396	 58407 : 1
 58404	 58615 : 0
 58612	 58619 : 1
 58616	 58799 : 0
 58796	 58803 : 1
 58800	 59099 : 0
 59096	 59103 : 1
 59100	 59299 : 0
 59296	 59303 : 1
 59300	 59439 : 0
 59436	 59443 : 0
 59440	 59511 : 0
 59508	 59519 : 0
 59516	 59651 : 0
 59648	 59667 : 0
 59664	 59851 : 0
 59848	 59863 : 0
 59860	 60471 : 0
 60468	 60491 : 0
 60488	 60703 : 0
 60700	 60711 : 1
 60708	 60939 : 0
 60936	 60971 : 1
 60968	 60983 : 0
 60980	 60991 : 0
 60988	 60995 : 2
 60992	 61007 : 0
 61004	 61027 : 1
 61024	 61035 : 0
 61032	 61091 : 0
 61088	 61099 : 0
 61096	 61151 : 0
 61148	 61155 : 0
 61152	 61187 : 0
 61184	 61191 : 0
 61188	 61219 : 0
 61216	 61223 : 0
 61220	 61235 : 0
 61232	 61239 : 0
 61236	 61283 : 1
 61280	 61287 : 0
 61284	 61291 : 1
 61288	 61299 : 0
 61296	 61303 : 0
 61300	 61387 : 0
 61384	 61391 : 1
 61388	 61395 : 0
 61392	 61415 : 0
 61412	 61419 : 0
 61416	 61431 : 0
 61428	 61459 : 0
 61456	 61467 : 1
 61464	 61503 : 0
 61500	 61507 : 0
 61504	 61515 : 0
 61512	 61519 : 0
 61516	 61523 : 0
 61520	 61531 : 0
 61528	 61535 : 0
 61532	 61543 : 0
 61540	 61559 : 0
 61556	 61571 : 0
 61568	 61579 : 0
 61576	 61583 : 0
 61580	 61587 : 0
 61584	 61615 : 0
 61612	 61619 : 0
 61616	 61839 : 0
 61836	 61847 : 0
 61844	 61851 : 0
 61848	 61867 : 0
 61864	 61871 : 0
 61868	 61907 : 0
 61904	 61927 : 0
 61924	 61979 : 0
 61976	 62011 : 0
 62008	 62039 : 0
 62036	 62047 : 0
 62044	 62095 : 0
 62092	 62111 : 0
 62108	 62119 : 0
 62116	 62135 : 0
 62132	 62147 : 0
 62144	 62151 : 0
 62148	 62183 : 0
 62180	 62203 : 0
 62200	 62211 : 0
 62208	 62359 : 0
 62356	 62379 : 0
 62376	 62447 : 0
