     0	   131 : 0
   128	   187 : 0
   184	   207 : 1
   204	   211 : 0
   208	   267 : 0
   264	   343 : 0
   340	   351 : 1
   348	   363 : 0
   360	   371 : 0
   368	   383 : 0
   380	   459 : 0
   456	   463 : 0
   460	   623 : 1
   620	   631 : 0
   628	   679 : 0
   676	   723 : 0
   720	   735 : 1
   732	   819 : 0
   816	   843 : 1
   840	   927 : 0
   924	   931 : 1
   928	   935 : 0
   932	   955 : 0
   952	   959 : 0
   956	  1011 : 0
  1008	  1031 : 0
  1028	  1035 : 0
  1032	  1075 : 0
  1072	  1123 : 1
  1120	  1127 : 0
  1124	  1131 : 0
  1128	  1139 : 0
  1136	  1159 : 0
  1156	  1223 : 0
  1220	  1287 : 0
  1284	  1291 : 0
  1288	  1295 : 1
  1292	  1407 : 0
  1404	  1415 : 1
  1412	  1423 : 0
  1420	  1427 : 0
  1424	  1459 : 0
  1456	  1599 : 1
  1596	  1791 : 0
  1788	  1891 : 1
  1888	  1971 : 0
  1968	  1995 : 1
  1992	  1999 : 0
  1996	  2075 : 0
  2072	  2079 : 0
  2076	  2083 : 1
  2080	  2167 : 0
  2164	  2175 : 1
  2172	  2219 : 0
  2216	  2227 : 1
  2224	  2371 : 0
  2368	  2403 : 0
  2400	  2407 : 0
  2404	  2511 : 0
  2508	  2527 : 0
  2524	  2535 : 1
  2532	  2583 : 0
  2580	  2599 : 1
  2596	  2627 : 0
  2624	  2655 : 0
  2652	  2667 : 0
  2664	  2675 : 0
  2672	  2699 : 0
  2696	  2707 : 1
  2704	  2727 : 0
  2724	  2767 : 0
  2764	  2771 : 0
  2768	  2775 : 0
  2772	  2783 : 0
  2780	  2799 : 0
  2796	  2803 : 0
  2800	  2811 : 0
  2808	  2843 : 0
  2840	  2899 : 1
  2896	  2903 : 0
  2900	  2947 : 0
  2944	  2955 : 0
  2952	  2971 : 0
  2968	  2979 : 0
  2976	  2987 : 0
  2984	  3007 : 0
  3004	  3015 : 0
  3012	  3027 : 0
  3024	  3055 : 0
  3052	  3079 : 0
  3076	  3095 : 1
  3092	  3099 : 0
  3096	  3135 : 0
  3132	  3179 : 0
  3176	  3235 : 0
  3232	  3287 : 0
  3284	  3323 : 0
  3320	  3327 : 0
  3324	  3339 : 1
  3336	  3355 : 0
  3352	  3359 : 0
  3356	  3363 : 0
  3360	  3367 : 0
  3364	  3371 : 0
  3368	  3395 : 0
  3392	  3419 : 0
  3416	  3423 : 1
  3420	  3451 : 0
  3448	  3467 : 0
  3464	  3523 : 0
  3520	  3527 : 0
  3524	  3595 : 0
  3592	  3599 : 1
  3596	  3627 : 0
  3624	  3631 : 0
  3628	  3663 : 0
  3660	  3667 : 1
  3664	  3707 : 0
  3704	  3723 : 1
  3720	  3799 : 0
  3796	  3867 : 0
  3864	  3871 : 0
  3868	  3875 : 1
  3872	  3923 : 0
  3920	  3931 : 1
  3928	  3951 : 0
  3948	  3971 : 0
  3968	  4015 : 0
  4012	  4023 : 0
  4020	  4027 : 0
  4024	  4051 : 0
  4048	  4059 : 0
  4056	  4087 : 0
  4084	  4095 : 0
  4092	  4099 : 0
  4096	  4107 : 0
  4104	  4135 : 1
  4132	  4155 : 0
  4152	  4159 : 0
  4156	  4175 : 0
  4172	  4179 : 0
  4176	  4183 : 0
  4180	  4199 : 0
  4196	  4235 : 0
  4232	  4239 : 1
  4236	  4287 : 0
  4284	  4291 : 1
  4288	  4335 : 0
  4332	  4379 : 1
  4376	  4391 : 0
  4388	  4415 : 0
  4412	  4419 : 0
  4416	  4423 : 1
  4420	  4439 : 0
  4436	  4447 : 0
  4444	  4451 : 0
  4448	  4511 : 0
  4508	  4519 : 0
  4516	  4531 : 0
  4528	  4535 : 0
  4532	  4563 : 0
  4560	  4587 : 0
  4584	  4591 : 0
  4588	  4647 : 0
  4644	  4659 : 0
  4656	  4667 : 0
  4664	  4695 : 1
  4692	  4771 : 0
  4768	  4775 : 1
  4772	  4815 : 0
  4812	  4823 : 1
  4820	  4835 : 0
  4832	  4847 : 0
  4844	  4895 : 0
  4892	  4915 : 0
  4912	  4923 : 0
  4920	  4927 : 0
  4924	  4939 : 0
  4936	  4947 : 0
  4944	  4967 : 0
  4964	  4995 : 0
  4992	  5007 : 0
  5004	  5011 : 1
  5008	  5035 : 0
  5032	  5071 : 1
  5068	  5075 : 0
  5072	  5079 : 0
  5076	  5087 : 0
  5084	  5099 : 1
  5096	  5103 : 0
  5100	  5135 : 0
  5132	  5155 : 0
  5152	  5167 : 0
  5164	  5191 : 0
  5188	  5203 : 1
  5200	  5219 : 0
  5216	  5223 : 0
  5220	  5227 : 0
  5224	  5239 : 0
  5236	  5291 : 0
  5288	  5295 : 0
  5292	  5311 : 0
  5308	  5315 : 0
  5312	  5319 : 0
  5316	  5323 : 0
  5320	  5343 : 0
  5340	  5351 : 0
  5348	  5367 : 0
  5364	  5375 : 0
  5372	  5403 : 0
  5400	  5415 : 0
  5412	  5423 : 0
  5420	  5427 : 0
  5424	  5431 : 0
  5428	  5435 : 0
  5432	  5439 : 0
  5436	  5543 : 0
