     0	    47 : 0
    44	    55 : 0
    52	    71 : 0
    68	    79 : 0
    76	   119 : 0
   116	   123 : 0
   120	   127 : 0
   124	   163 : 0
   160	   203 : 0
   200	   211 : 0
   208	   219 : 0
   216	   227 : 0
   224	   255 : 1
   252	   259 : 0
   256	   263 : 0
   260	   271 : 0
   268	   287 : 0
   284	   295 : 0
   292	   319 : 0
   316	   335 : 0
   332	   355 : 0
   352	   359 : 0
   356	   375 : 0
   372	   387 : 0
   384	   415 : 0
   412	   431 : 0
   428	   435 : 0
   432	   463 : 0
   460	   479 : 0
   476	   507 : 0
   504	   515 : 0
   512	   539 : 0
   536	   543 : 1
   540	   547 : 0
   544	   567 : 0
   564	   571 : 0
   568	   583 : 0
   580	   599 : 0
   596	   603 : 0
   600	   615 : 0
   612	   655 : 0
   652	   667 : 0
   664	   671 : 0
   668	   695 : 0
   692	   707 : 0
   704	   743 : 0
   740	   759 : 0
   756	   779 : 0
   776	   787 : 0
   784	   791 : 0
   788	   843 : 0
   840	   851 : 0
   848	   859 : 0
   856	   871 : 0
   868	   915 : 0
   912	   927 : 0
   924	   959 : 0
   956	   963 : 0
   960	   967 : 0
   964	   971 : 0
   968	  1143 : 0
  1140	  1159 : 0
  1156	  1187 : 0
  1184	  1191 : 0
  1188	  1207 : 0
  1204	  1219 : 0
  1216	  1243 : 0
  1240	  1279 : 0
  1276	  1287 : 1
  1284	  1299 : 0
  1296	  1315 : 1
  1312	  1319 : 0
  1316	  1379 : 0
  1376	  1387 : 0
  1384	  1399 : 0
  1396	  1435 : 0
  1432	  1455 : 0
  1452	  1479 : 0
  1476	  1527 : 1
  1524	  1539 : 0
  1536	  1543 : 0
  1540	  1551 : 0
  1548	  1559 : 0
  1556	  1599 : 0
  1596	  1603 : 0
  1600	  1627 : 0
  1624	  1639 : 0
  1636	  1651 : 0
  1648	  1659 : 0
  1656	  1663 : 0
  1660	  1679 : 0
  1676	  1687 : 0
  1684	  1719 : 1
  1716	  1867 : 0
  1864	  1871 : 0
  1868	  1891 : 0
  1888	  1903 : 0
  1900	  1947 : 0
  1944	  1951 : 0
  1948	  1967 : 0
  1964	  1975 : 0
  1972	  2027 : 0
  2024	  2035 : 0
  2032	  2115 : 0
  2112	  2119 : 0
  2116	  2255 : 0
  2252	  2303 : 0
  2300	  2311 : 0
  2308	  2383 : 0
  2380	  2395 : 0
  2392	  2403 : 0
  2400	  2447 : 0
  2444	  2451 : 0
  2448	  2455 : 0
  2452	  2479 : 0
  2476	  2523 : 0
  2520	  2527 : 1
  2524	  2531 : 0
  2528	  2535 : 0
  2532	  2743 : 0
  2740	  2763 : 0
  2760	  2767 : 0
  2764	  2771 : 0
  2768	  2799 : 0
  2796	  2803 : 0
  2800	  2831 : 0
  2828	  2835 : 0
  2832	  2851 : 0
  2848	  2855 : 0
  2852	  2891 : 0
  2888	  2899 : 0
  2896	  2927 : 0
  2924	  2935 : 0
  2932	  2975 : 0
  2972	  2979 : 0
  2976	  3031 : 0
  3028	  3071 : 0
  3068	  3159 : 0
  3156	  3167 : 0
  3164	  3171 : 0
  3168	  3175 : 0
  3172	  3231 : 0
  3228	  3239 : 0
  3236	  3267 : 0
  3264	  3379 : 1
  3376	  3431 : 0
  3428	  3491 : 0
  3488	  3503 : 0
  3500	  3507 : 0
  3504	  3515 : 0
  3512	  3551 : 0
  3548	  3559 : 0
  3556	  3659 : 0
  3656	  3687 : 0
  3684	  3743 : 0
  3740	  3747 : 0
  3744	  3903 : 0
  3900	  3907 : 0
  3904	  3975 : 1
  3972	  3979 : 0
  3976	  3995 : 0
  3992	  3999 : 0
  3996	  4115 : 0
  4112	  4131 : 0
  4128	  4179 : 0
  4176	  4203 : 0
  4200	  4231 : 0
  4228	  4255 : 0
  4252	  4259 : 0
  4256	  4263 : 0
  4260	  4267 : 0
  4264	  4275 : 0
  4272	  4279 : 0
  4276	  4291 : 0
  4288	  4299 : 0
  4296	  4323 : 0
  4320	  4375 : 0
  4372	  4379 : 0
  4376	  4383 : 1
  4380	  4387 : 0
  4384	  4411 : 0
  4408	  4423 : 0
  4420	  4479 : 0
  4476	  4735 : 0
  4732	  4767 : 0
  4764	  4787 : 0
  4784	  4803 : 0
  4800	  4807 : 0
  4804	  4827 : 0
  4824	  4859 : 0
  4856	  4883 : 0
  4880	  5019 : 0
  5016	  5067 : 0
  5064	  5071 : 0
  5068	  5367 : 0
  5364	  5391 : 0
  5388	  5399 : 0
  5396	  5419 : 0
  5416	  5471 : 0
  5468	  5479 : 0
  5476	  5635 : 0
  5632	  5643 : 0
  5640	  5647 : 0
  5644	  5659 : 0
  5656	  5671 : 0
  5668	  5679 : 0
  5676	  5683 : 0
  5680	  5687 : 0
  5684	  5691 : 0
  5688	  5719 : 0
  5716	  5747 : 0
  5744	  5751 : 0
  5748	  5763 : 0
  5760	  5771 : 0
  5768	  5811 : 0
  5808	  5823 : 0
  5820	  5887 : 0
  5884	  5911 : 0
  5908	  5919 : 1
  5916	  5927 : 0
  5924	  5943 : 1
  5940	  5955 : 0
  5952	  5995 : 0
  5992	  6003 : 0
  6000	  6063 : 0
  6060	  6067 : 0
  6064	  6167 : 0
  6164	  6179 : 0
  6176	  6215 : 0
  6212	  6219 : 0
  6216	  6259 : 0
  6256	  6263 : 0
  6260	  6287 : 0
  6284	  6303 : 0
  6300	  6339 : 0
  6336	  6351 : 0
  6348	  6407 : 0
  6404	  6411 : 0
  6408	  6419 : 0
  6416	  6423 : 0
  6420	  6451 : 0
  6448	  6459 : 0
  6456	  6487 : 0
  6484	  6499 : 0
  6496	  6559 : 0
  6556	  6567 : 0
  6564	  6715 : 0
  6712	  6719 : 0
  6716	  6723 : 0
  6720	  6735 : 0
  6732	  6775 : 0
  6772	  6779 : 0
  6776	  6791 : 0
  6788	  6803 : 0
  6800	  6947 : 0
  6944	  7035 : 0
  7032	  7159 : 0
