0	1
160	161
178	189
243	244
260	261
405	406
423	424
662	663
1681	1682
1861	1862
1921	1922
2281	2282
2520	2521
2569	2570
2598	2604
2611	2622
2679	2680
2886	2887
3202	3204
4162	4163
4447	4448
4549	4550
5531	5533
5652	5653
5859	5860
6856	6857
6917	6918
6977	6978
7097	7098
7142	7147
7156	7163
7217	7218
7239	7240
7277	7278
7333	7340
7352	7361
7397	7398
7457	7458
7516	7517
7576	7577
7636	7637
7690	7691
7713	7714
7743	7746
7763	7774
7780	7806
7813	7815
7845	7846
7900	7901
8149	8150
8174	8175
8234	8235
8283	8284
8294	8295
8314	8315
8329	8339
8417	8425
8432	8435
8474	8475
8593	8594
8653	8654
8766	8767
8814	8836
8901	8902
9075	9076
9145	9146
9195	9196
9255	9256
9315	9316
9461	9462
9494	9495
9527	9529
9575	9577
9636	9637
9696	9697
9876	9877
9970	9971
10005	10006
10125	10126
10185	10186
10305	10306
10365	10366
10439	10440
10476	10478
10485	10486
10532	10540
10599	10600
10608	10609
10649	10653
10659	10660
10706	10707
10754	10755
10858	10863
10918	10919
11014	11015
11044	11063
11111	11112
11171	11172
11231	11235
11291	11292
11351	11352
11471	11473
11560	11561
11760	11761
11875	11876
12071	12073
12173	12174
12200	12204
12213	12215
12274	12275
12394	12395
12454	12455
12573	12574
12693	12694
12753	12754
12781	12782
12807	12814
12993	12994
13053	13054
13173	13174
13233	13234
13293	13294
13413	13414
13532	13533
13667	13705
13717	13718
13737	13743
14222	14223
14282	14283
14323	14324
14336	14337
14352	14364
14374	14434
14544	14551
14564	14594
14601	14604
14634	14676
14761	14763
14825	14827
14939	14940
15029	15058
