0	1
14	15
165	166
452	453
469	470
578	579
687	688
795	796
905	906
953	957
1124	1125
1184	1185
1338	1339
1667	1668
1685	1686
1704	1706
1886	1887
2105	2106
2176	2177
2233	2234
2323	2324
2433	2434
2541	2542
2647	2648
2860	2861
2976	2977
3083	3084
3191	3198
3219	3220
3303	3304
3414	3415
3527	3528
3629	3630
3650	3651
3673	3674
3704	3705
3806	3833
4030	4031
4179	4180
4347	4348
4371	4372
4462	4463
4477	4478
4608	4609
4703	4714
4915	4916
5027	5028
5206	5207
5304	5305
5424	5425
5676	5680
5710	5711
5936	5938
5946	5947
5974	5975
6066	6067
6196	6197
6207	6208
6303	6309
6402	6403
6421	6433
6641	6642
6760	6761
6958	6959
6995	6996
7097	7098
7498	7499
7523	7529
7706	7707
7899	7901
7941	7942
7997	7998
8009	8010
8052	8053
8655	8656
8736	8745
9845	9847
9855	9856
9862	9863
9870	9871
9927	9928
10416	10417
10567	10568
10647	10648
10855	10861
