0	30
60	61
193	197
299	300
354	355
443	444
498	499
570	571
694	695
838	839
911	912
1015	1016
1087	1113
1168	1180
1188	1195
1298	1299
1386	1387
1506	1507
1675	1676
2014	2015
2109	2110
2180	2181
2250	2251
2324	2325
2411	2412
2593	2594
2684	2685
2751	2752
2882	2883
3075	3076
3149	3150
3221	3222
3640	3641
3705	3706
3831	3832
4016	4017
4080	4081
4382	4383
4581	4582
4636	4637
4907	4908
5004	5005
5013	5014
5036	5037
5080	5089
5110	5114
5190	5191
5539	5540
5616	5617
5656	5657
5778	5779
5916	5917
6015	6016
6113	6114
6186	6187
6318	6319
6482	6483
6659	6660
6806	6807
7008	7009
7050	7051
7258	7259
7295	7296
7413	7414
7802	7803
8048	8049
8083	8084
8163	8164
8226	8227
8289	8290
8339	8362
8376	8377
8384	8385
8604	8605
8694	8695
8727	8728
8790	8791
8885	8886
8985	8986
9132	9133
