0	1
220	221
298	299
406	407
446	447
577	578
660	661
742	743
826	827
915	916
977	978
1020	1021
1243	1244
1284	1285
1329	1330
1429	1430
1473	1474
1539	1540
1700	1701
1741	1742
1783	1794
1841	1842
1925	1926
1997	1998
2078	2079
2162	2163
2258	2259
2265	2268
2291	2292
2339	2340
2402	2403
2440	2441
2574	2575
2617	2618
2650	2651
2819	2820
2919	2925
2983	2984
3016	3017
3062	3063
3150	3151
3250	3251
3335	3336
3435	3436
3592	3593
3700	3701
3764	3765
3836	3837
4041	4042
4080	4081
4126	4127
4180	4181
4208	4209
4268	4269
4338	4339
4408	4409
4501	4502
4630	4631
4735	4736
4892	4893
4994	4995
5076	5077
5122	5123
5157	5158
5323	5324
5330	5331
5457	5458
5509	5510
5607	5608
5697	5698
5727	5728
5750	5751
5804	5805
6057	6058
6245	6246
6296	6297
6361	6362
6488	6489
6588	6589
6661	6662
6798	6799
6845	6899
6906	6908
6919	6933
6945	6946
6956	6957
6968	6969
6981	6982
7093	7094
7316	7317
7379	7380
7656	7657
7670	7672
7888	7889
7931	7932
8055	8056
8110	8111
8164	8165
8239	8240
8316	8317
8370	8371
8394	8395
8431	8432
8527	8528
