0	1
29	40
75	84
241	245
314	315
327	332
350	364
1093	1098
1192	1205
1314	1320
1340	1343
22383	22384
22390	22392
22406	22413
23403	23404
23414	23415
23509	23513
23538	23539
29269	29300
31207	31228
31236	31237
31953	31954
31982	31983
31996	31997
32440	32441
32704	32706
32835	32837
32861	32864
33731	33732
33754	33761
34486	34500
34515	34516
35606	35607
35752	35754
35918	35944
36777	36787
36819	36827
37042	37052
37189	37200
37381	37389
37515	37519
37561	37565
37605	37609
37648	37652
37699	37703
37754	37755
37761	37762
37782	37783
37789	37790
37810	37811
37817	37818
37838	37839
37845	37846
37915	37924
38107	38117
38372	38382
38569	38583
38598	38599
38641	38674
38707	38711
38730	38736
39343	39345
