0	62
69	145
151	204
279	281
287	289
473	489
641	642
651	655
675	696
704	705
722	723
732	738
1097	1098
1105	1106
1400	1401
1451	1452
1472	1491
1545	1546
1558	1559
1567	1572
1594	1595
1612	1613
1642	1643
1953	1954
2155	2156
2534	2541
2554	2555
2966	2991
3020	3022
3033	3036
3050	3078
3097	3116
3123	3126
3135	3138
3148	3188
3223	3244
3271	3295
4282	4306
4333	4357
4370	4371
4383	4399
4407	4420
4433	4439
4446	4508
4716	4717
4774	4775
4960	4961
5054	5058
5198	5199
5439	5440
5535	5536
5681	5682
5917	5918
6236	6237
6466	6467
6495	6497
6504	6505
6651	6654
6732	6756
6780	6804
8065	8089
8119	8127
8440	8441
8547	8548
8758	8759
8868	8869
8971	8972
9069	9072
9181	9182
9335	9349
9445	9446
9552	9553
9663	9685
9813	9814
9920	9921
10023	10037
10211	10212
10406	10407
10498	10499
11190	11199
11377	11398
11593	11614
