0	16
511	705
1249	1250
1259	1266
1369	1375
1433	1434
1441	1442
1480	1481
1512	1513
2436	2437
2476	2477
2736	2737
2808	2812
3466	3467
3546	3547
3672	3673
3786	3787
3816	3817
4248	4249
4752	4753
4896	4897
5133	5134
5280	5281
5341	5342
5541	5542
5548	5549
5573	5574
6117	6118
6273	6274
6358	6359
6512	6513
6734	6735
6871	6872
6942	6943
7032	7033
7113	7114
7566	7581
10152	10167
17677	17678
19176	19183
19476	19477
19490	19491
19534	19535
19968	19969
19992	19993
20577	20578
20997	20998
21120	21121
21693	21694
21729	21730
22070	22071
23040	23041
23049	23050
26317	26332
30640	30641
32266	32267
32757	32758
32784	32785
32944	32945
33934	33935
36448	36449
36997	36998
37057	37064
37078	37085
37132	37133
37201	37202
37384	37385
37484	37491
37497	37498
37623	37624
38628	38629
38921	38936
39427	39428
39781	39782
40100	40115
40184	40185
40676	40677
40823	40824
40862	40863
44178	44179
44686	44687
44735	44738
44753	44764
44784	44790
44805	44808
44825	44826
44873	44874
46543	46558
49347	49357
49750	49765
50141	50156
54490	54505
54899	54900
65015	65017
65171	65174
65350	65351
65387	65388
70561	70572
70674	70675
70690	70691
70730	70732
70740	70750
70778	70779
70790	70791
70962	70963
71178	71182
71541	71542
71743	71744
71856	71857
72078	72085
72099	72112
72186	72187
72231	72248
72360	72361
72477	72478
72591	72592
72598	72599
72609	72610
72681	72682
72762	72763
72811	72812
72867	72868
73527	73532
73541	73542
74415	74416
74778	74779
74850	74851
75111	75114
75123	75126
75204	75210
75339	75340
77635	77638
77778	77779
77802	77803
77864	77873
77908	77909
77926	77927
80316	80317
81457	81458
81803	81816
82190	82191
83221	83222
84511	84512
84618	84619
84986	85001
