0	1
88	93
174	188
267	276
355	368
436	437
511	512
587	588
645	646
659	660
677	678
692	693
777	778
784	785
805	806
819	820
830	831
842	843
854	855
866	867
878	879
889	890
900	901
913	914
925	926
936	937
948	949
961	962
972	973
984	985
997	998
1103	1104
1152	1153
1197	1198
1279	1281
1293	1294
1375	1376
1412	1413
1428	1434
1485	1486
1534	1535
1581	1582
1616	1617
2025	2032
2039	2058
2065	2067
2074	2077
2085	2087
2095	2114
2122	2124
2131	2132
2456	2457
2476	2477
2491	2492
2587	2588
2679	2680
2692	2693
2797	2798
2805	2823
2888	2889
2980	2981
2988	2989
3001	3002
3010	3020
3026	3051
3057	3077
3161	3162
3220	3221
3230	3232
3242	3243
3266	3267
3390	3391
3414	3421
3459	3460
3520	3521
3563	3564
3635	3636
3677	3678
3769	3770
3803	3804
3838	3860
3866	3873
3879	3886
3893	3897
3904	3933
4026	4027
4041	4042
4051	4062
4159	4161
4168	4196
4205	4206
4223	4230
4237	4239
4245	4246
4257	4260
4267	4296
4305	4306
4323	4337
4345	4354
4365	4372
4397	4407
4417	4419
4425	4427
4435	4444
4451	4455
4480	4497
4504	4506
4514	4524
4542	4546
