0	1
54	69
1022	1025
1122	1155
1164	1165
1313	1316
1330	1331
1340	1341
1773	1774
1825	1826
1899	1900
1925	1926
1939	1943
2221	2222
2236	2237
2271	2272
2324	2325
2408	2409
2507	2508
2759	2760
2800	2801
2850	2851
2920	2926
2940	2953
2967	2968
3016	3027
3061	3085
3111	3142
3169	3198
3257	3258
3991	4018
4027	4028
4087	4113
4186	4187
4193	4194
4469	4495
4617	4619
4625	4626
4773	4787
4804	4805
5229	5230
5353	5354
5407	5416
5460	5488
5510	5539
5561	5590
5612	5642
5663	5693
5715	5745
5767	5796
5818	5846
5870	5894
5933	5934
5963	5964
6077	6078
6089	6095
6104	6105
6164	6170
6185	6186
6356	6357
6366	6367
6543	6544
6647	6648
6694	6699
6776	6777
6902	6903
6955	6956
7000	7001
7009	7010
7609	7610
7905	7931
7960	7986
8016	8042
8067	8092
8121	8150
8171	8198
8292	8293
8841	8842
8916	8917
8986	8987
9053	9054
9791	9812
9855	9858
9927	9928
9993	9994
10054	10059
10088	10089
10105	10114
10211	10212
10538	10553
10567	10568
10808	10809
11381	11390
11396	11397
11703	11705
11851	11852
11922	11925
11937	11938
11957	11960
12014	12026
12052	12053
12066	12067
12081	12082
12097	12098
12112	12113
12126	12127
12152	12153
12165	12166
12180	12181
12206	12207
12383	12384
12435	12436
12483	12484
12533	12534
12824	12825
12836	12837
12895	12904
13003	13007
13013	13014
13278	13279
13288	13293
13305	13309
13315	13329
13378	13379
13388	13389
13398	13401
13454	13469
13483	13484
13614	13615
13691	13692
13698	13699
13911	13938
14424	14437
