0	9
24	93
104	185
192	225
232	241
248	281
288	353
360	361
368	381
388	417
424	429
436	473
480	501
508	513
520	525
532	533
540	565
572	573
580	661
670	671
678	679
688	689
702	703
726	727
740	741
750	751
758	765
772	857
864	945
952	957
964	973
980	981
992	1041
1048	1069
1076	1121
1132	1145
1152	1205
1216	1221
1228	1229
1236	1265
1272	1273
1280	1305
1312	1313
1320	1341
1348	1369
1376	1381
1388	1401
1412	1437
1444	1493
1540	1541
1652	1653
1757	1758
1816	1817
1868	1869
1913	1914
1977	1978
2025	2134
2141	2142
2149	2210
2217	2246
2253	2282
2289	2414
2421	2598
2605	2712
2719	2720
2729	2730
2743	2744
2763	2764
2807	2808
2821	2822
2831	2832
2839	2840
2849	2854
2861	2862
2881	2882
2893	2910
2917	3010
3017	3058
3069	3122
3129	3198
3205	3254
3261	3446
3515	3516
3579	3580
3633	3634
3697	3698
3779	3780
3829	3830
