0	1
287	289
530	531
653	654
773	774
893	894
1013	1014
1133	1134
1253	1254
2041	2044
2206	2207
2366	2370
2486	2487
2519	2520
2829	2831
3220	3229
3471	3480
3925	3927
3939	3940
4178	4179
4191	4193
4454	4455
4671	4672
4685	4686
4884	4889
4899	4900
5126	5127
5187	5203
5245	5246
5305	5306
5365	5390
5425	5426
5485	5486
5545	5546
5604	5605
5680	5681
5754	5755
5762	5763
5830	5831
5849	5850
5959	5960
6160	6161
6179	6189
6244	6250
6311	6314
6376	6384
6437	6441
6468	6470
6507	6511
6566	6574
6591	6605
6640	6645
6666	6672
6701	6702
6741	6748
6762	6767
6800	6804
6834	6839
6895	6902
6961	6964
7012	7013
7029	7034
7083	7088
7158	7159
7224	7225
7289	7290
7418	7419
7485	7486
7551	7552
7614	7615
7680	7681
7746	7747
7798	7799
7922	7926
8040	8041
8060	8062
8185	8191
8202	8206
8221	8222
8319	8323
8581	8582
8692	8699
8705	8706
9112	9113
9637	9638
9670	9671
9826	9831
9943	9944
10148	10152
10369	10370
10439	10440
10822	10823
