0	1
107	108
230	231
257	258
285	286
313	314
349	350
373	374
440	441
499	500
538	539
562	563
616	617
671	672
690	691
711	712
759	760
783	784
807	808
833	834
904	905
960	961
984	985
1008	1009
1032	1033
1056	1057
1104	1105
1128	1129
1178	1179
1203	1204
1227	1228
1251	1252
1272	1273
1296	1297
1320	1321
1344	1345
1368	1369
1392	1393
1416	1417
1440	1441
1464	1465
1538	1539
1562	1563
1586	1587
1610	1611
1634	1635
1658	1659
1682	1683
1706	1707
1730	1731
1754	1755
1802	1803
1826	1827
1874	1875
1898	1899
1921	1922
1995	1996
2019	2020
2115	2116
2163	2164
2187	2188
2211	2212
2235	2236
2282	2283
2306	2307
2330	2331
2354	2355
2388	2389
2411	2412
2433	2434
2458	2459
2542	2543
2577	2578
2634	2635
2661	2662
2727	2728
2812	2813
2929	2930
2953	2954
3000	3001
3024	3025
3099	3100
3123	3124
3147	3148
3171	3172
3219	3220
3253	3254
3277	3278
3301	3304
3310	3317
3325	3326
3396	3397
3445	3446
3469	3470
3493	3494
3518	3519
3584	3585
3607	3608
3662	3663
3698	3699
3719	3720
3775	3776
3799	3800
3887	3888
3958	3959
4009	4010
4032	4033
4056	4057
4080	4081
4104	4105
4128	4129
4152	4153
4248	4249
4320	4321
4367	4368
4383	4384
4399	4400
4414	4415
4438	4439
4490	4491
4513	4514
4560	4561
4606	4607
4630	4631
4652	4653
4676	4677
4700	4701
4749	4750
4773	4774
4805	4806
4825	4826
4845	4846
4869	4870
4893	4894
4943	4944
4992	4993
5037	5038
5062	5063
5086	5087
5110	5111
5134	5135
5159	5160
5256	5257
5325	5326
5446	5447
5496	5497
5592	5593
5723	5724
5747	5748
5771	5772
5795	5796
5819	5820
5843	5844
5867	5868
5891	5892
5915	5916
5939	5940
5963	5964
5987	5988
6011	6012
6035	6036
6059	6060
6083	6084
6107	6108
6131	6132
6155	6156
6233	6234
6281	6287
6345	6346
6384	6385
6464	6466
