0	1
153	161
251	254
284	285
291	294
337	338
347	354
429	432
443	444
543	544
620	621
704	705
727	728
847	854
951	952
980	987
1008	1009
1094	1103
1110	1117
1143	1144
1166	1170
1181	1182
1199	1200
1255	1256
1308	1309
1352	1353
1410	1411
1484	1485
1601	1602
1687	1688
1842	1843
2052	2053
2206	2207
2352	2353
2433	2434
2492	2493
2535	2536
2612	2616
2627	2632
2649	2650
2714	2724
2731	2736
2757	2758
2796	2822
2829	2854
2910	2915
2975	2976
3060	3061
3078	3079
3092	3099
3108	3160
3237	3238
3329	3330
3369	3370
3381	3384
3413	3414
3463	3464
3593	3594
3615	3616
3626	3635
3658	3672
3679	3680
3687	3692
3699	3702
3713	3714
3739	3757
3763	3764
3897	3898
4067	4068
4083	4084
4163	4164
4249	4250
4260	4261
4311	4312
4348	4349
4366	4367
4389	4390
4432	4452
4532	4535
4613	4618
4637	4644
4673	4674
4697	4702
4713	4714
4727	4728
4739	4744
4773	4774
4787	4788
4811	4812
4823	4824
4837	4843
